&gen
basis=6-31G**
igeopt=1
dftname=PBE-D3
ifreq=1
&
entry_name: J1_10331_2111.in
&zmat
C1         -1.8909048833        -4.3349526509        -0.0736712811
C2         -0.5882333987        -3.5714995794         0.1276020470
S3         -0.7516547427        -2.3482558277         1.4736292691
C4         -1.5395903717        -1.0957852883         0.4549148987
O5         -2.7584987840        -1.0390842384         0.4213589587
C6         -0.6791603500        -0.1099013031        -0.3083313521
C7         -0.9710693972         0.0929272485        -1.7827052120
C8         -2.0187480199        -0.7951502328        -2.4216356305
C9         -2.7794067118        -0.4407797689        -3.4684757560
C10        -2.7081818606         0.8660994280        -4.1516179747
C11        -3.8800743067         1.6203477557        -4.3128484146
C12        -3.8347711083         2.8643805582        -4.9497685105
C13        -2.6228580801         3.3546838902        -5.4440094906
C14        -1.4558869886         2.5974312378        -5.3103608869
C15        -1.4971418316         1.3529405691        -4.6744073549
O16        -1.4057816907         1.4282685114        -1.6632088310
P17        -1.0765275441         1.6349539701         0.0108598509
C18        -2.7749546856         2.2539361428         0.3194875637
C19        -3.0006241027         3.3426132176         1.1877839418
C20        -4.2936875167         3.8232964270         1.4104187354
C21        -5.3811122654         3.2309646071         0.7679241563
C22        -5.1768250963         2.1556107208        -0.0970513334
C23        -3.8858333399         1.6695506105        -0.3206277244
C24        -0.6385620686         1.5711615734         1.8077903159
C25         0.6463236632         1.9177195554         2.2868307481
C26         0.9604740613         1.8120210769         3.6449873404
C27         0.0146827818         1.3363970946         4.5508048196
C28        -1.2455826498         0.9525225129         4.0990079252
C29        -1.5664434885         1.0562818703         2.7437219574
C30         0.1401815231         2.8999869219        -0.4625921288
C31         1.4101886375         2.5092239284        -0.9280243299
C32         2.3361287342         3.4657235681        -1.3531220209
C33         1.9966174962         4.8195011703        -1.3459791574
C34         0.7256863242         5.2164645496        -0.9264819741
C35        -0.2033494526         4.2627136021        -0.4996616395
H36        -1.7539884709        -5.1004399900        -0.8660788794
H37        -2.1841781084        -4.8443685684         0.8685646842
H38        -2.7032935727        -3.6462517427        -0.3842436318
H39        -0.2814808889        -3.0777868996        -0.8192489266
H40         0.2082927722        -4.2916936717         0.4094575270
H41         0.4000600123        -0.3072314049        -0.1344449620
H42        -0.0318928374         0.0567375836        -2.3757407755
H43        -2.1634261370        -1.7906451983        -2.0248198540
H44        -3.5541187147        -1.1277341419        -3.7869961162
H45        -4.8243323973         1.2541060140        -3.9283074806
H46        -4.7391707857         3.4487248615        -5.0593394152
H47        -2.5893630469         4.3178737119        -5.9364780281
H48        -0.5200432570         2.9725360226        -5.7039521438
H49        -0.5892374769         0.7690063444        -4.5980006029
H50        -2.1779963039         3.8140353487         1.7092569307
H51        -4.4521425392         4.6558815125         2.0835709365
H52        -6.3819490868         3.6051182211         0.9403199588
H53        -6.0202276871         1.6977615040        -0.5976896914
H54        -3.7657403966         0.8412858534        -1.0008231527
H55         1.4300775400         2.2591977158         1.6341412956
H56         1.9465150583         2.0907907768         3.9940504307
H57         0.2632395305         1.2525993454         5.6008679752
H58        -1.9749460938         0.5654093271         4.7988031671
H59        -2.5471436667         0.7257607640         2.4314630256
H60         1.6927691461         1.4663324758        -0.9506813780
H61         3.3157795781         3.1560494935        -1.6934242458
H62         2.7128993889         5.5594045009        -1.6789571056
H63         0.4543942596         6.2641359287        -0.9452573407
H64        -1.1904855347         4.5992485129        -0.2309165058
&

