&zmat
 C12            -3.0243262388            -1.2145812612            -2.5746142367
 C11            -1.6442699922            -0.6670100902            -2.9883471817
 C13            -0.6634134938            -1.8254087339            -3.2464742023
 C14            -1.8184523939             0.1748757984            -4.2714380303
 C10            -1.0200039219             0.2772942219            -1.9279143372
 O15            -1.9033194855             1.3032039050            -1.4975950833
 P16            -0.9821697047             1.5255404729             0.1368858380
 C17            -2.6426831788             1.8425986233             0.8955809722
 C18            -3.0838445605             1.0628520448             1.9829057001
 C19            -4.3819145400             1.2221023332             2.4863487516
 C20            -5.2366460886             2.1858189648             1.9349445560
 C21            -4.7936643673             2.9784058978             0.8658344757
 C22            -3.5109301643             2.7965712917             0.3346779339
 C23            -0.0579407929             1.4319884882             1.8122834772
 C24             0.9914109601             0.5283983817             2.0662868003
 C25             1.6758021077             0.5255959950             3.2918219630
 C26             1.3310892628             1.4417690815             4.2920885010
 C27             0.3001635325             2.3627580730             4.0556915620
 C28            -0.3828752407             2.3530016816             2.8339344723
 C29            -0.0887093540             3.0302900369            -0.5115166942
 C30            -0.5673658729             3.6691221369            -1.6766605772
 C31             0.0459338669             4.8322750025            -2.1570186191
 C32             1.1640954203             5.3662440889            -1.5019659368
 C33             1.6663752959             4.7228758071            -0.3631081558
 C34             1.0445650705             3.5696563911             0.1337026670
 C9             -0.5718443353            -0.2371417854            -0.5406772418
 C1             -1.4996626084            -1.1549959712             0.1715169849
 C2             -1.1487661021            -2.1487730811             1.0215972197
 C3             -2.0799345423            -2.9591928629             1.8159273735
 C4             -3.4651990832            -2.6769142456             1.9061305557
 C5             -4.3082221147            -3.4767163785             2.6816229564
 C6             -3.7979884441            -4.5742095788             3.3940925449
 C7             -2.4280581338            -4.8608383167             3.3234887679
 C8             -1.5825733828            -4.0622649525             2.5459645379
 H44            -3.5316032629            -1.6573355481            -3.4485932578
 H45            -3.6545843647            -0.3999264399            -2.1827451569
 H46            -2.9466628555            -2.0025550506            -1.8092421785
 H47            -0.5440516172            -2.4498723074            -2.3446235715
 H48            -1.0304097948            -2.4739952194            -4.0597591239
 H49             0.3332026189            -1.4506001023            -3.5405482115
 H50            -2.5050215985             1.0163836195            -4.0856988824
 H51            -0.8535299484             0.5901418189            -4.6113515762
 H52            -2.2312765919            -0.4391345967            -5.0899159559
 H43            -0.1068852727             0.7088650105            -2.4104965927
 H53            -2.4142865728             0.3262869610             2.4354384296
 H54            -4.7169955086             0.5932192547             3.3170494060
 H55            -6.2456633023             2.3200647466             2.3365906854
 H56            -5.4552129624             3.7353918869             0.4335887028
 H57            -3.1829460672             3.3935411189            -0.5199218581
 H58             1.2969532385            -0.1903210725             1.3022597831
 H59             2.4807334277            -0.1965227553             3.4615152588
 H60             1.8624762389             1.4410873225             5.2487578526
 H61             0.0244792050             3.0898499968             4.8261975941
 H62            -1.1863886072             3.0781142580             2.6692469668
 H63            -1.4119119154             3.2140546807            -2.1998800724
 H64            -0.3501807886             5.3178926924            -3.0542588796
 H65             1.6455723401             6.2731738206            -1.8803909989
 H66             2.5465372398             5.1212898291             0.1508322424
 H67             1.4480087108             3.0938589171             1.0289633420
 H42             0.4799092836            -0.5549023649            -0.4589414930
 H35            -2.5596548190            -0.9225484512             0.0364970180
 H36            -0.0834946497            -2.3803186583             1.1568897595
 H37            -3.8835629585            -1.8135947927             1.3799565979
 H38            -5.3749787458            -3.2376785433             2.7374744124
 H39            -4.4622412614            -5.1946425429             4.0028059803
 H40            -2.0145476039            -5.7092865998             3.8776385301
 H41            -0.5121594563            -4.2912665409             2.4955100711
&

