&gen
basis=6-31G**
igeopt=1
dftname=PBE-D3
ifreq=1
&
entry_name: J1_10230_2111.in
&zmat
C1          1.5693322616        -1.4701475370         1.0724594176
C2          1.1593612207        -0.3802928673         0.1275980841
O3          2.0316366888         0.2844694180        -0.4108714337
C4         -0.3018069390        -0.1572836076        -0.2127213910
C5         -0.5470113406        -0.0669862335        -1.6989373196
C6         -1.5350126533        -1.0976603164        -2.2812684547
C7         -0.9708382389        -2.5141381624        -2.2617143990
C8         -2.1991864398        -3.3479799902        -2.0329819744
C9         -1.9097680401        -4.6467797846        -1.2736546275
C10        -3.1056369895        -2.4006939438        -1.2644794524
O11        -2.7698881202        -1.0728676945        -1.5969146590
O12        -1.1066111169         1.2199213047        -1.6810630980
P13        -0.9077696834         1.5539142151        -0.0002275028
C14        -2.6819817697         1.8542120862         0.2049717292
C15        -3.5214927853         0.8235590519         0.6610461753
C16        -4.8918648626         1.0452667897         0.8216533508
C17        -5.4351254192         2.3006073162         0.5405707077
C18        -4.6063026963         3.3378420783         0.1070669414
C19        -3.2351475013         3.1189028395        -0.0566544139
C20        -0.7558007122         1.7883151886         1.8229594670
C21        -0.8535354735         3.0864037999         2.3760800635
C22        -0.7780971499         3.2886938549         3.7560271093
C23        -0.6343063196         2.2008004851         4.6151409099
C24        -0.5849693924         0.9079583074         4.0958282885
C25        -0.6605453337         0.6992271054         2.7156635398
C26         0.2406239917         2.9270166721        -0.3853196005
C27        -0.0738511682         3.8506183687        -1.4008184942
C28         0.8019850041         4.8946954541        -1.7115846689
C29         2.0076399058         5.0272277814        -1.0215284764
C30         2.3426364381         4.1118133684        -0.0231445844
C31         1.4708380092         3.0656570495         0.2905093053
H32         0.6975961010        -2.0739970766         1.3997571555
H33         2.0534345140        -1.0225756306         1.9654600524
H34         2.2904112306        -2.1468538751         0.5679540652
H35        -0.9737586708        -0.8954279256         0.2694885767
H36         0.3858019202        -0.0507043172        -2.3060933990
H37        -1.7321313817        -0.8165396645        -3.3398743356
H38        -0.4773411764        -2.7713556976        -3.2244825186
H39        -0.2423446874        -2.6465452809        -1.4305897875
H40        -2.6679485356        -3.5891734443        -3.0141165090
H41        -2.8557974533        -5.2052885528        -1.1108262869
H42        -1.4429768273        -4.4371024991        -0.2868904856
H43        -1.2212841517        -5.2843844139        -1.8677761083
H44        -2.9830767391        -2.5291421649        -0.1664458348
H45        -4.1693445708        -2.5912581238        -1.5214880018
H46        -3.1168855361        -0.1479151389         0.9068710906
H47        -5.5316292947         0.2447901053         1.1699943950
H48        -6.4960748732         2.4723887081         0.6680551594
H49        -5.0254933824         4.3147970813        -0.0962006020
H50        -2.6129756297         3.9445386255        -0.3643005516
H51        -0.9929719200         3.9496359763         1.7388523951
H52        -0.8403160488         4.2910655440         4.1595912395
H53        -0.5796728514         2.3580187748         5.6845892762
H54        -0.5020444719         0.0617324576         4.7657210510
H55        -0.6697938902        -0.3196690707         2.3739838206
H56        -0.9892301002         3.7592645365        -1.9692877934
H57         0.5474553295         5.5986550897        -2.4933545138
H58         2.6846145139         5.8360971866        -1.2641172122
H59         3.2796129424         4.2122397018         0.5092526522
H60         1.7548539866         2.3747906617         1.0729535845
&

