&gen
basis=6-31G**
igeopt=1
dftname=PBE-D3
ifreq=1
&
entry_name: J1_10010_2111.in
&zmat
C1         -1.2645198699        -1.0756494635         0.4692182187
C2         -2.5502319392        -1.2102951100         0.8263194088
C3         -3.0855013811        -2.3266927274         1.6577446163
C4         -4.3985940073        -2.2903617164         1.9691755439
C5         -5.0910780895        -3.2988559864         2.8363342096
C6         -2.1776205584        -3.4157171854         2.2019561922
Si7         -1.3389177608        -2.8911995358         3.8059662437
C8          0.5132062772        -2.8600431780         3.5697777409
C9         -1.9250578746        -1.2105099288         4.3837825573
C10        -1.7261999520        -4.1434660361         5.1362373195
C11        -0.6887066688         0.0856841090        -0.3275779736
C12        -1.2351935272         0.3839472731        -1.7042079138
C13        -2.3835335643        -0.4927060592        -2.2465127436
C14        -2.6673724005        -0.2231314822        -3.7359217911
C15        -1.6738583854        -0.9069395244        -4.6939907047
C16        -1.9410141973        -2.4107145769        -4.8435359962
C17        -1.0115602024        -3.0058469574        -5.8531600676
O18         0.1059764815        -3.4606044151        -5.4846905179
O19        -1.3736623379        -3.0100291389        -7.2032149993
C20        -0.5292917597        -3.5343570006        -8.2206484715
O21        -1.6821473780         1.6837856269        -1.4068967672
P22        -1.1408476304         1.7627724401         0.2299476133
C23        -2.8598300373         2.1050270754         0.8015062772
C24        -0.4663263568         1.7692562948         1.9495250988
C25         0.4971246579         0.8304626496         2.3833450491
C26         1.0083182036         0.8726506588         3.6837206121
C27         0.5982311743         1.8681293202         4.5677280831
C28        -0.3040024797         2.8415656908         4.1445635853
C29        -0.8172350101         2.8058437204         2.8456114607
C30        -0.0462093919         3.1435433116        -0.1655945931
C31        -0.5664214503         4.4364511275        -0.3357213493
C32         0.2827184059         5.5012988315        -0.6519987974
C33         1.6537425231         5.2819825827        -0.8081701091
C34         2.1773474134         3.9961103804        -0.6523822793
C35         1.3316299531         2.9287621970        -0.3367420011
H36        -0.5419479458        -1.8121080229         0.7814445366
H37        -3.2546716775        -0.4651916660         0.5047830098
H38        -5.0147458394        -1.4817229639         1.5915301032
H39        -6.1526026649        -3.0045671140         2.9738441946
H40        -4.6099328627        -3.3424597760         3.8346739725
H41        -5.0681251917        -4.2994766925         2.3565296246
H42        -2.7361259476        -4.3530499965         2.3956277431
H43        -1.4101228820        -3.7013192948         1.4560294116
H44         0.7806016373        -2.1446472195         2.7691220675
H45         0.8651113206        -3.8734199608         3.2879448584
H46         1.0000397723        -2.5501463313         4.5170465206
H47        -1.3570544160        -0.9123866630         5.2886137087
H48        -3.0061444904        -1.2590249948         4.6265095518
H49        -1.7635033415        -0.4599903746         3.5853367152
H50        -1.3859072081        -5.1470764170         4.8084999550
H51        -2.8188281060        -4.1663848870         5.3222928214
H52        -1.1998191100        -3.8620683970         6.0712276419
H53         0.4136113862        -0.0218590497        -0.4063942911
H54        -0.3989269590         0.4443572117        -2.4339031027
H55        -3.3163424738        -0.2612886509        -1.6938780647
H56        -2.1515108925        -1.5654674653        -2.0884399411
H57        -2.6486143762         0.8739338841        -3.9177526395
H58        -3.6980469802        -0.5647376303        -3.9766128313
H59        -1.7799449582        -0.4290445222        -5.6930400970
H60        -0.6281082411        -0.7429016373        -4.3590209112
H61        -2.9879818248        -2.5775504942        -5.1771491256
H62        -1.8004676607        -2.9312984377        -3.8732733025
H63         0.4296254851        -2.9745135534        -8.2446754373
H64        -1.0327670361        -3.4273589200        -9.2032740212
H65        -0.3310490211        -4.6109038609        -8.0329019671
H66        -3.0798392337         1.5815638935         1.7558700197
H67        -3.0186770275         3.1919441949         0.9377723253
H68        -3.6052877974         1.7653768284         0.0529984600
H69         0.8848006462         0.0662599959         1.7343159645
H70         1.7330678298         0.1349303515         4.0032274558
H71         0.9971772325         1.8984156496         5.5733323023
H72        -0.5980028384         3.6344594559         4.8201561896
H73        -1.4774612530         3.6051328853         2.5428127590
H74        -1.6255855671         4.6244262484        -0.2313640070
H75        -0.1230086471         6.4965932931        -0.7793531343
H76         2.3094922165         6.1073946730        -1.0532911242
H77         3.2389682184         3.8260888942        -0.7767328011
H78         1.7540033246         1.9402175548        -0.2179323976
&

