&gen
basis=6-31G**
igeopt=1
dftname=PBE-D3
ifreq=1
&
entry_name: J1_10531_2111.in
&zmat
C1         -0.8760382020        -2.6710171329         0.0641044833
C2         -1.4970831780        -1.3370993965         0.5510797546
C3         -3.0339196096        -1.4302918483         0.3728004973
C4         -1.1774522585        -1.2793569268         2.0630780555
C5         -0.7930118740        -0.1405767798        -0.2329027982
C6         -1.1283762737         0.1181529101        -1.7017025426
C7         -2.1890416903        -0.6698297523        -2.4483268129
C8         -3.5327653566        -0.2411062628        -2.4978853460
C9         -4.4780929448        -0.9560686451        -3.2387719109
C10        -4.0922294770        -2.0854250708        -3.9632027684
C11        -2.7570654283        -2.4936277204        -3.9597446464
C12        -1.8080683173        -1.7819069999        -3.2203193633
O13        -1.5303033218         1.4514801361        -1.5386498304
P14        -1.1432662125         1.6509144701         0.1267271503
C15        -2.8536150758         2.2301456401         0.4369613922
C16        -3.3970572787         3.2387296979        -0.3828138525
C17        -4.7025003141         3.6962029662        -0.1848866313
C18        -5.4860344249         3.1566422275         0.8353696840
C19        -4.9635794399         2.1606002936         1.6606024638
C20        -3.6584973057         1.7004173335         1.4655697982
C21        -0.5115968287         1.8300567107         1.8537798195
C22         0.7145763025         1.2290724931         2.2178971904
C23         1.2544847174         1.4020915746         3.4948325312
C24         0.6164403106         2.2259733006         4.4189043840
C25        -0.5425588763         2.9070216997         4.0540020915
C26        -1.0858834006         2.7374661063         2.7776873437
C27         0.0793418872         2.9131353153        -0.3183616002
C28        -0.1742053491         4.2749619396        -0.0762908350
C29         0.7734795934         5.2424570306        -0.4220432876
C30         1.9806030083         4.8612240320        -1.0121154034
C31         2.2427886332         3.5110334959        -1.2551010949
C32         1.2980943557         2.5400480163        -0.9104508070
H33        -1.0755023816        -2.8558325661        -1.0035810280
H34        -1.2981495607        -3.5333986182         0.6254984655
H35         0.2263664722        -2.6742810711         0.2080688570
H36        -3.3114458659        -2.0945902769        -0.4722330145
H37        -3.4843965095        -0.4492157289         0.1780967234
H38        -3.5302355198        -1.8601462321         1.2693187376
H39        -0.0818485737        -1.2913029321         2.2371155081
H40        -1.5912295858        -2.1675534967         2.5891281526
H41        -1.6185161069        -0.3974698916         2.5533037056
H42         0.3017150931        -0.3032327183        -0.1748460569
H43        -0.1935134137         0.1149225510        -2.3069763508
H44        -3.8567843166         0.6381384012        -1.9568531429
H45        -5.5100830162        -0.6302491855        -3.2554749180
H46        -4.8253448506        -2.6364922382        -4.5378802182
H47        -2.4548621904        -3.3575072149        -4.5374841560
H48        -0.7726506713        -2.0984600117        -3.2501563473
H49        -2.8127924169         3.6706976220        -1.1848879849
H50        -5.1070052934         4.4694981821        -0.8250454008
H51        -6.4969883965         3.5117480772         0.9878370695
H52        -5.5695757195         1.7452534518         2.4553998047
H53        -3.2827815993         0.9416456144         2.1290166914
H54         1.2764964450         0.6337291034         1.5167163212
H55         2.1811088583         0.9099560734         3.7607891725
H56         1.0397121893         2.3647816286         5.4053028016
H57        -1.0090840393         3.5888877241         4.7533671071
H58        -1.9317360031         3.3555435798         2.5203741627
H59        -1.0949540757         4.5907839240         0.3938670660
H60         0.5729995897         6.2884069042        -0.2291458639
H61         2.7136818861         5.6115536036        -1.2785617222
H62         3.1795111355         3.2160633362        -1.7100375286
H63         1.5235531896         1.5009119788        -1.1035248152
&

