&gen
basis=6-31G**
igeopt=1
dftname=PBE-D3
ifreq=1
&
entry_name: J1_10421_2111.in
&zmat
C1         -1.1252028493        -2.1314324897         1.1229064252
C2         -1.7215473003        -1.1146506391         0.4798760006
C3         -3.2313042707        -1.1115557714         0.4415242606
C4         -0.8495379313        -0.0893765720        -0.2577284027
C5         -1.1700799730         0.1729344637        -1.7119752595
C6         -2.2042522094        -0.6997191947        -2.3923132030
C7         -3.4286885819        -0.1772940246        -2.8533577375
C8         -4.3552304617        -1.0096151595        -3.4885405593
C9         -4.0650692762        -2.3620915545        -3.6837615926
C10        -2.8447093577        -2.8846263226        -3.2492255656
C11        -1.9149024197        -2.0571580142        -2.6132189891
O12        -1.5934874461         1.4990625703        -1.5315235583
P13        -1.1657152725         1.6755080070         0.1309362653
C14        -2.8572215738         2.2431709256         0.5447235519
C15        -3.5123576329         3.1696277394        -0.2893253930
C16        -4.8075403216         3.6040681880         0.0057364122
C17        -5.4687078795         3.1206700667         1.1355426201
C18        -4.8357354082         2.2010646412         1.9724935047
C19        -3.5410713700         1.7634875570         1.6815342203
C20        -0.5711552043         1.7976740955         1.8762897603
C21        -0.8549010054         2.9575770943         2.6362514188
C22        -0.3915118264         3.0942013444         3.9466074547
C23         0.3868061424         2.0916152555         4.5206498538
C24         0.7152609003         0.9585261754         3.7787863712
C25         0.2547288513         0.8160320844         2.4664264821
C26         0.0997648518         2.8952379389        -0.3047901629
C27        -0.2037698115         4.2669443756        -0.3423850403
C28         0.7796432103         5.1987597969        -0.6871604622
C29         2.0717633962         4.7707375955        -0.9999231106
C30         2.3828559118         3.4096227203        -0.9664820086
C31         1.4025876152         2.4746631809        -0.6214842639
H32        -1.7126735061        -2.8926237088         1.6283544719
H33        -0.0448215526        -2.2319123777         1.1457750747
H34        -3.6319584448        -0.2454007473        -0.1151587262
H35        -3.5933791287        -2.0337199380        -0.0606375887
H36        -3.6393731879        -1.0957279505         1.4735218733
H37         0.2304464280        -0.3344154826        -0.1859815736
H38        -0.2407600301         0.1771164260        -2.3250878259
H39        -3.6769498668         0.8668915727        -2.7141133055
H40        -5.2989894033        -0.6050889599        -3.8307931135
H41        -4.7841315580        -3.0042053497        -4.1757254049
H42        -2.6183299766        -3.9312783568        -3.4061702125
H43        -0.9718171068        -2.4748021847        -2.2825256579
H44        -3.0272202620         3.5559205543        -1.1758772311
H45        -5.2998150412         4.3155930337        -0.6445297187
H46        -6.4718704207         3.4580212992         1.3618970391
H47        -5.3487233636         1.8255061906         2.8483795022
H48        -3.0747519103         1.0512959949         2.3485549744
H49        -1.4413033737         3.7640505133         2.2177573889
H50        -0.6319409255         3.9833380836         4.5150685558
H51         0.7481935824         2.1994122165         5.5351502272
H52         1.3402433945         0.1912366409         4.2175295852
H53         0.5780762716        -0.0570833851         1.9331278038
H54        -1.1913795541         4.6237955693        -0.0913123954
H55         0.5400875007         6.2540252314        -0.7093491202
H56         2.8320217861         5.4935564946        -1.2662623758
H57         3.3846842588         3.0783846975        -1.2074638445
H58         1.6661651494         1.4270099575        -0.5987003244
&

