&zmat
 O1              1.1615114762             2.3978171081             0.9462725815
 C2              0.7144942670             1.4793313630             0.2842322882
 C3              1.3694973193             0.0460529865             0.2347755282
 C4              0.5245580146            -1.1353589704            -0.3713331521
 C5             -1.0484360221            -1.0863745505            -0.1393599724
 C6             -1.2891390144             0.3118466482             0.3899050823
 O8             -1.9689035403             1.4838870576            -0.1387301282
 C7             -0.5808055030             1.2957953119            -0.4599649965
 H9              2.3322114801             0.1137148775            -0.3007522409
 H10             1.6317969439            -0.1555621422             1.2883636916
 H11             0.9334118029            -2.0843902314             0.0141981714
 H12             0.6992212117            -1.1560142456            -1.4601562969
 H13            -1.5742571409            -1.2564318603            -1.0927088003
 H14            -1.3815863275            -1.8591551113             0.5720936887
 H15            -1.1418276746             0.4168954781             1.4759900729
 H16            -0.4277304715             0.9544977406            -1.4966944982
&

