&gen
basis=6-31G**
igeopt=1
dftname=PBE-D3
ifreq=1
&
entry_name: J1_5708_2111.in
&zmat
O1          3.6902284880        -1.7110248493        -3.3083017211
C2          3.7800379632        -2.4845980792        -2.3681261882
C3          2.5492063837        -3.0964063003        -1.7645117246
C4          1.6251636709        -2.0422635607        -1.1146838219
C5          2.2453064826        -1.4184404191         0.1600851674
O6          3.3646004052        -0.6518734245        -0.1662192425
C7          3.0132810541         0.6984542764         0.0544969941
O8          1.6857804388         0.8109886620         0.5241292694
C9          1.2872520325        -0.4789238555         0.8625893412
C10        -0.1779872309        -0.7150336456         0.4403466940
C11        -1.1458675857        -0.1026658692         1.4656923259
C12        -2.5839965059        -0.2527876496         1.0189926476
C13        -3.4348480472        -1.3123622523         1.6710713715
C14        -3.0526188203         0.5707303642         0.0570755156
C15        -4.4212673046         0.5736365292        -0.5035326286
O16        -5.3858219719        -0.3539775545        -0.0930221813
C17        -6.7328270519        -0.3512447424        -0.5611956610
C18        -7.5314218181         0.7613661918         0.1075889123
O19        -4.7081765105         1.4336553171        -1.3800066014
O20        -0.4091420348        -2.1069487568         0.3503217776
C21         0.2337918812        -2.6619516362        -0.7889861181
C22         3.9790561412         1.2934490199         1.0998108742
C23         3.7592669546         2.8012623194         1.2837138223
C24         3.8907198309         3.5422993379        -0.0513867686
C25         2.9252608112         2.9698185974        -1.0949528999
C26         3.1432960906         1.4616247134        -1.2786224958
H27         4.7589923378        -2.7378066137        -1.9746389969
H28         2.8510784152        -3.8522472263        -1.0072632496
H29         1.9995987093        -3.6281342935        -2.5717394511
H30         1.4556159524        -1.2271554148        -1.8545018531
H31         2.5494379863        -2.2301524066         0.8581572393
H32         1.3976451583        -0.6109077424         1.9634139141
H33        -0.3664725828        -0.2207235363        -0.5436735481
H34        -0.9923687640        -0.5923433825         2.4519673626
H35        -0.9142701242         0.9763803671         1.6084772197
H36        -2.8628618133        -1.8810963644         2.4334686761
H37        -3.7821796820        -2.0416102486         0.9095164063
H38        -4.3031171682        -0.8440681665         2.1805210555
H39        -2.3756516670         1.3125948211        -0.3526437964
H40        -7.1973069948        -1.3266294090        -0.3048696507
H41        -6.7596656391        -0.2365102200        -1.6666516569
H42        -8.5897184415         0.7129383177        -0.2247828164
H43        -7.4945568696         0.6427804256         1.2111983179
H44        -7.1169985563         1.7540041639        -0.1659857479
H45         0.3449550251        -3.7510240833        -0.5978979671
H46        -0.4347479353        -2.5607664988        -1.6719361223
H47         5.0301540258         1.1133622289         0.7822498570
H48         3.8309743898         0.7823853621         2.0759220105
H49         2.7517560782         2.9853709127         1.7171862586
H50         4.5138453238         3.1966261483         1.9972355927
H51         3.6671958876         4.6197505438         0.1033206923
H52         4.9355579077         3.4589072577        -0.4236959700
H53         1.8760509408         3.1634912703        -0.7809948509
H54         3.0897257813         3.4840560463        -2.0662027598
H55         4.1532735677         1.2876034099        -1.7119230986
H56         2.3957850043         1.0741415976        -2.0039415360
&

