&zmat
 C18            -7.6512928721             0.4714580511             0.2832597874
 C17            -6.6852209207            -0.2173202228            -0.6713547083
 O16            -5.3447435580            -0.2776923266            -0.1137044268
 C15            -4.6003196949             0.8642921700            -0.2753111329
 O19            -5.0180418049             1.8636286889            -0.8566042389
 C14            -3.2467512221             0.7807088197             0.3048195070
 C12            -2.6442225986            -0.2479002456             0.9580753772
 C13            -3.2825342417            -1.5839927640             1.2538562209
 C11            -1.2049800073            -0.0674068234             1.3963347387
 C10            -0.2035546281            -0.7148956801             0.4299445880
 O20            -0.3885082315            -2.1365823467             0.4712653585
 C21             0.2757233139            -2.8125596316            -0.6087016938
 C4              1.6015256268            -2.1304984923            -1.0090044969
 C3              2.5720379548            -3.0978876836            -1.7096668453
 C2              3.7063815315            -2.3414139413            -2.3967604985
 O1              3.5118677375            -1.5507385394            -3.3075403592
 C5              2.2161129431            -1.4898183686             0.2422825993
 O6              3.4183501219            -0.7742531523            -0.0561825710
 C7              3.1285725461             0.6499549669            -0.0410086367
 C22             3.8686656548             1.2930572523             1.1428805433
 C23             3.6619647817             2.8170820160             1.1650602097
 C24             4.0744626256             3.4549800096            -0.1723561872
 C25             3.3191182813             2.8121133971            -1.3479215927
 C26             3.5193522601             1.2869988783            -1.3757047745
 O8              1.7031891026             0.7688935366             0.1194660645
 C9              1.2641477031            -0.4111781068             0.7962660658
 H42            -8.6751282523             0.4356143807            -0.1241402467
 H43            -7.6515247362            -0.0247368142             1.2667544026
 H44            -7.3666610148             1.5260204512             0.4136323952
 H40            -6.9571589009            -1.2715079671            -0.8371616266
 H41            -6.6446719923             0.3098493931            -1.6385055697
 H39            -2.6882862795             1.7098293361             0.1503965575
 H36            -2.5822681644            -2.2470140118             1.7785518561
 H37            -3.6011634704            -2.0807497588             0.3240094997
 H38            -4.1972425961            -1.4560459747             1.8554034167
 H34            -1.0473124050            -0.5103584660             2.3973278057
 H35            -0.9427202472             1.0028682817             1.4566750981
 H33            -0.3904307579            -0.3178017350            -0.5898684236
 H45             0.4582589908            -3.8383457402            -0.2416654595
 H46            -0.3932480053            -2.8802411410            -1.4923527894
 H30             1.3924081897            -1.3138855787            -1.7239786741
 H28             2.9710525341            -3.8384982966            -0.9939911959
 H29             2.0269054647            -3.6469889796            -2.5006375186
 H27             4.7428517808            -2.5623293312            -2.0310836493
 H31             2.4474796814            -2.2657654484             0.9956535292
 H47             4.9411819091             1.0482928779             1.0386793057
 H48             3.5234643454             0.8244994794             2.0809016343
 H49             2.5921238987             3.0232380846             1.3532673389
 H50             4.2268426622             3.2624377916             2.0021862673
 H51             3.8924313644             4.5435690976            -0.1487963727
 H52             5.1640755277             3.3205815309            -0.3203235565
 H53             2.2389662030             3.0272808745            -1.2523593944
 H54             3.6466350336             3.2482247533            -2.3071828610
 H55             4.5806909676             1.0417722924            -1.5587362847
 H56             2.9365905076             0.8088554560            -2.1785672410
 H32             1.3782512683            -0.3120933278             1.8959858982
&

