&zmat
 O18            -4.5080928881             1.0783521705             1.7954225230
 C1             -3.5877813873             1.3921996567             1.0555604926
 C2             -2.1519268991             1.2577720002             1.4600529244
 O3             -1.1853526738             2.0150667203             0.7016050170
 C4             -1.1511133929             0.5883238070             0.5704795429
 C5             -1.5283185374             0.0144108146            -0.7863433708
 O17            -0.4273852363            -0.0105979632            -1.7210024039
 C10             0.6581032067            -0.8545042688            -1.2922646816
 C11             1.8044571172            -0.0695487914            -0.6778376130
 C12             1.8544677557             1.3287014780            -0.7778334029
 C13             2.9195886589             2.0347584566            -0.2030125047
 C14             3.9401157223             1.3483004258             0.4676587121
 C15             3.8944714987            -0.0505325975             0.5630238769
 C16             2.8315012505            -0.7587693376            -0.0087248328
 O9              0.2380892302            -1.8176106406            -0.3343598257
 C8             -0.9898439282            -2.4366605028            -0.7387115039
 C6             -2.1529294417            -1.4035996824            -0.7592647394
 O7             -3.0016998133            -1.6030245185            -1.8859806322
 H19            -3.7552019769             1.8072184676             0.0260911379
 H20            -1.9871797835             1.1984805948             2.5454982693
 H21            -0.3096026917             0.0998244348             1.0786943692
 H22            -2.2614981590             0.6894421431            -1.2564980799
 H27             0.9831641355            -1.3726884052            -2.2230755054
 H28             1.0446578533             1.8540210241            -1.2902602703
 H29             2.9463587364             3.1262435416            -0.2734819278
 H30             4.7691674961             1.9015312070             0.9195073259
 H31             4.6866970472            -0.5908728336             1.0902636204
 H32             2.7820075557            -1.8482098624             0.0770278314
 H25            -1.1693533026            -3.2540639283            -0.0249101113
 H26            -0.8935346229            -2.8782714383            -1.7532610516
 H23            -2.8058296213            -1.5148055010             0.1235242907
 H24            -2.4499206676            -1.3872296822            -2.6650734510
&

