&zmat
 C1              3.0097206432             0.1751066963             0.0960928674
 C2              1.8866824853             0.8239967997            -0.7017065584
 O9              2.1161772086             1.7969661889            -1.4254963765
 C3              0.5077505309             0.2495980906            -0.5810702970
 C4             -0.5023986836             0.8164838867            -1.2881910603
 C5             -1.8861482983             0.2499838184            -1.1865653237
 C6             -2.2860946395            -0.0540190276             0.2865830395
 C7             -1.1070618011            -0.5880687661             1.1454301450
 C8              0.1508677748            -0.9235795359             0.3053722418
 H10             3.1068415599            -0.8966723823            -0.1493581333
 H11             2.8108324749             0.2382589552             1.1804930247
 H12             3.9515941541             0.6920664200            -0.1306376596
 H13            -0.2807621967             1.6757907185            -1.9306229351
 H14            -1.9109177304            -0.7013345951            -1.7576719772
 H15            -2.6324579119             0.9069887846            -1.6616628213
 H16            -2.6777529216             0.8721767250             0.7384983884
 H17            -3.1222350179            -0.7731671914             0.2811305112
 H18            -1.4162490477            -1.4786053459             1.7181489109
 H19            -0.8167766745             0.1753249817             1.8872020216
 H20             0.9783198216            -1.2114775240             0.9723542945
 H21            -0.0594631398            -1.8118760538            -0.3240717545
&

