&gen
basis=6-31G**
igeopt=1
dftname=PBE-D3
ifreq=1
&
entry_name: J1_10295_2111.in
&zmat
C1         -5.6337653980         2.0139900280         1.1689879152
C2         -5.0208913570         0.8430255351         0.4018733028
C3         -3.5131782340         0.6943252288         0.6537480823
C4         -2.6991079121         1.8553714644         0.0567017048
P5         -0.8819298661         1.5073502081         0.0032220301
C6         -0.7338052608         1.6639441026         1.8699801992
C7          0.6604234489         2.0121318894         2.4442271045
C8          0.7338390292         1.7861829717         3.9640094950
C9          0.9705117325         0.3216321652         4.3310898686
C10         0.1331219887         3.0310180912        -0.3059546413
C11        -0.0011750916         3.6089820512        -1.7233983591
C12         0.7089848876         4.9634326977        -1.8349018096
C13         0.5963181569         5.5300457890        -3.2471904645
O14        -0.9978370948         1.0969970598        -1.6703504684
C15        -0.5654225445        -0.2370208763        -1.5869611941
C16        -1.6575145177        -1.2179902856        -1.9611269601
C17        -2.8376797830        -0.8003843538        -2.6073221259
C18        -3.8235286220        -1.7315301457        -2.9471612688
C19        -3.6352833818        -3.0866208705        -2.6656515626
C20        -2.4573686984        -3.5147106027        -2.0490892476
C21        -1.4696063551        -2.5874800164        -1.7047060136
C22        -0.2660220240        -0.2076548971        -0.1085579254
C23         1.2050757164        -0.4099334011         0.2068151320
C24         2.2272147308         0.2700548968        -0.4884557759
C25         3.5691273763         0.0586399227        -0.1601473869
C26         3.9095523561        -0.8375525511         0.8547806266
C27         2.9085350874        -1.5280665934         1.5404544078
C28         1.5645884046        -1.3181764333         1.2185653725
H29        -5.2497640427         2.9804234547         0.7815166268
H30        -5.4038627221         1.9315962127         2.2525668540
H31        -6.7364815562         2.0030018649         1.0395763003
H32        -5.5255829354        -0.0917860755         0.7291353937
H33        -5.2166215800         0.9654183168        -0.6857291806
H34        -3.1923809739        -0.2605015975         0.1922856636
H35        -3.3325939145         0.6172228705         1.7462392542
H36        -3.0634089857         2.0615495048        -0.9726386828
H37        -2.8885219512         2.7894366964         0.6246036545
H38        -1.4323968363         2.4371567110         2.2530234042
H39        -1.0668469153         0.7030474560         2.3103246198
H40         1.4717358573         1.4502351863         1.9501455098
H41         0.8630280446         3.0900536614         2.2754093725
H42        -0.1960251923         2.1491943770         4.4537363734
H43         1.5794597041         2.3817640722         4.3720467013
H44         1.9321667372        -0.0304311335         3.9027586135
H45         0.1458762895        -0.3225692329         3.9637854290
H46         1.0238414914         0.2228556205         5.4356459484
H47         1.2034551599         2.8257265033        -0.1052137458
H48        -0.2117614683         3.8194686036         0.3969872336
H49        -1.0780641029         3.7401589007        -1.9689843285
H50         0.4590841986         2.9092078060        -2.4547702945
H51         1.7846737321         4.8445637645        -1.5794669931
H52         0.2553395144         5.6859869819        -1.1218813226
H53         1.0681629911         4.8399301307        -3.9787569238
H54        -0.4704224546         5.6795835842        -3.5188402031
H55         1.1163055140         6.5098659010        -3.2971580429
H56         0.3194361265        -0.3935047014        -2.2404197834
H57        -3.0046846054         0.2420263113        -2.8445182534
H58        -4.7332002595        -1.4021556551        -3.4324292638
H59        -4.3994521713        -3.8056817659        -2.9309900793
H60        -2.3085820240        -4.5659886110        -1.8390793078
H61        -0.5593980428        -2.9347392495        -1.2310357947
H62        -0.9191441143        -0.8902597257         0.4787753693
H63         1.9916702949         0.9612681774        -1.2861233820
H64         4.3461394033         0.5887997910        -0.6954838299
H65         4.9493533456        -0.9996775342         1.1075013355
H66         3.1733324686        -2.2239696152         2.3259269791
H67         0.8038373576        -1.8596569912         1.7669232172
&

