&gen
basis=6-31G**
igeopt=1
dftname=PBE-D3
ifreq=1
&
entry_name: J1_10474_2111.in
&zmat
C1          2.9215736276        -3.6745518212         2.8004074950
C2          2.6276662167        -2.5933731655         2.3556817453
C3          2.2711189131        -1.2768029249         1.8144153754
C4          1.2541468253        -1.4214621407         0.6862964865
C5          0.9560296697        -0.1714502131        -0.2033036314
C6          1.7540346913        -0.0173572841        -1.4914346211
C7          0.8757118072        -0.1430819752        -2.7506883524
C8          3.0445874525        -0.8636333955        -1.6365518602
O9          3.8022022998        -0.4265019969        -2.7543069966
C10         4.9535864045         0.2863216156        -2.3471891386
C11         5.4908804622         1.0733278632        -3.5501400184
C12         6.7665561912         1.8211950774        -3.1542521257
C13         7.7559193784         0.8670890285        -2.4811080269
C14         7.0529087971         0.0732719966        -1.3726172494
O15         5.9358351221        -0.6292290051        -1.8871910443
O16         2.0929905822         1.3280050619        -1.2820792890
P17         1.3778557722         1.5670059373         0.2740677573
C18         3.0331066460         2.0703008191         0.9255308393
C19         3.8671596646         2.8941178936         0.1365425900
C20         5.1384163977         3.2703596377         0.5767566132
C21         5.5971021225         2.8559227574         1.8250143659
C22         4.7770149567         2.0798728435         2.6416705396
C23         3.5057540419         1.6982975212         2.2036698654
C24         0.4832317600         1.7543355568         1.8774455900
C25        -0.5842056829         0.9040031714         2.2399700751
C26        -1.2828407704         1.0964940606         3.4353539267
C27        -0.9635976499         2.1645707718         4.2717058038
C28         0.0383060083         3.0590116585         3.9014361309
C29         0.7397702974         2.8707887691         2.7083809742
C30         0.3157223658         2.8924704834        -0.3664484259
C31         0.7534095934         4.2288510336        -0.3565990152
C32        -0.0659845442         5.2469716436        -0.8524190770
C33        -1.3315102562         4.9442841265        -1.3579542355
C34        -1.7826746298         3.6232273056        -1.3608559008
C35        -0.9669222613         2.6020802754        -0.8652440042
H36         3.1795264187        -4.6237870447         3.1906327892
H37         1.8094367532        -0.6988557703         2.6371653541
H38         3.1986048604        -0.7948711441         1.4607026887
H39         1.5310826626        -2.2751872470         0.0334898304
H40         0.3005136246        -1.7513232332         1.1525110175
H41        -0.1233243815        -0.2178450825        -0.4530537548
H42         0.0041159748         0.5423684735        -2.6984550235
H43         1.4544085670         0.1237740262        -3.6600222256
H44         0.5044513220        -1.1849108210        -2.8533455979
H45         2.7632832965        -1.9204496664        -1.8265985391
H46         3.6279371568        -0.8646343573        -0.6911739100
H47         4.6899507822         1.0204411788        -1.5525368140
H48         4.7258498463         1.8021580495        -3.8956364385
H49         5.7135622080         0.3734973851        -4.3855379438
H50         6.5098040423         2.6443201403        -2.4511080181
H51         7.2335250903         2.2706094881        -4.0568204104
H52         8.6006303942         1.4463962286        -2.0503208213
H53         8.1637399328         0.1608767892        -3.2371399441
H54         6.7560172838         0.7440919048        -0.5337848774
H55         7.7705163533        -0.6649893930        -0.9572688264
H56         3.5466952062         3.2410241848        -0.8368772771
H57         5.7685046094         3.8848515883        -0.0532419260
H58         6.5815936271         3.1489991362         2.1659031628
H59         5.1219132658         1.7813147709         3.6232636306
H60         2.8918321537         1.1488309354         2.8936486885
H61        -0.9199822692         0.1073604781         1.6018246513
H62        -2.0884700571         0.4251781512         3.7037488449
H63        -1.5104605239         2.3139275751         5.1936885589
H64         0.2644192417         3.9082689426         4.5332162304
H65         1.4823420104         3.6077465046         2.4347430990
H66         1.7160115490         4.4959113294         0.0513709651
H67         0.2789161965         6.2728210234        -0.8391818570
H68        -1.9653310017         5.7340230548        -1.7400271788
H69        -2.7679968621         3.3900866726        -1.7433163249
H70        -1.3502159471         1.5934305588        -0.8626067472
&

