&gen
basis=6-31G**
igeopt=1
dftname=PBE-D3
ifreq=1
&
entry_name: J1_10114_2111.in
&zmat
C1          1.0579621953        -2.2513926129         1.0608081470
C2          1.6705511077        -1.0594367276         0.3885814973
O3          2.8827892163        -0.9219522817         0.4362038013
C4          0.7928915215        -0.0368055531        -0.3126797622
C5          1.0881169916         0.2504185283        -1.7703475860
C6          2.1045177494        -0.6336747721        -2.5228962762
C7          1.6017247530        -2.0397364144        -2.7283972446
O8          2.0135161125        -2.4162636587        -4.0025357289
C9          2.3207883780        -1.2167899290        -4.6793240603
C10         3.7148261452        -1.3435868000        -5.3002268966
C11         1.2767494292        -0.9818580678        -5.7754834731
O12         2.3125413520        -0.1134840839        -3.7989762817
O13         1.5644512408         1.5619011793        -1.5746306853
P14         1.1689545500         1.6955868292         0.0977393515
C15         2.8348394953         2.3420070700         0.5186640304
C16         3.9914772049         1.8374244870        -0.1059111295
C17         5.2558962367         2.3389335089         0.2160959075
C18         5.3870498996         3.3565317224         1.1611181890
C19         4.2527993319         3.8774019135         1.7834288015
C20         2.9870005860         3.3793425171         1.4639888010
C21         0.6653460386         1.5325010406         1.8724085786
C22         1.5590959854         0.9591064521         2.8075821246
C23         1.1929876929         0.7786832934         4.1431520055
C24        -0.0791844492         1.1451168722         4.5752055106
C25        -0.9908794208         1.6820350278         3.6688459087
C26        -0.6315463568         1.8644713466         2.3301191910
C27        -0.0485288262         2.9682814069        -0.3569393742
C28        -1.3059448238         2.5874596649        -0.8636816851
C29        -2.2323354982         3.5537460163        -1.2651912992
C30        -1.9056694141         4.9087587823        -1.1928307161
C31        -0.6468788278         5.2979021930        -0.7315197498
C32         0.2826379032         4.3344205141        -0.3281331042
H33         1.2934179411        -2.2256926154         2.1454086009
H34        -0.0449065744        -2.2655437408         0.9377154671
H35         1.4747780068        -3.1809176705         0.6199968896
H36        -0.2866800656        -0.2498340899        -0.1608462417
H37         0.1390929221         0.3001867817        -2.3513089924
H38         3.0843141644        -0.6631230769        -2.0071174823
H39         0.4920611956        -2.1009154339        -2.6770592185
H40         2.0378564815        -2.7306548256        -1.9761923906
H41         4.4687631416        -1.5143430276        -4.5023196192
H42         3.7493112624        -2.2002458671        -6.0071384877
H43         3.9835729278        -0.4135064784        -5.8456815641
H44         1.5020827896        -0.0475024284        -6.3331368332
H45         1.2626784571        -1.8342206629        -6.4882198618
H46         0.2676465988        -0.8853621590        -5.3208081087
H47         3.9288436414         1.0627817817        -0.8501046260
H48         6.1356418032         1.9392384623        -0.2716515166
H49         6.3670867791         3.7433102198         1.4088014470
H50         4.3534694881         4.6681128317         2.5156228698
H51         2.1264989656         3.7984597742         1.9689181081
H52         2.5504474802         0.6475100967         2.5107520183
H53         1.8972625051         0.3475747027         4.8429318042
H54        -0.3626720446         1.0025636228         5.6099801204
H55        -1.9854241770         1.9500232210         4.0019080670
H56        -1.3908595084         2.2546952528         1.6765484724
H57        -1.5808384413         1.5446155881        -0.9323294288
H58        -3.2028706891         3.2509470401        -1.6364292885
H59        -2.6224921894         5.6563484158        -1.5069768349
H60        -0.3853631287         6.3477251267        -0.6988469341
H61         1.2609381922         4.6674000386        -0.0238413327
&

