&gen
basis=6-31G**
igeopt=1
dftname=PBE-D3
ifreq=1
&
entry_name: J1_10293_2111.in
&zmat
C1         -1.1459522819        -0.3867514136         0.2615724040
C2         -1.7373355817        -1.5871158794         0.2248101167
C3         -3.1126887231        -1.8606132578         0.7312710580
C4         -3.5572293604        -3.1324923471         0.6633013115
C5         -4.9285087475        -3.5753857986         1.0775628313
C6         -3.9708289944        -0.7461241068         1.3038075689
Si7         -3.5762918063        -0.3921517375         3.1140049599
C8         -4.7679818778        -1.3027962247         4.2264060231
C9         -3.7861420318         1.4388132185         3.4083625608
C10        -1.8398041546        -0.8941510678         3.5960656495
C11         0.2566300202        -0.2108806004        -0.2556296355
C12         0.3488566874        -0.2432059047        -1.7603725403
C13         1.3693568052        -1.2657771766        -2.2797435546
C14         1.4941049832        -1.1960914093        -3.8059684864
C15         2.5054104849        -2.2259313115        -4.3222708133
C16         2.6312888716        -2.1557084015        -5.8466693028
C17         3.6257624514        -3.1603079371        -6.3352565641
O18         3.2403873827        -4.3163847185        -6.6613689532
O19         4.9806446887        -2.8199140177        -6.3823247826
C20         5.9847521427        -3.7319784656        -6.8100696396
O21         0.8261412860         1.0705770833        -1.9176304419
P22         0.8342295056         1.5073335449        -0.2547146768
C23         2.6290061568         1.8803920668        -0.3367723230
C24         0.7746190369         1.6957815434         1.5798282393
C25         1.6879789050         0.9674893145         2.3727651352
C26         1.6496074895         1.0396799682         3.7675281583
C27         0.6858641539         1.8214877351         4.4017934492
C28        -0.2508150878         2.5202458407         3.6422753410
C29        -0.2208421330         2.4495800233         2.2463739064
C30        -0.2223084939         2.9249055954        -0.6457183062
C31        -1.5265671209         2.7398123905        -1.1362887652
C32        -2.3302139345         3.8437498453        -1.4353859541
C33        -1.8363221493         5.1385813272        -1.2590817965
C34        -0.5349484261         5.3316193858        -0.7892208996
C35         0.2722931339         4.2305612866        -0.4888698366
H36        -1.6438298769         0.4609032290         0.7063414716
H37        -1.1770090539        -2.4111948832        -0.2046349861
H38        -2.9052147386        -3.9034486151         0.2675605189
H39        -5.1095756987        -3.3350535680         2.1431290571
H40        -5.6968457493        -3.0870492514         0.4424348960
H41        -5.0192636741        -4.6742005874         0.9480874964
H42        -3.8343057273         0.1817515385         0.7127588485
H43        -5.0533327397        -0.9695094729         1.2258379123
H44        -4.5250654043        -2.3843195988         4.2280542306
H45        -5.8055368537        -1.1503832326         3.8649047443
H46        -4.6758357470        -0.9109940924         5.2600586229
H47        -3.4891005876         1.6840780264         4.4485758278
H48        -4.8476879161         1.7182918170         3.2494605962
H49        -3.1493053694         2.0018656599         2.6971848938
H50        -1.6927883049        -0.7074022070         4.6794184263
H51        -1.0996513171        -0.3016063861         3.0268603396
H52        -1.6921941717        -1.9732243115         3.3864251690
H53         0.9799702297        -0.8832274056         0.2563937965
H54        -0.6395379608        -0.3566690954        -2.2608311097
H55         2.3633874045        -1.0738088998        -1.8177730176
H56         1.0356123155        -2.2846591891        -1.9843011153
H57         1.8248171122        -0.1763366198        -4.1026804314
H58         0.5004233034        -1.3934653002        -4.2655277124
H59         3.4990989019        -2.0288922658        -3.8616912595
H60         2.1749499949        -3.2466881854        -4.0271936828
H61         1.6434440789        -2.3528508070        -6.3179928545
H62         2.9646621256        -1.1399559835        -6.1512597886
H63         6.9745244971        -3.2334669477        -6.7618151411
H64         5.9973650781        -4.6222028041        -6.1460919084
H65         5.7909612402        -4.0472063493        -7.8572483011
H66         2.8686115811         2.3694489571        -1.3040621703
H67         3.2115852285         0.9389172762        -0.2668063571
H68         2.9444104676         2.5763629620         0.4686244275
H69         2.4302601130         0.3287776334         1.9137613392
H70         2.3634487022         0.4794107749         4.3573976872
H71         0.6536701655         1.8718311956         5.4823935397
H72        -1.0153783878         3.1055450214         4.1367301993
H73        -1.0001809563         2.9710791439         1.7141042887
H74        -1.9224269344         1.7478438763        -1.2992093001
H75        -3.3351693719         3.6950465789        -1.8087289294
H76        -2.4599995690         5.9920286250        -1.4915212632
H77        -0.1514159464         6.3350304593        -0.6571119708
H78         1.2758852507         4.3980129713        -0.1210571535
&

