&gen
basis=6-31G**
igeopt=1
dftname=PBE-D3
ifreq=1
&
entry_name: J1_9766_2111.in
&zmat
C1          0.0672664487        -1.1125373434         4.4268908382
C2          1.3114861452        -0.6912067876         3.6446032112
C3          0.9652694473         0.1554472410         2.4125952360
C4          0.3210448362        -0.6623055575         1.3265583356
P5         -0.0420812967        -0.0168483751        -0.1303347372
C6         -1.1520534767         1.4276360371         0.0517863184
C7         -0.3759480210         2.7378695057         0.2486669141
C8         -1.2889779611         3.9043319496         0.6541051653
C9         -2.2334074010         4.3325607644        -0.4686273369
C10        -0.9051425745        -1.2785010071        -1.1323941963
C11        -2.2614505758        -1.6531355857        -0.5184830378
C12        -3.0353802321        -2.6626817311        -1.3794458153
C13        -2.4216997030        -4.0622134137        -1.3446382219
C14         1.4898065226         0.4660232761        -1.0042216577
C15         2.4171881466        -0.7372465468        -1.2199915055
C16         3.7848110200        -0.3286946583        -1.7871593071
C17         3.7018554488         0.1624047820        -3.2321200648
H18        -0.5008966254        -0.2177706115         4.7592093598
H19        -0.5917498237        -1.7534660515         3.8047539844
H20         0.3728986962        -1.6904028692         5.3243598440
H21         1.8859665692        -1.5931566523         3.3393640086
H22         1.9606189320        -0.0899593528         4.3173938693
H23         1.9040061275         0.6002525233         2.0186930349
H24         0.2859594192         0.9808636729         2.7135330642
H25         0.1325796767        -1.7195245748         1.4846199045
H26        -1.8316070714         1.2452446753         0.9114766049
H27        -1.7640553006         1.5062058898        -0.8707265985
H28         0.3838220567         2.6088904834         1.0461313505
H29         0.1636175079         2.9989864014        -0.6875474562
H30        -0.6502477577         4.7733296904         0.9234040743
H31        -1.8805934081         3.6307295607         1.5546903086
H32        -2.7846084018         5.2453305214        -0.1589193024
H33        -2.9761522216         3.5359053442        -0.6815625032
H34        -1.6605559206         4.5618066872        -1.3922386022
H35        -1.0540379468        -0.8734656095        -2.1558279781
H36        -0.2571727214        -2.1759987170        -1.1947283992
H37        -2.1205592847        -2.0649284345         0.5041776754
H38        -2.8843584264        -0.7377890154        -0.4294312579
H39        -4.0749847824        -2.7299528885        -0.9915608281
H40        -3.0919267484        -2.3059399870        -2.4308685694
H41        -3.0880015701        -4.7699770300        -1.8813263043
H42        -1.4329501225        -4.0717394744        -1.8478224967
H43        -2.3075639086        -4.4112411508        -0.2963330027
H44         1.2032571109         0.9055103202        -1.9819115122
H45         2.0154580359         1.2397370165        -0.4062959164
H46         1.9373517731        -1.4705763830        -1.9029893263
H47         2.5906972044        -1.2425718222        -0.2452989013
H48         4.4556067303        -1.2146078340        -1.7581531483
H49         4.2426774921         0.4598811900        -1.1511881498
H50         3.1992251675        -0.5939238333        -3.8717365618
H51         3.1485529801         1.1225922353        -3.2894371936
H52         4.7271397889         0.3308235300        -3.6236932129
&

