&zmat
 C20            -2.6336962287             6.2104250578             0.5633729081
 C19            -2.5377021879             4.9258416759            -0.2205282871
 C21            -2.0469159779             5.0778105420            -1.6380110248
 C18            -2.8437724927             3.7380504513             0.3555887338
 C17            -2.7479508542             2.4035972094            -0.3180336202
 P16            -1.0388185171             1.5938205508            -0.2160219428
 C22            -0.9334919179             1.4423983873             1.6960601294
 C23             0.3308437357             1.2472888291             2.2934765396
 C24             0.4636832624             0.9475077844             3.6552745125
 C25            -0.6754851132             0.8251334325             4.4647160481
 C26            -1.9405956559             1.0052463305             3.8919435077
 C27            -2.0630177709             1.3043711719             2.5258598344
 C28             0.3060954287             2.8588201266            -0.3881571360
 C29             0.4691500816             3.8690854134             0.5840695854
 C30             1.4483212497             4.8567478883             0.4237066639
 C31             2.2999824177             4.8305520681            -0.6906034223
 C32             2.1584543324             3.8190495798            -1.6496257084
 C33             1.1581363035             2.8475330368            -1.5086377559
 O15            -1.0776007042             1.3090359378            -2.0706036107
 C6             -1.1249683133            -0.1143433822            -1.9876633615
 C7             -2.5159425883            -0.6706907700            -2.3299870158
 C8             -3.0553695451            -0.1143601826            -3.6671884703
 C9             -2.1574052011            -0.4051038905            -4.8512832250
 C10            -2.3148949801            -1.5759876728            -5.6145551804
 C11            -1.4531233428            -1.8605627893            -6.6825331505
 C12            -0.4164560489            -0.9741755975            -7.0046358120
 C13            -0.2488547928             0.1964208254            -6.2512588476
 C14            -1.1114617002             0.4784726622            -5.1847384696
 C5             -0.6860324799            -0.2853711475            -0.5184445098
 C1             -1.2781819938            -1.3072594412             0.3784550688
 C2             -0.6259599527            -2.1087179844             1.2561647362
 C3              0.8689618080            -2.1465892190             1.4430266003
 C4             -1.3973813128            -3.0268709576             2.1706680925
 H55            -3.2956545973             6.9396868616             0.0610277431
 H56            -1.6400056902             6.6915318537             0.6368445644
 H57            -3.0120377534             6.0473039080             1.5847247343
 H58            -1.9779366807             4.1264951925            -2.1847513446
 H59            -1.0356669226             5.5236849518            -1.6361062085
 H60            -2.6963106686             5.7670468286            -2.2084432496
 H54            -3.1455039015             3.7408999118             1.4099356753
 H52            -2.9394770043             2.4585515622            -1.3960645845
 H53            -3.4670311022             1.6789238234             0.1010480668
 H61             1.2356865375             1.3431825307             1.6824194729
 H62             1.4612287661             0.8100985974             4.0859195470
 H63            -0.5771050999             0.5932693237             5.5295057659
 H64            -2.8408527965             0.9118662306             4.5081410817
 H65            -3.0701930971             1.4214439836             2.1138715928
 H66            -0.1767274674             3.8855574765             1.4642791465
 H67             1.5509683709             5.6436402752             1.1774839789
 H68             3.0726645034             5.5968414371            -0.8088291420
 H69             2.8211936621             3.7908984768            -2.5200917253
 H70             0.9989955553             2.0854687742            -2.2746197278
 H42            -0.3872404125            -0.5599626160            -2.6859409398
 H43            -3.2355758536            -0.4025575330            -1.5327651087
 H44            -2.4676914605            -1.7751718309            -2.3616826938
 H45            -3.1657281649             0.9775830418            -3.5546619285
 H46            -4.0615270409            -0.5307354377            -3.8477315802
 H47            -3.1252138859            -2.2718872075            -5.3677568289
 H48            -1.5928322797            -2.7758883473            -7.2667672883
 H49             0.2572681033            -1.1945388748            -7.8387576978
 H50             0.5593044132             0.8938810839            -6.4952572599
 H51            -0.9705508264             1.3761083550            -4.5727674977
 H41             0.4177666056            -0.3067320800            -0.4728114559
 H34            -2.3728367916            -1.3856557591             0.3561987007
 H35             1.4191426004            -1.5398476477             0.7091756483
 H36             1.1371083756            -1.7752694720             2.4479542575
 H37             1.2419709216            -3.1846714752             1.3751497849
 H38            -2.4795855325            -2.9968759629             1.9697117665
 H39            -1.0541577843            -4.0737377504             2.0777208216
 H40            -1.2399353943            -2.7366458896             3.2264668276
&

