&gen
basis=6-31G**
igeopt=1
dftname=PBE-D3
ifreq=1
&
entry_name: J1_9819_2111.in
&zmat
C1         -1.6111743154        -1.0920848375         0.4631464171
C2         -1.3910983990        -2.4232103478         0.5008501316
C3         -0.2205905155        -3.0543525473        -0.2157972612
C4         -2.3376038418        -3.2889829501         1.2904461454
C5         -0.7400233770        -0.1287887009        -0.3191181234
C6         -1.1160669734         0.0983346377        -1.7667739527
C7         -2.3681981503        -0.6370997498        -2.2938265983
C8         -2.8071759139        -0.1322288455        -3.6764844867
C9         -1.7496862261        -0.3607532863        -4.7256705450
C10        -1.5621874697        -1.6404521774        -5.2738030910
C11        -0.5584258776        -1.8599150986        -6.2222529092
C12         0.2673550452        -0.8066653956        -6.6250033374
C13         0.0919110946         0.4677379407        -6.0787523384
C14        -0.9111640815         0.6919491381        -5.1309499587
O15        -1.3698881384         1.4748145334        -1.6434427329
P16        -1.0886786510         1.6167876007         0.0480394549
C17        -2.8765441686         2.0938296785         0.2407055553
C18        -3.0990793308         3.5766661986         0.4309792622
C19        -3.0987948610         4.5018598634        -0.5564637575
C20        -3.3753037256         5.9371502363        -0.1878713862
C21        -2.8372411967         4.1524954630        -2.0017178387
C22        -0.5970688587         1.5404061569         1.8326455813
C23         0.7025561933         1.0784117556         2.1449104525
C24         1.1461732795         0.9935880515         3.4662134606
C25         0.3113719593         1.3831323977         4.5097868739
C26        -0.9627876625         1.8717261846         4.2312498324
C27        -1.4139717754         1.9601634239         2.9105470483
C28         0.1656740983         2.9041062476        -0.2233920777
C29         0.1000495600         4.1439599865         0.4396665308
C30         1.0719777980         5.1217444339         0.2108545940
C31         2.1247946029         4.8702373663        -0.6711090957
C32         2.2121959343         3.6363102947        -1.3187856618
C33         1.2419772912         2.6558385175        -1.0932411333
H34        -2.4536293594        -0.6917908313         1.0196802539
H35        -0.2486534699        -2.8036303056        -1.2963421619
H36         0.7309015266        -2.6861099873         0.2216817156
H37        -0.2344974417        -4.1599851693        -0.1222832682
H38        -2.3419171468        -2.9674263746         2.3535830908
H39        -3.3643982621        -3.1935668479         0.8779221501
H40        -2.0447625430        -4.3587754603         1.2523694523
H41         0.3411715652        -0.3533372926        -0.2217799117
H42        -0.2400108541        -0.0733815442        -2.4292535876
H43        -3.2186830805        -0.4890855299        -1.5941488909
H44        -2.1627312253        -1.7271190351        -2.3500873927
H45        -3.0708072382         0.9464539124        -3.6155498170
H46        -3.7347409549        -0.6679544402        -3.9740446836
H47        -2.1904938767        -2.4662531892        -4.9636255767
H48        -0.4186139532        -2.8474077869        -6.6426601743
H49         1.0450636855        -0.9787406499        -7.3577900341
H50         0.7356061125         1.2813496739        -6.3871875531
H51        -1.0287872889         1.6819804458        -4.7075632986
H52        -3.4767835796         1.7560084820        -0.6287365282
H53        -3.3386326930         1.5275565854         1.0711203607
H54        -3.3448234896         3.9094775045         1.4350698435
H55        -3.3273761882         6.6069788249        -1.0714836268
H56        -2.6213602609         6.2860817069         0.5495349444
H57        -4.3880164527         6.0216345550         0.2601277906
H58        -3.4864607541         3.3146833227        -2.3288427561
H59        -1.7704197069         3.8888716792        -2.1390231829
H60        -3.0523146486         5.0128523041        -2.6686226823
H61         1.3950530895         0.8025992673         1.3623831848
H62         2.1443526166         0.6332501838         3.6792698840
H63         0.6566844829         1.3198299981         5.5336124708
H64        -1.6036860868         2.1920748882         5.0428334912
H65        -2.3933511997         2.3742915701         2.7788992522
H66        -0.6839929271         4.3515671808         1.1525992951
H67         1.0126786919         6.0727454575         0.7241873304
H68         2.8775957738         5.6279697664        -0.8457383841
H69         3.0338749232         3.4379801123        -1.9947519737
H70         1.3341035141         1.7038724269        -1.5982280568
&

