&gen
basis=6-31G**
igeopt=1
dftname=PBE-D3
ifreq=1
&
entry_name: J1_9948_2111.in
&zmat
C1         -1.5627429428        -2.9063418928         1.0830094691
C2         -0.1146998836        -3.0699618204         1.5234158007
S3          1.0140813653        -2.9122555752         0.0948847867
C4          1.4509921324        -1.1921859803         0.3925228288
O5          2.3251674749        -0.9433340504         1.2020128001
C6          0.7400521018        -0.0969570340        -0.3695966452
C7          1.1784996418         0.1282151299        -1.7986033272
C8          2.4230364310        -0.6288822245        -2.3490680590
O9          3.5822924858        -0.2210930331        -1.6345580481
C10         4.3968688147        -1.3197314805        -1.2730707591
C11         5.6355289064        -0.8015620221        -0.6036623872
C12         6.5146160747         0.0328399456        -1.3134321844
C13         7.6685866334         0.5263262590        -0.6975112066
C14         7.9531327752         0.1895649646         0.6286651675
C15         7.0835178034        -0.6406629030         1.3413287183
C16         5.9263750812        -1.1339158239         0.7303393177
C17         2.5895700953        -0.3327080231        -3.8737150999
C18         2.9307053272         1.1554366828        -4.1776360540
C19         3.6439465350         1.3616828524        -5.5302380165
C20         3.2284649740         0.3040879810        -6.5580445345
C21         3.5751895796        -1.1226342967        -6.0844087799
C22         3.6157079544        -1.2635164190        -4.5493696330
O23         1.4665675438         1.4922124631        -1.6459004508
P24         1.1301714839         1.6511813874         0.0355048296
C25         2.8697170230         2.1644937052         0.3381248820
C26         3.6161840332         1.6935560334         1.4401184959
C27         4.9412715167         2.0941298885         1.6302047184
C28         5.5509675412         2.9573868029         0.7210798586
C29         4.8314738765         3.4345814997        -0.3733703906
C30         3.5014357114         3.0498345262        -0.5603276672
C31         0.6290131874         1.7491693771         1.8074845644
C32        -0.2289112484         0.7954739605         2.3961568189
C33        -0.6266531765         0.9143862656         3.7307459095
C34        -0.2047960240         2.0009047907         4.4954259421
C35         0.6029304560         2.9811109010         3.9217812350
C36         1.0042602386         2.8667363253         2.5887351385
C37        -0.1073581146         2.9240734310        -0.3128826307
C38        -1.4388799857         2.5617046969        -0.5774250910
C39        -2.3956690543         3.5422682893        -0.8554383208
C40        -2.0321462963         4.8907116026        -0.8735596461
C41        -0.7108989816         5.2605553564        -0.6123250718
C42         0.2490231217         4.2831377918        -0.3343557526
H43        -2.2339827153        -3.0355371790         1.9578911899
H44        -1.8183057933        -3.6721217832         0.3203561675
H45        -1.7303023939        -1.8979371672         0.6549074918
H46         0.1286398486        -2.3373940138         2.3219339361
H47         0.0131822962        -4.0863894359         1.9513397814
H48        -0.3530261624        -0.2716471518        -0.3500908991
H49         0.3088363664         0.0049548422        -2.4824307169
H50         2.2043468608        -1.7177127741        -2.2460438302
H51         3.8547189069        -2.0089102153        -0.5930500399
H52         4.7077852528        -1.9120158765        -2.1564511931
H53         6.3022551382         0.3035335183        -2.3406800833
H54         8.3403373876         1.1727404377        -1.2471678879
H55         8.8452005395         0.5748235994         1.1050987803
H56         7.3026971545        -0.8968615118         2.3697149880
H57         5.2590991731        -1.7699679719         1.2984185730
H58         1.6102554378        -0.5574926525        -4.3557595292
H59         1.9862124508         1.7419795606        -4.1847161699
H60         3.5806689009         1.5822349126        -3.3838326488
H61         4.7451498096         1.3065066569        -5.3817695920
H62         3.4102034349         2.3748740562        -5.9229550215
H63         2.1322092678         0.3822927896        -6.7300864269
H64         3.7344172772         0.5074494854        -7.5265116178
H65         4.5657645871        -1.4176070224        -6.4944492023
H66         2.8229357915        -1.8284672930        -6.4993914102
H67         3.4191049931        -2.3236177268        -4.2780847326
H68         4.6380262203        -0.9970084529        -4.2040981153
H69         3.1750858831         1.0519713563         2.1862809915
H70         5.4966427070         1.7334471680         2.4862540804
H71         6.5802911187         3.2584805507         0.8665082317
H72         5.3035756508         4.1070456364        -1.0778106500
H73         2.9700759651         3.4448816867        -1.4160257149
H74        -0.6204653978        -0.0365620841         1.8406080993
H75        -1.2754542863         0.1667861840         4.1688896147
H76        -0.5178627564         2.0918628173         5.5274723751
H77         0.9132737597         3.8363016289         4.5081410725
H78         1.6118506287         3.6568784036         2.1690600497
H79        -1.7437282862         1.5254065354        -0.5646414444
H80        -3.4200247733         3.2562462150        -1.0562779262
H81        -2.7742666801         5.6487357733        -1.0881714047
H82        -0.4303683149         6.3058445626        -0.6229781960
H83         1.2617733559         4.5938151028        -0.1234300193
&

