&gen
basis=6-31G**
igeopt=1
dftname=PBE-D3
ifreq=1
&
entry_name: J1_10069_2111.in
&zmat
C1         -1.3325178652        -4.1890455728       -10.2389579193
O2         -2.2780085749        -3.3222541479        -9.6246324464
C3         -3.5865488024        -3.7198661784        -9.3356354872
O4         -3.9828604883        -4.8839382800        -9.6171904177
C5         -4.5147704922        -2.7632760771        -8.6526934479
C6         -4.6303776840        -3.0557720672        -7.1508215956
C7         -3.3315197436        -2.7292897092        -6.3940036022
C8         -3.3965999922        -3.1114143404        -4.9044388369
C9         -4.4617277493        -2.3570816910        -4.0835488038
C10        -4.3540702885        -0.8196809956        -4.1253477092
C11        -2.9942137691        -0.2525804899        -3.6805920337
C12        -2.6556327507        -0.5936636904        -2.2220889683
C13        -1.3777850400         0.1366029812        -1.7677317713
O14        -1.6295639362         1.5076465410        -1.6057542680
P15        -1.1866001069         1.6453876648         0.0528052257
C16        -2.8893253829         2.1534281563         0.4659512188
C17        -3.6199591912         1.5038677987         1.4799169308
C18        -4.9333089637         1.8873356612         1.7651777690
C19        -5.5365483579         2.9154744189         1.0386549698
C20        -4.8269449746         3.5620328700         0.0251102848
C21        -3.5128029204         3.1829734689        -0.2626148590
C22        -0.5975416141         1.7103945389         1.8005391110
C23        -0.9870608280         2.7749608465         2.6471308031
C24        -0.5171678870         2.8610151342         3.9597416900
C25         0.3722748784         1.9063645941         4.4484778230
C26         0.8059904794         0.8734701022         3.6192943771
C27         0.3397277832         0.7815328657         2.3045750977
C28         0.0702237141         2.8811908920        -0.3507224938
C29        -0.1958031115         4.2540278290        -0.2114196587
C30         0.7840346047         5.1985935859        -0.5308280369
C31         2.0342225507         4.7821552272        -0.9941370983
C32         2.3066462449         3.4197410033        -1.1378002674
C33         1.3297538541         2.4720271334        -0.8187010998
C34        -0.8990728891        -0.1081977691        -0.3549427542
C35        -1.7142551654        -1.0696970444         0.4732971226
O36        -1.1596455746        -1.9602785240         1.0963001872
H37        -1.7004479611        -4.5067359330       -11.2375426037
H38        -0.3713747412        -3.6496902702       -10.3644713981
H39        -1.1637026134        -5.0812259812        -9.5993867145
H40        -5.5213985151        -2.8503016466        -9.1159624937
H41        -4.1639799565        -1.7203973163        -8.8111478954
H42        -4.9042214395        -4.1228415826        -6.9967365491
H43        -5.4552856443        -2.4298143511        -6.7498967839
H44        -2.4936237810        -3.3024588232        -6.8457876000
H45        -3.0851823654        -1.6525687751        -6.5067622559
H46        -2.3971700624        -2.9477930673        -4.4484807707
H47        -3.6003607996        -4.2014483462        -4.8240214963
H48        -5.4728548798        -2.6506262827        -4.4364116460
H49        -4.4019618319        -2.6992147281        -3.0286118659
H50        -4.5737774680        -0.4621413656        -5.1535754085
H51        -5.1481552948        -0.3958961421        -3.4725628419
H52        -3.0398702688         0.8529888616        -3.7909020845
H53        -2.1870408903        -0.6128061730        -4.3527527743
H54        -2.4886213876        -1.6876511447        -2.1296225979
H55        -3.5101383073        -0.2981957317        -1.5746162976
H56        -0.5504011078        -0.0141621115        -2.4970016347
H57        -3.1699115231         0.7183414169         2.0707688930
H58        -5.4828926091         1.3881150706         2.5526811656
H59        -6.5540335694         3.2103970241         1.2603179603
H60        -5.2969590521         4.3551405890        -0.5418963598
H61        -2.9887498477         3.6863935302        -1.0643259839
H62        -1.6540530520         3.5502646962         2.2969381437
H63        -0.8374705721         3.6759581255         4.5960135683
H64         0.7384166924         1.9762306478         5.4646008064
H65         1.5163058610         0.1466472733         3.9920557472
H66         0.7404782739        -0.0115480647         1.6978121594
H67        -1.1509798944         4.5993693377         0.1558756849
H68         0.5743852973         6.2543118213        -0.4169936136
H69         2.7917568731         5.5147439769        -1.2408237218
H70         3.2754933828         3.0974404962        -1.4968257643
H71         1.5604166654         1.4227239509        -0.9372727627
H72         0.1776474490        -0.3759138135        -0.3700387065
H73        -2.7931140470        -0.9902397532         0.5248690499
&

