&zmat
 O8              0.4277765386             1.0682096822            -0.8911753444
 O1              3.3315187964            -0.2935958591             0.5585885170
 C2              2.5474583914             0.3437634345            -0.1247603127
 C7             -0.9305332757             0.7620348417            -1.2281714783
 C6             -1.7332256334             0.3055765677            -0.0049625235
 C5             -1.0501207193            -0.9026826196             0.6591425704
 C4              0.4253702772            -0.5806793717             0.9409744728
 C3              1.0960926683            -0.0659666472            -0.3426839659
 H9              2.8381439633             1.2881160846            -0.6590436070
 H10             1.1072787983            -0.8976682470            -1.0923440096
 H17            -1.3456610422             1.6841504902            -1.6663343417
 H18            -0.9523365225            -0.0302985091            -2.0108629279
 H15            -2.7662391895             0.0624660922            -0.3101797239
 H16            -1.7905450496             1.1436676046             0.7131176154
 H13            -1.5712634983            -1.1870335673             1.5889162812
 H14            -1.1107607608            -1.7752882671            -0.0200309838
 H11             0.9861690387            -1.4549256247             1.3096447953
 H12             0.5022755655             0.2075268150             1.7116370089
&

