&gen
basis=6-31G**
igeopt=1
dftname=PBE-D3
ifreq=1
&
entry_name: J1_10437_2111.in
&zmat
C1         -5.2267275801        -1.9737174838         3.0966954015
O2         -4.9407517277        -1.2432778961         1.9084165739
C3         -3.6498268592        -1.0248958073         1.4050189775
C4         -3.5108868452        -0.2800175277         0.2309500558
C5         -2.2467296075        -0.0265147341        -0.3078434358
C6         -1.0864556463        -0.5173807344         0.3214367975
C7          0.3261080216        -0.2294142145        -0.1723869256
C8          0.5321796108        -0.1538943680        -1.6682038536
C9          1.5425149122        -1.1576565434        -2.1839163236
C10         1.2900896961        -2.5290577338        -2.0250737246
C11         2.1987271035        -3.4786279792        -2.4994930356
C12         3.3748091536        -3.0755166658        -3.1564865010
N13         4.3156431327        -4.0498880771        -3.6434959616
O14         4.1056078240        -5.2709777065        -3.4889312727
O15         5.4654526930        -3.6514348108        -4.2862186994
C16         3.6159470343        -1.7029708817        -3.3356096379
C17         2.7057755560        -0.7536068365        -2.8630120411
O18         1.0346993625         1.1645364718        -1.6814999085
P19         0.9103136796         1.4847355437         0.0061267240
C20         2.7038988948         1.7859716578         0.0307978670
C21         3.6023385146         0.7017439544         0.0514181491
C22         4.9816793057         0.9204510210         0.0080267770
C23         5.4814122065         2.2206629591        -0.0768080630
C24         4.6011846053         3.3027547949        -0.1303863070
C25         3.2201827086         3.0881556496        -0.0892064353
C26         0.6580505451         1.5329698321         1.8392391093
C27         1.6836601187         1.2048453016         2.7556630868
C28         1.4407297306         1.1932720230         4.1324298657
C29         0.1694793970         1.4812872560         4.6252518532
C30        -0.8672387986         1.7711275421         3.7415112755
C31        -0.6309114716         1.7872629080         2.3654553112
C32        -0.1014038535         2.9920271776        -0.2965637020
C33        -1.0051125781         3.0641713639        -1.3768837292
C34        -1.7645527849         4.2161617308        -1.6006269887
C35        -1.6229844839         5.3235369063        -0.7650789268
C36        -0.7109273677         5.2862834379         0.2886870646
C37         0.0505769025         4.1373480815         0.5165806181
C38        -1.2344265767        -1.2749419391         1.4980829974
C39        -2.4986270705        -1.5255369896         2.0368251614
H40        -6.3239353058        -1.9871472768         3.2588140207
H41        -4.7439991014        -1.4860980088         3.9699262587
H42        -4.8690854499        -3.0203063555         2.9969341033
H43        -4.3902339671         0.1086618518        -0.2670774483
H44        -2.1967855668         0.5479214417        -1.2141169431
H45         1.0555282434        -0.9152524291         0.3109920504
H46        -0.3964240416        -0.2153993999        -2.2704830568
H47         0.3888178141        -2.8630246157        -1.5253076689
H48         1.9803420932        -4.5286076996        -2.3529527261
H49         4.5082799423        -1.3614050898        -3.8438929978
H50         2.9200083282         0.2949749206        -3.0243250360
H51         3.2429277526        -0.3146905488         0.1131761109
H52         5.6632012548         0.0801033644         0.0361530917
H53         6.5499244858         2.3890588150        -0.1128659042
H54         4.9889702695         4.3095444407        -0.2173117695
H55         2.5694900361         3.9423597001        -0.1774120615
H56         2.6754651066         0.9383624005         2.4363042658
H57         2.2405227830         0.9476350218         4.8192957243
H58        -0.0153897732         1.4654881636         5.6915361441
H59        -1.8602941298         1.9735161347         4.1214777872
H60        -1.4685763698         1.9848156641         1.7103062511
H61        -1.1135169116         2.2497733530        -2.0746379348
H62        -2.4568575746         4.2533710164        -2.4318708371
H63        -2.2107885248         6.2149334888        -0.9420488682
H64        -0.5905397912         6.1502544314         0.9294278809
H65         0.7544680296         4.1443876283         1.3384192512
H66        -0.3639241335        -1.6583307865         2.0162727731
H67        -2.5682144965        -2.1038962449         2.9478604926
&

