&gen
basis=6-31G**
igeopt=1
dftname=PBE-D3
ifreq=1
&
entry_name: J1_10292_2111.in
&zmat
C1         -1.1635145520        -0.3336342709         0.4432798258
C2         -2.3110816434         0.2276659460         0.0363288401
C3         -3.5969177737        -0.0631068601         0.7453228329
C4          0.2014775377        -0.0924856562        -0.1737622869
C5          0.2798624971        -0.0093436956        -1.6766861631
C6          1.1922313699        -1.0660767536        -2.3224209625
C7          0.6606473259        -2.5057463226        -2.1814406217
C8         -0.7404165652        -2.7434711353        -2.7788090778
C9         -0.8866583891        -2.3761380903        -4.2687909239
C10         0.0989150017        -3.0849957407        -5.2149557911
C11        -0.0855108347        -4.6120351318        -5.2315255114
C12         0.8440339926        -5.3160351963        -6.2368590178
C13         0.5226822636        -4.9948951242        -7.7005513478
O14        -0.8395205351        -5.2706677024        -7.9627153302
C15        -1.2673961662        -4.6016498433        -9.1354128916
C16        -2.5821880698        -5.2489623510        -9.6438541027
C17        -3.5550760086        -4.1818261042       -10.1464857011
C18        -3.8178200739        -3.1341976858        -9.0549726941
C19        -2.5780567632        -2.9194940532        -8.1700110297
O20        -1.3945155423        -3.2025389068        -8.8910164445
O21         0.8893417775         1.2599685871        -1.7223823380
P22         0.8766421849         1.5838995058        -0.0297882586
C23         2.6964690592         1.8101742593        -0.0312626822
C24         0.6976325391         1.6245929625         1.8047005475
C25         1.6336584639         0.9700277405         2.6352702379
C26         1.4606189407         0.9340689192         4.0217152597
C27         0.3323164780         1.5114567857         4.6028289439
C28        -0.6375305547         2.1051443231         3.7962432768
C29        -0.4694550005         2.1448387201         2.4097670195
C30         0.0418401304         3.1826403371        -0.3076772044
C31         0.5067343834         4.3325465672         0.3600215053
C32        -0.1016239858         5.5731589680         0.1507807519
C33        -1.1619374582         5.6893629581        -0.7490297404
C34        -1.6031777898         4.5680829278        -1.4533681370
C35        -0.9981710692         3.3249311806        -1.2458009177
H36        -1.1952407688        -1.0179536331         1.2870698202
H37        -2.3411959906         0.8909345123        -0.8115048630
H38        -4.4273991968         0.4894775690         0.2582449489
H39        -3.8157091685        -1.1510216100         0.7030482808
H40        -3.5244771317         0.2597847874         1.8055379984
H41         0.9391016157        -0.8068943352         0.2532120876
H42        -0.7056872332         0.0382963055        -2.1834624525
H43         2.2009559580        -1.0164944373        -1.8562906670
H44         1.3288226110        -0.8188009261        -3.3960110530
H45         0.6289702140        -2.7778317224        -1.1048164424
H46         1.3857377947        -3.2024431298        -2.6525802041
H47        -1.4891496786        -2.1652676913        -2.1967684288
H48        -1.0110885100        -3.8105071984        -2.6343531702
H49        -1.9241353343        -2.6165941980        -4.5886167125
H50        -0.7710997055        -1.2782052706        -4.3897023855
H51         1.1459842813        -2.8301342362        -4.9484375506
H52        -0.0867065833        -2.6806199312        -6.2312730676
H53         0.1516093744        -5.0171457514        -4.2253736339
H54        -1.1451420666        -4.8647009217        -5.4523653597
H55         1.9004854586        -5.0425449459        -6.0239546599
H56         0.7494733781        -6.4141194600        -6.0902476377
H57         0.7979562867        -3.9353957211        -7.9046787859
H58         1.1574883347        -5.6385618143        -8.3484776618
H59        -0.5186602821        -4.7314846247        -9.9524616554
H60        -3.0740752117        -5.8145524396        -8.8211873226
H61        -2.3633881952        -5.9704330113       -10.4610736933
H62        -4.5121797640        -4.6553348577       -10.4546717008
H63        -3.1151857252        -3.6845199277       -11.0391364587
H64        -4.6664208093        -3.4628846177        -8.4162279454
H65        -4.1070481873        -2.1754634999        -9.5379164789
H66        -2.5472460324        -1.8613025718        -7.8348453813
H67        -2.6439633617        -3.5432129055        -7.2489222051
H68         3.0324135835         2.4384262363         0.8194565280
H69         3.1991068731         0.8216106454         0.0022823564
H70         3.0100979856         2.3294569592        -0.9608342453
H71         2.4923535956         0.4630800616         2.2196263894
H72         2.1958001229         0.4417090616         4.6451676657
H73         0.1974235428         1.4765885678         5.6761492676
H74        -1.5307768453         2.5211862597         4.2441007975
H75        -1.2696587364         2.5636704934         1.8154718837
H76         1.3333382053         4.2680861473         1.0555072588
H77         0.2530082675         6.4459149800         0.6836715070
H78        -1.6300521608         6.6512662898        -0.9134135203
H79        -2.4053102297         4.6648391164        -2.1736412224
H80        -1.3206649633         2.4949328814        -1.8526577824
&

