&gen
basis=6-31G**
igeopt=1
dftname=PBE-D3
ifreq=1
&
entry_name: J1_2720_2111.in
&zmat
N1          1.5557995018         1.1221684555         3.7044828677
C2          0.8181819769         0.5530139680         3.0181521314
C3         -0.0994741240        -0.1565905515         2.1623267427
C4         -1.0752625510        -1.1140193148         2.7766231406
P5          0.0111567269         0.0166537647         0.5352160050
C6         -0.6641188568         1.6115650031         0.0074366509
C7         -0.7509722922         2.6994052969         0.8929151784
C8         -1.2552455342         3.9278246075         0.4543513841
C9         -1.6684324266         4.0839347660        -0.8706881651
C10        -1.5749017463         3.0121926580        -1.7609996333
C11        -1.0717805830         1.7828124961        -1.3263229848
C12         1.7493290185        -0.1023484635         0.0507902270
C13         2.2613304728         0.6868804282        -0.9919156375
C14         3.6002918911         0.5649093258        -1.3762233553
C15         4.4344311203        -0.3514701864        -0.7311535654
C16         3.9295335960        -1.1509853062         0.2969182712
C17         2.5917510853        -1.0315288796         0.6841503935
C18        -0.9385958010        -1.2825954904        -0.2890148715
C19        -0.3040601299        -2.4247429739        -0.8038249859
C20        -1.0562774712        -3.4336485339        -1.4134315697
C21        -2.4453138798        -3.3145865386        -1.5051753999
C22        -3.0850686499        -2.1875223018        -0.9837684878
C23        -2.3363495943        -1.1770681768        -0.3737410936
H24        -2.1114782157        -0.8158236910         2.5140171175
H25        -0.8802398408        -2.1438295342         2.4101861628
H26        -0.9855027096        -1.1165950418         3.8839504522
H27        -0.4376305954         2.6095287484         1.9214585001
H28        -1.3240719969         4.7603268300         1.1426520754
H29        -2.0572949144         5.0359412728        -1.2081551024
H30        -1.8887253632         3.1347726349        -2.7895405087
H31        -0.9942147567         0.9665145398        -2.0331418031
H32         1.6352539347         1.3978474342        -1.5107167163
H33         3.9906702553         1.1795203587        -2.1770769173
H34         5.4700715495        -0.4454200659        -1.0312058176
H35         4.5736016013        -1.8667566662         0.7911306913
H36         2.2120900581        -1.6686928319         1.4727466825
H37         0.7677874005        -2.5427710597        -0.7389324911
H38        -0.5619461653        -4.3098923507        -1.8125842426
H39        -3.0258343939        -4.0971128916        -1.9763946694
H40        -4.1616788708        -2.0981173827        -1.0492943135
H41        -2.8468087264        -0.3136943555         0.0337976577
&

