&gen
basis=6-31G**
igeopt=1
dftname=PBE-D3
ifreq=1
&
entry_name: J1_10247_2111.in
&zmat
C1          0.6597290144        -2.7678768069         1.1970997770
C2          1.9674796595        -2.2228151548         0.6221989618
C3          2.1014000064        -0.7004354164         0.7986402544
C4          1.2846132722         0.0990157746        -0.2504319190
C5          1.9624476949         0.4304848118        -1.5814856689
C6          1.0953901394         0.0508680061        -2.7993722486
C7          3.4128215613        -0.0462309127        -1.7589126782
C8          3.6927066741        -1.3416137208        -2.2399109431
C9          5.0092093553        -1.7916980733        -2.3653176977
C10         6.0804419051        -0.9645165849        -2.0204597437
O11         7.3832138431        -1.4654717113        -2.1604523201
C12         8.5635085866        -0.7344400368        -1.8443067417
C13         5.8171683252         0.3330893919        -1.5503832345
C14         4.5012441880         0.7853938156        -1.4250867956
O15         1.9069821415         1.8284724003        -1.4176257218
P16         1.1432523338         1.8856383805         0.1283356650
C17         2.6033550513         2.7421992547         0.8151787951
C18         3.2708425595         2.2535644999         1.9554477017
C19         4.4071699041         2.9019494777         2.4468216781
C20         4.8984123969         4.0390900712         1.8041290115
C21         4.2547968101         4.5290034332         0.6670015367
C22         3.1174590070         3.8847992564         0.1725801432
C23         0.2383775695         1.8580490231         1.7385506516
C24        -0.6180336198         0.7909187283         2.0905580523
C25        -1.3339480980         0.8091478153         3.2907184811
C26        -1.2427190742         1.9052872503         4.1464677759
C27        -0.4504480558         2.9959551212         3.7941272131
C28         0.2686475142         2.9830761614         2.5965924161
C29        -0.2583401033         2.8326651470        -0.5223457821
C30        -1.3780612426         2.1633165673        -1.0456424455
C31        -2.4672326447         2.8852246836        -1.5416804896
C32        -2.4556027191         4.2810172361        -1.5085723632
C33        -1.3586923741         4.9561471759        -0.9693535216
C34        -0.2669692920         4.2375608127        -0.4732274259
H35        -0.2121443081        -2.3752111381         0.6349002393
H36         0.5607264060        -2.4951280599         2.2693334718
H37         0.6542353058        -3.8751227355         1.1146315333
H38         2.8114386999        -2.7163124379         1.1509878205
H39         2.0289093944        -2.5047207868        -0.4459005219
H40         1.7560620568        -0.4510139960         1.8207985369
H41         3.1739831259        -0.4200505578         0.7697750242
H42         0.2870570572        -0.3508682606        -0.4188960422
H43         0.1475453847         0.6252244252        -2.8072545658
H44         0.8381137609        -1.0288205864        -2.7810367021
H45         1.6341623939         0.2818229591        -3.7431947823
H46         2.8963489909        -2.0141537195        -2.5244084497
H47         5.1979361783        -2.7922807253        -2.7334376046
H48         9.4492387048        -1.3705118475        -2.0473599191
H49         8.6283162260         0.1773211533        -2.4749467673
H50         8.5640075900        -0.4566230903        -0.7690865615
H51         6.6223670089         1.0021369349        -1.2789946577
H52         4.3467668620         1.7900535199        -1.0683903686
H53         2.9055323870         1.3886357974         2.4861642146
H54         4.9062896380         2.5226722667         3.3291289092
H55         5.7799714779         4.5382536726         2.1849687559
H56         4.6432344739         5.4034858408         0.1612468531
H57         2.6616175292         4.2615580985        -0.7328187780
H58        -0.7612198738        -0.0590045723         1.4475505212
H59        -1.9728035427        -0.0251391594         3.5506714996
H60        -1.8024351614         1.9182719071         5.0727357230
H61        -0.4020662284         3.8600640964         4.4441540784
H62         0.8385225903         3.8654309816         2.3403244752
H63        -1.4204316834         1.0838315346        -1.0590954427
H64        -3.3237947538         2.3614837532        -1.9459414522
H65        -3.3009754226         4.8389058117        -1.8900144807
H66        -1.3577277978         6.0376910135        -0.9274771921
H67         0.5502167707         4.7838104561        -0.0288877234
&

