&gen
basis=6-31G**
igeopt=1
dftname=PBE-D3
ifreq=1
&
entry_name: J1_10234_2111.in
&zmat
C1         -0.0877417944        -3.9149906131       -12.7683613509
C2         -0.1755623967        -4.1973943327       -11.2979129219
C3         -1.4010781354        -4.0727441713       -10.6258142380
C4         -1.4904074753        -4.3703995431        -9.2629114716
C5         -0.3608825396        -4.8108300086        -8.5609703894
S6         -0.4846139902        -5.1587243124        -6.8368059326
O7         -1.6988390538        -6.0204664057        -6.6274726298
O8          0.7348025099        -5.9074376367        -6.3759464707
N9         -0.6383969497        -3.6831235845        -5.9206921832
C10        -0.2243860015        -2.4530530302        -6.5318892048
C11        -0.5918604887        -1.2787059561        -6.0244148205
C12        -1.5410611372        -1.1785198976        -4.8654240649
C13        -1.5884019555        -2.4332925579        -4.0117060820
C14        -2.1332681706        -2.4096997444        -2.6975176734
C15        -2.6055997920        -1.1257101823        -2.0450227811
C16        -1.4179686938        -0.3226896465        -1.4551762867
O17        -1.6633934587         1.0619048342        -1.5288614127
P18        -1.2232072539         1.4720997078         0.0840622135
C19        -2.8178528776         2.3470168048         0.3575444086
C20        -4.0212586545         1.8306651183        -0.1642028652
C21        -5.2336915794         2.4968420357         0.0350179438
C22        -5.2682481474         3.6897725003         0.7564848920
C23        -4.0896675857         4.2185466145         1.2814843645
C24        -2.8748933064         3.5568398069         1.0842936005
C25        -0.6700508521         1.6479279865         1.8440156058
C26        -1.5866700414         1.4684660103         2.9069227113
C27        -1.1770167323         1.5637598978         4.2388839395
C28         0.1592136923         1.8124510406         4.5440085718
C29         1.0909187065         1.9497135808         3.5170846285
C30         0.6875797272         1.8558426080         2.1820832260
C31         0.0999744431         2.5066438574        -0.6362435370
C32         1.2514025808         1.9118268808        -1.1901786735
C33         2.2519160227         2.6959698683        -1.7707762767
C34         2.1072250924         4.0816155477        -1.8332680308
C35         0.9531659118         4.6825086380        -1.3306855428
C36        -0.0500063972         3.9014900198        -0.7490563491
C37        -1.1363819897        -0.3598244977         0.0438181115
C38        -2.1807462517        -1.0465973428         0.9438307731
C39         0.2098132666        -0.8835365598         0.3445106873
N40         1.2632386595        -1.2989048906         0.5840852106
C41        -2.2104546303        -3.6050973169        -1.9663380803
C42        -1.7580366013        -4.8027584994        -2.5109548222
C43        -1.2365210162        -4.8350233278        -3.8006887103
C44        -1.1703300524        -3.6632685718        -4.5758066029
C45         0.8616616110        -4.9483472364        -9.2330243382
C46         0.9519197788        -4.6511487175       -10.5962573355
H47         0.9288462950        -3.5579072087       -13.0387261911
H48        -0.3086657260        -4.8428221747       -13.3361141039
H49        -0.8163543777        -3.1289905913       -13.0605798843
H50        -2.2860701712        -3.7424881086       -11.1556319319
H51        -2.4391897763        -4.2562169207        -8.7538393496
H52         0.3984709789        -2.4675101562        -7.4170313629
H53        -0.2763423534        -0.3684763902        -6.5191771996
H54        -2.5588459154        -0.9765305944        -5.2608159254
H55        -1.2247385430        -0.3047134050        -4.2618098334
H56        -3.1204100685        -0.5048385969        -2.8086299534
H57        -3.3947664786        -1.3409502027        -1.2991069002
H58        -0.4946967889        -0.5295756745        -2.0438398743
H59        -4.0355502294         0.9147839001        -0.7323993363
H60        -6.1485602193         2.0866614316        -0.3728773226
H61        -6.2085211653         4.2032156605         0.9103838666
H62        -4.1168333736         5.1409654609         1.8470884168
H63        -1.9842767981         3.9822779642         1.5267000410
H64        -2.6268146778         1.2440689945         2.7137859526
H65        -1.8975264628         1.4346656097         5.0362230966
H66         0.4758706173         1.8821514982         5.5766309466
H67         2.1333819786         2.1178186543         3.7553470118
H68         1.4576591859         1.9271903127         1.4324215471
H69         1.3872460761         0.8438846035        -1.1802637322
H70         3.1374373999         2.2266947203        -2.1796788306
H71         2.8810108761         4.6877656408        -2.2863214414
H72         0.8285094621         5.7552605227        -1.4037559731
H73        -0.9439446500         4.3996048036        -0.4204867686
H74        -2.2679645221        -2.1178567446         0.6812747510
H75        -3.1783646397        -0.5731958809         0.8713797699
H76        -1.8624669721        -1.0157708341         2.0057357764
H77        -2.6317167775        -3.6186857728        -0.9715562646
H78        -1.8133749141        -5.7139006758        -1.9290130567
H79        -0.8767552012        -5.7807943634        -4.1781777255
H80         1.7452717263        -5.2830919117        -8.7055073094
H81         1.9012554994        -4.7717246315       -11.1034589047
&

