&gen
basis=6-31G**
igeopt=1
dftname=PBE-D3
ifreq=1
&
entry_name: J1_9840_2111.in
&zmat
C1          0.8217487541        -4.1886972936         2.4024228341
C2          1.7975569911        -3.1174391033         1.9439210196
O3          1.1194326851        -2.1781022608         1.1173748820
C4          1.7581242871        -1.0682730676         0.5592411519
O5          2.9896480743        -0.8809255733         0.7553660213
C6          0.9402166627        -0.1054309177        -0.2661569897
C7          1.3883923574         0.1389555046        -1.6914425651
C8          2.5080522217        -0.7593799828        -2.2801928179
O9          2.0885925042        -2.1056020703        -2.2472559498
C10         1.6106262302        -2.4353527675        -3.5343806166
O11         2.2733817905        -3.5669396997        -4.0051958128
C12         2.6913749947        -3.2630292361        -5.3189279937
C13         4.1728199075        -3.6222367589        -5.4602687167
C14         1.8570229110        -4.0780943154        -6.3125298771
O15         2.5321725813        -1.8915456936        -5.6050855744
C16         1.9108922983        -1.3290441400        -4.4919722632
C17         2.8524987218        -0.4305987370        -3.7311855796
O18         2.6149373462         0.9341100285        -4.0496010950
C19         3.7033954112         1.5007320210        -4.7538267872
C20         3.7742077719         0.9725605863        -6.1641552059
C21         2.7406895092         1.2540828503        -7.0718725214
C22         2.7713336346         0.7158426703        -8.3620557378
C23         3.8304030700        -0.1085787211        -8.7522426094
C24         4.8617799931        -0.3944559632        -7.8535437113
C25         4.8360819758         0.1433561539        -6.5632332652
O26         1.8040471090         1.4713346039        -1.4914020856
P27         1.2150792943         1.6511933372         0.1177343320
C28         2.7988293743         2.3746383830         0.7002289077
C29         4.0364171567         1.9009056242         0.2241838703
C30         5.2369836994         2.4638223068         0.6663999459
C31         5.2231106775         3.5135472510         1.5848331127
C32         4.0075142618         4.0056963218         2.0592936224
C33         2.8051336941         3.4463771674         1.6191019285
C34         0.5173855138         1.5319194887         1.8289040308
C35         1.3128634071         1.0111100247         2.8767473057
C36         0.8022273895         0.8601457649         4.1677478695
C37        -0.5184465129         1.2063803683         4.4422898622
C38        -1.3332526405         1.6942801507         3.4228886524
C39        -0.8292902203         1.8463329412         2.1276657002
C40         0.0195411057         2.8621265026        -0.5234426273
C41         0.3054694687         4.2386429342        -0.5173472592
C42        -0.5992773298         5.1528730532        -1.0655935051
C43        -1.7851649889         4.7028298116        -1.6487385165
C44        -2.0622611845         3.3357114730        -1.6970627554
C45        -1.1603821228         2.4185082432        -1.1508100670
H46         0.3991205801        -4.7183083734         1.5224306808
H47         1.3474406057        -4.9233329316         3.0480792242
H48        -0.0050058728        -3.7252898459         2.9814901503
H49         2.2179888988        -2.5991063550         2.8331867858
H50         2.6241337722        -3.5924351835         1.3721417557
H51        -0.1397621758        -0.3620873304        -0.2161881187
H52         0.5046763352         0.1307523399        -2.3684589586
H53         3.4326927761        -0.6638871949        -1.6799179605
H54         0.5179817730        -2.6375693950        -3.4883527096
H55         4.7751119312        -3.0349733410        -4.7349097246
H56         4.3324822044        -4.7029092620        -5.2572130613
H57         4.5328592759        -3.3889519014        -6.4854756400
H58         2.1753395522        -3.8624258752        -7.3551906729
H59         0.7830426490        -3.8129809950        -6.2106843158
H60         1.9719740877        -5.1657268641        -6.1163520336
H61         0.9813569310        -0.7963066135        -4.7942160166
H62         3.9064229949        -0.7644373398        -3.9038642193
H63         4.6618109950         1.3580781157        -4.2033121077
H64         3.5458546497         2.5987733570        -4.8026060168
H65         1.9076762240         1.8793653291        -6.7751652854
H66         1.9708503005         0.9328395247        -9.0573891763
H67         3.8502947425        -0.5281758439        -9.7496767249
H68         5.6780050091        -1.0383341395        -8.1544597960
H69         5.6338435314        -0.0996011310        -5.8725107558
H70         4.0873988926         1.1038886809        -0.4963331324
H71         6.1801765629         2.0870048057         0.2922269091
H72         6.1539669183         3.9480119373         1.9256463321
H73         3.9956571694         4.8223218698         2.7695408660
H74         1.8782422984         3.8471371416         2.0081742273
H75         2.3390111609         0.7197488308         2.7037870761
H76         1.4324965539         0.4683297708         4.9556637997
H77        -0.9137917307         1.0869923128         5.4427332800
H78        -2.3643702086         1.9475918358         3.6338213903
H79        -1.5179086478         2.1998366496         1.3813762436
H80         1.2324349274         4.6163068424        -0.1186439771
H81        -0.3737844774         6.2113997024        -1.0500276819
H82        -2.4826093460         5.4123031563        -2.0749098010
H83        -2.9748068867         2.9853823699        -2.1617810962
H84        -1.3950166812         1.3648917906        -1.2035269124
&

