&gen
basis=6-31G**
igeopt=1
dftname=PBE-D3
ifreq=1
&
entry_name: J1_10556_2111.in
&zmat
C1          2.6263240861        -0.7968184255         1.1246127531
C2          1.7048999283        -0.1890701397         0.0519280330
C3          2.3131217568         0.1717323647        -1.3095957428
C4          1.4532418794        -0.4490866402        -2.4414391439
C5          3.8673301140        -0.0787692059        -1.5222421345
C6          4.2804379828        -0.2195411501        -3.0198802684
C7          5.8032044484        -0.1194061888        -3.2731171916
C8          6.6250979978        -0.3930419921        -2.0118022479
C9          6.2571208245         0.5822718977        -0.8793095154
C10         4.7756864166         1.0116107071        -0.8990284644
O11         2.0301934388         1.5486332416        -1.2172391145
P12         1.2303787689         1.5573920089         0.3171364258
C13         2.4906999145         2.6808771922         1.0160265296
C14         3.1134480043         2.3979555148         2.2492717063
C15         4.1068344100         3.2408737900         2.7543765739
C16         4.5032634791         4.3673698159         2.0323161682
C17         3.9103261681         4.6499513534         0.8009004176
C18         2.9148028150         3.8113339915         0.2921532930
C19         0.2805939052         1.4678934283         1.9002217627
C20         0.0207100463         2.6502395685         2.6336991106
C21        -0.7389009838         2.6206360079         3.8053354344
C22        -1.2863461764         1.4204501988         4.2534507562
C23        -1.0919465279         0.2522673853         3.5186396656
C24        -0.3328891699         0.2751325390         2.3448708700
C25        -0.2884437323         2.2096125158        -0.4260385792
C26        -1.3211958746         1.3338257687        -0.8036245570
C27        -2.4973847819         1.8293486412        -1.3731463811
C28        -2.6592748090         3.2035239990        -1.5605790222
C29        -1.6489875807         4.0842756822        -1.1684628284
C30        -0.4707605191         3.5921613503        -0.5990727621
H31         3.5375087199        -0.2111442031         1.3152098076
H32         2.0901202808        -0.8907511668         2.0885888912
H33         2.9219638846        -1.8211345570         0.8166051239
H34         0.8125081093        -0.8373619539        -0.0626949305
H35         1.6606840453        -1.5368435559        -2.5265462096
H36         0.3695411005        -0.3216598920        -2.2527021942
H37         1.6428297187         0.0446761851        -3.4151867779
H38         4.1122147064        -1.0516014861        -1.0456160746
H39         3.9236519547        -1.1996093983        -3.4050191936
H40         3.7988373310         0.5833220017        -3.6186372891
H41         6.0510281686         0.9012230345        -3.6407251551
H42         6.0980691267        -0.8375954546        -4.0687094862
H43         7.7079432789        -0.3003071190        -2.2445168057
H44         6.4431299692        -1.4389068008        -1.6799160043
H45         6.4875812521         0.0959448639         0.0938293472
H46         6.8928964172         1.4915027454        -0.9534191636
H47         4.6767663741         1.9483881263        -1.4917639198
H48         4.4895954431         1.2662221352         0.1298730352
H49         2.8288215147         1.5296004675         2.8274916373
H50         4.5724744452         3.0176360926         3.7055377692
H51         5.2755873016         5.0170001414         2.4232602562
H52         4.2294733436         5.5149511350         0.2340554913
H53         2.5005523452         4.0334047636        -0.6815419798
H54         0.3974137777         3.6064308036         2.2959526516
H55        -0.9128436862         3.5337215772         4.3599002786
H56        -1.8786155295         1.3992714914         5.1591054238
H57        -1.5431635066        -0.6736966289         3.8514630645
H58        -0.2582550551        -0.6464564804         1.7950903792
H59        -1.2283269245         0.2693186114        -0.6405264786
H60        -3.2867392203         1.1477187342        -1.6624713566
H61        -3.5717319004         3.5865532411        -1.9988703785
H62        -1.7819448306         5.1505432155        -1.2983941156
H63         0.2785236044         4.2965940861        -0.2748201526
&

