&zmat
 C13             5.3760910911            -0.3511805277             1.2061562931
 O12             4.0874450951            -0.8526798594             0.8807272090
 C11             3.8470141393            -0.8255968785            -0.5151681649
 O10             2.5151240655            -1.1731687556            -0.7544737569
 C9              1.5764741583            -0.2093796691            -0.2502675203
 C8              0.2112803106            -0.6490575459            -0.7880200673
 O14             0.2685799639            -0.7492458191            -2.2047815059
 C7             -0.8806772999             0.3630363637            -0.4544174045
 O6             -2.1350441576            -0.1373469255            -0.8949197907
 C4             -3.1468320121             0.6166409128            -0.2114678579
 C5             -4.2858891693            -0.3324525014             0.1331218918
 C15            -3.5808107418             1.8306115875            -1.0350530566
 O3             -2.5213196079             1.1124204430             1.0101496752
 C2             -1.1850237463             0.6499338286             1.0488404668
 C1             -1.0216733941            -0.5852410851             1.9406343345
 O16            -1.9288250976            -1.3318122092             2.2637504711
 H28             6.1877480013            -0.9656110019             0.7640332725
 H29             5.4656971322            -0.3856290349             2.3015427271
 H30             5.5131033261             0.6973728744             0.8666941449
 H26             4.4631571128            -1.5800736323            -1.0474823442
 H27             4.0801833914             0.1921538254            -0.9199467520
 H24             1.6120901406            -0.1849521453             0.8532226294
 H25             1.8280432409             0.8010785019            -0.6373405654
 H23            -0.0607405715            -1.6248509282            -0.3275619421
 H31             1.1008533951            -1.2325516132            -2.3811048512
 H22            -0.6324785290             1.3237271367            -0.9555626376
 H19            -3.9018766359            -1.1206509656             0.7946502357
 H20            -4.6951456501            -0.7785081060            -0.7864594581
 H21            -5.0887653245             0.2151630715             0.6495237007
 H32            -2.7080081858             2.4433572211            -1.3079244849
 H33            -4.2730354199             2.4548971415            -0.4495264167
 H34            -4.0877848894             1.5033839520            -1.9557226868
 H18            -0.5294445232             1.4502874275             1.4458501576
 H17             0.0308313681            -0.7615846245             2.3003222957
&

