&gen
basis=6-31G**
igeopt=1
dftname=PBE-D3
ifreq=1
&
entry_name: J1_1514_2111.in
&zmat
O1          1.9577268482        -2.4165816455         4.4987216536
C2          2.4170351009        -2.1980341094         3.1903737388
C3          2.6835825523        -0.7119248517         2.9361642549
C4          2.1771250914        -0.3944740256         1.5229922954
O5          3.2453933540         0.1083990291         0.7348381953
C6          2.7768395242         1.0220243660        -0.2428976531
O7          2.4116826193         2.2571176542         0.3688173568
C8          3.5406338527         3.0798718341         0.5815386043
C9          4.0834334418         3.6092188750        -0.7565199367
C10         3.8533742494         2.6044894086        -1.8958273960
C11         3.8426631797         1.1743725505        -1.3575954278
C12         1.6626323173        -1.7297194269         0.9538829503
C13         0.4926446397        -1.5558076411         0.0099687297
C14        -0.6693475680        -0.9878619406         0.3772476748
C15        -1.7525438614        -0.6689343759        -0.6275605590
O16        -1.1867211585         0.0457837792        -1.7169067388
C17        -1.3070932559         1.4463753603        -1.5439535693
O18        -0.6191055922         1.8555444147        -0.3696175576
C19        -0.8195314878         3.2375464971        -0.1391333711
C20        -0.1863016050         4.0742912146        -1.2568311669
C21        -0.7531319424         3.6532841257        -2.6137670328
C22        -0.6888303319         2.1322379440        -2.7713035009
C23        -2.4094791359        -1.9545273440        -1.1679386243
C24        -3.2485938694        -2.7029107355        -0.1071400585
C25        -4.7642269161        -2.4871918965        -0.2556163329
C26        -5.1928940192        -1.0425296061         0.0343992027
C27        -6.7130600715        -0.9111553152         0.0444256657
C28         1.3532089999        -2.6080353266         2.1735651691
C29         1.4085866020        -4.1208066177         1.8716884524
C30         0.2585709550        -4.5608852397         1.0154977173
O31        -0.8815398635        -4.5316426820         1.4502382777
H32         2.7430545565        -2.3022632909         5.0951439028
H33         3.3567984452        -2.7730099346         3.0085850072
H34         2.1366323308        -0.0879302443         3.6783278446
H35         3.7698296826        -0.4961475184         3.0418650512
H36         1.3452248199         0.3422713638         1.6369753013
H37         1.8685560444         0.6268359995        -0.7501408288
H38         4.3349469066         2.5281403001         1.1353770031
H39         3.2415414340         3.9390193959         1.2181535236
H40         5.1710068398         3.8131167579        -0.6491666663
H41         3.5810348418         4.5672883233        -1.0131562793
H42         2.8763410429         2.8122744377        -2.3850423200
H43         4.6492918419         2.7143487042        -2.6636437497
H44         4.8532681149         0.9383944534        -0.9558423922
H45         3.6353233394         0.4617950204        -2.1856292249
H46         2.4934518790        -2.2018454778         0.3803465773
H47         0.6364899714        -1.8528187915        -1.0251234344
H48        -0.8161540851        -0.6643151905         1.4033446232
H49        -2.5428634130        -0.0832501400        -0.1035794045
H50        -2.3903782552         1.7180746288        -1.4957183898
H51        -1.9026887028         3.4751348435        -0.0332896017
H52        -0.3325992499         3.5061748662         0.8218374084
H53        -0.3931224069         5.1519386827        -1.0824641939
H54         0.9143818608         3.9255655996        -1.2514883521
H55        -0.1741501825         4.1391566462        -3.4283358549
H56        -1.8107149294         3.9889082405        -2.6928795961
H57        -1.2382934028         1.8311726314        -3.6894092469
H58         0.3725912021         1.8158501297        -2.8776928764
H59        -3.0427692969        -1.6968344350        -2.0450854947
H60        -1.6193735768        -2.6362588459        -1.5523651695
H61        -2.9314734518        -2.4383289510         0.9251116504
H62        -3.0588604583        -3.7922283127        -0.2239526072
H63        -5.2768889417        -3.1668400592         0.4602147980
H64        -5.0848691191        -2.7764775451        -1.2805774270
H65        -4.7984103372        -0.7223178292         1.0232900124
H66        -4.7901581134        -0.3656194175        -0.7488074974
H67        -7.1326574314        -1.2131914179        -0.9388689111
H68        -7.1508849650        -1.5484607479         0.8420281040
H69        -6.9934775709         0.1451163095         0.2411101904
H70         0.3535523843        -2.3492580165         2.5917308569
H71         1.3736797149        -4.6926308742         2.8243929423
H72         2.3621648515        -4.3769458757         1.3607985345
H73         0.4388931366        -4.9211386918         0.0080662247
&

