&zmat
 C27            -5.5397749507            -1.4231377123             1.9720169676
 C26            -4.2939964361            -1.8134672305             1.1681090945
 C25            -4.6377983084            -2.3886305577            -0.2177427482
 C24            -3.4485914243            -2.9644814342            -1.0170199205
 C23            -2.6397047073            -1.9658077481            -1.8653780037
 C15            -1.9001163049            -0.8335930253            -1.1264888137
 C14            -0.9585330456            -1.3123495295            -0.0455085451
 C13             0.3800176299            -1.2947843990            -0.1597512919
 C12             1.3863441336            -1.5519565243             0.9267588827
 C4              1.9268576897            -0.2007134106             1.5308489835
 O5              3.0996485462             0.2467307937             0.8293321499
 C6              2.8533373686             1.2789688620            -0.1184535174
 C11             4.1255296885             1.3895635081            -0.9754532376
 C10             4.3368288933             2.8397420920            -1.4316511580
 C9              4.4946021261             3.7688291713            -0.2041612260
 C8              3.6906237801             3.2044422478             0.9876014329
 O7              2.5181910386             2.5191549585             0.5189295601
 C3              2.2629622596            -0.5114544550             3.0105200959
 C2              2.0554830654            -2.0301136417             3.1870941829
 O1              1.6194552340            -2.4357750361             4.4833299373
 C28             0.9628374883            -2.3708480783             2.1603713051
 C29             0.8129562323            -3.8960090765             1.9606645587
 C30            -0.3804103677            -4.2489947679             1.0997102719
 O31            -1.5150450025            -4.3763332543             1.5451513497
 O16            -1.1976913422            -0.0910252705            -2.1524338497
 C17            -1.2120583250             1.2963456324            -1.9876730784
 C22            -0.5725088013             1.9399852255            -3.2170752712
 C21            -0.5072413885             3.4674297133            -3.0384578691
 C20             0.1516500181             3.8287396823            -1.6970510510
 C19            -0.5081234961             3.0553591615            -0.5520746682
 O18            -0.4831213673             1.6408170547            -0.7993136071
 H67            -6.1333221733            -0.6563139514             1.4441029187
 H68            -6.1973701232            -2.2946989351             2.1342707184
 H69            -5.2740729628            -1.0166101669             2.9617542210
 H65            -3.7060980916            -2.5647279367             1.7280511261
 H66            -3.6428244806            -0.9260878349             1.0689438350
 H63            -5.3756968495            -3.1989836260            -0.0653690555
 H64            -5.1616089850            -1.6205205260            -0.8217636208
 H61            -2.7864856204            -3.5158525004            -0.3251818139
 H62            -3.8392200061            -3.7215613060            -1.7207719109
 H59            -3.3045268309            -1.4872963463            -2.6085792637
 H60            -1.8718603039            -2.5166787084            -2.4388193810
 H49            -2.6465479680            -0.1581456193            -0.6568892195
 H48            -1.4412241794            -1.6619615483             0.8738005631
 H47             0.7929302017            -0.9277054174            -1.1068223305
 H46             2.2791000357            -2.0408334497             0.4868242065
 H36             1.1473200998             0.5764455037             1.4628152430
 H37             1.9498921646             1.0605841041            -0.7160795071
 H44             4.9810955662             1.0508847079            -0.3635199789
 H45             4.0514398809             0.6957903876            -1.8285745536
 H42             3.4645261432             3.1574325287            -2.0300351059
 H43             5.2140636082             2.9160841204            -2.0948810888
 H40             5.5573774377             3.8502164665             0.0868423412
 H41             4.1518846660             4.7866626006            -0.4551489078
 H38             4.3059039978             2.5072877840             1.5894583063
 H39             3.3347907845             4.0004272633             1.6604366269
 H34             1.5611897435             0.0076290294             3.6850478443
 H35             3.2835009604            -0.1737803115             3.2514826798
 H33             2.9841690095            -2.5716297248             2.8985384111
 H32             2.3724747127            -2.3222514389             5.0902458035
 H70             0.0103491540            -1.9811054993             2.5700872567
 H71             0.6726499818            -4.3473952353             2.9574072256
 H72             1.7385479031            -4.2936878298             1.5046492740
 H73            -0.1804364272            -4.3628769033             0.0021092883
 H50            -2.2640582572             1.6638946662            -1.8585629519
 H57            -1.1447175042             1.6590063768            -4.1170171346
 H58             0.4419104094             1.5138443314            -3.3171826364
 H55             0.0322407364             3.9301091801            -3.8823343200
 H56            -1.5353881874             3.8782992790            -3.0608966596
 H53             0.0838206949             4.9138395600            -1.5021497491
 H54             1.2242254232             3.5657946462            -1.7064716877
 H51            -1.5596035085             3.3944494632            -0.4121718053
 H52             0.0420115186             3.1967614076             0.3900837902
&

