&zmat
 C1              2.3207556914             1.2540420708             0.1609119971
 C2              2.3149484065            -0.1117942261            -0.5093326546
 O12             2.9360225960            -0.3386269590            -1.5408112283
 C3              1.5860558379            -1.2599908963             0.2198343296
 C4              2.4825365472            -1.8010994221             1.3356623991
 O5              0.3499888326            -0.8577676999             0.8303277306
 C6             -0.7220158517            -0.7325930386            -0.0953877659
 C11            -2.0112458527            -0.5898430340             0.7245986923
 C10            -3.0766437769             0.1344159402            -0.1102875428
 C9             -2.5908031119             1.5577310493            -0.4767958956
 C8             -1.0497831519             1.5907077240            -0.5174219835
 O7             -0.5296926514             0.3447043272            -1.0131673631
 H13             3.3622572013             1.5405067927             0.3798392202
 H14             1.9214033831             1.9976479441            -0.5457272520
 H15             1.7229662352             1.2708617165             1.0828837053
 H16             1.4031921060            -2.0467382114            -0.5394430828
 H17             1.9809586723            -2.6386757701             1.8443148247
 H18             2.6876744238            -1.0176074024             2.0829461231
 H19             3.4389064467            -2.1529328367             0.9194756721
 H20            -0.7492850901            -1.6288289231            -0.7489394053
 H27            -2.3457747019            -1.5880803506             1.0485504940
 H28            -1.7784343990            -0.0196831364             1.6417648680
 H25            -3.2574329651            -0.4442807901            -1.0331218916
 H26            -4.0364244919             0.1729177540             0.4296518159
 H23            -3.0090482659             1.8618185418            -1.4503124565
 H24            -2.9405148046             2.2943453471             0.2684897200
 H21            -0.6343668046             1.8009752647             0.4873837558
 H22            -0.6712235916             2.3671598765            -1.2004956920
&

