&zmat
 C2             -1.8661202669            -2.0049674998             1.4893531731
 C1             -2.2180206855            -1.0505117808             0.6079914296
 C3             -1.2580519152            -0.1675716845            -0.1155656981
 C4             -1.6009862420             0.2101082732            -1.5847470080
 C5             -2.4649067312            -0.7432190065            -2.4225208409
 C6             -2.8578313617            -0.0800533138            -3.7637925554
 C7             -1.6740078207             0.0273286395            -4.7417517702
 C8             -1.0193213576            -1.3444774508            -4.9802106097
 C9             -0.5891586299            -1.9995213533            -3.6557536119
 C10            -1.7690896329            -2.1011528966            -2.6703218778
 O11            -2.2771447980             1.4488496566            -1.3366046104
 P12            -1.5027305781             1.6797975227             0.3064479231
 C13            -3.0450453530             2.4831392287             0.9372154384
 C14            -0.6178279723             1.6680000907             1.9958985501
 C15            -0.9896711380             1.0114328156             3.1765103600
 C16            -0.1855295176             1.1206444894             4.3240710957
 C17             0.9881583874             1.8892387458             4.2953689947
 C18             1.3679088933             2.5564178779             3.1236513767
 C19             0.5647888538             2.4456154631             1.9761054848
 C20             0.8060695355             3.0910207402             0.6698016582
 C21             1.8817285063             3.9241982466             0.3195020508
 C22             1.9561097063             4.4550045799            -0.9754005963
 C23             0.9693183336             4.1630280111            -1.9308034979
 C24            -0.1072675118             3.3290103321            -1.5943714352
 C25            -0.1848201593             2.8044070972            -0.2996916036
 H27            -2.6147945451            -2.6125556689             2.0054760932
 H28            -0.8157338535            -2.2041253877             1.7262459632
 H26            -3.2831803775            -0.8772039026             0.4046534993
 H29            -0.2161091943            -0.4768865639             0.0771237264
 H30            -0.6382025098             0.3920530559            -2.1121869700
 H31            -3.3949483770            -0.9205743702            -1.8511915603
 H32            -3.6539471794            -0.6886289757            -4.2346366620
 H33            -3.2868173426             0.9145997455            -3.5575269962
 H34            -2.0158338567             0.4612782645            -5.6982465254
 H35            -0.9186137945             0.7301157100            -4.3403837089
 H36            -1.7482379227            -2.0066511462            -5.4883898445
 H37            -0.1549825003            -1.2493604504            -5.6614649620
 H38            -0.1712001374            -3.0048055002            -3.8426216356
 H39             0.2297117536            -1.4068584804            -3.2052037996
 H40            -2.5186224399            -2.7997135845            -3.0894692469
 H41            -1.4404780012            -2.5396850258            -1.7109785698
 H42            -3.6387296979             1.7148332185             1.4592627284
 H43            -3.6243844193             2.8719903598             0.0902623099
 H44            -2.7878154910             3.2716421675             1.6591853803
 H45            -1.9013477575             0.4068140883             3.2097406039
 H46            -0.4765875062             0.6056542338             5.2453699026
 H47             1.6083337397             1.9719231086             5.1932859484
 H48             2.2806450018             3.1613457655             3.1105582335
 H49             2.6614149288             4.1589682190             1.0502575363
 H50             2.7968553813             5.1024591956            -1.2441741208
 H51             1.0427982509             4.5829439418            -2.9384898499
 H52            -0.8927056236             3.0694665504            -2.3102695483
&

