&gen
basis=6-31G**
igeopt=1
dftname=PBE-D3
ifreq=1
&
entry_name: J1_10092_2111.in
&zmat
C1         -1.7852521769        -1.0129114334         0.5595301485
C2         -1.2612109344        -2.0860091937         1.1573809658
C3         -0.9274051520        -0.0667391865        -0.2479357314
C4         -1.3519819174         0.1577663253        -1.6903357302
C5         -2.4856821644        -0.7240980742        -2.2892258102
C6         -3.0480449145        -0.1265491834        -3.6006274186
C7         -2.0687086817        -0.2581758331        -4.7748201571
C8         -1.6648606445        -1.7196787233        -4.9899118524
C9         -1.0664004304        -2.3210503795        -3.7146803912
C10        -2.0309433169        -2.1846067866        -2.5268359902
O11        -1.7802479423         1.4856848010        -1.5150672243
P12        -1.2790849357         1.6718343285         0.1168977561
C13        -2.9266449530         2.2842768137         0.6323664445
C14        -0.6596836486         1.6976601319         1.8319176896
C15        -1.2305803717         1.0041649666         2.9123765253
C16        -0.6506136428         1.1037609902         4.1836026695
C17         0.4838438042         1.9025471283         4.3816530904
C18         1.0365535050         2.6159119672         3.3119520417
C19         0.4492621473         2.5045171191         2.0450793283
C20         0.8379622759         3.2119598868         0.8422298964
C21         1.8817241558         4.1371792404         0.7130228209
C22         2.0854838480         4.7627649134        -0.5221209820
C23         1.2478320048         4.4689067754        -1.6067853712
C24         0.2052963790         3.5435479960        -1.4644163544
C25         0.0075509040         2.9071275938        -0.2277163676
H26        -2.8487291644        -0.8258701510         0.6681991346
H27        -1.8968956610        -2.7491313938         1.7347423141
H28        -0.2024568574        -2.3120417340         1.0773324030
H29         0.1622885077        -0.2763447675        -0.1645328654
H30        -0.4567487563         0.1598007207        -2.3479432126
H31        -3.3356274324        -0.7396280252        -1.5744775553
H32        -3.9908270532        -0.6563789669        -3.8624284822
H33        -3.3126428671         0.9433249699        -3.4597673167
H34        -2.5559421402         0.1227095071        -5.6981104658
H35        -1.1651655875         0.3625487528        -4.5936455896
H36        -2.5549074744        -2.3111113168        -5.2986782021
H37        -0.9158316614        -1.7765738502        -5.8087900745
H38        -0.8558213688        -3.3984268675        -3.8877304430
H39        -0.0982939675        -1.8281836274        -3.4830645035
H40        -2.9284309471        -2.8120213576        -2.7224162926
H41        -1.5412777181        -2.5973254339        -1.6220372975
H42        -3.5271779734         1.4577859132         1.0620220624
H43        -3.4764835309         2.7019937590        -0.2365031697
H44        -2.8265142715         3.0972972091         1.3821924550
H45        -2.1206018546         0.4054435589         2.7860478916
H46        -1.0845241460         0.5674886792         5.0175607942
H47         0.9251135508         1.9787576357         5.3669647111
H48         1.8988920374         3.2466586331         3.4785014266
H49         2.5254716091         4.3788773250         1.5475277252
H50         2.8876306032         5.4800209773        -0.6382762170
H51         1.4062038879         4.9602015293        -2.5581028696
H52        -0.4305346048         3.3381895169        -2.3140058529
&

