&gen
basis=6-31G**
igeopt=1
dftname=PBE-D3
ifreq=1
&
entry_name: J1_10161_2111.in
&zmat
C1          1.3414131311        -4.1454794022         1.5079661752
C2          2.3251080553        -3.4782312390         0.5544800105
O3          1.7047852317        -2.3919758009        -0.1295578885
C4          1.4911663373        -1.1344696723         0.4476198459
O5          1.7721423461        -0.9547133574         1.6625533665
C6          0.7294465019        -0.0713535399        -0.3309061153
C7         -0.8058356825        -0.3929197005        -0.3665326878
C8         -1.3567154138        -1.2072621061         0.8232106301
C9         -2.8502285534        -1.3682995627         0.7093448722
C10        -3.3894561731        -2.3593948551        -0.1287687666
C11        -4.7748365067        -2.4909978494        -0.2643652531
C12        -5.6310334233        -1.6313933100         0.4289240330
C13        -5.1029021973        -0.6376177730         1.2573223715
C14        -3.7180702333        -0.5028112269         1.3955819916
C15         1.2463860076         0.1994184504        -1.7564704589
C16         2.3865262561        -0.6628223727        -2.3687512138
O17         3.5303093725        -0.6564007204        -1.5123520189
C18         4.5274832727        -1.6386434213        -1.5486558307
C19         5.7168628626        -1.5047744628        -0.6614663332
O20         4.4188373365        -2.6432726533        -2.3032750366
C21         2.8154026358        -0.2051230654        -3.7973342789
C22         1.6680548595        -0.1145006509        -4.8352167080
C23         0.8126739920        -1.3965174249        -4.9943792148
C24        -0.3315963230        -1.1366122364        -5.9824915414
C25         1.6488924664        -2.5944095940        -5.4691193489
N26         3.5103676552         1.0871902172        -3.7329063093
C27         4.9362413662         1.2083646216        -3.6631827411
O28         5.6700183062         0.2126397440        -3.9067515824
O29         5.4944864107         2.4510481757        -3.3296808015
C30         6.8937510645         2.7694656066        -3.2888609289
C31         7.5205844074         2.6129411941        -4.6868754725
C32         7.6302507880         1.8843907898        -2.2643577929
C33         7.0124714285         4.2373146123        -2.8518346691
O34         1.6644402674         1.5200486366        -1.5394410744
P35         1.1642533096         1.6912695774         0.0948097849
C36         2.8794701362         2.2389311283         0.4245027169
C37         3.2432109496         3.5812232039         0.1991477030
C38         4.5567040760         4.0122683123         0.4028608916
C39         5.5361061286         3.1059570180         0.8049547885
C40         5.2084231555         1.7618210290         0.9753543913
C41         3.8975398319         1.3262033248         0.7632590171
C42         0.5705989769         1.7035811470         1.8566506155
C43        -0.8106294080         1.8308417154         2.1393212016
C44        -1.2836878729         1.8748809217         3.4530011765
C45        -0.3952768415         1.7837479297         4.5201394486
C46         0.9688158696         1.6533584043         4.2749498387
C47         1.4501562395         1.6172168656         2.9632212651
C48         0.0428126111         3.0736243341        -0.3626533597
C49        -0.8005893776         2.9856138313        -1.4884276068
C50        -1.6515175251         4.0411279196        -1.8282104432
C51        -1.6731826982         5.2020697978        -1.0550604682
C52        -0.8420951447         5.3109225044         0.0596890462
C53         0.0104729137         4.2589485191         0.4035798712
H54         1.0210425053        -3.4335186518         2.2967702921
H55         1.8258447594        -5.0192089640         1.9922398422
H56         0.4484693782        -4.4941516075         0.9472671274
H57         2.6554332662        -4.2252117976        -0.1975143617
H58         3.2232012081        -3.1262600983         1.1072460588
H59        -1.0188482911        -1.0042594858        -1.2719545908
H60        -1.3973910839         0.5348356979        -0.4774106470
H61        -0.8987990473        -2.2190588161         0.8289347889
H62        -1.0923754082        -0.7353070038         1.7892857703
H63        -2.7366152369        -3.0268725500        -0.6778259796
H64        -5.1845232757        -3.2575376724        -0.9093662422
H65        -6.7032279523        -1.7336160361         0.3222616878
H66        -5.7667878952         0.0299771012         1.7912314085
H67        -3.3265012222         0.2725319216         2.0383728588
H68         0.4054721472         0.2198586334        -2.4769498083
H69         2.0040732488        -1.7013273864        -2.4489148685
H70         6.4724351294        -2.2832218147        -0.8991441343
H71         6.1744930230        -0.5053432811        -0.8075409745
H72         5.4028770739        -1.6143381396         0.3970677796
H73         3.5247466554        -0.9647394321        -4.1872179418
H74         2.1184220596         0.1361317798        -5.8215868674
H75         1.0062865861         0.7405371714        -4.5778877728
H76         0.3441398449        -1.6583051101        -4.0223137057
H77        -0.9648380636        -0.2968850181        -5.6241734524
H78        -0.9769052435        -2.0367680991        -6.0705058111
H79         0.0679185261        -0.8818149462        -6.9878058404
H80         2.3721902051        -2.9023603363        -4.6863502810
H81         0.9917840165        -3.4674269227        -5.6698452256
H82         2.2023718964        -2.3430061114        -6.3991651658
H83         2.9481431451         1.9623399177        -3.6369632877
H84         7.5152171688         1.5530435723        -5.0140455972
H85         6.9513267607         3.2098657510        -5.4312798586
H86         8.5757450762         2.9622899558        -4.6835660823
H87         7.6792612020         0.8281542780        -2.5977569256
H88         8.6743977194         2.2374727080        -2.1219892194
H89         7.1104899524         1.9174902524        -1.2853684949
H90         6.4729061475         4.8967358642        -3.5653064445
H91         8.0763702810         4.5568215027        -2.8099737273
H92         6.5621482248         4.3774737015        -1.8461784711
H93         2.5307937039         4.3007653910        -0.1683956899
H94         4.8180385545         5.0488909687         0.2335555378
H95         6.5537042531         3.4403039347         0.9601896240
H96         5.9736602370         1.0535215591         1.2650771320
H97         3.6905015944         0.2813770776         0.8920198648
H98        -1.5376396478         1.9066178141         1.3447965749
H99        -2.3438854110         1.9807470642         3.6429882791
H100        -0.7636607800         1.8146420241         5.5373614396
H101         1.6594040583         1.5802418053         5.1053865954
H102         2.5116806396         1.5060870005         2.8496282474
H103        -0.8098049040         2.1077595858        -2.1139589651
H104        -2.2949799584         3.9582996365        -2.6946269304
H105        -2.3334342929         6.0175849500        -1.3203826768
H106        -0.8589200888         6.2112052072         0.6602089197
H107         0.6383618906         4.3674307305         1.2785595382
&

