&gen
basis=6-31G**
igeopt=1
dftname=PBE-D3
ifreq=1
&
entry_name: J1_10307_2111.in
&zmat
C1          2.4489201761        -0.1448175709         3.9113029707
C2          3.1798274035        -0.1000446997         2.5693863740
C3          2.4116094730        -0.7764631558         1.4152317062
C4          1.7272326692         0.0632125413         0.2775981501
C5          2.4343468042         0.3461962497        -1.0668412384
C6          1.6389276634        -0.2672841676        -2.2645966595
C7          2.4845956204        -1.4279566963        -2.8134713488
C8          3.7461332488        -1.4559320100        -1.9468443912
C9          5.0348399896        -2.0410605977        -2.5835436319
C10         4.8567774627        -3.5439837714        -2.9303243017
C11         5.2606350163        -4.4575261097        -1.7743322964
C12         6.7105379514        -4.2341505440        -1.4658248621
C13         7.5569886961        -5.3153793337        -1.1775033832
C14         8.9164588063        -5.1078389353        -0.9203133651
O15         9.7200465065        -6.2240235867        -0.6439386140
C16        11.1148544826        -6.1611368535        -0.3647048772
C17         9.4285091150        -3.7977288602        -0.9468171820
C18         8.5860707624        -2.7171349719        -1.2191649880
C19         7.2226876179        -2.9244340270        -1.4839749159
C20         6.2968525295        -1.7356375421        -1.6767329116
C21         5.9188615671        -1.1784426881        -0.2771361305
C22         5.0387360635         0.0857458821        -0.3623787557
C23         3.9206410915        -0.0077990818        -1.4442847249
C24         4.3773807173         0.9357569715        -2.6161198560
O25         2.2424000125         1.7359287089        -1.0149318766
P26         1.2835563230         1.8552308887         0.4182657595
C27         2.4434799303         3.1209395987         1.1130823585
C28         3.0847444070         4.0355063476         0.2459627371
C29         3.9595504642         5.0075284270         0.7382873599
C30         4.2058930495         5.1008216896         2.1062302475
C31         3.5701535456         4.2275599291         2.9858010872
C32         2.6942731627         3.2539206296         2.4992815263
C33         0.1129497712         1.8702257421         1.8490121908
C34        -0.5422439029         0.7026336152         2.3026696748
C35        -1.4886803067         0.7617801826         3.3300361683
C36        -1.8383250683         1.9865408847         3.8947898936
C37        -1.2605371306         3.1599198694         3.4162152469
C38        -0.3147544885         3.1069052514         2.3901891194
C39        -0.1047422908         2.4668123676        -0.5766237197
C40        -0.1916253612         3.8269730043        -0.9195451836
C41        -1.2557991803         4.2942815780        -1.6961971268
C42        -2.2435237754         3.4105635446        -2.1359702223
C43        -2.1717942648         2.0586412815        -1.7941026458
C44        -1.1099493980         1.5874332052        -1.0170820634
H45         3.0991124369         0.2913550334         4.6987101998
H46         1.5139417896         0.4401336168         3.8801366435
H47         2.2156270165        -1.1940504449         4.1911742410
H48         3.4690037751         0.9235018430         2.3197407155
H49         4.1352527137        -0.6506460257         2.7186860602
H50         3.0906813530        -1.5076619265         0.9466565158
H51         1.6382253005        -1.4383181365         1.8622079235
H52         0.7889840722        -0.4829807372         0.0738337793
H53         0.6199474130        -0.6311583660        -2.0204175733
H54         1.5012230950         0.4981835514        -3.0595626606
H55         2.7355589567        -1.2548088675        -3.8826629602
H56         1.9279216435        -2.3870238240        -2.7292213482
H57         3.4969166204        -2.1094436224        -1.0858511529
H58         5.1877754009        -1.5271247522        -3.5583902552
H59         5.4926343345        -3.7883209446        -3.8109943229
H60         3.8125205151        -3.7712570958        -3.2299006850
H61         4.6488364472        -4.2400348113        -0.8731252869
H62         5.0791652013        -5.5133536082        -2.0720393822
H63         7.1628164311        -6.3242093308        -1.1590459396
H64        11.2949231528        -5.5504893000         0.5451930097
H65        11.4951642229        -7.1874434176        -0.1846939727
H66        11.6583842240        -5.7271813189        -1.2304373726
H67        10.4733147599        -3.6024524561        -0.7477608568
H68         8.9944718764        -1.7140504797        -1.2104855144
H69         6.8848768692        -0.9435051809        -2.1918805304
H70         5.3892518754        -1.9613615246         0.3075727397
H71         6.8419989892        -0.9250857680         0.2895499255
H72         4.6417336333         0.3284569084         0.6150033465
H73         5.7203248274         0.9436443122        -0.5597318311
H74         4.3785880372         1.9954962575        -2.2820543524
H75         5.4114298590         0.7121337487        -2.9474438804
H76         3.7319138394         0.8719684382        -3.5138122566
H77         2.9076162628         4.0174817988        -0.8204985877
H78         4.4430334930         5.6944169262         0.0555965531
H79         4.8827572635         5.8554627555         2.4854339082
H80         3.7525914735         4.3064169880         4.0498135624
H81         2.2170487376         2.6105136130         3.2209161958
H82        -0.3508218507        -0.2655302971         1.8808892909
H83        -1.9629492551        -0.1463267512         3.6795543204
H84        -2.5749173758         2.0283093008         4.6866767993
H85        -1.5564151694         4.1153351444         3.8298777070
H86         0.0784130945         4.0411611944         2.0120891826
H87         0.5497219990         4.5333645885        -0.5781106779
H88        -1.3162620616         5.3436205398        -1.9544259845
H89        -3.0673104176         3.7743430053        -2.7363178394
H90        -2.9420831856         1.3754251904        -2.1276997056
H91        -1.0872324548         0.5415786464        -0.7489006341
&

