&gen
basis=6-31G**
igeopt=1
dftname=PBE-D3
ifreq=1
&
entry_name: J1_10254_2111.in
&zmat
C1         -2.3354366177         0.5026983983        -0.3158337273
C2         -1.3415698626        -0.2323704255         0.2130331029
C3         -1.6914233731        -1.2548618797         1.2609607738
C4          0.1107591245        -0.0982614141        -0.2351326821
C5          0.3038242603        -0.0499533765        -1.7302258791
C6          1.3043366126        -1.0844401589        -2.2682922389
C7          0.7051827136        -2.4958731797        -2.2651402493
C8          1.7073223719        -3.4944654987        -2.7773973177
C9          2.6171538116        -4.1002462961        -1.8946135508
C10         3.5708387848        -5.0024432914        -2.3762333370
C11         3.6291632721        -5.2980428695        -3.7410294079
C12         2.7365586912        -4.6886007655        -4.6272294316
C13         1.7813317197        -3.7856765189        -4.1498294096
O14         0.8689980586         1.2344842565        -1.7639961853
P15         0.8414438297         1.5617006898        -0.0682147043
C16         2.6866507387         1.7514940499        -0.0839057615
C17         3.1591502667         3.1422652412         0.3618183948
C18         4.6795759213         3.2766164717         0.2158001910
C19         5.1570731551         4.6547211995         0.6646460954
C20         0.6572677318         1.6871461785         1.7950420547
C21         1.5020069107         0.7055966789         2.6360415514
C22         1.1198051299         0.7353194274         4.1258791337
C23        -0.1828562699        -0.0064774835         4.4235091021
C24        -0.1584280318         3.1256755084        -0.2269444407
C25        -0.2866521813         3.6665265094        -1.6624450462
C26        -0.9741989623         5.0396991662        -1.7165459819
C27        -2.4630362391         4.9685685713        -1.3771970484
H28        -3.3597891922         0.3738527895         0.0210398634
H29        -2.1525678820         1.2306950230        -1.0965631686
H30        -2.3836793298        -2.0095278001         0.8314748535
H31        -0.7895301567        -1.7827711797         1.6340216708
H32        -2.1864042272        -0.7580564373         2.1214560712
H33         0.7663931775        -0.8601982699         0.2326634189
H34        -0.6370383458        -0.0663087753        -2.3219250100
H35         2.2378199100        -1.0644993630        -1.6622353208
H36         1.5714350592        -0.8066357610        -3.3114510991
H37        -0.2071814010        -2.5158641943        -2.9010362406
H38         0.3932959472        -2.7771679573        -1.2357137625
H39         2.5885091971        -3.8719465674        -0.8362163470
H40         4.2670682405        -5.4696892627        -1.6918301697
H41         4.3687837959        -5.9955383262        -4.1123887195
H42         2.7871643692        -4.9130946151        -5.6848258420
H43         1.1017656395        -3.3128768451        -4.8480976249
H44         3.1670404927         0.9536510575         0.5132673568
H45         3.0710756245         1.5888986541        -1.1141190724
H46         2.8947610764         3.3171068496         1.4235068717
H47         2.6668386574         3.9164764767        -0.2651547800
H48         4.9707427764         3.1254044235        -0.8466088344
H49         5.1847717971         2.5020784659         0.8333362252
H50         6.2588967655         4.7233563999         0.5454840871
H51         4.6827987687         5.4472368235         0.0473169928
H52         4.9044458514         4.8215660715         1.7334961228
H53         0.8854503841         2.7111130728         2.1538737672
H54        -0.4130541816         1.5280170149         2.0331777185
H55         1.4250661092        -0.3326943891         2.2608709714
H56         2.5665418474         1.0097262135         2.5891412383
H57         1.9321167169         0.2459622699         4.7064390972
H58         1.0414765332         1.7853796749         4.4827796929
H59        -0.3381610010        -0.0495790425         5.5220638654
H60        -0.1361185215        -1.0458679607         4.0356172384
H61        -1.0504381609         0.5195799879         3.9765590047
H62        -1.1685472894         2.9528546732         0.1940324677
H63         0.3170827961         3.9250723399         0.3794604622
H64         0.7316747849         3.7807263820        -2.0939604707
H65        -0.8552772410         2.9519837563        -2.2957996035
H66        -0.8715429560         5.4420549287        -2.7476823974
H67        -0.4679994692         5.7506327710        -1.0279578812
H68        -2.6112186179         4.7080259489        -0.3089087814
H69        -2.9727619358         4.2163312384        -2.0160957463
H70        -2.9299094742         5.9596551457        -1.5578809942
&

