&gen
basis=6-31G**
igeopt=1
dftname=PBE-D3
ifreq=1
&
entry_name: J1_10108_2111.in
&zmat
C1         -4.8579261236         5.4136985195        -0.5506812185
C2         -4.5791447476         4.0107990514        -0.0192725070
C3         -3.1130994795         3.6184347467        -0.2342374349
C4         -2.8381418612         2.2088265843         0.3056025535
P5         -1.1033567453         1.6656966520        -0.0434521182
C6         -0.6394585463         1.5871733212         1.7685148355
C7         -0.6359297901         2.9296683471         2.5390971560
C8         -0.6642957857         2.7250381036         4.0625147879
C9         -2.0646676511         2.3997304087         4.5846831458
C10         0.2007931076         2.9687036519        -0.3562715427
C11         0.6352507568         3.2073493641        -1.8181794351
C12         1.6723500579         2.1845140858        -2.3172632409
C13         3.1011639436         2.5746478875        -1.9391287675
O14        -1.5147155145         1.4596553656        -1.7037030386
C15        -1.2034765840         0.0925182679        -1.8141391440
C16        -2.4329966532        -0.6938521860        -2.3075617943
C17        -2.0916983831        -2.1607530220        -2.6004245998
C18        -3.3356035015        -2.9305864023        -2.9511119673
C19        -4.1082625922        -3.5228826279        -1.9380390799
C20        -5.2836115563        -4.2087386306        -2.2593344490
C21        -5.7001848824        -4.2992832708        -3.5904252840
C22        -4.9442610126        -3.7002150884        -4.6020631289
C23        -3.7681675166        -3.0131595814        -4.2850938497
C24        -0.7496642849        -0.0848337284        -0.3776005673
C25        -1.5271317171        -1.0590182623         0.4762176929
O26        -2.7212235652        -0.8243229247         0.8109008130
O27        -0.8974151350        -2.2373546502         0.8898872540
C28        -1.5023127382        -3.1794171237         1.7726172055
C29        -1.5015350618        -2.6506706276         3.2026991395
H30        -4.2261843079         6.1591089500        -0.0221254224
H31        -4.6486433539         5.4620558124        -1.6406124240
H32        -5.9251790424         5.6696775038        -0.3822596454
H33        -5.2418890702         3.2892793015        -0.5451255432
H34        -4.8190144783         3.9833678683         1.0661848827
H35        -2.4657910235         4.3545299628         0.2851083347
H36        -2.8821486733         3.6540565074        -1.3210954261
H37        -3.0927883818         2.1652320585         1.3848531759
H38        -3.5315967266         1.4998804432        -0.1949267297
H39         0.3690422513         1.1287941111         1.8622001188
H40        -1.3332068066         0.8867130123         2.2726459456
H41        -1.4813896666         3.5804646659         2.2444253708
H42         0.2983254756         3.4808123700         2.3033686700
H43         0.0428593805         1.9190212046         4.3567032106
H44        -0.3250603214         3.6638588282         4.5520683680
H45        -2.4204522508         1.4236341756         4.1964270078
H46        -2.7824496052         3.1945971850         4.2899048977
H47        -2.0398310804         2.3422231797         5.6932263262
H48         1.1123875761         2.7394318258         0.2335815461
H49        -0.1904787568         3.9359103460         0.0183983427
H50        -0.2375949425         3.2431088921        -2.5005767187
H51         1.0781988010         4.2256011317        -1.8865668319
H52         1.4645359269         1.1782904363        -1.9059224788
H53         1.6092119200         2.1196837305        -3.4249556487
H54         3.8080637035         1.8122099854        -2.3289704642
H55         3.3646143880         3.5578623954        -2.3837327313
H56         3.2160372091         2.6281301664        -0.8365857638
H57        -0.3610125532        -0.0409697490        -2.5259033472
H58        -2.7848287660        -0.2250321043        -3.2527160536
H59        -3.2723286850        -0.6174740319        -1.5863130081
H60        -1.6021021731        -2.6329565062        -1.7236148038
H61        -1.3647493553        -2.2115775684        -3.4406762302
H62        -3.8014966591        -3.4505590316        -0.9018616007
H63        -5.8734894582        -4.6667889788        -1.4759516911
H64        -6.6109519940        -4.8293398824        -3.8373790853
H65        -5.2716486706        -3.7650415975        -5.6316670604
H66        -3.1965897119        -2.5449168603        -5.0768967347
H67         0.3424975023        -0.2799660633        -0.3158376018
H68        -0.9163213225        -4.1218362046         1.7394971450
H69        -2.5400402728        -3.4065813826         1.4450290199
H70        -0.4629445048        -2.4179414886         3.5196489603
H71        -2.1181876316        -1.7305999491         3.2770403061
H72        -1.9232080523        -3.4184575055         3.8848797820
&

