&gen
basis=6-31G**
igeopt=1
dftname=PBE-D3
ifreq=1
&
entry_name: J1_9972_2111.in
&zmat
C1          2.3539932055        -3.3315351878        -6.3257435323
C2          3.0758154533        -2.1069558118        -5.7650661349
C3          3.8757442262        -2.4145990152        -4.4871067518
C4          3.0325744935        -2.9186595369        -3.2987146862
C5          1.9114734440        -1.9656352329        -2.8509128926
C6          2.4386736421        -0.5982302456        -2.3927675278
C7          1.3385550194         0.2327894811        -1.7052349929
O8          1.7801252475         1.5454877593        -1.4691890860
P9          1.1888800902         1.7019418845         0.1375515067
C10         2.8139486959         2.3198049139         0.7076112161
C11         2.9138548665         3.4867405171         1.4930721930
C12         4.1586677487         3.9485371266         1.9292376917
C13         5.3197928747         3.2492883536         1.5979053454
C14         5.2356363723         2.0803310786         0.8404512577
C15         3.9921058217         1.6152971110         0.4034699868
C16         0.4649450369         1.6452162534         1.8475478597
C17        -0.9206102363         1.8243585173         2.0689998625
C18        -1.4572951133         1.8048272271         3.3595451890
C19        -0.6341621041         1.5787640709         4.4595236120
C20         0.7246908125         1.3436470967         4.2691909151
C21         1.2661537065         1.3539101905         2.9812682511
C22         0.0300826227         2.9499501608        -0.5150734987
C23         0.3735278070         4.3134465830        -0.5623726902
C24        -0.4983934992         5.2474038027        -1.1305102160
C25        -1.7052061605         4.8294544900        -1.6928460292
C26        -2.0321290887         3.4732945455        -1.7077450109
C27        -1.1624798248         2.5372753189        -1.1418936879
C28         0.8871668913        -0.0557363560        -0.2762583170
C29         1.7181785286        -1.0648751367         0.5672621178
Si30         0.6545340678        -2.3863012147         1.3915459201
C31        -0.1194358613        -3.5049973189         0.1128589795
C32         1.7518739904        -3.4171653620         2.4939397438
C33        -0.7129615111        -1.6633839919         2.4341585962
H34         1.9181064580        -3.0816888880        -7.3159320345
H35         3.0636871495        -4.1762689256        -6.4541193453
H36         1.5267390294        -3.6401875526        -5.6534013973
H37         3.7865877928        -1.7396059188        -6.5366444299
H38         2.3458950653        -1.2905345998        -5.5838433807
H39         4.6425704021        -3.1844294791        -4.7227785785
H40         4.4311809578        -1.5015777015        -4.1841192498
H41         2.5863830615        -3.9035900177        -3.5524680041
H42         3.7129803623        -3.0963334269        -2.4373523038
H43         1.1679866356        -1.8330766314        -3.6649805657
H44         1.3760583484        -2.4497554849        -2.0129022287
H45         2.7624314662        -0.0344262798        -3.2938678623
H46         3.3395724757        -0.7085509469        -1.7606625639
H47         0.4523792655         0.2783124496        -2.3780440378
H48         2.0265703601         4.0186724949         1.8085659700
H49         4.2212122460         4.8431403971         2.5352152394
H50         6.2831191855         3.6060810354         1.9386352189
H51         6.1347738158         1.5297817405         0.5955726217
H52         3.9561131584         0.7008899518        -0.1621267753
H53        -1.6148692476         1.9607049970         1.2611287367
H54        -2.5193891068         1.9551387717         3.5046782534
H55        -1.0533936847         1.5624810644         5.4571650347
H56         1.3604910827         1.1386771249         5.1208426002
H57         2.3198251726         1.1357472606         2.8922895433
H58         1.3251647679         4.6664351518        -0.2060508113
H59        -0.2279851367         6.2952825888        -1.1523490774
H60        -2.3765191151         5.5537358247        -2.1357596297
H61        -2.9568275501         3.1452365255        -2.1646517628
H62        -1.4332427955         1.4914399665        -1.1778990621
H63        -0.2007820958        -0.2765419652        -0.2505766213
H64         2.4506800523        -1.6330152178        -0.0278898776
H65         2.2978998471        -0.5593342359         1.3586920995
H66        -0.6958534817        -2.8969597042        -0.6141484084
H67        -0.8017153953        -4.2199330057         0.6164957395
H68         0.6746660770        -4.0721208642        -0.4139994402
H69         2.5552562474        -3.8806361070         1.8853919269
H70         2.2043145619        -2.7691554164         3.2724671861
H71         1.1481613448        -4.2118739205         2.9781254509
H72        -1.3367948503        -2.4866378879         2.8379928479
H73        -1.3476008911        -0.9968887525         1.8169426356
H74        -0.2732619911        -1.1003727556         3.2786790365
&

