&zmat
 C1              4.2907615660            -0.4928217335            -0.2452000662
 C2              3.5044229437             0.7541450579             0.1669662570
 C3              2.4704729995             1.2052252258            -0.8961177093
 C4              1.4095753156             0.1938315470            -1.2764836651
 P5             -0.0160528092            -0.0143483481            -0.3759371251
 C6             -1.0402654228             1.5244422388            -0.3841355531
 C7             -2.0224187211             1.7970566801             0.5881410302
 C8             -2.8155876564             2.9468699260             0.4801069182
 C9             -2.6256219244             3.8334659284            -0.5901456286
 C10            -1.6455862121             3.5669734372            -1.5572838651
 C11            -0.8606229644             2.4112708133            -1.4600875092
 C12             0.0076110865            -0.4117283591             1.4481353384
 C13            -0.2347501228            -1.7129009719             1.9301101282
 C14            -0.0373977366            -2.0171402718             3.2839162112
 C15             0.4103343501            -1.0300110161             4.1727325977
 C16             0.6578175700             0.2689046902             3.7022387470
 C17             0.4577120111             0.5756504125             2.3519040359
 C18            -1.0028987339            -1.3578921065            -1.1275872192
 C19            -2.4006135584            -1.2398608819            -1.2487782589
 C20            -3.1520564875            -2.2906494399            -1.7906337934
 C21            -2.5191024688            -3.4668807862            -2.2127083220
 C22            -1.1269538557            -3.5905623728            -2.0933472926
 C23            -0.3707503397            -2.5458961077            -1.5492901353
 H24             4.8450331597            -0.3237524071            -1.1857008542
 H25             3.6082452431            -1.3439665693            -0.4085181739
 H26             5.0201040769            -0.7890116458             0.5265333493
 H27             4.2050954506             1.5884493651             0.3660355806
 H28             2.9763259581             0.5535539528             1.1170728580
 H29             3.0224980608             1.4979228413            -1.8124967591
 H30             1.9896209683             2.1380173020            -0.5381684280
 H31             1.7061691145            -0.6845181831            -1.8563077274
 H32            -2.1593976015             1.1128815876             1.4312094413
 H33            -3.5796470449             3.1543991421             1.2357753141
 H34            -3.2431164286             4.7337393616            -0.6692904261
 H35            -1.4962642548             4.2592802480            -2.3916449670
 H36            -0.0958616411             2.1645953913            -2.2060020736
 H37            -0.5863728249            -2.4908587308             1.2451612818
 H38            -0.2401847111            -3.0297346162             3.6472429261
 H39             0.5651007030            -1.2703178317             5.2289581270
 H40             1.0034909062             1.0461672489             4.3911806169
 H41             0.6442595233             1.5944764748             1.9938634163
 H42            -2.9009450141            -0.3231483801            -0.9235203947
 H43            -4.2376123107            -2.1876349372            -1.8828872353
 H44            -3.1088370777            -4.2878008649            -2.6318547384
 H45            -0.6272296800            -4.5085311592            -2.4172916565
 H46             0.7126583057            -2.6525845673            -1.4426815694
&

