&gen
basis=6-31G**
igeopt=1
dftname=PBE-D3
ifreq=1
&
entry_name: J1_1447_2111.in
&zmat
C1          4.2339255049         1.1505265673        -1.2406768459
C2          3.9088884563        -0.2132595444        -0.6309497004
C3          2.5941058607        -0.1970325486         0.1594173339
C4          1.3930335032        -0.0767697812        -0.7401934514
P5         -0.1325212168        -0.0709464538        -0.1479168299
C6         -0.9462199334         1.4778499316        -0.5968643432
C7         -1.9727808799         1.9940374467         0.2109672824
C8         -2.6325319803         3.1717428591        -0.1522080383
C9         -2.2843634950         3.8339979626        -1.3318234360
C10        -1.2816086350         3.3141886207        -2.1539816101
C11        -0.6197100294         2.1362118810        -1.7940610481
C12        -0.1043162151        -0.2499094824         1.6483455918
C13        -0.3472121124        -1.4964161987         2.2465863971
C14        -0.2887955684        -1.6324367349         3.6370210885
C15         0.0237467786        -0.5298849308         4.4367111089
C16         0.2838543198         0.7095729673         3.8464252557
C17         0.2262909993         0.8489990407         2.4567439673
C18        -1.0542236483        -1.4365798316        -0.8810613109
C19        -2.4544144588        -1.3804382411        -0.9606937439
C20        -3.1737878793        -2.4565481413        -1.4892905759
C21        -2.5021012781        -3.6006951432        -1.9274214664
C22        -1.1101135243        -3.6728812692        -1.8311139789
C23        -0.3874225875        -2.5986025701        -1.3034370785
H24         4.3070102883         1.9215522861        -0.4444156034
H25         3.4535889181         1.4519129740        -1.9705291168
H26         5.2080694356         1.0960741756        -1.7706299287
H27         4.7341368154        -0.4948038118         0.0583607560
H28         3.8626706494        -0.9814603603        -1.4336920703
H29         2.6085901437         0.6456435879         0.8833761550
H30         2.5155825482        -1.1462225199         0.7322691394
H31         1.5264604985        -0.0619938018        -1.8172216896
H32        -2.2700804115         1.4833909061         1.1175911868
H33        -3.4184852491         3.5674133132         0.4779853479
H34        -2.7972594009         4.7446198326        -1.6131021449
H35        -1.0207136270         3.8212178701        -3.0739543770
H36         0.1414646455         1.7434041875        -2.4537177562
H37        -0.5787410018        -2.3644660787         1.6445429855
H38        -0.4817149765        -2.5941843470         4.0944808480
H39         0.0701126775        -0.6373696855         5.5126702012
H40         0.5344049966         1.5613658204         4.4653211604
H41         0.4423266873         1.8117995985         2.0111742026
H42        -2.9930421099        -0.5099643939        -0.6123091432
H43        -4.2529790750        -2.4055208461        -1.5540802102
H44        -3.0605175720        -4.4338040008        -2.3342519261
H45        -0.5911887852        -4.5639122699        -2.1600872591
H46         0.6885819242        -2.6794188422        -1.2203053253
&

