&gen
basis=6-31G**
igeopt=1
dftname=PBE-D3
ifreq=1
&
entry_name: J1_10364_2111.in
&zmat
C1          3.7068141936         0.2420450335         0.1503253769
O2          2.3636147624         0.3155894297        -0.3097770053
C3          1.3099608899        -0.3468619363         0.3258327612
O4          1.5334980951        -1.0706450205         1.3344292374
C5         -0.1056810114        -0.1981537452        -0.1648826543
C6         -0.2308299182        -0.1575335799        -1.6696647539
C7         -1.1991148596        -1.2112216901        -2.2392666279
O8         -0.5614975817        -2.4732257052        -2.2441195388
C9         -1.5186251307        -3.5079395674        -2.4116136860
O10        -0.8672682909        -4.6690225845        -2.8161899514
C11        -1.7088667382        -5.2818620123        -3.7693138999
C12        -2.3679267721        -6.5135606794        -3.1381081730
C13        -0.8600790347        -5.7025378393        -4.9718942518
O14        -2.7173670424        -4.3993046398        -4.2141460955
C15        -2.5700905231        -3.2252059553        -3.4771695087
C16        -2.1771469309        -2.0631858566        -4.4155576898
O17        -3.3053713232        -1.6126583384        -5.1011901335
C18        -3.5691853433        -0.3059690103        -4.6318724974
C19        -4.9564709662        -0.2797061686        -3.9833827917
C20        -3.5275892937         0.6635814483        -5.8169915592
O21        -2.6192747484         0.1031059509        -3.6738341413
C22        -1.6164626391        -0.8636497546        -3.6806436364
O23        -0.7871925855         1.1336112785        -1.7423667171
P24        -0.8051944778         1.4807733317        -0.0579229730
C25        -2.6071748348         1.6577204027        -0.1980485390
C26        -3.1680000623         2.8518591227        -0.6828702144
C27        -4.5451943535         2.9497586620        -0.9030339636
C28        -5.3735384972         1.8516058435        -0.6635169683
C29        -4.8251238721         0.6514706163        -0.2082430423
C30        -3.4493061134         0.5500731242         0.0138803532
C31        -0.6752366579         1.6339847522         1.7840526983
C32         0.5943433878         1.8531671683         2.3681628169
C33         0.7486221021         1.9597705231         3.7518089187
C34        -0.3587191724         1.8507433993         4.5888091261
C35        -1.6221731377         1.6377021658         4.0419721003
C36        -1.7844447886         1.5295661530         2.6572981115
C37         0.1493978333         3.0184330486        -0.3171253019
C38         1.2553824900         3.0486157676        -1.1874773188
C39         1.9808812224         4.2284880481        -1.3756516957
C40         1.6068699801         5.3959036443        -0.7083473253
C41         0.5011613498         5.3876139279         0.1430341535
C42        -0.2269419439         4.2104332996         0.3344567810
H43         4.0603043952        -0.8103683115         0.1248041262
H44         4.3516850637         0.8554531642        -0.5116464608
H45         3.7755160732         0.6372074023         1.1859872079
H46        -0.7773215646        -0.9411101659         0.3170203031
H47         0.7435041692        -0.1810378533        -2.2064287076
H48        -2.1126182303        -1.2344985638        -1.6012469083
H49        -2.0127752984        -3.7096881808        -1.4336725129
H50        -1.5952313538        -7.2294697728        -2.7843578649
H51        -3.0236970886        -7.0243287367        -3.8755622170
H52        -2.9884032588        -6.2072123450        -2.2690700542
H53        -0.0640835429        -6.4112984339        -4.6574655704
H54        -0.3773891316        -4.8101947767        -5.4242231949
H55        -1.4936722780        -6.1897865709        -5.7438682423
H56        -3.5364137045        -2.9882993197        -2.9792872612
H57        -1.4253863084        -2.4258381340        -5.1518053151
H58        -5.2015913876         0.7457196073        -3.6320094279
H59        -5.7312455542        -0.6088594696        -4.7084975048
H60        -4.9791061154        -0.9615689974        -3.1071362648
H61        -2.5214075282         0.6415977964        -6.2873496493
H62        -3.7351162995         1.7012556989        -5.4777249508
H63        -4.2805614040         0.3753252236        -6.5816128502
H64        -0.7421390601        -0.4683775964        -4.2467875643
H65        -2.5453250556         3.6999139281        -0.9252524120
H66        -4.9683143815         3.8735569706        -1.2758289314
H67        -6.4384630473         1.9274322574        -0.8408664173
H68        -5.4655961282        -0.2028401196        -0.0315096771
H69        -3.0478607221        -0.3861505649         0.3745208445
H70         1.4767250299         1.9547209846         1.7518546218
H71         1.7304991733         2.1293870566         4.1745578356
H72        -0.2385424934         1.9341263560         5.6612175754
H73        -2.4826678890         1.5568200056         4.6938655898
H74        -2.7877883285         1.3738829095         2.3076792377
H75         1.5534857041         2.1707449257        -1.7398581323
H76         2.8309637859         4.2386266157        -2.0455635525
H77         2.1695634731         6.3084880799        -0.8565319527
H78         0.2068065602         6.2944574873         0.6552801111
H79        -1.0810322245         4.2286190071         0.9992637656
&

