&gen
basis=6-31G**
igeopt=1
dftname=PBE-D3
ifreq=1
&
entry_name: J1_10232_2111.in
&zmat
C1          0.1275071220        -2.3504072280         1.2768032969
C2         -0.9598363824        -2.4123294129         0.2029525279
C3         -1.7400537421        -1.0940136751         0.0886130009
C4         -0.9289810743         0.0065571528        -0.6601907561
C5         -1.4560529077         0.4721843649        -2.0099179094
C6         -2.5400136699        -0.3371051383        -2.6930054687
C7         -2.2396280862        -1.6308250359        -3.1533673079
C8         -3.2115234374        -2.3948311857        -3.8056040391
C9         -4.4860338225        -1.8672884163        -4.0242799246
C10        -4.7867528166        -0.5705930151        -3.6011081996
C11        -3.8177032149         0.1974925635        -2.9485099430
O12        -1.8924922037         1.7384713857        -1.5750554819
P13        -1.1967987627         1.6845504057        -0.0022468191
C14        -2.7833321129         2.1846848431         0.7576225380
C15        -2.8435419741         3.2306947831         1.7012469471
C16        -4.0622217332         3.6049292973         2.2739948949
C17        -5.2353782325         2.9359115770         1.9229569329
C18        -5.1885361754         1.8820591741         1.0094668747
C19        -3.9712741244         1.5039899271         0.4363482226
C20        -0.3299603287         1.3769067744         1.6116388973
C21         1.0823891400         1.3753456344         1.6815439866
C22         1.7508932725         1.0948033110         2.8761640775
C23         1.0318343959         0.7743293821         4.0240919160
C24        -0.3576357839         0.7115329825         3.9738378392
C25        -1.0319164003         0.9903296801         2.7824466734
C26        -0.0853678243         3.0284193060        -0.5386448252
C27        -0.4219354941         4.3806686204        -0.3436354127
C28         0.4100867764         5.3977251391        -0.8219615757
C29         1.5664995108         5.0810324982        -1.5355803499
C30         1.8800705552         3.7464180321        -1.7929550419
C31         1.0499235656         2.7280469255        -1.3171949396
H32         0.8936778469        -1.5892841639         1.0236914051
H33        -0.3171373155        -2.1048482066         2.2646746845
H34         0.6288000577        -3.3381077741         1.3520707572
H35        -0.5033105983        -2.6774974924        -0.7742497580
H36        -1.6690634301        -3.2242322726         0.4742646465
H37        -2.7074172384        -1.3108878433        -0.4029419784
H38        -2.0232222580        -0.7697916074         1.1058948567
H39         0.1570891988        -0.2190641353        -0.7150007965
H40        -0.6147425017         0.6110367312        -2.7247404818
H41        -1.2513283305        -2.0469011027        -3.0059365570
H42        -2.9744594077        -3.3943869399        -4.1463413255
H43        -5.2372915971        -2.4592825466        -4.5308105327
H44        -5.7702794152        -0.1574709199        -3.7841754479
H45        -4.0709856109         1.2056464935        -2.6479654551
H46        -1.9427472086         3.7260488229         2.0364558584
H47        -4.0942482744         4.4060126618         3.0010994759
H48        -6.1781879427         3.2248113378         2.3690887531
H49        -6.0959527048         1.3530518514         0.7481749760
H50        -3.9635318190         0.6754331446        -0.2514814135
H51         1.6929315298         1.5566311131         0.8165892583
H52         2.8328702427         1.1095893559         2.9057373489
H53         1.5524533906         0.5511646231         4.9463499422
H54        -0.9160512584         0.4290814510         4.8570680731
H55        -2.1045195355         0.8695799572         2.7923594227
H56        -1.3412545352         4.6692385654         0.1332232198
H57         0.1459359905         6.4343234024        -0.6565496318
H58         2.2064743407         5.8700291246        -1.9088655360
H59         2.7623125965         3.4999791645        -2.3694809212
H60         1.3048327300         1.7029842928        -1.5478829156
&

