&gen
basis=6-31G**
igeopt=1
dftname=PBE-D3
ifreq=1
&
entry_name: J1_9750_2111.in
&zmat
C1          0.3909352910         2.1333968538        -1.9219675573
C2          0.2318741863         0.6715805035        -1.6275856477
P3         -0.2684388984         0.1095899487        -0.1722852593
C4         -1.3080965086         1.3238158813         0.6650746180
C5         -2.4220300505         1.8524789698        -0.0055263391
C6         -3.2565452573         2.7756308657         0.6310545855
C7         -2.9910343379         3.1685584191         1.9451410965
C8         -1.8933049237         2.6346742183         2.6250906515
C9         -1.0563285968         1.7108707624         1.9913291653
C10        -1.3159378084        -1.3413961093        -0.3943130417
C11        -1.9362341506        -1.6005946730        -1.6278925539
C12        -2.7790975395        -2.7068011254        -1.7732597188
C13        -3.0221350702        -3.5503301046        -0.6862935187
C14        -2.4297664025        -3.2832702225         0.5504890048
C15        -1.5870391662        -2.1778119050         0.6995752660
C16         1.2146148025        -0.3585224983         0.8139919277
C17         2.1866545096         0.8403189378         0.9949271866
C18         3.4032668744         0.7557892370         0.0650948542
C19         4.2120538237        -0.5342929908         0.3008266230
C20         3.3409591148        -1.7406227418         0.7069525988
C21         1.9030439478        -1.6007566114         0.1991661807
H22         1.4346708656         2.3286194420        -2.2431437639
H23        -0.2965416283         2.4155704470        -2.7456349421
H24         0.1756997825         2.7691948555        -1.0390283221
H25         0.5529753446        -0.0394229507        -2.3814256945
H26        -2.6423579128         1.5510726602        -1.0220138237
H27        -4.1105466599         3.1841555070         0.1064829312
H28        -3.6381454483         3.8825701561         2.4379288125
H29        -1.6926351698         2.9341987469         3.6456372515
H30        -0.2204803266         1.3055086301         2.5422233280
H31        -1.7776710144        -0.9492985761        -2.4768058451
H32        -3.2491510060        -2.9064490077        -2.7275464969
H33        -3.6763662428        -4.4050102404        -0.7999342926
H34        -2.6285027097        -3.9294092798         1.3957304496
H35        -1.1507659088        -1.9751424724         1.6686636045
H36         0.8567702296        -0.6511979443         1.8242626172
H37         1.6702356394         1.8099638794         0.8325307410
H38         2.5541164445         0.8521676802         2.0449380677
H39         3.0589428378         0.7869868541        -0.9908625500
H40         4.0584884134         1.6385474659         0.2281137448
H41         4.9664731902        -0.3548616058         1.0976432670
H42         4.7680268628        -0.7775261933        -0.6307823923
H43         3.3235249248        -1.8292746728         1.8157844151
H44         3.7885557474        -2.6746688868         0.3036682472
H45         1.9259243512        -1.5332907334        -0.9102332547
H46         1.3313455539        -2.5153093762         0.4671565644
&

