&gen
basis=6-31G**
igeopt=1
dftname=PBE-D3
ifreq=1
&
entry_name: J1_9904_2111.in
&zmat
C1          0.8964897451        -0.5695048996         0.2830997477
C2          1.1530522677        -1.4513726129         1.2530166145
C3         -0.5192518467        -0.2279390038        -0.1104807938
C4         -0.6833602788        -0.1307679439        -1.6047515706
C5         -1.5649909719        -1.2167157250        -2.2629624539
C6         -3.0872087382        -1.0775794327        -2.0843779613
C7         -3.7600474193         0.0872802628        -2.7882026219
C8         -3.1561318089         0.8188063350        -3.8337813490
C9         -3.8451129130         1.8645604697        -4.4559496100
C10        -5.1497624638         2.1746299803        -4.0689127388
C11        -5.7733396533         1.4319926947        -3.0657921030
C12        -5.0867681685         0.3904807573        -2.4357888564
O13        -1.2363378379         1.1617331724        -1.6161323842
P14        -1.0165617779         1.5243684035         0.0562377027
C15        -2.7984360929         1.8439156648         0.1784560261
C16        -3.3544273144         2.9937176744        -0.4069953583
C17        -4.7266959623         3.2423487703        -0.3121242723
C18        -5.5594000627         2.3353684420         0.3473986422
C19        -5.0236278767         1.1678551793         0.8956374778
C20        -3.6529024364         0.9126140678         0.7969503018
C21        -0.6071284493         1.7616499262         1.8552581328
C22        -1.5639279962         2.0941107049         2.8485863926
C23        -1.1883036028         2.2681751975         4.1841582517
C24         0.1470308537         2.1543436940         4.5607517662
C25         1.1161982919         1.8934510185         3.5970964123
C26         0.7477570591         1.7176276830         2.2617498372
C27         0.0441090424         2.9455950229        -0.3554453348
C28        -0.2653814604         4.2281403013         0.1356538648
C29         0.5492578814         5.3214036288        -0.1709028541
C30         1.6813685250         5.1483722346        -0.9692303281
C31         2.0010888025         3.8809566970        -1.4601137488
C32         1.1890931824         2.7845006813        -1.1554653960
H33         1.7323776334        -0.0886349769        -0.2145207386
H34         2.1795073149        -1.6748815551         1.5245293817
H35         0.3492985353        -1.9493152682         1.7865622817
H36        -1.2708665617        -0.8973117181         0.3598744199
H37         0.2941302233        -0.1083409566        -2.1362226005
H38        -1.3250024234        -1.2838892860        -3.3447045340
H39        -1.2596850081        -2.1993868432        -1.8414875795
H40        -3.5543969377        -2.0076710047        -2.4739945304
H41        -3.3169394987        -1.0481343582        -1.0015392052
H42        -2.1526305837         0.6054769771        -4.1701029796
H43        -3.3673719356         2.4325984634        -5.2437674480
H44        -5.6807364730         2.9839179827        -4.5530797851
H45        -6.7891066751         1.6643593267        -2.7732075959
H46        -5.5909320123        -0.1804209376        -1.6658484572
H47        -2.7339246509         3.6928925841        -0.9496107831
H48        -5.1465555287         4.1334163641        -0.7603784168
H49        -6.6219259505         2.5283179735         0.4175021370
H50        -5.6710638997         0.4579811016         1.3936042304
H51        -3.2538715700         0.0109950820         1.2411826707
H52        -2.6017155704         2.2644233463         2.6307225656
H53        -1.9367466254         2.5101320979         4.9280303521
H54         0.4337151826         2.2959305637         5.5947881349
H55         2.1594862639         1.8428957278         3.8810444506
H56         1.5394129324         1.5814302879         1.5405917621
H57        -1.1287873596         4.3809045348         0.7699160463
H58         0.3043163434         6.3027755399         0.2142070425
H59         2.3120531013         5.9956083512        -1.2054946897
H60         2.8798709773         3.7472739664        -2.0776608627
H61         1.4600448678         1.8178035788        -1.5488021088
&

