&gen
basis=6-31G**
igeopt=1
dftname=PBE-D3
ifreq=1
&
entry_name: J1_10383_2111.in
&zmat
C1         -1.0059907032        -0.4047140004         0.3222499256
C2         -1.5165296390        -1.6008694090         0.6876642107
C3         -0.6620160099        -2.8389141227         0.7827260442
C4         -2.9745835310        -1.7160482379         1.0503956140
C5          0.4418029891        -0.1936107602        -0.0787497501
C6          0.6217725510        -0.1944245773        -1.5765984473
C7          1.5536378671        -1.2717300839        -2.1985416697
C8          1.5222720728        -1.1425360408        -3.7469040373
C9          2.7545805301        -1.7749634528        -4.4023165598
C10         4.0546823229        -1.0803495913        -3.9492128062
C11         3.9733026859        -0.5046479905        -2.5211109549
C12         3.0057863458        -1.3112020068        -1.6466100727
O13         1.1294921659         1.1134674287        -1.6760375609
P14         0.9661824013         1.5544547383        -0.0154087833
C15         2.7648866499         2.0200899918         0.0606926348
C16         3.1586027906         3.1462836864        -0.9206850642
C17         3.2507390733         4.5224102095        -0.2474263699
C18         3.7420985964         5.5824882032        -1.2290940460
C19         0.7696211574         1.6777696250         1.8455351836
C20         0.8892556517         3.0799844524         2.4845177802
C21         1.1054701954         2.9730709084         3.9990892747
C22         1.1808984442         4.3533937373         4.6458641804
C23        -0.2561238888         2.9380302891        -0.3047376232
C24        -0.7078736858         3.2103270021        -1.7565314185
C25        -1.9737243272         2.4304749346        -2.1364690784
C26        -2.3079730707         2.6058711413        -3.6144615589
H27        -1.6701984444         0.4525597501         0.2897279672
H28        -1.2683730038        -3.7136465578         1.1001196655
H29        -0.2171206793        -3.0720342394        -0.2048245887
H30         0.1428133315        -2.6914292881         1.5328710029
H31        -3.5257163776        -0.7646584036         0.8894194366
H32        -3.4508084938        -2.5012052083         0.4264498256
H33        -3.0673364965        -1.9994684168         2.1196897808
H34         1.1509650851        -0.8333191475         0.4826074077
H35        -0.3551784061        -0.2469077294        -2.1031430331
H36         1.1003225989        -2.2561200015        -1.9529450597
H37         0.6050446739        -1.6318804377        -4.1414899049
H38         1.4820109819        -0.0718795853        -4.0486481521
H39         2.6645904348        -1.7086071326        -5.5081381187
H40         2.7938132276        -2.8534273363        -4.1326581840
H41         4.8873263981        -1.8150395563        -4.0042308979
H42         4.2959772055        -0.2537261662        -4.6525978067
H43         3.6302659306         0.5509205823        -2.5710974702
H44         4.9846360043        -0.5077910673        -2.0603893099
H45         3.0671174041        -0.9855719627        -0.5945809524
H46         3.3551612817        -2.3678038585        -1.6401290824
H47         3.1273373419         2.2551384573         1.0807688310
H48         3.3515352816         1.1281032694        -0.2099795256
H49         4.1603959601         2.9023066251        -1.3391033708
H50         2.4594671017         3.2009070698        -1.7800599921
H51         3.9559475201         4.4765263904         0.6107882480
H52         2.2577388891         4.8346118103         0.1289397475
H53         3.0426459400         5.6656972802        -2.0882421901
H54         4.7550874798         5.3228659344        -1.6038645343
H55         3.7948701086         6.5667693664        -0.7177898702
H56         1.5228375204         1.0001308010         2.3042761910
H57        -0.2195233275         1.2750514936         2.1455903068
H58        -0.0494673630         3.6484093603         2.3128632505
H59         1.7266385056         3.6553445483         2.0505242487
H60         2.0537552206         2.4301215664         4.2048028795
H61         0.2670888748         2.4050823360         4.4584247870
H62         0.2338563515         4.9098180179         4.4799660818
H63         1.3410489405         4.2433396766         5.7390922135
H64         2.0269711391         4.9334891992         4.2194227623
H65        -1.1539707072         2.7889866288         0.3323106389
H66         0.2191812914         3.8756213440         0.0377178418
H67        -0.9585030759         4.2917345341        -1.8356737061
H68         0.1077377199         3.0481912436        -2.4889010326
H69        -1.8513144208         1.3539932506        -1.9263233217
H70        -2.8291723136         2.7967838781        -1.5280144540
H71        -2.4628563445         3.6802321763        -3.8505830958
H72        -3.2395721312         2.0509510322        -3.8534776795
H73        -1.4851258362         2.2054129697        -4.2444799024
&

