&zmat
 C18             3.4909500706             5.4163854835            -1.9141917707
 C17             2.8952671602             4.5035532285            -0.8369259891
 C16             3.2844019397             3.0307095858            -1.0338854020
 C15             2.7640836857             2.0859184981             0.0615212778
 P14             0.9701433208             1.5339020721            -0.0122964883
 C19             0.7918088642             1.4127580994             1.9067432376
 C20             0.8427333127             2.6813683849             2.7701162528
 C21             0.9512981010             2.3738895198             4.2738104539
 C22             0.9546926330             3.6313857721             5.1500847220
 C23            -0.2796212506             2.9029600974            -0.2195948946
 C24            -0.6189405507             3.3921534043            -1.6369732952
 C25            -1.7336573034             2.5851213626            -2.3150765188
 C26            -1.9918387355             3.0245786509            -3.7588897567
 O13             1.2180508248             1.1733053880            -1.8389490255
 C6              0.6305309595            -0.1241480979            -1.8112312096
 C7              1.5207776178            -1.2064519025            -2.4559822588
 C8              1.6195791140            -0.9365962950            -3.9788252949
 C9              2.8118455306            -1.6743011340            -4.6038106607
 C10             4.1545090252            -1.1309129201            -4.0479227813
 C11             3.9919479402            -0.5496146428            -2.6235489879
 C12             2.9376161674            -1.3312003461            -1.8248823958
 C5              0.3452658788            -0.2650382612            -0.3066115700
 C1             -1.0556486532            -0.5594646343             0.1015618498
 C2             -1.4867653077            -1.3038544553             1.1505256543
 C3             -0.5753833388            -1.9996472763             2.1289635821
 C4             -2.9615916038            -1.4583381699             1.4301194363
 H53             3.1407518498             5.1207215125            -2.9180879967
 H54             4.5933762059             5.3614260012            -1.9199327539
 H55             3.2085770383             6.4704132919            -1.7576665249
 H51             3.2251281297             4.8406025482             0.1649418041
 H52             1.7961690144             4.6064043666            -0.8464482115
 H49             4.3895602412             2.9607681341            -1.0511692465
 H50             2.9332647002             2.6711094241            -2.0151057692
 H47             2.9634804927             2.5081842617             1.0612272854
 H48             3.3124325893             1.1277086085             0.0130953161
 H56             1.5952218593             0.7176159363             2.2253583680
 H57            -0.1576535949             0.8835173581             2.1021178427
 H58            -0.0664692255             3.2882857003             2.5998477267
 H59             1.6924898799             3.3314797942             2.4802219145
 H60             1.8725055837             1.7881502350             4.4553507282
 H61             0.1120955630             1.7146984058             4.5671908319
 H62             0.0277742746             4.2148445050             5.0133413099
 H63             1.0375539320             3.3825947364             6.2208908999
 H64             1.8006374226             4.2927274600             4.8943002104
 H65            -1.1861271788             2.5422053106             0.3028223874
 H66             0.1101650198             3.7273742698             0.4005773816
 H67            -0.9293304272             4.4533973937            -1.5792971826
 H68             0.2826758964             3.3509367801            -2.2702611147
 H69            -1.4588854680             1.5169287402            -2.3073815385
 H70            -2.6627576202             2.6727473909            -1.7187586095
 H71            -2.2658511590             4.0925688051            -3.8125644769
 H72            -2.8088632565             2.4460141878            -4.2201639814
 H73            -1.0887053858             2.8805347971            -4.3761020644
 H35            -0.3346854510            -0.1376106024            -2.3727715008
 H36             0.9899284352            -2.1684465824            -2.3084285819
 H37             0.6724474064            -1.2259413579            -4.4676826785
 H38             1.7309669584             0.1531993315            -4.1324686225
 H39             2.7909978371            -1.5939937684            -5.7043759816
 H40             2.7186434982            -2.7532089608            -4.3757347405
 H41             4.9060030206            -1.9409364846            -4.0427569234
 H42             4.5516196879            -0.3472103101            -4.7173058988
 H43             3.6634000367             0.5018454289            -2.6780153795
 H44             4.9623272625            -0.5517789147            -2.0964147687
 H45             2.9282093669            -0.9896463967            -0.7743213423
 H46             3.2295855976            -2.3971920559            -1.7858477922
 H34             1.0647286128            -0.9314234546             0.2017276653
 H27            -1.8247120347            -0.0920135951            -0.5298938916
 H28            -0.9193248736            -3.0311692861             2.3227888388
 H29             0.4696441478            -2.0444943968             1.7878896142
 H30            -0.5788101835            -1.4775351297             3.1047691085
 H31            -3.5802464332            -0.9155347026             0.6983777847
 H32            -3.2613976742            -2.5226884461             1.4135320967
 H33            -3.2163952406            -1.0824405027             2.4389687488
&

