&gen
basis=6-31G**
igeopt=1
dftname=PBE-D3
ifreq=1
&
entry_name: J1_9942_2111.in
&zmat
C1          2.0112309721        -4.2871233788         1.0960123006
C2          1.7018811756        -2.9909339083         0.3632685096
S3          1.5413918447        -1.6235232009         1.5580163373
C4          1.1859620634        -0.4092503259         0.2866117691
O5          2.1071402553         0.2244495782        -0.2031024640
C6         -0.2406973913        -0.2050543863        -0.1651206485
C7         -0.4052710733        -0.1754361923        -1.6654253161
C8         -1.4250355676        -1.1538227938        -2.1837682043
C9         -1.8628259896        -1.0744627913        -3.4457055485
C10        -2.8885385680        -1.9771947252        -4.0222627449
C11        -3.1671391409        -3.2514818684        -3.4853759582
C12        -4.1407710285        -4.0670670927        -4.0709380182
C13        -4.8391559120        -3.6284903300        -5.1977599023
C14        -4.5608898525        -2.3752541880        -5.7466698659
C15        -3.5881754279        -1.5556902620        -5.1662749336
O16        -0.8961845505         1.1427775112        -1.7406567066
P17        -0.8611518404         1.4985566925        -0.0571980063
C18        -2.6544217812         1.7758432109        -0.1540197423
C19        -3.5377266003         0.6802524335        -0.1145092357
C20        -4.9147479507         0.8729236704        -0.2535871944
C21        -5.4242584037         2.1561588146        -0.4584028799
C22        -4.5554592427         3.2462279377        -0.5370708719
C23        -3.1768810460         3.0575467160        -0.3992744318
C24        -0.7129407957         1.6072264530         1.7846808787
C25         0.5526333298         1.8400108208         2.3726409401
C26         0.7094673472         1.8871609455         3.7595218984
C27        -0.3866553680         1.6849074352         4.5944477529
C28        -1.6394230329         1.4250273442         4.0428893059
C29        -1.8037286464         1.3754786102         2.6553532145
C30         0.1838404404         2.9773780867        -0.3350443286
C31        -0.0609355166         4.1760593140         0.3668589875
C32         0.7369337146         5.3033876868         0.1546420221
C33         1.7864594598         5.2554281247        -0.7633431384
C34         2.0384041709         4.0800010910        -1.4718573806
C35         1.2435782808         2.9492787573        -1.2627373392
H36         2.1075202790        -5.1158180756         0.3632988983
H37         1.1918176566        -4.5299791111         1.8054242709
H38         2.9656832058        -4.1914602490         1.6559230216
H39         0.7515982553        -3.1079090776        -0.2011326236
H40         2.5232365567        -2.7678893676        -0.3510595721
H41        -0.9297406994        -0.9035214590         0.3559746052
H42         0.5506598666        -0.2658528985        -2.2272167127
H43        -1.8155192074        -1.9064922013        -1.5130499835
H44        -1.4866435884        -0.2728918841        -4.0720977174
H45        -2.6251900184        -3.6352940571        -2.6325812229
H46        -4.3490151468        -5.0440447896        -3.6540353746
H47        -5.5913979272        -4.2623744457        -5.6492105594
H48        -5.0987812170        -2.0381148293        -6.6233434651
H49        -3.3878011186        -0.5861371671        -5.6061541205
H50        -3.1671823003        -0.3223004634         0.0422373088
H51        -5.5866219874         0.0257122649        -0.2060544679
H52        -6.4906705685         2.3042460397        -0.5689560170
H53        -4.9493506377         4.2377600869        -0.7194567590
H54        -2.5305788185         3.9122051451        -0.5144813239
H55         1.4314204183         1.9856848241         1.7598828440
H56         1.6860119111         2.0751839381         4.1867686517
H57        -0.2635540584         1.7193189602         5.6692032962
H58        -2.4875533357         1.2525578129         4.6931167392
H59        -2.7903843838         1.1451247290         2.2955760283
H60        -0.8606030173         4.2376757794         1.0934127707
H61         0.5418514755         6.2147748263         0.7048810627
H62         2.4035451239         6.1294320376        -0.9268549153
H63         2.8498304259         4.0448912478        -2.1873305924
H64         1.4583845092         2.0603958288        -1.8373206079
&

