&gen
basis=6-31G**
igeopt=1
dftname=PBE-D3
ifreq=1
&
entry_name: J1_9975_2111.in
&zmat
C1         -2.8940316853        -1.0255988054         0.9904999083
C2         -1.6110436072        -1.1185538235         0.6039143482
C3         -0.8469278543        -2.3465936799         1.0330061713
C4         -0.8833421463        -0.0560019972        -0.2330059480
C5         -1.3469624763         0.2046347352        -1.6506447803
C6         -2.5480632024        -0.5721164315        -2.2181176283
C7         -2.1737974422        -2.0145230144        -2.5820128682
C8         -3.3985313924        -2.7929948304        -2.9778180539
C9         -4.1591476616        -3.4567191517        -2.0004936875
C10        -5.3178210402        -4.1508826807        -2.3620138367
C11        -5.7296658690        -4.1789530561        -3.6973624285
C12        -4.9857762318        -3.5090758427        -4.6728762279
C13        -3.8264450839        -2.8133561579        -4.3156409936
O14        -1.6752755552         1.5562774592        -1.4540244921
P15        -1.1751973821         1.6997302485         0.1902600638
C16        -2.8568380023         2.2913715716         0.6606029047
C17        -0.5655540612         1.7746671536         1.9315098356
C18         0.2338966214         0.7566023562         2.4974916340
C19         0.7086349375         0.8602017728         3.8082334479
C20         0.4275371891         1.9925711883         4.5702086800
C21        -0.3118319431         3.0349336294         4.0154923146
C22        -0.7903436130         2.9364281998         2.7066758948
C23         0.0844857427         2.9123365811        -0.2671935539
C24        -0.2830146396         4.2250193348        -0.6041204207
C25         0.6922683001         5.1585193178        -0.9678996077
C26         2.0385954406         4.7870798274        -1.0056498203
C27         2.4114417274         3.4797505022        -0.6838121161
C28         1.4393830927         2.5432267763        -0.3203566232
H29        -3.3482175649        -1.8098833151         1.5891668992
H30        -3.5299910865        -0.2067345267         0.7032295084
H31        -1.3666683641        -3.2605262695         0.6743956999
H32        -0.7814118807        -2.3802725750         2.1412545546
H33         0.1831533719        -2.3548159371         0.6201747952
H34         0.2078725216        -0.2569572082        -0.2633362948
H35        -0.4921478236         0.1456145550        -2.3620324575
H36        -3.4124423356        -0.5452439461        -1.5284619927
H37        -2.8786696557        -0.0584485102        -3.1474354316
H38        -1.6779046230        -2.5191134071        -1.7282841914
H39        -1.4414441420        -2.0073725453        -3.4190583218
H40        -3.8557733943        -3.4338191211        -0.9608556994
H41        -5.8984693310        -4.6639785376        -1.6063538758
H42        -6.6275113205        -4.7156204419        -3.9753950389
H43        -5.3096050702        -3.5257490595        -5.7055023894
H44        -3.2642524010        -2.2900676540        -5.0791881902
H45        -3.6181627663         1.9571348261        -0.0747221317
H46        -3.1599961581         1.9092334686         1.6579836988
H47        -2.8896299907         3.3978520024         0.6763350194
H48         0.5318304881        -0.1128399249         1.9411127993
H49         1.3108134158         0.0648543241         4.2285018733
H50         0.8015213691         2.0716659421         5.5827964266
H51        -0.5051699401         3.9278443603         4.5959525716
H52        -1.3219250671         3.7835896389         2.2977491396
H53        -1.3202619034         4.5285738627        -0.5941009236
H54         0.4035783465         6.1696852099        -1.2241292172
H55         2.7921338296         5.5109819389        -1.2876844577
H56         3.4541991176         3.1916243517        -0.7162519501
H57         1.7465791858         1.5365331170        -0.0716581315
&

