&gen
basis=6-31G**
igeopt=1
dftname=PBE-D3
ifreq=1
&
entry_name: J1_4921_2111.in
&zmat
C1         -0.9072054798         2.6896908448         1.0388657033
C2         -0.6386330595         2.2615198177        -0.3917879244
O3          0.7488399568         2.2091755426        -0.6915265655
C4          1.4519088629         1.2438902975         0.0837941020
C5          0.6890524437        -0.0358157796         0.3767517780
O6          1.6171702860        -1.0736720415         0.2873480829
C7          2.7835333900        -0.5148633308        -0.2810581018
C8          3.1267509102        -1.2834098266        -1.5601765513
C9          3.9354462441        -0.6350777965         0.7240220401
O10         2.5920573677         0.8452102984        -0.6076560221
C11        -0.4537206250        -0.2768583956        -0.6213522341
C12        -1.3292954548         0.9380301909        -0.8093309744
O13        -2.4979591632         0.6993767140        -0.0888426838
C14        -2.5250577087        -0.6898937981         0.1565141790
C15        -3.6149089307        -1.3295369997        -0.7104110727
C16        -2.8344106818        -0.9192800915         1.6384045744
O17        -1.2843967252        -1.2930625103        -0.1487569188
O18        -2.0404148969         2.9707885829         1.3959478506
H19        -0.0985904234         2.7922207970         1.7528731629
H20        -1.0711476189         3.0637699001        -1.0285291524
H21         1.7850129324         1.7116672513         1.0368733794
H22         0.2828810116         0.0021245102         1.4117446006
H23         2.2998083204        -1.1869310250        -2.2949679549
H24         4.0533497276        -0.8779843738        -2.0204394304
H25         3.2759786707        -2.3617811030        -1.3374569686
H26         4.8670633945        -0.2018311699         0.3008487683
H27         4.1166445202        -1.7007180990         0.9815477852
H28         3.6842732536        -0.0867646468         1.6568490561
H29        -0.0286548577        -0.5820207429        -1.6034674547
H30        -1.5995553938         1.0110944285        -1.8878632912
H31        -3.3868959116        -1.1669315651        -1.7854128427
H32        -4.6047016632        -0.8762480420        -0.4877537373
H33        -3.6678163476        -2.4236363541        -0.5236140384
H34        -2.8571893584        -2.0064006582         1.8671581628
H35        -3.8167841201        -0.4730117698         1.9040176387
H36        -2.0524328719        -0.4428290563         2.2668430554
&

