&zmat
 C8              3.1597628803            -1.4452309805            -1.5175831891
 C7              2.8339701880            -0.5733947122            -0.3110169916
 C9              3.9807525433            -0.4933886638             0.7009435528
 O10             2.4759446089             0.7318595123            -0.7867650367
 C4              1.4466246220             1.2098015137             0.0619824023
 O3              0.7345681092             2.1830612552            -0.6841124950
 C2             -0.6817974914             2.2437921223            -0.4478364593
 C1             -0.9974215537             2.7060322870             0.9878620784
 O18            -1.7246769876             3.6497434944             1.2346896146
 C12            -1.3759526467             0.8995069937            -0.7726748367
 O13            -2.4010575454             0.6555603778             0.1962003644
 C14            -2.5977674685            -0.7699049814             0.2322904137
 C15            -3.6882971566            -1.1903357515            -0.7565370165
 C16            -2.9039266578            -1.1631684490             1.6722767806
 O17            -1.3429041559            -1.3631691692            -0.1805456367
 C11            -0.4573302106            -0.3295482556            -0.6130774358
 C5              0.6650284055            -0.0816892191             0.4067118565
 O6              1.6609952310            -1.0986843156             0.3682255806
 H23             2.3044267486            -1.4588562858            -2.2084832802
 H24             4.0411456473            -1.0525066504            -2.0470210004
 H25             3.3706837466            -2.4738324734            -1.1891020680
 H26             4.8882903617            -0.0955826273             0.2211648914
 H27             4.1989202355            -1.4945851182             1.1031593336
 H28             3.7066493757             0.1626528181             1.5410959526
 H21             1.8764561195             1.6867981625             0.9701358659
 H20            -1.0438191787             3.0408834227            -1.1143166975
 H19            -0.4699509950             2.1411420633             1.8034911100
 H30            -1.7944892430             0.9254699379            -1.7981216229
 H31            -3.4392359083            -0.8459212642            -1.7719120500
 H32            -4.6591001964            -0.7619314424            -0.4632913933
 H33            -3.7732707421            -2.2875026218            -0.7782679827
 H34            -2.9948208333            -2.2566178655             1.7511814830
 H35            -3.8471009674            -0.7024228368             2.0031899450
 H36            -2.0899468795            -0.8244376881             2.3298815828
 H29            -0.0001382626            -0.6222365011            -1.5736505273
 H22             0.2298148927            -0.0533532260             1.4220602239
&

