&gen
basis=6-31G**
igeopt=1
dftname=PBE-D3
ifreq=1
&
entry_name: J1_9889_2111.in
&zmat
C1         -2.6575130839         4.2399405826        -1.3464732818
C2         -3.4207408448         3.3046464475        -0.4345775897
C3         -4.7909256119         3.5882251442        -0.2741548003
C4         -5.5973457556         2.8063319528         0.5458918041
C5         -5.0484705556         1.7382660382         1.2401243219
C6         -3.6919861246         1.4491146995         1.1178785767
C7         -2.8345038436         2.2201417744         0.3043072064
P8         -1.0752194275         1.6824846022         0.0971078764
C9         -0.5042270090         1.6443930264         1.8883404617
C10        -1.3642556523         2.0678695740         2.9388210185
C11        -1.0300976593         1.9165562856         4.2823227956
C12         0.1884918364         1.3690787174         4.6411004685
C13         1.1022475721         1.0235186170         3.6570349103
C14         0.8039475419         1.1852994577         2.2906712864
C15         1.9619408218         0.8821069117         1.3722043975
C16         0.1443845698         3.0175372251        -0.3136220006
C17         1.0272324833         2.7859692893        -1.3944488404
C18         1.9761866543         3.7281127697        -1.7837895037
C19         2.0725480109         4.9378460602        -1.1124287838
C20         1.2102829217         5.2155717816        -0.0577624367
C21         0.2255263700         4.2916234327         0.3420456374
C22        -0.6505953191         4.7224094128         1.4867725402
O23        -1.4717848274         1.4645215580        -1.5737392669
C24        -1.1111960832         0.1139913172        -1.7152614298
C25        -2.2019394714        -0.7288557983        -2.3368186593
C26        -3.4258781515        -0.1680781293        -2.7543103186
C27        -4.4076340243        -0.9751389998        -3.3367715326
C28        -4.1742371732        -2.3397859213        -3.5234908442
C29        -2.9554176350        -2.9001804952        -3.1339998956
C30        -1.9699132651        -2.0984809943        -2.5511778078
C31        -0.7280368927        -0.0935643142        -0.2672529382
C32        -1.4533694577        -1.1397092953         0.5897380835
C33        -2.8288444650        -1.4440176508         0.4844614078
C34        -3.4115332242        -2.4257445852         1.2905372407
C35        -2.6377270110        -3.1223611598         2.2171836297
C36        -1.2794305031        -2.8355522674         2.3415818109
C37        -0.6927788491        -1.8562583871         1.5359231425
H38        -1.8175463902         3.7654303939        -1.8761353385
H39        -2.2886026753         5.1112663753        -0.7703987760
H40        -3.3230988637         4.6293079023        -2.1464507829
H41        -5.2450140860         4.4218214067        -0.7966900716
H42        -6.6499591124         3.0361681747         0.6498895157
H43        -5.6723366329         1.1391897293         1.8909780524
H44        -3.2986065135         0.6589963753         1.7343357869
H45        -2.2898787878         2.5806163897         2.7628990534
H46        -1.7201773180         2.2408508554         5.0510124894
H47         0.4436057308         1.2496831183         5.6862635985
H48         2.0701517919         0.6454948819         3.9662300420
H49         1.8035742992         1.1523311975         0.3277725991
H50         2.2095135850        -0.1983300086         1.4198167572
H51         2.8549952356         1.4540693662         1.7035570483
H52         1.0188481500         1.8508552576        -1.9283606937
H53         2.6476860252         3.5119854671        -2.6048710057
H54         2.8172938729         5.6647299803        -1.4101826044
H55         1.3075054058         6.1693390264         0.4473531419
H56        -0.7817796152         5.8258037273         1.4885249404
H57        -1.6649010713         4.3047838192         1.4128452667
H58        -0.1748118834         4.4384226568         2.4474368934
H59        -0.2183954360         0.0431814488        -2.3742023090
H60        -3.6322881997         0.8857448947        -2.6192700971
H61        -5.3505460363        -0.5416888802        -3.6441567950
H62        -4.9363568042        -2.9622269922        -3.9741644493
H63        -2.7735624234        -3.9564083476        -3.2844857139
H64        -1.0292046698        -2.5455465230        -2.2538347672
H65         0.3522481908        -0.3165840770        -0.2647872790
H66        -3.4792639707        -0.8985551863        -0.1771952014
H67        -4.4695020288        -2.6373166521         1.2037066603
H68        -3.0916685234        -3.8802540222         2.8424079836
H69        -0.6775190380        -3.3747354098         3.0616576318
H70         0.3648988397        -1.6669641108         1.6499155439
&

