&gen
basis=6-31G**
igeopt=1
dftname=PBE-D3
ifreq=1
&
entry_name: J1_10461_2111.in
&zmat
C1         -0.5004232573        -6.7305174188        -3.3741585456
C2          0.0484045325        -5.3073745639        -3.4224551353
C3         -0.8349300175        -4.3473083109        -2.6119997359
C4         -0.3900760334        -2.8815761812        -2.7393039321
C5          0.8872752900        -2.5812913836        -1.9360785265
C6          1.3735602902        -1.1299437553        -2.1045033128
C7          0.3822037603        -0.0811000019        -1.5677137708
O8          0.9476175489         1.2032214813        -1.6075095799
P9          0.8476033647         1.5760445078         0.0739190415
C10         2.6371392743         1.8262925119         0.1623118515
C11         3.1956195671         3.1017562201        -0.0259518248
C12         4.5799268640         3.2836505565         0.0449068689
C13         5.4170702950         2.1968535758         0.3076105261
C14         4.8701585021         0.9272294116         0.5066785992
C15         3.4865281097         0.7415569521         0.4376126930
C16         0.8172124172         1.8341293778         1.9013562440
C17         0.9074395744         3.1402465901         2.4389361808
C18         0.9286694709         3.3519025533         3.8194465314
C19         0.9002758340         2.2672995910         4.6935807687
C20         0.8760170205         0.9691327955         4.1870671840
C21         0.8555394076         0.7515309089         2.8064295706
C22        -0.2646640350         2.9848365815        -0.2763834482
C23        -1.4569407394         3.1770781508         0.4513695768
C24        -2.3033515308         4.2501001653         0.1607701902
C25        -1.9763263312         5.1430082173        -0.8607214424
C26        -0.8031438349         4.9622721215        -1.5951002367
C27         0.0462805540         3.8898263609        -1.3084911256
C28         0.1689677808        -0.1146322093        -0.0744395239
C29        -1.2849741989        -0.2950885273         0.3311805362
C30        -2.3313950874         0.2794237993        -0.2549639463
C31        -3.6262529553        -0.1946071731         0.2921755008
C32        -3.2391436035        -1.1950898557         1.3817186963
C33        -1.7136412054        -1.3092526728         1.3362359057
H34         0.1604666259        -7.4040892105        -3.9594698839
H35        -1.5206243383        -6.7665552587        -3.8122938853
H36        -0.5384021848        -7.0936435454        -2.3249338169
H37         0.0911192242        -4.9762781358        -4.4828816936
H38         1.0803785161        -5.3176319002        -3.0138258969
H39        -1.8792678134        -4.4217748236        -2.9877383027
H40        -0.8414800537        -4.6483884534        -1.5411735392
H41        -0.2397854863        -2.6218067439        -3.8099978153
H42        -1.2185108158        -2.2529904763        -2.3496892035
H43         0.7133891880        -2.8054599966        -0.8622972886
H44         1.7064883753        -3.2444829902        -2.2831297366
H45         1.5564068112        -0.9298349181        -3.1825666718
H46         2.3495326353        -1.0214974926        -1.5858306114
H47        -0.5472873313        -0.0799905577        -2.1731559427
H48         2.5675582655         3.9609308323        -0.2076455682
H49         5.0034802690         4.2692112509        -0.0990480301
H50         6.4884532116         2.3397136415         0.3634123997
H51         5.5183059164         0.0867827245         0.7187345518
H52         3.0824401817        -0.2457486384         0.6107852913
H53         0.9691908328         4.0049415910         1.7923707784
H54         0.9792426323         4.3596819184         4.2110469471
H55         0.9215398855         2.4319572951         5.7630915364
H56         0.8912846112         0.1262077278         4.8660285858
H57         0.9036564786        -0.2688091354         2.4722200304
H58        -1.7312987826         2.5029765700         1.2518817012
H59        -3.2139501586         4.3890069993         0.7290221354
H60        -2.6331860707         5.9734437674        -1.0849761164
H61        -0.5529193391         5.6517695549        -2.3909887338
H62         0.9414833173         3.7638406842        -1.9028227495
H63         0.8259241661        -0.8630955915         0.4094595030
H64        -2.2626316452         0.9983742105        -1.0641768542
H65        -4.1965533143         0.6600044349         0.7152914485
H66        -4.2148621769        -0.6887445159        -0.5102237086
H67        -3.7121075240        -2.1836733887         1.1932420736
H68        -3.5665244439        -0.8217471224         2.3770218947
H69        -1.2779128805        -1.0915580521         2.3324878129
H70        -1.4062919102        -2.3232984610         1.0000736339
&

