&gen
basis=6-31G**
igeopt=1
dftname=PBE-D3
ifreq=1
&
entry_name: J1_10327_2111.in
&zmat
C1          4.4152774874         0.7434507184        -1.1357158989
C2          3.5467774397        -0.0062897404        -0.1386828263
O3          2.1765488960         0.1530786476        -0.4884528426
C4          1.1354865237        -0.4354510392         0.2382027465
O5          1.3929982035        -1.1554935560         1.2408471677
C6         -0.3013988263        -0.2284976051        -0.1733144123
C7         -0.4832137264        -0.1318370008        -1.6678746233
C8         -1.3806424654        -1.2027211000        -2.3215641551
C9         -2.8565988050        -1.1625993255        -1.8923505375
C10        -3.7241356188        -2.1057408913        -2.7325797377
N11        -3.3676907596        -3.5023022785        -2.4824615683
C12        -2.5605882745        -4.2764712687        -3.3773337733
O13        -2.1718133021        -3.7867228320        -4.4735685889
O14        -2.2049272703        -5.5798527121        -3.0200193067
C15        -1.3975533867        -6.4082817009        -3.8478875799
O16        -1.0665353144         1.1441267356        -1.6714959003
P17        -0.9008132141         1.4881603273         0.0112573909
C18        -2.6734535430         1.8263120291         0.1770217950
C19        -3.5289275327         0.8509025272         0.7182413068
C20        -4.8977946252         1.1008113447         0.8460420779
C21        -5.4238922288         2.3318084971         0.4492814719
C22        -4.5790222104         3.3177291063        -0.0651430978
C23        -3.2091956962         3.0700863587        -0.1961558245
C24        -0.7906685269         1.7383191360         1.8354313876
C25        -0.7489642031         0.6563705853         2.7411497986
C26        -0.7092204872         0.8784366130         4.1208089493
C27        -0.7425663044         2.1778867736         4.6250963858
C28        -0.8358425162         3.2595669642         3.7510836344
C29        -0.8759477960         3.0441156418         2.3716684033
C30         0.2980106133         2.8242515965        -0.3508973137
C31         0.0516634032         3.7416953287        -1.3904858989
C32         0.9742382052         4.7495935302        -1.6855327242
C33         2.1603533761         4.8497452689        -0.9572285585
C34         2.4300800181         3.9366228354         0.0624462308
C35         1.5124098851         2.9257114552         0.3590942786
H36         4.2525240366         0.3407066860        -2.1578016114
H37         4.1601017907         1.8238355264        -1.1258436180
H38         5.4855106148         0.6230997140        -0.8657899841
H39         3.8158734249        -1.0846554764        -0.1553342878
H40         3.7231006511         0.3995176773         0.8810599714
H41        -0.9851882738        -0.9717628555         0.2841690292
H42         0.4783007715        -0.0868548662        -2.2248244394
H43        -1.3274435737        -1.0571238800        -3.4226779928
H44        -0.9535138008        -2.2034996061        -2.0958814231
H45        -2.9497427739        -1.4578829327        -0.8283544811
H46        -3.2544342891        -0.1328378738        -2.0152223286
H47        -3.6358502186        -1.8545143661        -3.8117812178
H48        -4.7882517046        -1.9564667019        -2.4495714057
H49        -3.6334922343        -3.9246150730        -1.5645135642
H50        -1.8966662430        -6.5694812707        -4.8268778117
H51        -0.4048685801        -5.9357791590        -4.0057248652
H52        -1.2536303318        -7.3899205336        -3.3517198101
H53        -3.1356532220        -0.0971912790         1.0572564265
H54        -5.5495103556         0.3420555967         1.2594339093
H55        -6.4837288540         2.5259858756         0.5512755850
H56        -4.9847354283         4.2779222143        -0.3565292500
H57        -2.5758711044         3.8592693571        -0.5674541523
H58        -0.7752282515        -0.3664027609         2.4076140531
H59        -0.6673645310         0.0379448879         4.8016363799
H60        -0.7159047542         2.3454387563         5.6940375134
H61        -0.8873796294         4.2673524891         4.1424698539
H62        -0.9802143895         3.9023798821         1.7208093052
H63        -0.8416328143         3.6699330113        -1.9947774856
H64         0.7723385396         5.4489946027        -2.4865157213
H65         2.8741470444         5.6296648790        -1.1887033822
H66         3.3544915116         4.0076674213         0.6208904998
H67         1.7507396182         2.2297151577         1.1519500548
&

