&gen
basis=6-31G**
igeopt=1
dftname=PBE-D3
ifreq=1
&
entry_name: J1_10486_2111.in
&zmat
C1          1.0056253199        -2.9684275191        -2.4562246762
C2          2.2616486765        -2.1494455164        -2.6169728728
C3          3.3946672061        -2.8073645580        -3.1299080420
C4          4.5861592066        -2.1200594919        -3.3452516250
C5          4.6642296768        -0.7606720613        -3.0680577501
C6          3.5508685801        -0.0799875038        -2.5782537684
C7          2.3252238489        -0.7470277742        -2.3440897286
C8          1.1320687908         0.0522501914        -1.7788448416
C9         -0.1188733841        -0.0627528382        -2.6806010840
O10         1.4384098519         1.4238135308        -1.6689127854
P11         1.1406891465         1.6349469951         0.0150623558
C12         2.8682270177         2.1816442701         0.2568411460
C13         3.6842272167         1.6094943792         1.2533539926
C14         5.0118655231         2.0177749176         1.4069815859
C15         5.5466280039         2.9938767040         0.5650776785
C16         4.7545021296         3.5623975195        -0.4333659467
C17         3.4256685026         3.1587763032        -0.5895506728
C18         0.7102872249         1.7963294658         1.8035818363
C19         1.1319597732         2.9334124350         2.5324937402
C20         0.7767304798         3.1037074056         3.8725004037
C21        -0.0317234753         2.1627447172         4.5067133220
C22        -0.5007359733         1.0593784000         3.7959510294
C23        -0.1492713987         0.8831089695         2.4544051842
C24        -0.1789066586         2.8323536152        -0.3070225124
C25         0.0982103958         4.2070183695        -0.3972167036
C26        -0.9321292298         5.1210374040        -0.6370172316
C27        -2.2470918613         4.6731295537        -0.7814442878
C28        -2.5349657265         3.3105817609        -0.6775166898
C29        -1.5077543800         2.3939861951        -0.4364708089
C30         0.8417415813        -0.1419431456        -0.2909491860
C31         1.8175071424        -1.0465838550         0.4880301455
H32         0.4220105104        -2.6650500002        -1.5677742650
H33         1.2466498100        -4.0443918486        -2.3199639055
H34         0.3796623051        -2.8677139891        -3.3670098470
H35         3.3571370345        -3.8640413908        -3.3659879563
H36         5.4505552995        -2.6432517674        -3.7335135429
H37         5.5912772106        -0.2281788097        -3.2380063758
H38         3.6629783902         0.9770153611        -2.3872496283
H39        -0.7568822678         0.8399255550        -2.5899830540
H40        -0.7540178646        -0.9282470865        -2.4097682569
H41         0.1763642807        -0.1471284441        -3.7483214256
H42         3.2938568592         0.8616221440         1.9286194645
H43         5.6264396167         1.5769175890         2.1811702633
H44         6.5757168621         3.3071966915         0.6841407746
H45         5.1724850247         4.3119367679        -1.0928304809
H46         2.8434743079         3.5935391007        -1.3906396527
H47         1.7318499539         3.7020809484         2.0645329466
H48         1.1209970313         3.9738282362         4.4164664448
H49        -0.3095666727         2.2977025845         5.5440311218
H50        -1.1498651137         0.3425918106         4.2823769971
H51        -0.5724813046         0.0345518867         1.9462589398
H52         1.1004365785         4.5820405926        -0.2591663579
H53        -0.7115524166         6.1785591299        -0.7038642013
H54        -3.0436301115         5.3823737436        -0.9655205870
H55        -3.5553356095         2.9644170266        -0.7795305477
H56        -1.7532671706         1.3450178562        -0.3448719932
H57        -0.2122387928        -0.4402268085        -0.1231195591
H58         1.6763452644        -0.9253045658         1.5796547224
H59         2.8756471437        -0.8217347184         0.2442536393
H60         1.6268507728        -2.1121562957         0.2585932592
&

