&zmat
 C8              2.5189353520            -3.2897439083            -2.8527481967
 C7              1.3782735767            -2.5021254694            -2.1985113472
 C6              1.5904052106            -0.9846312308            -2.2560207813
 C5              0.4403117980            -0.1658471697            -1.6557420868
 O9              0.6586572035             1.2387584323            -1.8002927193
 P10             0.7800311223             1.5967628630            -0.0030146650
 C11             2.6053137444             1.8166652629            -0.0769957269
 C12             3.4814870919             0.7934676365             0.3368586093
 C13             4.8689711968             0.9539819910             0.2225321747
 C14             5.3997849290             2.1396832526            -0.3022671873
 C15             4.5339972163             3.1601516913            -0.7185786271
 C16             3.1469832336             3.0003554933            -0.6123911289
 C17             0.5586411952             1.7165270978             1.9155863448
 C18             1.5860779411             1.5650000353             2.8662087476
 C19             1.3139096600             1.5839968246             4.2443034805
 C20             0.0035979142             1.7522284964             4.7069672606
 C21            -1.0344047327             1.9122769985             3.7773537064
 C22            -0.7553993120             1.8989568917             2.4051702193
 C23            -0.0715318109             3.2328287262            -0.2950264134
 C24            -0.9332139334             3.4245325668            -1.3901585681
 C25            -1.5446902050             4.6688503851            -1.5999717920
 C26            -1.2768466963             5.7414890611            -0.7406606271
 C27            -0.3994842370             5.5655932896             0.3396842177
 C28             0.1840242119             4.3156220233             0.5735013042
 C4              0.2682202163            -0.2382310916            -0.1228254742
 C3             -1.1164489768            -0.6429670971             0.3895111839
 C2             -1.4153680184            -2.1357830731             0.1721745077
 C1             -2.7925884000            -2.5442363214             0.7055162876
 H42             2.3482528314            -4.3775679469            -2.7978937846
 H43             3.4825907337            -3.0755563607            -2.3592688106
 H44             2.6282289744            -3.0197865621            -3.9170827294
 H40             0.4204020973            -2.7579621038            -2.6913985468
 H41             1.2673082626            -2.8210797376            -1.1444235031
 H38             2.5300725213            -0.7101732336            -1.7422884195
 H39             1.7123543354            -0.6602603609            -3.3058456310
 H37            -0.5067881738            -0.4561462256            -2.1659375869
 H45             3.0850519257            -0.1387397326             0.7513535349
 H46             5.5347554935             0.1483740344             0.5470761292
 H47             6.4830368841             2.2660350047            -0.3899191000
 H48             4.9391735957             4.0874516673            -1.1353738461
 H49             2.4799397121             3.7960653345            -0.9552791578
 H50             2.6233762675             1.4529252459             2.5380138802
 H51             2.1375593921             1.4753473601             4.9578492087
 H52            -0.2075303789             1.7684867974             5.7805676400
 H53            -2.0636750476             2.0575415906             4.1215395030
 H54            -1.5771561956             2.0583164699             1.6973103168
 H55            -1.0898696270             2.5945966231            -2.0813930130
 H56            -2.2251540782             4.8007440531            -2.4470274779
 H57            -1.7462424232             6.7152003449            -0.9130018465
 H58            -0.1764971679             6.4014697051             1.0099982678
 H59             0.8461285094             4.1791593560             1.4332956757
 H36             1.0346737615            -0.8478389313             0.3966686726
 H34            -1.8914641020            -0.0352300271            -0.1178450396
 H35            -1.1940833497            -0.4150414552             1.4668021830
 H32            -0.6284302268            -2.7348505303             0.6689963634
 H33            -1.3457006922            -2.3769674021            -0.9043249827
 H29            -3.5970019785            -1.9804879029             0.2026430090
 H30            -2.9862149511            -3.6173996076             0.5456449649
 H31            -2.8757137718            -2.3450856652             1.7877246799
&

