&gen
basis=6-31G**
igeopt=1
dftname=PBE-D3
ifreq=1
&
entry_name: J1_9950_2111.in
&zmat
C1         -1.7709110307        -1.0476847046         0.4202935799
C2         -1.3135493720        -2.1728640994         0.9841453014
C3         -2.2421270036        -3.1067349145         1.6948024412
C4         -0.8404985491        -0.0994706520        -0.3016229137
C5         -1.1659059435         0.1659438884        -1.7577345848
C6         -2.2183663105        -0.7204209099        -2.4598780219
C7         -1.6967683719        -2.1463982898        -2.7620890809
C8         -2.8718503506        -3.0939223132        -3.0346648701
C9         -0.7310555854        -2.1575022023        -3.9568869211
O10        -1.6280130232         1.4831611799        -1.5724924293
P11        -1.1736180193         1.6456998184         0.0809664715
C12        -2.8153585232         2.3096311494         0.5482952208
C13        -3.9981637247         1.7436585483         0.0383537456
C14        -5.2483199538         2.2512817405         0.4036865521
C15        -5.3370665692         3.3320601298         1.2817055335
C16        -4.1749077660         3.9079707897         1.7954541064
C17        -2.9233557783         3.4037501273         1.4322494708
C18        -0.6295990257         1.5254151396         1.8477331731
C19        -1.4890852188         0.9317933103         2.8024128775
C20        -1.1018768417         0.7880069485         4.1363141918
C21         0.1558960731         1.2196702144         4.5496442012
C22         1.0309000382         1.7892699462         3.6271767762
C23         0.6509195680         1.9352173374         2.2895557444
C24         0.0475087738         2.8828286109        -0.4494703887
C25        -0.2816061130         4.2482371690        -0.5074952118
C26         0.6501427852         5.1822529179        -0.9706023388
C27         1.9082175570         4.7616700860        -1.4061706893
C28         2.2316969534         3.4038025909        -1.3933853279
C29         1.3030001662         2.4668788326        -0.9319622807
H30        -2.8300427935        -0.8211366462         0.4822010930
H31        -0.2576098634        -2.4229237074         0.9315540236
H32        -3.0180664006        -3.4760017680         0.9912059518
H33        -2.7304247318        -2.5812778652         2.5427308429
H34        -1.6723486160        -3.9738233468         2.0891817783
H35         0.2327635256        -0.3504257291        -0.1554419335
H36        -0.2332023702         0.2074302375        -2.3596819152
H37        -2.5179353718        -0.2283916767        -3.4110196501
H38        -3.1376429970        -0.7798842373        -1.8452676160
H39        -1.1519700076        -2.5394222507        -1.8771668754
H40        -3.5371924277        -3.1443374407        -2.1461477478
H41        -3.4628267628        -2.7432078018        -3.9080913436
H42        -2.5003344322        -4.1206601724        -3.2399466169
H43        -0.4022330835        -3.1963891721        -4.1734669789
H44         0.1779307743        -1.5621871786        -3.7357473658
H45        -1.2222631884        -1.7444535896        -4.8639665294
H46        -3.9658689639         0.9154640818        -0.6475984634
H47        -6.1499975871         1.8061010194         0.0032399958
H48        -6.3060733822         3.7230660815         1.5637484515
H49        -4.2430049528         4.7445515762         2.4787835358
H50        -2.0388426544         3.8600900037         1.8571979648
H51        -2.4712598339         0.5776214613         2.5213054014
H52        -1.7793265486         0.3370283192         4.8499323371
H53         0.4555095959         1.1066398698         5.5835220099
H54         2.0124496760         2.1144251216         3.9477008913
H55         1.3811476153         2.3654166117         1.6283112918
H56        -1.2609202528         4.5998060124        -0.2261000757
H57         0.3908758282         6.2325726991        -1.0047287352
H58         2.6267764281         5.4862736691        -1.7667615493
H59         3.2013349585         3.0759022849        -1.7451064779
H60         1.5737498281         1.4204689055        -0.9348406327
&

