&zmat
 C3             -2.1312676616            -3.0144484476             2.0826405842
 C2             -1.2944195197            -2.0765132321             1.2665127429
 C1             -1.7721965360            -1.1927340146             0.3680617951
 C4             -0.9344383177            -0.2000148722            -0.3613481741
 C5             -1.3482803033             0.1617480698            -1.8088583885
 C6             -2.1595867322            -0.8619693449            -2.6063880701
 C7             -1.4492908012            -2.2089458580            -2.8504753766
 C8             -2.3972258507            -3.1870956920            -3.5605860495
 C9             -0.1411439195            -2.0496405174            -3.6428235079
 O10            -2.1159208111             1.3346414266            -1.5314019369
 P11            -1.3519017749             1.6216977534             0.1180854745
 C12            -2.8982794311             2.4990388020             0.6726932814
 C13            -4.1399167080             2.2590148504             0.0559394724
 C14            -5.2846094813             2.9470067039             0.4819401679
 C15            -5.1972008675             3.9005367692             1.5037623649
 C16            -3.9592796524             4.1603326185             2.1098045119
 C17            -2.8203044300             3.4524349263             1.7106521234
 C18            -0.6479328523             1.4541352235             1.8966433332
 C19            -1.4476602310             0.7957503482             2.8581472750
 C20            -0.9604787525             0.5173961232             4.1409509494
 C21             0.3428412814             0.8950322679             4.4952148946
 C22             1.1474029082             1.5533679339             3.5577508077
 C23             0.6570450262             1.8258516845             2.2707006041
 C24            -0.1270912681             2.8108924119            -0.5670855432
 C25            -0.4703980145             4.1652931290            -0.7393936043
 C26             0.4453644721             5.0597729375            -1.3055510124
 C27             1.7091531473             4.6153846585            -1.7178126189
 C28             2.0542360611             3.2674173907            -1.5594826529
 C29             1.1443575601             2.3690017965            -0.9852233272
 H32            -3.1981367995            -2.9475499423             1.8147169956
 H33            -2.0347086062            -2.7815868266             3.1597173403
 H34            -1.8091092245            -4.0639754846             1.9588387360
 H31            -0.2118728682            -2.0956636884             1.4548902052
 H30            -2.8561501472            -1.1483155306             0.1927536278
 H35             0.1376701430            -0.4103060037            -0.1923259423
 H36            -0.4330240896             0.4263730815            -2.3838868014
 H37            -2.4252566258            -0.3986017792            -3.5753845169
 H38            -3.1150810703            -1.0385680786            -2.0795824477
 H39            -1.2007861371            -2.6363947224            -1.8590294933
 H40            -3.3230183512            -3.3413571675            -2.9808256497
 H41            -2.6856149174            -2.8035025146            -4.5558598423
 H42            -1.9215402149            -4.1715201602            -3.7070902711
 H43             0.3252822311            -3.0308025443            -3.8345952169
 H44             0.5977115672            -1.4312415263            -3.1072503621
 H45            -0.3297297198            -1.5721820211            -4.6211436668
 H46            -4.1837488937             1.5437324740            -0.7672140970
 H47            -6.2476803056             2.7409433981             0.0045627882
 H48            -6.0908526911             4.4427598437             1.8286287941
 H49            -3.8810117825             4.9091291253             2.9041053404
 H50            -1.8636091906             3.6395381882             2.2066999464
 H51            -2.4759589008             0.5158428250             2.6070741783
 H52            -1.6024472231             0.0095621762             4.8685212034
 H53             0.7249395597             0.6838519591             5.4989720993
 H54             2.1610642256             1.8671798419             3.8285509324
 H55             1.3011448207             2.3513337182             1.5591964928
 H56            -1.4586863085             4.5200334739            -0.4337124900
 H57             0.1660474274             6.1108108528            -1.4287508438
 H58             2.4213993245             5.3169542145            -2.1624297233
 H59             3.0377131118             2.9095517573            -1.8794460561
 H60             1.4367697811             1.3225326055            -0.8547054724
&

