&gen
basis=6-31G**
igeopt=1
dftname=PBE-D3
ifreq=1
&
entry_name: J1_10042_2111.in
&zmat
C1          0.9506867185        -0.4770075903         0.3482000156
C2          1.2637476980        -1.4925557065         1.1617438286
C3          2.6430829486        -1.7884515135         1.6184608518
C4          2.8139358194        -2.5587484710         2.7817808923
C5          4.0952846575        -2.8657898942         3.2491486943
C6          5.2202640705        -2.4156444687         2.5555714842
C7          5.0658772550        -1.6626508915         1.3898466736
C8          3.7867520423        -1.3516644558         0.9175976665
C9         -0.4738201050        -0.2240019503        -0.0752224446
C10        -0.6032177922        -0.1461658162        -1.5756377397
C11        -1.4811978107        -1.2097834205        -2.2800208295
C12        -2.9852346975        -1.1473223677        -1.9140586862
C13        -3.7524264869        -2.4441429505        -2.2522412225
C14        -3.0697021732        -3.2534014373        -3.3595675540
C15        -1.6375992883        -3.6643450303        -2.9626506887
C16        -0.9231522013        -2.6293897542        -2.0672347976
O17        -1.1732076556         1.1352184601        -1.6132645878
P18        -0.9949041091         1.5215393400         0.0586049503
C19        -2.7515830339         1.9432319111         0.2171465961
C20        -3.2389938695         3.1841096530        -0.2258423478
C21        -4.5947039389         3.4997685918        -0.0941072388
C22        -5.4737813822         2.5864701849         0.4916827382
C23        -4.9957132886         1.3607801644         0.9588889642
C24        -3.6410974815         1.0429007743         0.8302000531
C25        -0.8621423805         1.8210910982         1.8732847367
C26        -0.8271078396         0.7656530104         2.8097525663
C27        -0.7581299107         1.0274304719         4.1811060758
C28        -0.7541005406         2.3418509085         4.6465086918
C29        -0.8374470827         3.3991710759         3.7419105014
C30        -0.9055392100         3.1438863104         2.3703600872
C31         0.2660072511         2.7891059698        -0.3427421573
C32         0.0632538295         3.6841503286        -1.4112470646
C33         1.0328190899         4.6364259913        -1.7383427379
C34         2.2247355889         4.7004690855        -1.0157879375
C35         2.4537414094         3.8054301198         0.0295727611
C36         1.4881256328         2.8510831405         0.3600846461
H37         1.7221908026         0.1644541419        -0.0487602850
H38         0.4633411533        -2.1100327442         1.5534065087
H39         1.9536118005        -2.9154720783         3.3352583903
H40         4.2156014666        -3.4537669701         4.1498967677
H41         6.2115580743        -2.6554447609         2.9179375750
H42         5.9390818399        -1.3247889238         0.8466824893
H43         3.7056290177        -0.7929003616        -0.0039321602
H44        -1.2103449889        -0.9141557515         0.3845586254
H45         0.3883627548        -0.1022774456        -2.0833080433
H46        -1.4030403533        -0.9891470449        -3.3690192529
H47        -3.1140657418        -0.9667687229        -0.8339365857
H48        -3.4497060756        -0.2915491091        -2.4512203011
H49        -3.8231271934        -3.0799861549        -1.3418311618
H50        -4.7893106194        -2.1917442323        -2.5629203082
H51        -3.6686591559        -4.1636583234        -3.5785571921
H52        -3.0391509998        -2.6419663277        -4.2882297287
H53        -1.0457925367        -3.8196751670        -3.8909793547
H54        -1.6698684981        -4.6378970833        -2.4264248541
H55        -1.0537995052        -2.9200864026        -1.0016440139
H56         0.1667507045        -2.6497201055        -2.2877129631
H57        -2.5787355947         3.9210603377        -0.6520602285
H58        -4.9625505544         4.4571727587        -0.4398945137
H59        -6.5224795206         2.8335356583         0.5944602591
H60        -5.6734068300         0.6592583004         1.4278830536
H61        -3.2849626899         0.1007533339         1.2244160465
H62        -0.8797797808        -0.2651612979         2.5068462313
H63        -0.7217964882         0.2066413252         4.8858749781
H64        -0.7047249304         2.5404258196         5.7093051499
H65        -0.8577024515         4.4191150142         4.1035103774
H66        -0.9962306082         3.9840161879         1.6941240753
H67        -0.8310309424         3.6351414712        -2.0158035746
H68         0.8631945077         5.3194532653        -2.5606815333
H69         2.9747057480         5.4375706138        -1.2719829793
H70         3.3819502453         3.8493609225         0.5845438809
H71         1.6951565118         2.1728766418         1.1768281455
&

