&gen
basis=6-31G**
igeopt=1
dftname=PBE-D3
ifreq=1
&
entry_name: J1_525_2111.in
&zmat
C1         -1.6257596032        -1.4030223290        -2.1892874217
C2         -0.9692266108        -0.4610090831        -1.2102705974
C3         -0.6197636464        -1.1375973712         0.1082555604
O4         -1.6302923802        -0.7735043051         1.0040624619
C5         -2.3935292200         0.2348635346         0.3757128577
C6         -3.8363352792        -0.2622180038         0.2139830480
C7         -2.3837871740         1.4918494509         1.2524692341
O8         -1.8634729678         0.5603249097        -0.8915546241
C9          0.7480544023        -0.7076578494         0.7111466888
C10         2.0299199522        -1.1698505795         0.0149191628
C11         1.8992097680        -2.2435861941        -1.0670693654
O12         2.6105004251        -0.0216167202        -0.5209366666
C13         2.0650398276         1.0508667708         0.2140008718
C14         3.0365849354         1.4573956403         1.3326976116
C15         1.8471028968         2.2370035570        -0.7298796406
O16         0.8258746062         0.6870745781         0.7818935013
O17        -1.0249122187        -2.3728254401        -2.6225796444
H18        -2.6390393577        -1.2157619906        -2.5303145542
H19        -0.0777029644        -0.0206381305        -1.6992173881
H20        -0.6381040813        -2.2447230651         0.0169934034
H21        -3.8557615109        -1.2089661871        -0.3648064791
H22        -4.4493592983         0.4934316666        -0.3224988945
H23        -4.2933653528        -0.4580726174         1.2077641383
H24        -2.7704766770         1.2600096104         2.2680666578
H25        -3.0156974143         2.2855273419         0.7990357842
H26        -1.3527894465         1.8875514046         1.3526641875
H27         0.7737077614        -1.1006331430         1.7527929782
H28         2.7240263821        -1.5747403562         0.7869980540
H29         1.3801485779        -1.8480861664        -1.9604388588
H30         2.9134604484        -2.5621293656        -1.3885558872
H31         1.3728071100        -3.1380069400        -0.6743824727
H32         4.0230563243         1.7393378005         0.9061328912
H33         2.6304266614         2.3191068512         1.9047235440
H34         3.1873193931         0.6124185725         2.0374421608
H35         1.3998925065         3.0928683759        -0.1799974370
H36         2.8119892209         2.5598849498        -1.1765331975
H37         1.1602540038         1.9551308224        -1.5538261020
&

