&gen
basis=6-31G**
igeopt=1
dftname=PBE-D3
ifreq=1
&
entry_name: J1_9982_2111.in
&zmat
Cl1          0.1081280308        -2.0834242703         2.2107091267
C2          1.4004104961        -1.2341934707         1.3640620242
C3          2.7000577909        -1.4021653332         1.8569968398
C4          3.7744017525        -0.7488132728         1.2575915422
C5          3.5588845914         0.0771556290         0.1581085561
C6          2.2688920281         0.2551991707        -0.3449301705
C7          1.1614421648        -0.3929990928         0.2438397565
C8         -0.2674808417        -0.1717320869        -0.2596128849
C9         -0.4553850802        -0.0104146775        -1.7523964596
C10        -1.3787714251        -1.0485903972        -2.3562239622
C11        -1.0276311147        -2.4077754011        -2.2801384765
C12        -1.8554117182        -3.3855301869        -2.8393614285
C13        -3.0339261928        -3.0158040869        -3.4915661927
C14        -3.3827601865        -1.6669915177        -3.5922805404
C15        -2.5573679626        -0.6849631125        -3.0364453535
O16        -1.0556784144         1.2647915263        -1.6891765726
P17        -0.9820274923         1.4805212792         0.0179297831
C18        -2.7932209114         1.6460956260         0.0243034598
C19        -3.4028894223         2.9122455411        -0.0178192152
C20        -4.7952340982         3.0277102273        -0.0713516369
C21        -5.5934202690         1.8830616148        -0.1068936163
C22        -4.9999140629         0.6200416011        -0.0986351381
C23        -3.6089098436         0.5000848959        -0.0433471922
C24        -0.7634038210         1.4258576952         1.8549193518
C25        -1.7831185188         0.9855608348         2.7303811245
C26        -1.5609330295         0.9026137028         4.1081756029
C27        -0.3163588674         1.2319792811         4.6414544986
C28         0.7145335417         1.6368271779         3.7969401921
C29         0.4988590624         1.7245299279         2.4202151350
C30        -0.0867574576         3.0797797157        -0.1631092883
C31         0.8069829654         3.3054470127        -1.2311028036
C32         1.4743585829         4.5266416378        -1.3622739849
C33         1.2470433298         5.5528811730        -0.4461902904
C34         0.3394715824         5.3654526006         0.5951508132
C35        -0.3301569634         4.1468635875         0.7308502203
H36         2.8784139678        -2.0392252438         2.7141260900
H37         4.7755375377        -0.8828230885         1.6464776673
H38         4.3946703434         0.5838448089        -0.3071408768
H39         2.1579948149         0.8995780593        -1.1959663759
H40        -0.9624317634        -0.9341184667         0.1420304670
H41         0.4825235478         0.0369069849        -2.3408258883
H42        -0.1147125525        -2.7089782957        -1.7808103967
H43        -1.5820040357        -4.4303331996        -2.7682780076
H44        -3.6740480913        -3.7740350850        -3.9237067296
H45        -4.2925969108        -1.3813927755        -4.1042473573
H46        -2.8468580667         0.3532588540        -3.1344242493
H47        -2.8158718230         3.8157020553        -0.0343100372
H48        -5.2553585152         4.0070629414        -0.0979888604
H49        -6.6708599538         1.9750105554        -0.1520956277
H50        -5.6176582722        -0.2677757717        -0.1388654783
H51        -3.1766655738        -0.4893549941        -0.0411795417
H52        -2.7530603890         0.6833337420         2.3774159097
H53        -2.3553250148         0.5692464629         4.7635742884
H54        -0.1472002509         1.1607380625         5.7080687869
H55         1.6873359369         1.8745495479         4.2075205891
H56         1.3313262006         2.0162015228         1.7942981745
H57         0.9773517693         2.5596034572        -1.9905266833
H58         2.1609695325         4.6809825954        -2.1847074651
H59         1.7632998634         6.4982562123        -0.5518690989
H60         0.1501093820         6.1671960700         1.2971849389
H61        -1.0369945496         4.0400221666         1.5431351658
&

