&gen
basis=6-31G**
igeopt=1
dftname=PBE-D3
ifreq=1
&
entry_name: J1_10354_2111.in
&zmat
C1         -4.7877521886         2.9487571145        -3.0552410444
C2         -4.1787845541         2.0418417887        -1.9898993753
C3         -3.3889890645         2.8579583385        -0.9547130679
C4         -2.8183510925         1.9940060878         0.1911029294
P5         -1.0258803035         1.5317318944        -0.0033947005
C6         -0.7083930323         1.7096343249         1.8323340704
C7         -1.5128976992         0.7483338123         2.7335370047
C8         -1.1274844164         0.9386176368         4.2056484838
C9         -1.9084709242        -0.0112628487         5.1094294106
C10         0.1152941583         2.9711032453        -0.3046820250
C11         0.4396883727         3.2625478518        -1.7810862866
C12         1.4002214277         4.4510047784        -1.9053269457
C13         1.7243129522         4.7478759879        -3.3666313856
O14        -1.2285741241         1.1285174434        -1.6699571309
C15        -0.6336074928        -0.1441721546        -1.6362878845
C16        -1.5385041914        -1.2177011056        -2.2061758766
C17        -1.0395811284        -2.0924354520        -3.1879905575
C18        -1.8554385830        -3.0905153484        -3.7295664021
C19        -3.1755445193        -3.2284346291        -3.2953765463
C20        -3.6806944197        -2.3707307120        -2.3160627542
C21        -2.8678825998        -1.3725234791        -1.7713705846
C22        -0.4523192780        -0.1954551948        -0.1437718670
C23         0.9715733420        -0.4647409164         0.3128142488
C24         2.0649286391         0.1410771202        -0.1368166299
C25         3.3031286935        -0.3695914518         0.5020492367
C26         2.8232919835        -1.4759928673         1.4430881727
C27         1.2976288080        -1.5087371689         1.3247414741
H28        -3.9881141497         3.5018947168        -3.5927171206
H29        -5.4884560070         3.6749412471        -2.5908576809
H30        -5.3495870815         2.3340831137        -3.7898106894
H31        -3.5219977318         1.3084758377        -2.4964843688
H32        -4.9976428916         1.4860484196        -1.4834175780
H33        -2.5872699033         3.4392350351        -1.4500753943
H34        -4.0871176924         3.6036132127        -0.5123859490
H35        -2.9531343631         2.6038928102         1.1086339031
H36        -3.4262852092         1.0794240706         0.3400466929
H37         0.3712452265         1.5382123816         2.0306884573
H38        -0.9220167672         2.7526666434         2.1540325106
H39        -1.3157655223        -0.3043160378         2.4586386975
H40        -2.6017117423         0.9293639487         2.6309746645
H41        -0.0404714370         0.7441849029         4.3370046334
H42        -1.3382943569         1.9851850226         4.5163255419
H43        -1.6936978655        -1.0666596774         4.8370598858
H44        -1.6085959593         0.1505990075         6.1662037286
H45        -2.9993017444         0.1772529922         5.0168333127
H46        -0.3586219435         3.8795098178         0.1262745368
H47         1.0738576368         2.8079296069         0.2318310733
H48        -0.4921674998         3.4990004384        -2.3351290065
H49         0.9113611190         2.3742714468        -2.2499274993
H50         0.9404766813         5.3544349814        -1.4484365133
H51         2.3466617344         4.2263332670        -1.3666091649
H52         0.7971640899         5.0008306487        -3.9238633125
H53         2.2090330827         3.8678883155        -3.8407568209
H54         2.4203746334         5.6110095566        -3.4250469135
H55         0.3301183736        -0.1012341015        -2.1894260353
H56        -0.0183199126        -2.0031247655        -3.5370684146
H57        -1.4633143778        -3.7576188246        -4.4863498897
H58        -3.8058538652        -4.0014776012        -3.7155464888
H59        -4.7024014252        -2.4807810029        -1.9761976905
H60        -3.2762984786        -0.7298008875        -1.0084166241
H61        -1.1706906717        -0.8931956249         0.3343890531
H62         2.0718815112         0.9134712741        -0.8932618729
H63         3.9911516695        -0.7733922051        -0.2712745175
H64         3.8001785625         0.4477691526         1.0672318871
H65         3.1284987975        -1.2557532695         2.4895856238
H66         3.2549449802        -2.4550253865         1.1397660952
H67         0.8275245928        -1.2627376756         2.2996825799
H68         0.9477412900        -2.5033653581         0.9734511338
&

