&zmat
 C2             -2.1656053317             0.0278813329            -0.6356595027
 C1             -1.1186497454            -0.4134018380             0.0893864164
 C3              0.3229611601            -0.2190162432            -0.2363365725
 C4              0.8176727610            -0.0268986387            -1.6778884869
 C5              1.4271008725            -1.2558356301            -2.3483773359
 C6              0.3913722674            -2.3600281181            -2.6063354777
 C7              0.9393156123            -3.5723544425            -3.3781286583
 C8              2.0263912876            -4.3522158904            -2.6273139854
 O9              1.8058717157             0.9881389637            -1.4396088415
 P10             1.1694745041             1.5073434056             0.1613973325
 C11             2.8345833547             2.3543175380             0.3945342323
 C12             3.2259126961             3.4129235211            -0.4461356870
 C13             4.4747930247             4.0254187666            -0.2821042128
 C14             5.3612833141             3.5704055441             0.7029808661
 C15             4.9869491651             2.5047996819             1.5321506773
 C16             3.7270690178             1.9092870589             1.3871015395
 C17             0.8180910875             1.5513967215             2.0415751990
 C18             0.8992253672             2.7844524638             2.7282366813
 C19             0.6774283795             2.8652372158             4.1068466363
 C20             0.4029939159             1.7031445722             4.8453165074
 C21             0.3520368326             0.4685322595             4.1889357006
 C22             0.5552516864             0.3978481710             2.8001337679
 C23            -0.0630731669             2.7505639549            -0.4405761580
 C24             0.0414634395             3.1993670128            -1.7736707231
 C25            -0.8886928825             4.1064648074            -2.2960142882
 C26            -1.9522942568             4.5593294397            -1.5039201278
 C27            -2.0830380700             4.0940402596            -0.1890062568
 C28            -1.1474431266             3.1954083888             0.3405420106
 H30            -2.0413317104             0.5803546613            -1.5713812199
 H31            -3.1921686260            -0.1489854159            -0.3039234662
 H29            -1.3325140559            -0.9382060352             1.0290045873
 H32             0.9462053155            -0.9950557570             0.2475563689
 H33             0.0015972955             0.3725014399            -2.3176017418
 H34             2.2505227201            -1.6214591543            -1.7077404075
 H35             1.8894472062            -0.9395538883            -3.3020791110
 H36            -0.0309260936            -2.6992791528            -1.6402831457
 H37            -0.4600831029            -1.9282203714            -3.1655613652
 H38             0.1005442377            -4.2530802231            -3.6120795284
 H39             1.3360539248            -3.2314063109            -4.3533970255
 H40             2.3465580093            -5.2418090924            -3.1941360737
 H41             1.6586402584            -4.6964283625            -1.6447067770
 H42             2.9226515444            -3.7358426930            -2.4475857694
 H43             2.5466215584             3.7771369398            -1.2205214452
 H44             4.7548227848             4.8630968679            -0.9288402040
 H45             6.3384080224             4.0475142209             0.8266144278
 H46             5.6721729329             2.1426103258             2.3050803082
 H47             3.4319808359             1.1014231376             2.0643665355
 H48             1.1370795823             3.6956753471             2.1688859264
 H49             0.7293061683             3.8363051637             4.6095562955
 H50             0.2394959637             1.7616747322             5.9256460249
 H51             0.1564325464            -0.4475524604             4.7554212828
 H52             0.5225977399            -0.5831062232             2.3178721274
 H53             0.8509103721             2.8056330905            -2.3957324212
 H54            -0.7868168262             4.4514262903            -3.3294895415
 H55            -2.6832058421             5.2635987064            -1.9131615059
 H56            -2.9212754001             4.4265230699             0.4311178775
 H57            -1.2684241603             2.8358497529             1.3643496318
&

