&gen
basis=6-31G**
igeopt=1
dftname=PBE-D3
ifreq=1
&
entry_name: J1_10410_2111.in
&zmat
C1         -1.2745887069        -0.3526332808         0.1162670880
C2         -2.3097753405         0.2308906420        -0.5011728899
C3          0.1826492438        -0.1451683789        -0.2548921991
C4          0.4544051655        -0.0729778648        -1.7371708480
C5          1.5258388927        -1.0551012378        -2.2373831580
C6          0.9976042821        -2.4979160634        -2.2598115403
C7          2.0140444585        -3.4865379872        -2.8505621883
C8          3.2046920520        -3.7327774279        -1.9237890121
O9          0.9598591425         1.2369264313        -1.7285280456
P10         0.8189126900         1.5517882744        -0.0377347581
C11         2.6075560751         1.8000884605         0.1056139881
C12         3.1831686158         3.0603235481        -0.1289186236
C13         4.5656893592         3.2370284361        -0.0195972856
C14         5.3847631529         2.1604163276         0.3275687323
C15         4.8212784157         0.9066198838         0.5736503965
C16         3.4394086010         0.7263896974         0.4671310349
C17         0.7231805215         1.7630666031         1.7933758310
C18         0.9302863601         3.0422672526         2.3601083069
C19         0.8947810030         3.2325664705         3.7431723047
C20         0.6724889416         2.1502488763         4.5921364830
C21         0.4965333458         0.8742977535         4.0589627866
C22         0.5308809726         0.6762614363         2.6753066481
C23        -0.2986209899         2.9645879960        -0.3597199640
C24         0.0119814442         3.8970697945        -1.3678100362
C25        -0.8394877788         4.9742415490        -1.6294753391
C26        -2.0163776078         5.1317880603        -0.8961797314
C27        -2.3469419828         4.2088203195         0.0967918795
C28        -1.4990391875         3.1302342145         0.3619827690
H29        -1.4921972711        -1.0604337524         0.9100862059
H30        -2.1686239300         0.9374144871        -1.3115499493
H31        -3.3227182451         0.0078278610        -0.1828963693
H32         0.8314640177        -0.8921751437         0.2461375663
H33        -0.4487305910        -0.1243679937        -2.3818846905
H34         2.4291890328        -0.9846882585        -1.5978207055
H35         1.8172318209        -0.7585260486        -3.2684460792
H36         0.7155925167        -2.8219173117        -1.2345969581
H37         0.0791769084        -2.5321976542        -2.8858684278
H38         1.5002045808        -4.4573217085        -3.0214768095
H39         2.3771561083        -3.1208527612        -3.8355889755
H40         3.8378896552        -4.5419741936        -2.3446768502
H41         2.8559478558        -4.0454690458        -0.9166120871
H42         3.8288138747        -2.8200311704        -1.8320910202
H43         2.5705830588         3.9137195174        -0.3747958477
H44         5.0017572322         4.2111877437        -0.1994017740
H45         6.4547371005         2.2993588918         0.4126357477
H46         5.4550368398         0.0742873499         0.8511580270
H47         3.0230112012        -0.2483719125         0.6779546455
H48         1.1197411516         3.9008789637         1.7298570201
H49         1.0454467797         4.2213738897         4.1567495756
H50         0.6474826253         2.2982117317         5.6640133199
H51         0.3411289134         0.0318882803         4.7207754748
H52         0.4184360167        -0.3347035936         2.3261101229
H53         0.9060943748         3.7883708834        -1.9665269815
H54        -0.5884376562         5.6848988057        -2.4062852085
H55        -2.6748236646         5.9659488151        -1.1011945635
H56        -3.2625376874         4.3277538377         0.6615552044
H57        -1.7816526970         2.4293047023         1.1359810448
&

