&gen
basis=6-31G**
igeopt=1
dftname=PBE-D3
ifreq=1
&
entry_name: J1_10465_2111.in
&zmat
C1         -2.4278334811         4.1993168450         1.7028793149
C2         -3.3016647025         3.1752388303         1.0314228429
C3         -4.6897705339         3.3469366295         1.1884562769
C4         -5.5908217336         2.4219816453         0.6708642579
C5         -5.1223598769         1.2959784481         0.0078938016
C6         -3.7524474519         1.0954495464        -0.1471901339
C7         -2.8075095364         2.0218536506         0.3361896067
P8         -1.0202030960         1.6184701085         0.0722723825
C9         -0.7266453202         1.7080106595         1.9224660390
C10        -1.5306946710         0.8097527410         2.6722514104
C11        -1.4140194531         0.6695500510         4.0498650733
C12        -0.4796032370         1.4139331147         4.7447978309
C13         0.3313773487         2.3124022589         4.0658193143
C14         0.2256695948         2.5014763495         2.6695185606
C15         1.1878146664         3.5181244350         2.1101363646
C16         0.0748233646         2.9155994526        -0.6367470045
C17         1.4551970156         2.6390897390        -0.7357157734
C18         2.3495954380         3.5672977711        -1.2668814673
C19         1.8830987961         4.7734922030        -1.7715233845
C20         0.5148753892         5.0207654147        -1.8166364998
C21        -0.4077896100         4.0759950691        -1.3291607250
C22        -1.8583831428         4.3356859264        -1.6563580695
O23        -1.2526734258         1.2189465017        -1.5897467264
C24        -0.5999445225        -0.0281711557        -1.5798443935
C25        -1.3991496220        -1.1356293815        -2.3103102740
C26        -0.6345934352        -2.4835399128        -2.2301451596
C27        -0.9872794694        -3.4109597051        -3.3964720359
C28        -0.5929175109        -2.7891670427        -4.7505613855
C29        -0.6588027138        -1.2486824866        -4.7581834893
C30        -1.7124574795        -0.7237580937        -3.7766724866
C31        -0.5284433949        -0.1470595473        -0.0761375531
C32         0.8651242528        -0.5330708858         0.4866869806
Si33         0.8905664078        -2.1262421681         1.5013542825
C34        -0.7907938730        -2.8085274799         1.9626441918
C35         1.8064117105        -1.7686306654         3.0891921240
C36         1.8394851864        -3.4418851074         0.5749284900
H37        -2.2619754432         3.9132654492         2.7619852013
H38        -2.9096912322         5.2003038218         1.6855581087
H39        -1.4651459435         4.3102933222         1.1888162704
H40        -5.0803821029         4.2031048093         1.7256156499
H41        -6.6552062287         2.5715541757         0.7986664056
H42        -5.8228531664         0.5672179956        -0.3793703029
H43        -3.4363285149         0.1960308505        -0.6389271400
H44        -2.2710726637         0.1915596957         2.1841100167
H45        -2.0468419848        -0.0320668582         4.5780808048
H46        -0.3802148543         1.2945236356         5.8160527608
H47         1.0546444306         2.8704921708         4.6487655888
H48         0.7211870450         4.2009122807         1.3843742359
H49         2.0823163235         3.0037302562         1.7094558706
H50         1.5611157626         4.2013984547         2.9029984397
H51         1.8683773303         1.7228159377        -0.3613713719
H52         3.4099654069         3.3502354307        -1.2807117488
H53         2.5792500550         5.4984680862        -2.1732052144
H54         0.1702447193         5.9346111750        -2.2859532516
H55        -1.9423485194         4.8770911358        -2.6231350517
H56        -2.4340509739         3.4053801444        -1.8003871300
H57        -2.3254681401         4.9781116731        -0.8866346354
H58         0.4000050202         0.1001151969        -2.0518531923
H59        -2.3731830560        -1.2858935634        -1.8040173331
H60        -0.8847655501        -2.9927473103        -1.2767916507
H61         0.4651322707        -2.3139168396        -2.2427423551
H62        -2.0815656264        -3.6103739694        -3.3816799493
H63        -0.4664853516        -4.3846355680        -3.2692879996
H64        -1.2691133557        -3.1916566328        -5.5359867490
H65         0.4413904596        -3.1017489724        -5.0126915739
H66         0.3339908056        -0.8317604129        -4.4797178517
H67        -0.8953319129        -0.8930763750        -5.7843071771
H68        -2.7018118890        -1.1405767315        -4.0691871228
H69        -1.7944994592         0.3791606228        -3.8823125193
H70        -1.3454811438        -0.7859157133         0.3097467276
H71         1.6149749540        -0.6546519560        -0.3221858991
H72         1.2503124952         0.2464903554         1.1691226548
H73        -0.6533111427        -3.7278097772         2.5677461874
H74        -1.3682165071        -3.0623017144         1.0520316624
H75        -1.3476759609        -2.0641806262         2.5641973511
H76         1.8730303654        -2.6951197958         3.6954336122
H77         2.8276816454        -1.4056681333         2.8531633876
H78         1.2612819566        -0.9902209793         3.6614680502
H79         2.8397147988        -3.0500145675         0.2985865443
H80         1.9596466301        -4.3333131082         1.2239829355
H81         1.2898117511        -3.7306874672        -0.3420937421
&

