&zmat
 C1              4.4370495575             0.9538076581            -0.5606776495
 C2              3.0059323378             0.4214708027            -0.6943105587
 C3              2.5857791689            -0.4634525507             0.4896104586
 C4              1.1869610450            -1.0887000624             0.3561037620
 C5              0.0321527042            -0.0761243666             0.3542514832
 C6             -1.3497407879            -0.7385724898             0.2740858313
 C7             -2.5046545024             0.2700055993             0.2668668088
 C8             -3.8795015921            -0.3931648617             0.1769727023
 C9             -5.0400742756             0.5767252426             0.1636680501
 O10            -4.9291236003             1.7916814777             0.2195138845
 H11             5.1655602097             0.1269044444            -0.4989274667
 H12             4.5513663261             1.5619252008             0.3532311588
 H13             4.7192657547             1.5852044127            -1.4189998632
 H14             2.3077782276             1.2726274053            -0.7932305232
 H15             2.9105253221            -0.1602972992            -1.6313377255
 H16             2.6342377452             0.1308469372             1.4233483328
 H17             3.3304463558            -1.2733440214             0.6084898861
 H18             1.0309170348            -1.8036350001             1.1861833232
 H19             1.1441884652            -1.6904107138            -0.5732489727
 H20             0.1429255228             0.6241191846            -0.4947353133
 H21             0.0890349041             0.5455342772             1.2693482155
 H22            -1.4007769549            -1.3657033811            -0.6379227686
 H23            -1.4718947680            -1.4364382708             1.1258836887
 H24            -2.4672587932             0.8969210484             1.1759112821
 H25            -2.3899690549             0.9726216443            -0.5781799243
 H26            -4.0506505105            -1.0981538342             1.0169708395
 H27            -3.9703682627            -1.0261075803            -0.7303597361
 H28            -6.0548189103             0.0933334920             0.0966417932
&

