&gen
basis=6-31G**
igeopt=1
dftname=PBE-D3
ifreq=1
&
entry_name: J1_3895_2111.in
&zmat
Cl1          6.0967784954        -1.7656904777        -2.2518535411
C2          4.7135828352        -1.0578699731        -1.4379643420
C3          3.4595431342        -1.6663748535        -1.5316005543
C4          2.3556537318        -1.1046834465        -0.8837475933
C5          2.4931309786         0.0818383094        -0.1340180934
C6          1.3581311659         0.7261810409         0.5752926045
P7         -0.2152776199         0.3378702783         0.3394431382
C8         -1.2551860073         1.4794220512         1.2696912199
C9         -2.4493479673         1.9695261816         0.7167862297
C10        -3.2759005845         2.8148873981         1.4632312478
C11        -2.9271988286         3.1594426834         2.7716837927
C12        -1.7562025935         2.6504610297         3.3390871575
C13        -0.9273382109         1.8051028724         2.5953453543
C14        -0.6179631667        -1.3004635625         0.9782924431
C15        -1.9133726954        -1.8103481762         0.8023267374
C16        -2.2554505172        -3.0622725676         1.3216573119
C17        -1.3117664607        -3.8052659855         2.0355018005
C18        -0.0276587010        -3.2927962783         2.2379060714
C19         0.3175142583        -2.0406742287         1.7201231061
C20        -0.5541303336         0.5065570640        -1.4257255294
C21        -0.4201281290         1.7643188521        -2.0334117149
C22        -0.6584866032         1.9154900879        -3.4024475607
C23        -1.0235430751         0.8102465741        -4.1752040893
C24        -1.1469287240        -0.4478182373        -3.5798329001
C25        -0.9104854865        -0.6022502860        -2.2104400577
C26         3.7627988230         0.6780819799        -0.0419254393
C27         4.8643662323         0.1132720458        -0.6913646907
H28         3.3388054070        -2.5776204873        -2.1035588363
H29         1.4068150060        -1.6118874939        -0.9653534426
H30         1.5736233200         1.5838257619         1.1994280433
H31        -2.7489788994         1.6956179059        -0.2858646039
H32        -4.1911580994         3.1967129677         1.0296787643
H33        -3.5694963091         3.8116180086         3.3492074153
H34        -1.4943970445         2.9049222462         4.3579794451
H35        -0.0354062339         1.4007424887         3.0566277669
H36        -2.6572977297        -1.2390562261         0.2611671319
H37        -3.2534775526        -3.4542776209         1.1745471932
H38        -1.5778442598        -4.7737964126         2.4386682806
H39         0.6990263515        -3.8634419865         2.8015890598
H40         1.3110464425        -1.6552599017         1.9038496198
H41        -0.1331033369         2.6274340205        -1.4458144719
H42        -0.5578437026         2.8889756033        -3.8645672309
H43        -1.2061577699         0.9276162251        -5.2355145364
H44        -1.4215537791        -1.3050958414        -4.1807440366
H45        -0.9946428264        -1.5878626074        -1.7755094755
H46         3.9024827538         1.5871643041         0.5304626946
H47         5.8344243121         0.5874786701        -0.6131108894
&

