&gen
basis=6-31G**
igeopt=1
dftname=PBE-D3
ifreq=1
&
entry_name: J1_5010_2111.in
&zmat
C1          1.7936692998        -2.8262935426        -0.8176871774
C2          0.7342788412        -1.8215629621        -1.1861914895
O3          1.2238343465        -0.9736849920        -2.1991430480
C4          1.5844170167         0.2521945052        -1.6023859151
C5          1.0972327607         0.3066290970        -0.1877586545
O6          2.2279469781         0.3215691703         0.6294129106
C7          3.3076243278         0.6318216628        -0.2210033919
C8          3.6687219401         2.1163862716        -0.0690179360
C9          4.5059105577        -0.2357225569         0.1713909877
O10         2.9747714592         0.3665729776        -1.5651370294
C11         0.3055391164        -0.9668541172         0.0054850009
O12        -1.0816436764        -0.6929574425        -0.1042609049
C13        -1.6403330924        -0.4415608189         1.1685512719
C14        -3.0377605803         0.0751175339         0.9893179913
C15        -3.2599887731         1.4441549578         0.7664269896
C16        -4.5578918621         1.9222283743         0.5601060175
C17        -5.6392211281         1.0366813590         0.5623374077
C18        -5.4238166033        -0.3292720389         0.7656333617
C19        -4.1273986548        -0.8115307877         0.9722234546
O20         1.5468002611        -3.7228184497        -0.0266348803
H21         2.7783598613        -2.7731683952        -1.2706446086
H22        -0.1374610157        -2.3841580702        -1.5871627468
H23         1.1589659038         1.0893255187        -2.1974229058
H24         0.4880285938         1.2192371662         0.0013982652
H25         4.5280854620         2.3755913110        -0.7239525802
H26         2.8040400271         2.7511419558        -0.3577044982
H27         3.9354525011         2.3448976941         0.9851467179
H28         4.2442920113        -1.3102998427         0.0806633148
H29         4.8019696070        -0.0362393872         1.2237013509
H30         5.3715241194        -0.0263666959        -0.4931533822
H31         0.5655443454        -1.4711976074         0.9699880786
H32        -1.0462383402         0.3135600989         1.7342076440
H33        -1.6635680564        -1.3803600386         1.7670684301
H34        -2.4292059095         2.1390266904         0.7514991044
H35        -4.7248887841         2.9786935176         0.3943469485
H36        -6.6429870409         1.4080161571         0.4010262530
H37        -6.2610759315        -1.0151624034         0.7590079588
H38        -3.9735298887        -1.8736358700         1.1178569120
&

