&gen
basis=6-31G**
igeopt=1
dftname=PBE-D3
ifreq=1
&
entry_name: J1_10435_2111.in
&zmat
C1          2.0158054741        -0.6149013307        -0.8699413552
C2          0.9221279494        -0.4767610526         0.1533862068
O3          1.2123617411        -0.6454557101         1.3275208097
C4         -0.5298177058        -0.1914748679        -0.2019772580
C5         -0.8563148781        -0.0844279020        -1.6760960025
C6         -1.9650543016        -1.0360041899        -2.1352409936
Cl7         -2.3549551172        -0.7450158842        -3.8492344936
O8         -1.3169390633         1.2400026845        -1.6377547673
P9         -1.0199070595         1.5546664532         0.0288163712
C10        -2.7498363379         2.0100164116         0.2957060175
C11        -3.1519469707         3.3562391781         0.2729042597
C12        -4.4914491630         3.6963559722         0.4837873224
C13        -5.4382171297         2.6982139387         0.7254027030
C14        -5.0448648887         1.3586108066         0.7651563319
C15        -3.7063182613         1.0148288252         0.5555776067
C16        -0.7872365296         1.7643252841         1.8468503453
C17        -1.0076108870         0.6920042014         2.7389512467
C18        -0.8911400717         0.8701895787         4.1203532534
C19        -0.5943498432         2.1274713785         4.6434125460
C20        -0.4374587497         3.2153845762         3.7868986918
C21        -0.5527669826         3.0433275117         2.4052643424
C22         0.2178496700         2.8123608961        -0.4325299564
C23        -0.1114849406         3.8240817124        -1.3530080736
C24         0.8394882228         4.7750556083        -1.7338486940
C25         2.1323449974         4.7218328425        -1.2097101060
C26         2.4775232329         3.7144555990        -0.3070323093
C27         1.5299861505         2.7613292211         0.0761288786
H28         2.9930363096        -0.7977829377        -0.3739094142
H29         1.7997501600        -1.4735497376        -1.5393397902
H30         2.1031816609         0.3181756610        -1.4643681888
H31        -1.2127312468        -0.9024492753         0.3062079936
H32         0.0096134731        -0.1491257477        -2.3634581283
H33        -1.6229622587        -2.0863838285        -2.0226594448
H34        -2.8872344640        -0.8926030141        -1.5361056094
H35        -2.4335083995         4.1468866185         0.1153240226
H36        -4.7944064070         4.7352765971         0.4661355418
H37        -6.4745051016         2.9633603916         0.8903088905
H38        -5.7765046006         0.5862150629         0.9639388514
H39        -3.4182172953        -0.0251466716         0.6119673586
H40        -1.2904499410        -0.2862260657         2.3881242422
H41        -1.0475049755         0.0325189594         4.7878413730
H42        -0.5101531581         2.2634596097         5.7138562680
H43        -0.2411435996         4.1987474342         4.1943744885
H44        -0.4747209696         3.9220806021         1.7806512674
H45        -1.0992259116         3.8705309352        -1.7918414579
H46         0.5751551480         5.5501277248        -2.4415483297
H47         2.8677064348         5.4585178546        -1.5062356021
H48         3.4804159018         3.6722379801         0.0977299171
H49         1.8191710994         2.0003304272         0.7864293714
&

