&gen
basis=6-31G**
igeopt=1
dftname=PBE-D3
ifreq=1
&
entry_name: J1_10132_2111.in
&zmat
C1          3.1796610490        -0.7211020431         2.7182097735
C2          2.6278636196        -1.7708490837         1.7617904599
O3          1.3276543015        -1.4058431989         1.3031407768
C4          1.0987898797        -0.4402665493         0.3165499673
O5          2.0652868948         0.1777204743        -0.2075808611
C6         -0.3188362292        -0.1806494517        -0.1213551662
C7         -0.4917779300        -0.1134713661        -1.6209641661
C8         -1.5096484082        -1.1234709725        -2.1953588382
C9         -1.9043115964        -0.7394344846        -3.6454250056
C10        -2.4028236791        -1.9330384875        -4.4868527045
C11        -3.0185143727        -3.0303842236        -3.6139612597
C12        -1.9964166409        -3.5936955398        -2.6067896549
C13        -0.9486152408        -2.5579227367        -2.1489729249
O14        -1.0010715988         1.1996107497        -1.6553444554
P15        -0.9041071553         1.5348316096         0.0305040752
C16        -2.6953788751         1.8393886027         0.0003790905
C17        -3.5992577028         0.7769042692         0.1896176426
C18        -4.9767007629         0.9895897918         0.0885833582
C19        -5.4673689665         2.2571781007        -0.2288152669
C20        -4.5799669451         3.3107571421        -0.4559570038
C21        -3.2011763476         3.1018203150        -0.3556558754
C22        -0.6709411595         1.6482263697         1.8657282169
C23        -1.7298905168         1.5023254679         2.7933567664
C24        -1.4959130005         1.5733421826         4.1700920558
C25        -0.2070607115         1.7817484725         4.6555916809
C26         0.8545660656         1.9156616098         3.7651195409
C27         0.6290470409         1.8416016525         2.3890768151
C28         0.1426497378         3.0045993826        -0.2744125266
C29         1.2014018429         2.9606765822        -1.2016165725
C30         1.9988028937         4.0867446524        -1.4257313400
C31         1.7490600902         5.2723805346        -0.7331667625
C32         0.6984418719         5.3355345581         0.1829704077
C33        -0.1017511064         4.2127807526         0.4100479287
H34         3.3177671762         0.2469486491         2.1940276164
H35         2.4816520479        -0.5822284219         3.5703394024
H36         4.1629914880        -1.0548399722         3.1109471251
H37         3.3177079023        -1.9103689687         0.9011865202
H38         2.5521145153        -2.7381048915         2.3016267277
H39        -1.0232354026        -0.8800507796         0.3764889609
H40         0.4681259147        -0.1577826809        -2.1827047423
H41        -2.4321239910        -1.0984917754        -1.5765267050
H42        -1.0389519980        -0.2835839084        -4.1756633877
H43        -2.7034873001         0.0329985839        -3.6002015269
H44        -3.1546913603        -1.5792669090        -5.2250271399
H45        -1.5512686099        -2.3655131339        -5.0573807524
H46        -3.8892982231        -2.6086748017        -3.0648801280
H47        -3.3954163005        -3.8528516010        -4.2595111343
H48        -2.5479768472        -3.9763993838        -1.7204354587
H49        -1.4662805364        -4.4576127227        -3.0637638773
H50        -0.6179945938        -2.8143567912        -1.1193033602
H51        -0.0559920563        -2.6215279393        -2.8104803335
H52        -3.2440269930        -0.2099829844         0.4482490126
H53        -5.6638118961         0.1701470963         0.2553326430
H54        -6.5342255253         2.4203946658        -0.3098460902
H55        -4.9601180494         4.2878384704        -0.7248884847
H56        -2.5402841445         3.9222949207        -0.5872919160
H57        -2.7464336468         1.3336448834         2.4920446186
H58        -2.3198190610         1.4637278336         4.8637011899
H59        -0.0308105009         1.8357969096         5.7220920240
H60         1.8576579981         2.0722223916         4.1404880564
H61         1.4809340050         1.9454605096         1.7321659926
H62         1.4119293963         2.0643267567        -1.7649627087
H63         2.8101034178         4.0403019635        -2.1406938581
H64         2.3679621541         6.1428027049        -0.9084627524
H65         0.5039832283         6.2551797738         0.7194946729
H66        -0.9053997661         4.2846849603         1.1315588920
&

