&gen
basis=6-31G**
igeopt=1
dftname=PBE-D3
ifreq=1
&
entry_name: J1_10251_2111.in
&zmat
C1         -1.1445381962        -0.5093036338         0.2155974823
C2         -1.5865684616        -1.7258600640         0.5579571166
C3         -2.9080499195        -1.9152547668         1.2530760733
C4         -2.9499009512        -1.2481076127         2.6415234828
C5         -1.8248595828        -1.6943048441         3.5930621866
C6         -1.9130228836        -3.1739772499         3.9616597138
C7          0.2332169201        -0.3267303169        -0.3669910569
C8          0.2411516909        -0.1524225978        -1.8634257588
C9          1.1758508211        -1.1453151367        -2.5755769492
C10         1.0793249614        -1.0676911511        -4.1072424909
C11         1.6584030612         0.2397005332        -4.6755610242
C12         1.7209933173         0.2291257375        -6.2111861012
C13         2.9446179296        -0.5374073427        -6.7441965354
C14         2.9567847453        -0.6124947919        -8.2853455531
C15         2.4900267075        -1.9696716006        -8.8387720509
C16         1.0110094422        -2.2558819418        -8.5548573998
O17         0.5992828735        -3.4529979510        -9.2120470866
C18         0.3298354895        -3.5254192240       -10.5833266530
C19        -0.0694931810        -4.8297986626       -11.1845327446
O20         0.3730956037        -2.4928458103       -11.3060458895
O21         0.7825019039         1.1470085905        -1.8630212483
P22         0.8856175573         1.3471857752        -0.1591243275
C23         2.6896651377         1.6561971368        -0.2812905239
C24         0.8773385052         1.2632258169         1.6831321655
C25         1.8535147994         0.4943186693         2.3539405861
C26         1.8187131832         0.3391930948         3.7422339627
C27         0.7914517145         0.9171468186         4.4861971170
C28        -0.2139166293         1.6350392547         3.8407088571
C29        -0.1848712001         1.7939029064         2.4525701003
C30        -0.0923484022         2.8692689681        -0.2788773408
C31        -1.3703194159         2.8657483047        -0.8651829703
C32        -2.1071839053         4.0500955985        -0.9579937401
C33        -1.5724793050         5.2478264445        -0.4775718669
C34        -0.2964503471         5.2644616708         0.0903911998
C35         0.4442895049         4.0827354833         0.1842480289
H36        -1.7658016821         0.3558032916         0.4186526531
H37        -0.9721796482        -2.6007887525         0.3631142360
H38        -3.7149749125        -1.4869752366         0.6199947749
H39        -3.1156531871        -3.0013428623         1.3538154347
H40        -2.8882576246        -0.1451680738         2.5179246813
H41        -3.9339263597        -1.4630683063         3.1119342757
H42        -0.8299065922        -1.4809438036         3.1468528566
H43        -1.9007728851        -1.0962059037         4.5268692614
H44        -1.7001785668        -3.8103579402         3.0776935936
H45        -1.1586365747        -3.4047242170         4.7430480080
H46        -2.9211956598        -3.4160016802         4.3599642308
H47         0.9654565666        -1.0766754055         0.0088745316
H48        -0.7797574873        -0.1497316618        -2.3076924316
H49         0.8867235594        -2.1751235372        -2.2709986519
H50         2.2285770608        -0.9856140434        -2.2531390983
H51         0.0183040713        -1.1765858793        -4.4221128515
H52         1.6374628429        -1.9334325839        -4.5204301626
H53         1.0000679412         1.0814133349        -4.3733674600
H54         2.6700317976         0.4313827524        -4.2548735975
H55         0.7783540570        -0.1896927466        -6.6213308680
H56         1.7909320698         1.2819330635        -6.5631570576
H57         3.8591244106         0.0000873516        -6.4092452751
H58         2.9957688793        -1.5572419857        -6.3089192173
H59         4.0024346486        -0.4580678859        -8.6311255417
H60         2.3535631387         0.2070356823        -8.7348555962
H61         3.1136320051        -2.7857379991        -8.4128475086
H62         2.6543289116        -1.9658676321        -9.9376011775
H63         0.8698040084        -2.4018612075        -7.4638220068
H64         0.3736539603        -1.4042282345        -8.8794866192
H65        -1.1765790001        -4.8946928945       -11.2252652961
H66         0.3416609864        -4.9179885218       -12.2123067756
H67         0.3224227191        -5.6664617970       -10.5690452817
H68         2.9053304643         2.2737044035        -1.1782295516
H69         3.2298621103         0.6924546056        -0.3825173650
H70         3.0731727539         2.2135573328         0.5985171932
H71         2.6363741471        -0.0103502863         1.8054202995
H72         2.5816707024        -0.2454534309         4.2397880750
H73         0.7611082030         0.7881658992         5.5603207038
H74        -1.0306823463         2.0530339743         4.4149171958
H75        -1.0173421031         2.3072362664         1.9953273771
H76        -1.7951646103         1.9553749680        -1.2633001834
H77        -3.0915915114         4.0400889072        -1.4077507172
H78        -2.1444070137         6.1637669264        -0.5506765443
H79         0.1194597753         6.1936819220         0.4577698970
H80         1.4298959056         4.1132758083         0.6296352992
&

