&zmat
 C6             -2.0530627623            -3.4020506426              4.1685060928
 C5             -2.1132810229            -1.8986396293              3.8717331406
 C4             -2.9767153312            -1.5314642526              2.6528247451
 C3             -2.5091574480            -2.1343200666              1.3046628874
 C2             -1.1109710556            -1.7416104017              0.9140405954
 C1             -0.8009482211            -0.9082901135             -0.0997839130
 C7              0.5712648559            -0.4908678379             -0.4858678427
 C8              0.9071006118            -0.3644654767             -1.9815640933
 C9              1.8110217837            -1.4595789519             -2.5583925994
 C10             2.0038405254            -1.3655905152             -4.0826707169
 C11             2.7814083938            -0.1253295203             -4.5629889363
 C12             2.7529329342             0.0596413664             -6.0887724048
 C13             3.5525370835            -0.9884491447             -6.8868291092
 C14             3.2480415426            -0.9877848776             -8.4028688606
 C15             2.1798197876            -2.0091168081             -8.8407468532
 C16             0.8286276984            -1.8448790865             -8.1463164086
 O17            -0.0967182183            -2.8848941727             -8.5715054415
 C18            -0.8090585135            -2.6124028316             -9.7034585295
 C19            -1.7329183446            -3.7668975705            -10.0269390324
 O20            -0.7188770587            -1.5745592622            -10.3423449131
 O21             1.5263569506             0.9214275357             -1.9797363759
 P22             1.1142901282             1.3559974101             -0.2381954561
 C23             2.8409252332             2.0207750951             -0.0754483992
 C24             0.7082623446             1.3515750213              1.6361145207
 C25             1.6899686495             0.9911380057              2.5810062604
 C26             1.3853774518             0.8684246283              3.9454618921
 C27             0.0810844820             1.1046572873              4.3977992938
 C28            -0.9162408079             1.4407984054              3.4718073529
 C29            -0.6074205712             1.5442196177              2.1091422528
 C30            -0.0083188724             2.7419501058             -0.7239550871
 C31            -0.6959431748             2.7095425611             -1.9513713306
 C32            -1.5286071769             3.7722013739             -2.3259040162
 C33            -1.6516660109             4.8969564498             -1.4993780657
 C34            -0.9419027940             4.9539649080             -0.2918375758
 C35            -0.1361529427             3.8781888203              0.1004926087
 H44            -1.5647411803            -3.9630687236              3.3536338221
 H45            -1.4839540930            -3.6049183204              5.0903294746
 H46            -3.0643724656            -3.8255482864              4.2999302109
 H42            -1.0926006529            -1.5000666746              3.7324978804
 H43            -2.5179336811            -1.3689365668              4.7538753534
 H40            -2.9987137270            -0.4321273331              2.5489505008
 H41            -4.0195514526            -1.8551342993              2.8339356863
 H38            -3.2122984724            -1.8183008327              0.5139184430
 H39            -2.5794500217            -3.2378763660              1.3598847506
 H37            -0.2909037662            -2.1536606436              1.5188053388
 H36            -1.6173297986            -0.4843524140             -0.7035328223
 H47             1.3305011210            -1.0806913935              0.0631469149
 H48            -0.0410427213            -0.3538300699             -2.5731993596
 H49             1.3613593963            -2.4394335853             -2.3089312477
 H50             2.7879581969            -1.4107130672             -2.0398421725
 H51             1.0004184057            -1.3636520536             -4.5563866529
 H52             2.5000643023            -2.2883929509             -4.4361707216
 H53             2.3562195016             0.7662589570             -4.0734522373
 H54             3.8289757972            -0.1908786039             -4.2086059947
 H55             1.6970068807             0.0651195464             -6.4213701560
 H56             3.1419165282             1.0623456109             -6.3471142537
 H57             4.6286389331            -0.8020978631             -6.7171072349
 H58             3.3641565736            -2.0022703315             -6.4843189812
 H59             4.1673470923            -1.2095931510             -8.9725430258
 H60             2.9395890877             0.0281357556             -8.7161462906
 H61             2.5472123380            -3.0330845215             -8.6430142156
 H62             2.0140932407            -1.9277155940             -9.9289383262
 H63             0.9068221170            -1.9819563452             -7.0570169614
 H64             0.3871007027            -0.8580846481             -8.3653055232
 H65            -2.5275080294            -3.8310929850             -9.2657919298
 H66            -2.1852768683            -3.6066431892            -11.0133943315
 H67            -1.1830681578            -4.7200979959            -10.0067672113
 H68             3.0835976870             2.4971567874             -1.0343971880
 H69             3.5457214591             1.1878998609              0.0722934891
 H70             2.9276754511             2.7294021229              0.7604227050
 H71             2.7205528372             0.8049848877              2.2595734607
 H72             2.1723698798             0.5956811370              4.6560908003
 H73            -0.1596982757             1.0201159309              5.4619788225
 H74            -1.9424997734             1.6151984159              3.8113389546
 H75            -1.4034310172             1.8027808971              1.4036875253
 H76            -0.5478501187             1.8610496937             -2.6221331596
 H77            -2.0710747893             3.7260966282             -3.2751595443
 H78            -2.2933684115             5.7314448083             -1.7985668585
 H79            -1.0206598397             5.8351766307              0.3521579669
 H80             0.3905639464             3.9182217448              1.0582787670
&

