&gen
basis=6-31G**
igeopt=1
dftname=PBE-D3
ifreq=1
&
entry_name: J1_9858_2111.in
&zmat
C1         -4.5093323993        -2.2510271417        -6.5081797703
C2         -3.4329607052        -2.5173654168        -5.4598258335
C3         -4.0462089325        -2.6441572951        -4.0580369809
C4         -3.0203712497        -3.0750056598        -2.9945945881
C5         -1.8787650747        -2.0705065895        -2.7601483011
C6         -2.3831789467        -0.6931639835        -2.3001717335
C7         -1.2542363450         0.1501257164        -1.6751176191
O8         -1.6507350321         1.4906335653        -1.5532658723
P9         -1.2258533986         1.7234178561         0.1018861118
C10        -2.8955189567         2.4158079602         0.5582183955
C11        -3.9252044791         2.4841764690        -0.5823583491
C12        -5.2607185536         3.0481748901        -0.0837786669
C13        -6.2846411115         3.1174373934        -1.2129414933
C14        -0.5971339294         1.6681507413         1.8820260870
C15        -1.0540835493         2.7229081393         2.9267618667
C16        -0.5252231416         4.1520977062         2.7303508784
C17         0.9511233279         4.2928661082         3.1044728897
C18         0.0704184592         2.9292086234        -0.4402630709
C19        -0.5279867269         4.1504898905        -1.1581270657
C20         0.5553221224         5.1902192003        -1.4666788162
C21        -0.0298661059         6.3971864189        -2.1940461992
C22        -0.9024800479        -0.0458502416        -0.2145423956
C23        -1.7362932652        -1.0717175637         0.5485202532
C24        -1.3184606954        -2.3213763352         0.7088895800
C25        -2.2990784804        -3.1665305999         1.4349239084
C26        -3.5359618973        -2.2790466302         1.5543237409
C27        -3.0669752812        -0.8668120768         1.2041908593
H28        -5.0499878833        -1.3090210847        -6.2746573241
H29        -4.0375903914        -2.1513297159        -7.5084504405
H30        -5.2341908809        -3.0921999175        -6.5404215313
H31        -2.8977610434        -3.4552254340        -5.7241754132
H32        -2.7085908735        -1.6759622010        -5.4831700812
H33        -4.5248498246        -1.6854303346        -3.7645691699
H34        -4.8473582022        -3.4150603569        -4.0848352938
H35        -2.5803744536        -4.0524316349        -3.2897487749
H36        -3.5543321318        -3.2381755464        -2.0326133240
H37        -1.2057219411        -2.5017220770        -1.9921238971
H38        -1.2680737127        -1.9578733103        -3.6808461599
H39        -3.2400332473        -0.7981268606        -1.6085694835
H40        -2.7611009062        -0.1486564750        -3.1924855778
H41        -0.3414496760         0.1042434222        -2.3108568108
H42        -3.3369862104         1.8234558864         1.3803052293
H43        -2.7551685925         3.4521539000         0.9256657952
H44        -4.1005733028         1.4675456585        -0.9928647948
H45        -3.5381897868         3.1426374935        -1.3907377747
H46        -5.1072510049         4.0703666832         0.3259707640
H47        -5.6626854979         2.4004368138         0.7257292985
H48        -6.4751186740         2.1029434446        -1.6237228453
H49        -5.9181150520         3.7797380367        -2.0260186791
H50        -7.2400114089         3.5281409898        -0.8237403801
H51         0.5113347528         1.6187389081         1.8782393544
H52        -0.8854841384         0.6934244663         2.3184458079
H53        -2.1554420702         2.7458596086         3.0270533989
H54        -0.7075184193         2.3716588394         3.9239294639
H55        -1.1053485111         4.8286240270         3.3947424153
H56        -0.6987245636         4.5073255990         1.7000198011
H57         1.0990712131         4.0497539101         4.1781041743
H58         1.5907261526         3.6243443335         2.4946984724
H59         1.2763985009         5.3405603824         2.9332249649
H60         0.7110294252         3.2735303490         0.3892501396
H61         0.7528243750         2.4047997319        -1.1434430663
H62        -1.3098493766         4.6214080811        -0.5280118695
H63        -1.0002411835         3.8316541695        -2.1119931510
H64         1.0238790804         5.5357740395        -0.5191537757
H65         1.3434213322         4.7325700607        -2.1036465244
H66        -0.4831117064         6.0840563954        -3.1587132024
H67        -0.8044603054         6.8873754797        -1.5664492646
H68         0.7759033375         7.1322248913        -2.4022774930
H69         0.1850232164        -0.2482933264        -0.0934713805
H70        -0.3624446204        -2.6893470515         0.3491202707
H71        -1.8979563785        -3.4253758547         2.4382463569
H72        -2.5205181111        -4.0894407102         0.8572790313
H73        -3.9645125255        -2.3209464925         2.5793516949
H74        -4.3062614184        -2.6099822722         0.8226959684
H75        -3.7957013039        -0.3702060372         0.5345007373
H76        -2.9456997081        -0.2853632317         2.1406126451
&

