&gen
basis=6-31G**
igeopt=1
dftname=PBE-D3
ifreq=1
&
entry_name: J1_10239_2111.in
&zmat
C1          3.9702032716        -3.4778194891         8.9388151056
C2          4.1659156899        -3.7130728061         7.4370025743
C3          3.1392654778        -2.9720477756         6.5688251011
C4          3.3479351824        -3.1824889600         5.0627095030
C5          2.3308035169        -2.4174619344         4.2020455200
C6          2.5585048110        -2.4678754540         2.6794104267
C7          3.8150210550        -1.6853374622         2.2268420220
C8          4.2002572383        -2.0132675229         0.7507350073
C9          2.9601950920        -2.4821213785         0.0251555085
C10         2.3158915069        -1.6610979576        -0.8362050479
C11         0.9847933009        -1.8025501956        -1.5046639949
C12         0.9254710503        -1.1225872846        -2.8958891018
C13        -0.0119665081        -1.7913234169        -3.8807619678
C14        -1.0649817899        -1.1315322592        -4.3933936846
C15        -2.0858264640        -1.6448132630        -5.3263148803
O16        -3.4441613381        -1.2167124594        -4.9941268629
C17        -2.8267761421        -0.6893864303        -6.1884464970
C18        -3.4961261530        -1.0723909133        -7.4898064706
C19        -4.6471165105        -0.1084016832        -7.8548987760
C20        -5.5864893003         0.2256800995        -6.6844367086
C21        -6.2613104745        -1.0000896694        -6.0986168477
O22        -6.4346286241        -2.0648019180        -6.6740755596
O23        -6.6924302978        -0.7514645796        -4.8280051335
C24        -7.3214076337        -1.8809887696        -4.1881557584
O25         0.4826512442         0.1677622766        -2.5096809095
P26        -0.1603387489        -0.3802353595        -0.8301654464
C27        -1.8563649583         0.1467443421        -1.3887872454
C28        -2.0957854823         1.4486466206        -1.8665503500
C29        -3.3552067347         1.7904750280        -2.3753213542
C30        -4.3746761988         0.8307094368        -2.4501402308
C31        -4.1384873535        -0.4650305332        -1.9761308224
C32        -2.8962591383        -0.8005595876        -1.4270255962
C33        -0.8720167727        -1.2376447481         0.7348465722
C34        -0.7727048977        -2.6123367860         1.0036573125
C35        -1.3437206528        -3.1831464623         2.1547013532
C36        -2.0398593672        -2.3814799077         3.0652418805
C37        -2.1849479214        -1.0103864372         2.7978823748
C38        -1.6206554281        -0.4548919680         1.6448775128
C39         0.7796925643         0.9713995539         0.0309981656
C40         1.2172861665         2.0853213999        -0.7182232130
C41         1.9412674761         3.1164460878        -0.1071420209
C42         2.2749523935         3.0389658225         1.2513739215
C43         1.8711539700         1.9248977085         1.9978667493
C44         1.1227833583         0.9038258236         1.3966472807
C45         2.5049964558        -3.8332225811         0.5251039869
C46         2.5766320114        -3.8911113681         2.0865768620
H47         2.9724365927        -3.8150466846         9.2688290642
H48         4.7208632403        -4.0189892343         9.5379095265
H49         4.0539325375        -2.4056763543         9.1874985256
H50         5.1844068679        -3.3962796993         7.1413925876
H51         4.1123174695        -4.7967484237         7.2190946453
H52         3.1849476022        -1.8882521073         6.7949511018
H53         2.1172776869        -3.2942725601         6.8500960657
H54         4.3769604773        -2.8704961118         4.8000725116
H55         3.2933041693        -4.2640602365         4.8346657685
H56         1.3138733412        -2.7996142586         4.4161791622
H57         2.3232325110        -1.3544287613         4.5161630129
H58         1.6868316908        -1.9634805299         2.2212161472
H59         4.6715527487        -1.9090998671         2.8879721751
H60         3.6101301424        -0.6044681543         2.3211236095
H61         4.9616385052        -2.8164830544         0.7383317195
H62         4.6494766546        -1.1339216412         0.2620320037
H63         2.8043054015        -0.6996624322        -1.0495615726
H64         0.5665204077        -2.8188906190        -1.4540678925
H65         1.9452763387        -1.0696339985        -3.3389406389
H66         0.2149882038        -2.8279764245        -4.1668024860
H67        -1.2181697319        -0.0984217033        -4.0588100604
H68        -2.0064394302        -2.6892187076        -5.6640799802
H69        -2.5285746263         0.3700516117        -6.1001095743
H70        -3.8913298913        -2.0961467964        -7.3824842360
H71        -2.7558375894        -1.0825748171        -8.3106351320
H72        -5.2356464256        -0.5508995765        -8.6758655811
H73        -4.2286254236         0.8410349166        -8.2345996639
H74        -6.3840978493         0.9108801453        -7.0269813703
H75        -5.0592354063         0.7498951536        -5.8707007327
H76        -6.6010744985        -2.7078874161        -4.0824525320
H77        -7.6447182007        -1.5201403855        -3.2023205080
H78        -8.1836270010        -2.2374430531        -4.7738453690
H79        -1.2959548819         2.1932056947        -1.8494145156
H80        -3.5341478286         2.8106869153        -2.7299867972
H81        -5.3453990415         1.0777573833        -2.8898699521
H82        -4.9212008704        -1.2251384860        -2.0487983049
H83        -2.7276020799        -1.8115912110        -1.0446479955
H84        -0.2482287351        -3.2684536229         0.3077604688
H85        -1.2409856286        -4.2586624573         2.3319203555
H86        -2.4793642702        -2.8191068493         3.9666762313
H87        -2.7454789080        -0.3725645286         3.4888345161
H88        -1.7546001773         0.6144905587         1.4479719105
H89         1.0220122761         2.1059382107        -1.7920815968
H90         2.2611617395         3.9761895326        -0.7039331716
H91         2.8530903208         3.8389621744         1.7241439363
H92         2.1385143306         1.8424031190         3.0559385966
H93         0.8158886874         0.0473415202         1.9989389833
H94         3.1681109923        -4.6100771703         0.0974998108
H95         1.4919693315        -4.0730968474         0.1703607926
H96         3.4952195664        -4.4166722913         2.4048460051
H97         1.7293748138        -4.4791830734         2.4815261855
&

