&gen
basis=6-31G**
igeopt=1
dftname=PBE-D3
ifreq=1
&
entry_name: J1_10546_2111.in
&zmat
C1         -2.3913264550        -1.7771680018         3.5170509871
C2         -2.5494712306        -1.3019483365         2.0819507518
O3         -1.2653098025        -1.0985587611         1.5035367074
C4         -1.0896688929        -0.6729932610         0.1839485349
O5         -2.0911844730        -0.5128077739        -0.5663896532
C6          0.3161839185        -0.4269642407        -0.3112900296
C7          0.4805914782        -0.2505168459        -1.8094333358
C8          1.4000284269        -1.2666480510        -2.5664987422
C9          2.8504197867        -1.2475390512        -2.0241901572
C10         0.8126601656        -2.6866914608        -2.4019868746
C11         1.3945867499        -0.8580254685        -4.0748991346
C12         2.2217665037        -1.7435954649        -4.9814495722
C13         3.5709980192        -1.4399506549        -5.2350301167
C14         4.3332595401        -2.2586941136        -6.0737307403
C15         3.7547623773        -3.3813830299        -6.6713624100
C16         2.4118422591        -3.6854290051        -6.4339001379
C17         1.6458948996        -2.8694405183        -5.5958439012
O18         1.0479637071         1.0374248584        -1.7471112180
P19         0.9164846999         1.2659836447        -0.0451174273
C20         2.7153385214         1.6134387000         0.0830388027
C21         0.6793902623         1.2335639915         1.7843045935
C22        -0.4366893387         1.8337515940         2.4148440413
C23        -0.6131515872         1.7416389446         3.7981965530
C24         0.2925356735         1.0214342993         4.5753344580
C25         1.3653973813         0.3717312040         3.9677722376
C26         1.5493705695         0.4619558060         2.5857174036
C27        -0.0552579785         2.7709120626        -0.3305610844
C28         0.4336938869         4.0131401956         0.1103501503
C29        -0.3032345012         5.1809611765        -0.1067999374
C30        -1.5281267354         5.1217777586        -0.7749915132
C31        -2.0151005238         3.8949016894        -1.2312592114
C32        -1.2815534257         2.7246536260        -1.0149017039
H33        -1.8207103871        -2.7296161465         3.5404530149
H34        -1.8495310304        -1.0136340687         4.1130523374
H35        -3.3915947349        -1.9436882754         3.9692407002
H36        -3.1196178795        -0.3476447314         2.0712741979
H37        -3.1065181749        -2.0685587833         1.5008639895
H38         1.0157366902        -1.1565298085         0.1406807472
H39        -0.4980865186        -0.1771570841        -2.3317359899
H40         2.8939150088        -1.4923744882        -0.9452917783
H41         3.4739881712        -2.0080195945        -2.5386872521
H42         3.3174180001        -0.2532351104        -2.1857922375
H43         1.4495143957        -3.4441150051        -2.9047884606
H44         0.7516976004        -2.9745388412        -1.3319036254
H45        -0.2097634537        -2.7388888706        -2.8342629885
H46         0.3480663441        -0.8468916456        -4.4536128166
H47         1.7578821549         0.1891506774        -4.1739520179
H48         4.0324488552        -0.5719564839        -4.7807259199
H49         5.3726426975        -2.0220238784        -6.2610923449
H50         4.3462207747        -4.0140446559        -7.3204768445
H51         1.9636418948        -4.5532096975        -6.9002820489
H52         0.6055421434        -3.1159443088        -5.4237537735
H53         3.2863193538         0.6668147619         0.1513659675
H54         2.9480214739         2.2456862795         0.9651345178
H55         3.0595821125         2.1664661378        -0.8157106869
H56        -1.1990904012         2.3527411533         1.8545516249
H57        -1.4669249077         2.2146113909         4.2661103323
H58         0.1481152431         0.9453430558         5.6452321238
H59         2.0500197993        -0.2147446093         4.5667968316
H60         2.3666996361        -0.0906031241         2.1443251344
H61         1.3774673539         4.0792656777         0.6343434814
H62         0.0758005158         6.1323114086         0.2434620734
H63        -2.0973435137         6.0267710428        -0.9434346272
H64        -2.9598864614         3.8508713722        -1.7574844673
H65        -1.6684548335         1.7932179189        -1.3942219650
&

