&gen
basis=6-31G**
igeopt=1
dftname=PBE-D3
ifreq=1
&
entry_name: J1_10561_2111.in
&zmat
C1         -0.6250285830        -3.5295719210         3.0798728662
C2         -1.6131248125        -2.8300147487         2.1612873219
O3         -0.9150166571        -1.9228765141         1.3158836003
C4         -1.5668823207        -1.0853057917         0.4074481470
O5         -2.8209946210        -1.1370297930         0.2860516160
C6         -0.7413671771        -0.0864507046        -0.3678849402
C7         -1.1042782393         0.1716307287        -1.8177624426
C8         -2.1198290710        -0.7408172939        -2.4772666364
C9         -3.2514800980        -0.2238783353        -3.1365050119
C10        -4.1468549593        -1.0821019254        -3.7820140462
C11        -3.9079889283        -2.4580928723        -3.8029009507
C12        -2.7658529031        -2.9774780210        -3.1895526289
C13        -1.8681093318        -2.1232253123        -2.5428762534
O14        -1.5747961285         1.4865850820        -1.6214719801
P15        -1.1200698791         1.6458484375         0.0325594889
C16        -2.7792440357         2.2650080030         0.5048125219
C17        -3.9474653059         1.6833937456        -0.0214922136
C18        -5.2100769145         2.1596844565         0.3425232439
C19        -5.3268041270         3.2243332739         1.2366216596
C20        -4.1801516958         3.8148856531         1.7681269559
C21        -2.9161041425         3.3420919941         1.4058356752
C22        -0.5642642407         1.5231360248         1.7954282650
C23         0.7267235083         1.9150653045         2.2213688475
C24         1.1241113966         1.7557609405         3.5524252982
C25         0.2571719755         1.1863871237         4.4827724548
C26        -1.0097935625         0.7683314467         4.0838352395
C27        -1.4149622802         0.9278063870         2.7571449641
C28         0.0666720542         2.9211270095        -0.4876959641
C29        -0.2902768572         4.2807981230        -0.5077663572
C30         0.6148236305         5.2444331738        -0.9629833866
C31         1.8734909830         4.8602388766        -1.4289865430
C32         2.2238068188         3.5093651684        -1.4550540169
C33         1.3217371675         2.5429536490        -1.0016999670
H34        -1.1655328750        -4.2376570786         3.7426832934
H35        -0.0956929286        -2.7803974302         3.7064212733
H36         0.1187530911        -4.0934612248         2.4780391151
H37        -2.3535131695        -2.2748865988         2.7777054922
H38        -2.1442309489        -3.5857527625         1.5430121942
H39         0.3429799044        -0.2985920404        -0.2527988242
H40        -0.1876192444         0.2066716961        -2.4471445537
H41        -3.4460471614         0.8406232133        -3.1553885232
H42        -5.0225424590        -0.6786650704        -4.2738542230
H43        -4.6012059349        -3.1202795242        -4.3052735111
H44        -2.5722100586        -4.0418781803        -3.2207166495
H45        -0.9783374818        -2.5391728944        -2.0863721118
H46        -3.8943361105         0.8643338140        -0.7174966747
H47        -6.0996135093         1.7021675216        -0.0709813956
H48        -6.3054636765         3.5910671191         1.5179201126
H49        -4.2699269595         4.6385675685         2.4644976935
H50        -2.0444842698         3.8092230327         1.8453430348
H51         1.4528371343         2.3367802649         1.5500243072
H52         2.1138330319         2.0674596412         3.8609055840
H53         0.5710716627         1.0605723735         5.5109032020
H54        -1.6791876921         0.3127123203         4.8020739484
H55        -2.3998432618         0.5741407500         2.4842848313
H56        -1.2712484791         4.6065905385        -0.2035127084
H57         0.3340470647         6.2897662187        -0.9675253759
H58         2.5713185062         5.6077566725        -1.7834767663
H59         3.1934925147         3.2097257001        -1.8310352647
H60         1.6132214582         1.5028794580        -1.0365459594
&

