&gen
basis=6-31G**
igeopt=1
dftname=PBE-D3
ifreq=1
&
entry_name: J1_10214_2111.in
&zmat
C1         -1.5059335592        -3.2499978436         1.6718248728
O2         -0.8745539204        -2.2217285443         0.9193150114
C3         -1.5748580864        -1.1270295995         0.4047176459
O4         -2.8163510758        -1.0352345927         0.5880506710
C5         -0.8101130335        -0.0953021545        -0.3860505940
C6         -1.2177862794         0.1895640409        -1.8170788790
C7         -2.3415799553        -0.5880937286        -2.5621107395
C8         -2.1190684891        -2.1152442572        -2.5868961898
C9         -3.0969735886        -2.8071486482        -3.5559153561
C10        -4.5075126746        -2.1769250647        -3.5685707792
C11        -4.7926166092        -1.3502644483        -2.3092141085
C12        -3.7924371433        -0.1901197370        -2.1699623266
O13        -1.5731793609         1.5309661237        -1.6045983863
P14        -1.1333652060         1.6489286591         0.0606102688
C15        -2.8326805262         2.1689771154         0.4974097675
C16        -3.4900440278         3.1427011329        -0.2789609840
C17        -4.7986182579         3.5304436646         0.0214911399
C18        -5.4706734339         2.9525232181         1.0992334661
C19        -4.8346589379         1.9858931498         1.8790876311
C20        -3.5267482561         1.5937556730         1.5818704193
C21        -0.5378948517         1.7018842311         1.8083714882
C22         0.3119564633         0.7103103140         2.3480859040
C23         0.7722649653         0.7989541871         3.6651947340
C24         0.4186738950         1.8859741545         4.4625346708
C25        -0.3864857274         2.8960283624         3.9405983460
C26        -0.8504968351         2.8135566459         2.6258865903
C27         0.1165787543         2.8980628215        -0.3317636805
C28         1.4119538844         2.5030498741        -0.7061040520
C29         2.3808102763         3.4614531430        -1.0175379022
C30         2.0654699898         4.8207752599        -0.9597348529
C31         0.7804587667         5.2234946382        -0.5894307853
C32        -0.1915136991         4.2682435700        -0.2779856517
H33        -1.9665301149        -2.8218858583         2.5873218591
H34        -2.2852214137        -3.7471835057         1.0560323593
H35        -0.7471708983        -4.0025823310         1.9687647566
H36         0.2744916211        -0.3273736458        -0.3655552725
H37        -0.3059810630         0.1690721893        -2.4574915819
H38        -2.2343499416        -0.2694008395        -3.6252145681
H39        -1.0756856383        -2.3435574040        -2.8957600873
H40        -2.2747923608        -2.5525975784        -1.5822904082
H41        -2.6786978503        -2.7691634655        -4.5855402356
H42        -3.1743445511        -3.8801005840        -3.2742700780
H43        -5.2714209451        -2.9787258222        -3.6631867292
H44        -4.6079453217        -1.5163948155        -4.4580889032
H45        -5.8255699582        -0.9428922643        -2.3574587978
H46        -4.7313878952        -2.0079077509        -1.4144857185
H47        -4.1224047396         0.6420345561        -2.8308849928
H48        -3.8550195252         0.2088663946        -1.1430894382
H49        -2.9976915146         3.5972640009        -1.1283885575
H50        -5.2932924899         4.2779286156        -0.5851273330
H51        -6.4841300352         3.2540070858         1.3302736709
H52        -5.3549233112         1.5402291755         2.7170190341
H53        -3.0555398285         0.8533297541         2.2134944064
H54         0.6488031275        -0.1331388935         1.7727379778
H55         1.4150300573         0.0252441620         4.0652535932
H56         0.7798246949         1.9520076432         5.4806930034
H57        -0.6477701464         3.7490877871         4.5534175611
H58        -1.4588919110         3.6244710559         2.2498162724
H59         1.6786591665         1.4571767833        -0.7552892936
H60         3.3770518393         3.1497334715        -1.3035251754
H61         2.8168896488         5.5616740559        -1.2002228207
H62         0.5375663121         6.2771252250        -0.5412124691
H63        -1.1736839862         4.6050116602         0.0183233122
&

