&gen
basis=6-31G**
igeopt=1
dftname=PBE-D3
ifreq=1
&
entry_name: J1_1451_2111.in
&zmat
C1          0.1325485821        -2.0111537242         1.1664075423
C2          0.8696755130        -0.9331429966         1.9158520149
O3          2.1902258759        -0.7988705904         1.3858734532
C4          2.3173107063         0.2974060992         0.4946468179
C5          2.0469150448         1.5628377169         1.2526792628
C6          0.9789936249         1.5884116669         2.0494249278
C7          0.0540505948         0.4043643258         2.0644727083
O8         -0.8910711023         0.5779361701         1.0051502994
C9         -2.2011066932         0.0808323857         1.0359618720
C10        -3.0794086987         0.2586858644        -0.1403714087
C11        -2.5955813378         0.8990742888        -1.2959231638
C12        -3.4225825300         1.0651283933        -2.4112588979
C13        -4.7374720885         0.5948132212        -2.3854932652
C14        -5.2283826712        -0.0432548888        -1.2441438127
C15        -4.4058734867        -0.2123458651        -0.1258797318
O16        -2.6273965453        -0.5214089389         2.0599565191
O17         3.6356914456         0.3470941516        -0.0122853016
C18         3.8139371714        -0.6504759639        -0.9967985395
C19         5.2645219747        -0.6468477473        -1.4534010003
O20         0.0083723660        -1.9551246359        -0.0470022874
H21        -0.2784548072        -2.8591915639         1.7046546042
H22         0.9992448657        -1.3188436933         2.9504751204
H23         1.5707272175         0.2272231474        -0.3343776699
H24         2.7323864043         2.4046128126         1.2178851409
H25         0.7591224832         2.4682213850         2.6464017307
H26        -0.4781128649         0.4115981198         3.0420344571
H27        -1.5792091235         1.2700460329        -1.3401632847
H28        -3.0430228542         1.5586161877        -3.2966822154
H29        -5.3757169440         0.7243747569        -3.2499790795
H30        -6.2473983210        -0.4077244701        -1.2255755845
H31        -4.8077733240        -0.7103760334         0.7475963349
H32         3.1699115301        -0.4456389587        -1.8818414207
H33         3.5790883050        -1.6620122388        -0.5935471243
H34         5.4156432106        -1.4247893596        -2.2313610425
H35         5.9338120889        -0.8623073362        -0.5935650738
H36         5.5263843876         0.3447742847        -1.8798229016
&

