&zmat
 C3              3.3369061742            -0.7038076106             1.4400907453
 C2              1.9096316454            -0.7982838476             0.9949622195
 C1              1.4020177472            -0.2243652662            -0.1150224016
 C4             -0.0355621050            -0.2394187106            -0.4827122861
 C5             -0.4256271350            -0.1711182629            -1.9652269421
 C6             -1.3097956237            -1.3104548481            -2.5001302270
 C7             -2.4853082388            -1.7031104630            -1.5749597358
 C8             -3.5806836454            -2.4372786284            -2.3157273294
 C9             -3.4629350254            -3.8063545454            -2.6193465057
 C10            -4.4570973481            -4.4696932510            -3.3503369275
 C11            -5.5908482042            -3.7727492509            -3.7922876714
 C12            -5.7214076259            -2.4096377784            -3.4935114629
 C13            -4.7248128123            -1.7500023976            -2.7624175926
 O14            -1.1262660494             1.0762972206            -1.9791649714
 P15            -0.9746591639             1.4534744895            -0.1942347937
 C16            -2.7820322053             1.9569462997            -0.1093300753
 C17            -3.3143184278             2.5549929342             1.0533373813
 C18            -4.6336959824             3.0263859798             1.0809676462
 C19            -5.4537123513             2.9027842510            -0.0488388900
 C20            -4.9350255118             2.3180811214            -1.2119178365
 C21            -3.6123663404             1.8562337270            -1.2457295524
 C22            -0.7332740791             1.2718481646             1.7061758820
 C23            -1.5495570319             0.3245475377             2.3642118004
 C24            -1.3035283219            -0.0646884358             3.6866564186
 C25            -0.2163909451             0.4792193213             4.3885896180
 C26             0.6169215679             1.4041063466             3.7480794685
 C27             0.3660212377             1.7867291293             2.4196411962
 C28             0.0061769044             2.9915045175            -0.4685591881
 C29            -0.1803320298             4.1167313721             0.3572025199
 C30             0.5457323455             5.2924890614             0.1329099481
 C31             1.4810150873             5.3525178658            -0.9095141040
 C32             1.6668073306             4.2405946417            -1.7417918623
 C33             0.9214383088             3.0723549549            -1.5333534351
 H36             3.9519813687            -0.1385576526             0.7217177075
 H37             3.4020427375            -0.1958717759             2.4204540806
 H38             3.7907745318            -1.7025003035             1.5745956627
 H35             1.2267826729            -1.3507297446             1.6556396085
 H34             2.0698640770             0.3559126252            -0.7678302012
 H39            -0.5721433457            -1.0099356617             0.0946683952
 H40             0.4813208591            -0.1052892003            -2.6064714459
 H41            -0.6868077752            -2.1993541617            -2.7099791830
 H42            -1.7100329950            -0.9729053643            -3.4724989750
 H43            -2.1134387592            -2.3320994123            -0.7457203426
 H44            -2.9090316479            -0.7907779813            -1.1212864449
 H45            -2.5808979441            -4.3577766425            -2.2735868506
 H46            -4.3482959041            -5.5361914174            -3.5724009053
 H47            -6.3685179472            -4.2899433731            -4.3623120962
 H48            -6.6062276341            -1.8575032773            -3.8262375252
 H49            -4.8346011910            -0.6864728559            -2.5213129483
 H50            -2.7006800857             2.6457629216             1.9525161915
 H51            -5.0209050773             3.4872786809             1.9950222839
 H52            -6.4869126147             3.2624154298            -0.0231032459
 H53            -5.5596944679             2.2235471230            -2.1060168406
 H54            -3.1934717477             1.4238318286            -2.1558702306
 H55            -2.4075111038            -0.1083693762             1.8345718049
 H56            -1.9630643061            -0.7920408283             4.1713664987
 H57            -0.0201423700             0.1797463934             5.4227041252
 H58             1.4763468605             1.8282690737             4.2781877319
 H59             1.0447193997             2.4963092974             1.9377875639
 H60            -0.9016455140             4.0752254514             1.1778567903
 H61             0.3807791179             6.1623141142             0.7758806935
 H62             2.0556023624             6.2684199167            -1.0793635696
 H63             2.3840456930             4.2857481680            -2.5671101900
 H64             1.0246682336             2.2262424580            -2.2162033834
&

