&gen
basis=6-31G**
igeopt=1
dftname=PBE-D3
ifreq=1
&
entry_name: J1_2657_2111.in
&zmat
C1          5.2806047659         0.9791840131         0.9220292760
C2          4.1686840763        -0.0730273386         0.7937035222
C3          4.5307737876        -1.0429386489        -0.3475218476
C4          4.0424792563        -0.8291824452         2.1303033217
O5          2.9531222732         0.6287565062         0.4932741438
C6          1.6906554469         0.0517745122         0.2942765703
O7          1.5279459176        -1.1955340434         0.3705927894
C8          0.5602644969         0.9369538147        -0.0233987352
P9         -0.9655502425         0.3866784293        -0.2384110539
C10        -2.0507423572         1.7621029816        -0.6894500173
C11        -3.1234020846         1.5610797786        -1.5742150754
C12        -3.9797945366         2.6177604264        -1.8983352418
C13        -3.7821711906         3.8791440743        -1.3322393540
C14        -2.7314539955         4.0839971827        -0.4353631064
C15        -1.8723598019         3.0302996630        -0.1096046299
C16        -1.5328238352        -0.3489811782         1.3119942389
C17        -2.1655058768         0.4438447480         2.2834112022
C18        -2.5683616556        -0.1161399006         3.4996446429
C19        -2.3310520210        -1.4673627410         3.7617660089
C20        -1.6856259614        -2.2593382449         2.8095553253
C21        -1.2815962009        -1.7026693338         1.5925716663
C22        -0.9838710619        -0.8227646042        -1.5815093107
C23        -1.9864792350        -1.8044890373        -1.6367159637
C24        -2.0243195020        -2.7151881778        -2.6966367030
C25        -1.0734655362        -2.6411465782        -3.7176067899
C26        -0.0896721115        -1.6495674080        -3.6847776634
C27        -0.0495993140        -0.7366096243        -2.6266269463
H28         5.3834654820         1.5486178264        -0.0268343634
H29         6.2570401117         0.5018379930         1.1556962725
H30         5.0368525196         1.7004352219         1.7316909200
H31         3.8011441725        -1.8749953655        -0.4194417310
H32         5.5344542955        -1.4891058676        -0.1773487699
H33         4.5422318645        -0.5039614901        -1.3190612501
H34         5.0212353313        -1.2646343045         2.4266517234
H35         3.7050353960        -0.1372247419         2.9314303758
H36         3.3127957033        -1.6611907067         2.0583230130
H37         0.7684784709         1.9880717067        -0.1651089646
H38        -3.3049981687         0.5922727704        -2.0165335282
H39        -4.8002365788         2.4569997263        -2.5857621442
H40        -4.4475880603         4.6952834269        -1.5823648409
H41        -2.5862789700         5.0582455304         0.0132332351
H42        -1.0801528966         3.2048844441         0.6061272618
H43        -2.3488681436         1.4939652246         2.1089631846
H44        -3.0608059135         0.4994544703         4.2412988937
H45        -2.6420968311        -1.8990076807         4.7042873798
H46        -1.4948710565        -3.3046091124         3.0156441663
H47        -0.7769612289        -2.3323848561         0.8726553696
H48        -2.7444337049        -1.8603767491        -0.8662070604
H49        -2.7953690019        -3.4739700451        -2.7300583918
H50        -1.1048922753        -3.3455467886        -4.5387196415
H51         0.6387105703        -1.5844410879        -4.4826812205
H52         0.7094254121         0.0347436299        -2.6265901585
&

