&gen
basis=6-31G**
igeopt=1
dftname=PBE-D3
ifreq=1
&
entry_name: J1_9924_2111.in
&zmat
C1         -0.3703670699        -2.3604176998         1.8718055433
C2          0.9666810219        -1.6183176502         1.8652130287
C3          1.4788371441        -1.3146292388         0.4485259022
C4          0.6828946362        -0.2452323357        -0.3578482423
C5          1.1486581051        -0.0875325827        -1.8122948242
C6          2.3873920029        -0.8941226517        -2.2617850221
C7          0.0035461240        -0.2466173333        -2.8349425219
O8          0.3895953108         0.3265641965        -4.0711997714
C9         -0.7365431664         0.5755573079        -4.8928973423
C10        -1.3572856421         1.9480304178        -4.5256649568
C11        -1.8618906186         2.6987445544        -5.7648190572
C12        -2.4328174191         1.7193124519        -6.7896789633
C13        -1.4077795063         0.6126304624        -7.1256591397
O14        -0.2985404502         0.5895773728        -6.2394130415
O15         1.5136297462         1.2632853213        -1.7071810519
P16         1.1010002950         1.5253566849        -0.0567528642
C17         2.8513119823         1.8758997594         0.3413427972
C18         3.4955927326         1.2559523591         1.4308724741
C19         4.8424474613         1.5118791444         1.7015906294
C20         5.5682707451         2.3803548005         0.8852987059
C21         4.9480886509         2.9935859020        -0.2041689189
C22         3.6009214827         2.7414881178        -0.4780128848
C23         0.4542422040         1.7895719283         1.6493333365
C24        -0.7731986071         1.2139323521         2.0442839892
C25        -1.3135436211         1.4640365877         3.3082746436
C26        -0.6727781186         2.3390998279         4.1831845019
C27         0.4913511244         2.9914439049         3.7815809754
C28         1.0353080200         2.7436788000         2.5185123347
C29         0.0014001979         2.8782153840        -0.5486513153
C30         0.4631198922         4.2052016603        -0.5640999407
C31        -0.3824925707         5.2429975952        -0.9670969824
C32        -1.6977575103         4.9676550710        -1.3476921918
C33        -2.1737624167         3.6555251965        -1.3111202251
C34        -1.3314364566         2.6158247631        -0.9077957763
H35        -0.2837498898        -3.3152080080         1.3110463094
H36        -1.1761850757        -1.7494720654         1.4212297960
H37        -0.6567126867        -2.5926676337         2.9190974787
H38         1.7138195902        -2.2744760803         2.3623887651
H39         0.9090889722        -0.7047305993         2.4814768048
H40         1.4424864352        -2.2732452351        -0.1114491891
H41         2.5476977765        -1.0402184968         0.5158010160
H42        -0.4056415875        -0.4367145290        -0.3108668614
H43         2.6889422134        -0.5905600953        -3.2865903637
H44         3.2581495456        -0.6956514100        -1.6030234462
H45         2.1676865920        -1.9819808394        -2.2798179041
H46        -0.2138829679        -1.3287184462        -2.9754847684
H47        -0.9154096366         0.2334044230        -2.4387642812
H48        -1.5051492322        -0.2310781273        -4.7681043794
H49        -0.6105327884         2.5871321986        -4.0045225138
H50        -2.2068778115         1.7861369442        -3.8270445670
H51        -1.0178761264         3.2561115603        -6.2280467905
H52        -2.6391647680         3.4363882499        -5.4696995234
H53        -3.3527686942         1.2552882200        -6.3706164150
H54        -2.7200645027         2.2689553543        -7.7122423883
H55        -1.9056206851        -0.3825003142        -7.1408254927
H56        -1.0181754147         0.7897657689        -8.1505429851
H57         2.9538465852         0.5953816265         2.0920039393
H58         5.3229176121         1.0378145028         2.5476672615
H59         6.6115651633         2.5767705910         1.0958897903
H60         5.5130761326         3.6616287516        -0.8413265950
H61         3.1504451267         3.2146432856        -1.3403906546
H62        -1.3363332519         0.5852542702         1.3766767528
H63        -2.2427104749         0.9925110982         3.6013177046
H64        -1.0964708953         2.5372267216         5.1592095364
H65         0.9631076105         3.7076752908         4.4419222932
H66         1.8966881856         3.3250109673         2.2227514232
H67         1.4673152066         4.4461921549        -0.2488208773
H68        -0.0189313441         6.2623519195        -0.9793415152
H69        -2.3511769611         5.7721550602        -1.6593527037
H70        -3.1974423048         3.4437588405        -1.5914594125
H71        -1.7286454821         1.6131180224        -0.8581651893
&

