&gen
basis=6-31G**
igeopt=1
dftname=PBE-D3
ifreq=1
&
entry_name: J1_10127_2111.in
&zmat
C1         -1.7174967276        -0.9777248652         0.6897258014
C2         -1.2990211457        -2.1639240898         1.1363687487
C3         -0.7936084536        -0.0649958082        -0.0832044307
C4         -1.0653178093         0.0319668081        -1.5699107044
C5         -2.0618048154        -0.9715055016        -2.1937738075
C6         -2.4492371064        -0.6111344340        -3.6465147583
C7         -1.2559695707        -0.7262302323        -4.6074759318
C8         -3.5912515126        -1.5173542602        -4.1248736507
O9         -1.5645831722         1.3488446916        -1.5504023836
P10        -1.1976034483         1.6988905823         0.0949592896
C11        -2.8821060984         2.3438759356         0.4126442360
C12        -3.0722812289         3.5198610304         1.1681816707
C13        -4.3571748797         4.0109732288         1.4141194118
C14        -5.4712333840         3.3394093720         0.9099353322
C15        -5.3010805132         2.1750978562         0.1600602752
C16        -4.0174301548         1.6802100289        -0.0873232292
C17        -0.7276425529         1.7869344999         1.8847540649
C18         0.5335956503         2.2549666123         2.3241933939
C19         0.8623117498         2.2698637707         3.6830337588
C20        -0.0449777703         1.8037491834         4.6318303242
C21        -1.2825187836         1.3125853873         4.2239692811
C22        -1.6180448152         1.2947824642         2.8683953285
C23         0.0056344908         2.9187618725        -0.5125068115
C24        -0.3600289250         4.2608878864        -0.7157040960
C25         0.5602338519         5.1745064084        -1.2386335816
C26         1.8440961777         4.7537971768        -1.5905955094
C27         2.2053608352         3.4145926419        -1.4343879839
C28         1.2882894593         2.4980916493        -0.9127259564
H29        -2.7551488337        -0.7032498790         0.8436146313
H30        -0.2767450728        -2.4932926748         0.9776977992
H31        -1.9850325092        -2.8168017262         1.6659490455
H32         0.2790543607        -0.2565807142         0.1392000825
H33        -0.1004905023         0.0092048175        -2.1209403371
H34        -1.6077289266        -1.9863702832        -2.1685027926
H35        -2.9886204348        -1.0166819743        -1.5886878128
H36        -2.8213742987         0.4369089478        -3.6731937866
H37        -0.4905844336         0.0427370167        -4.3765940888
H38        -0.7933018036        -1.7342475087        -4.5409179743
H39        -1.5867654818        -0.5547385638        -5.6541281787
H40        -4.4771437906        -1.4011976766        -3.4644794209
H41        -3.2748422705        -2.5827430444        -4.1176585237
H42        -3.8972573969        -1.2403418139        -5.1563713099
H43        -2.2269877258         4.0513232017         1.5854742571
H44        -4.4885961643         4.9117593997         1.9995707723
H45        -6.4660773166         3.7203698857         1.1011452533
H46        -6.1653947691         1.6544896337        -0.2317272498
H47        -3.9216906275         0.7832966892        -0.6735920858
H48         1.2879389813         2.6079861765         1.6446257966
H49         1.8293948797         2.6387324426         4.0001738737
H50         0.2146136636         1.8153717729         5.6825157279
H51        -1.9842400614         0.9403179259         4.9592215515
H52        -2.5854717952         0.8981722546         2.5950106910
H53        -1.3580734589         4.6073035755        -0.5033090458
H54         0.2723165813         6.2076503924        -1.3845367564
H55         2.5537053546         5.4622953731        -1.9978906472
H56         3.1953711209         3.0848403231        -1.7217348563
H57         1.5884617874         1.4653141645        -0.8050896459
&

