&gen
basis=6-31G**
igeopt=1
dftname=PBE-D3
ifreq=1
&
entry_name: J1_9870_2111.in
&zmat
C1         -5.2352467965        -0.4986578250        -4.5845926306
C2         -4.0560707024        -1.0662205984        -3.8513094689
C3         -3.8766441299        -2.4543929190        -3.7672491755
C4         -2.7831113004        -2.9798426261        -3.0766498778
C5         -1.8813675089        -2.1265243135        -2.4376122939
C6         -2.0871550435        -0.7358960327        -2.4456724881
C7         -1.0789179222         0.1732076199        -1.7728541147
O8         -1.5260453275         1.5027506814        -1.6124584593
P9         -1.1159906076         1.6868547982         0.0531139815
C10        -2.7608482422         2.4135191735         0.4689880722
C11        -2.8776503132         3.4076327737         1.4683528201
C12        -4.1154290668         3.9760809201         1.7792227182
C13        -5.2586951151         3.5851040126         1.0850148469
C14        -5.1618375657         2.6365729125         0.0684412897
C15        -3.9253773068         2.0656991600        -0.2456673804
C16        -0.5916831527         1.5480044229         1.8229243936
C17         0.7299825699         1.8215634838         2.2448207321
C18         1.1096932843         1.6448029501         3.5786523552
C19         0.1934641290         1.1669563411         4.5136433615
C20        -1.1036281356         0.8526064502         4.1151251176
C21        -1.4901804644         1.0291907862         2.7850548121
C22         0.1166246438         2.9354574156        -0.4309558867
C23         1.3437903596         2.5334477476        -0.9929678937
C24         2.2816768646         3.4837266201        -1.4059251438
C25         1.9981583249         4.8448945979        -1.2859175683
C26         0.7712706190         5.2569506458        -0.7632325207
C27        -0.1697410269         4.3097908597        -0.3482303276
C28        -0.7479750802        -0.0601795090        -0.3114770172
C29        -1.5385180450        -1.0841944127         0.5022901315
C30        -2.9430464417        -1.1930615199         0.4642957362
C31        -3.6095455059        -2.1206122032         1.2694475160
C32        -2.8881466545        -2.9487141522         2.1295301576
C33        -1.4975030320        -2.8535725056         2.1824333329
C34        -0.8270323057        -1.9299161413         1.3761472221
C35        -3.1571466555        -0.2115545644        -3.1944437286
H36        -6.0729307211        -0.3456379968        -3.8725630658
H37        -5.5667319042        -1.1863481468        -5.3915968209
H38        -4.9729641437         0.4751701116        -5.0502674643
H39        -4.5730911212        -3.1287777254        -4.2500377111
H40        -2.6325677934        -4.0509554037        -3.0381176695
H41        -1.0297075193        -2.5510033356        -1.9205363533
H42        -0.1498079467         0.1800392729        -2.3847595059
H43        -2.0100618896         3.7494478395         2.0169489631
H44        -4.1858671817         4.7258480227         2.5566622106
H45        -6.2168455084         4.0278363262         1.3245035574
H46        -6.0455165843         2.3497654252        -0.4870819059
H47        -3.8951590231         1.3720376950        -1.0649341340
H48         1.4921947403         2.1557781911         1.5629008418
H49         2.1236620675         1.8679126411         3.8850437049
H50         0.4931763234         1.0266076160         5.5441149135
H51        -1.8104421521         0.4620179659         4.8357723870
H52        -2.4976434447         0.7497386902         2.5089475818
H53         1.5878591352         1.4866937574        -1.0993488404
H54         3.2280716637         3.1637302379        -1.8223502496
H55         2.7241198349         5.5800214130        -1.6083838248
H56         0.5438141335         6.3126041253        -0.6893723100
H57        -1.1207339321         4.6637381879         0.0126572069
H58         0.3439811967        -0.2391000059        -0.2054999167
H59        -3.5313349026        -0.5862391199        -0.1948613544
H60        -4.6882723557        -2.1973021786         1.2251303815
H61        -3.4065862932        -3.6645080886         2.7541771598
H62        -0.9373953636        -3.4934368177         2.8519410116
H63         0.2517932138        -1.8668856949         1.4459355295
H64        -3.2930717561         0.8594009290        -3.2756874815
&

