&gen
basis=6-31G**
igeopt=1
dftname=PBE-D3
ifreq=1
&
entry_name: J1_10319_2111.in
&zmat
C1          2.4334112138        -1.4873138404         2.3459455710
C2          1.2791636312        -2.3753128401         1.8968106808
O3          0.1489299145        -1.5942384411         1.5108289090
C4          0.0482486543        -0.9354789547         0.2764803556
O5          1.0462717043        -0.9111963697        -0.4944099507
C6         -1.2716855121        -0.2766479106        -0.1205823331
C7         -2.4291829759        -0.9541857336         0.6533467506
C8         -1.4413620386        -0.1594595658        -1.6395823653
C9         -2.7516359731        -0.6658740250        -2.2879007051
C10        -2.7430149628        -0.3337701724        -3.7876263281
O11        -2.8239806769        -2.0718466794        -2.1182493682
C12        -4.1658264528        -2.5083810387        -2.0362529433
C13        -4.1745742019        -3.9951777820        -1.8341965228
C14        -4.1822613203        -4.5354061107        -0.5371625080
C15        -4.1458970951        -5.9209605000        -0.3516770103
C16        -4.0895009238        -6.7745647965        -1.4569363267
C17        -4.0643319134        -6.2437871982        -2.7496556234
C18        -4.1001834393        -4.8587310769        -2.9395814651
O19        -1.3787317776         1.2467977962        -1.6933836638
P20        -1.2156101477         1.5657543341        -0.0085074116
C21        -2.6400973139         2.7036180080        -0.2057872312
C22        -3.9746007523         2.2566531455        -0.1355913099
C23        -5.0397416406         3.1327313188        -0.3628617017
C24        -4.7936077911         4.4635090650        -0.6954201284
C25        -3.4808050077         4.9160397346        -0.8132107522
C26        -2.4138743877         4.0423192221        -0.5855296087
C27        -1.1075932940         1.6459048205         1.8401927277
C28        -2.2256815957         1.9337884184         2.6571423134
C29        -2.1127684486         1.9594325310         4.0502408473
C30        -0.8915150056         1.6864841540         4.6619016288
C31         0.2190505122         1.3755209790         3.8818371005
C32         0.1113391515         1.3422235835         2.4895784895
C33         0.3842090217         2.4437801947        -0.2471347615
C34         0.6925626098         3.6038439280         0.4982810365
C35         1.9062592612         4.2714895077         0.3167699930
C36         2.8272017352         3.8061499096        -0.6211402890
C37         2.5301197838         2.6790485537        -1.3870553866
C38         1.3171399456         2.0074401580        -1.2094239078
H39         2.7480249975        -0.8087267045         1.5262549548
H40         3.2985102588        -2.1203727976         2.6347559812
H41         2.1266127065        -0.8843022603         3.2248578569
H42         0.9835840998        -3.0288228921         2.7442982661
H43         1.6008356031        -3.0284127104         1.0565567454
H44        -2.3695710551        -2.0550383551         0.5184960786
H45        -3.4315403235        -0.6575022146         0.3278734411
H46        -2.3501185770        -0.7524235113         1.7408254555
H47        -0.5841582055        -0.5834468800        -2.2060380437
H48        -3.6100765621        -0.1212599692        -1.8321479589
H49        -3.6995025029        -0.6379459985        -4.2597609613
H50        -1.9116709773        -0.8650207019        -4.2985953706
H51        -2.6238568709         0.7595170272        -3.9437401246
H52        -4.6948085716        -2.0236687333        -1.1850445496
H53        -4.7222404688        -2.2655246337        -2.9682243673
H54        -4.2165074807        -3.8856167283         0.3285355662
H55        -4.1575184020        -6.3328119251         0.6491850361
H56        -4.0599200907        -7.8466871558        -1.3115805347
H57        -4.0124705220        -6.9055051655        -3.6045919110
H58        -4.0684407345        -4.4595995200        -3.9459654967
H59        -4.2147217153         1.2498128263         0.1295420683
H60        -6.0588371079         2.7769291851        -0.2818009014
H61        -5.6192544491         5.1400167710        -0.8745194019
H62        -3.2877217136         5.9425017208        -1.0974230638
H63        -1.4179006958         4.4201564846        -0.7443468900
H64        -3.2004804568         2.1259273648         2.2511622738
H65        -2.9795103938         2.1861142569         4.6578718269
H66        -0.8079307569         1.7082342540         5.7407706815
H67         1.1666174808         1.1575527131         4.3568691990
H68         0.9937119626         1.0888305559         1.9194864654
H69        -0.0073606352         3.9970870825         1.2241503734
H70         2.1305177281         5.1537495138         0.9022452118
H71         3.7664183763         4.3251756494        -0.7621951034
H72         3.2380619430         2.3283245070        -2.1269210288
H73         1.1127786364         1.1597890844        -1.8440518497
&

