&gen
basis=6-31G**
igeopt=1
dftname=PBE-D3
ifreq=1
&
entry_name: J1_9761_2111.in
&zmat
C1          0.7116430761         2.9568719335        -1.1951650981
C2          0.1547076896         2.8437396577         0.0182672382
C3          0.0425614367         4.0735928198         0.8751531207
C4         -0.4079928119         1.5714923987         0.5458567331
P5         -0.5382671293         0.1780107499        -0.3033920524
C6         -1.6690768010         0.4324523936        -1.7078240913
C7          1.0892463633        -0.3695084378        -0.8536715289
C8          2.2034800027        -0.2068465177        -0.0158442641
C9          3.4620149342        -0.6595668148        -0.4227385153
C10         3.6128602987        -1.2883153992        -1.6615328916
C11         2.5038524568        -1.4698768993        -2.4922989163
C12         1.2436204724        -1.0181163625        -2.0884449659
C13        -1.2859183971        -1.0721554724         0.7569581674
C14        -0.6460330621        -2.3006056128         0.9897295425
C15        -1.2472874901        -3.2624767645         1.8076661186
C16        -2.4898624496        -3.0070014814         2.3937323541
C17        -3.1344642159        -1.7893256690         2.1611269450
C18        -2.5365115755        -0.8252689562         1.3439542064
H19         0.8238823339         2.1179662046        -1.8637513374
H20         1.0840819340         3.9123548701        -1.5437244368
H21        -0.0629117784         3.8040086640         1.9473449670
H22         0.9495955171         4.7081650347         0.7755580343
H23        -0.8472658598         4.6603371188         0.5646798207
H24        -0.7786864000         1.5677808109         1.5627671851
H25        -1.9033362913        -0.5448005638        -2.1771849061
H26        -2.6116976759         0.8916822463        -1.3456037283
H27        -1.2064994100         1.0979208900        -2.4631129957
H28         2.0987644030         0.2681697096         0.9512680160
H29         4.3195146491        -0.5267424513         0.2241273578
H30         4.5873106116        -1.6398690931        -1.9749870556
H31         2.6199763028        -1.9646117607        -3.4479105261
H32         0.3950706696        -1.1775339428        -2.7394885380
H33         0.3133659902        -2.5222270346         0.5430166772
H34        -0.7501589778        -4.2072448639         1.9859586771
H35        -2.9537341973        -3.7529074314         3.0260889238
H36        -4.0980410877        -1.5927140350         2.6131228937
H37        -3.0478035308         0.1131700618         1.1699044354
&

