&gen
basis=6-31G**
igeopt=1
dftname=PBE-D3
ifreq=1
&
entry_name: J1_10341_2111.in
&zmat
C1          1.9097166401        -0.8347801620         1.1690609817
C2          1.2522290038        -0.0190697867         0.0505516662
C3          2.0551189867         0.1827091235        -1.2317090613
C4          1.2972337143        -0.3443016398        -2.4845504743
C5          2.1987462489        -0.5269689535        -3.7198448303
C6          3.3386020868         0.4910538368        -3.7415943857
C7          4.2444376857         0.3759807861        -2.4973322297
C8          3.5528922410        -0.2510856344        -1.2480366233
O9          3.6219107537        -1.6690510056        -1.2581441122
Si10         5.1953230825        -2.3137444641        -0.8342824317
C11         5.9810885669        -2.9736416887        -2.4062512810
C12         6.3750150052        -1.0542686066        -0.0857379638
C13         4.9896728777        -3.7815581744         0.3716261730
C14         6.2376125696        -4.6826772308         0.3205120980
C15         3.7546352335        -4.6012844061        -0.0395742725
C16         4.8125788488        -3.2674743022         1.8107746185
O17         2.0042052945         1.5892978595        -1.1926904469
P18         1.2033498355         1.7853943756         0.3185971918
C19         2.7051095786         2.5533659349         1.0161685759
C20         3.3640810636         3.5780439378         0.3118325678
C21         4.5435170695         4.1384254136         0.8098585144
C22         5.0828847561         3.6807826484         2.0132451233
C23         4.4430427390         2.6619004616         2.7209222407
C24         3.2639463614         2.0980033584         2.2263911245
C25         0.2255361650         1.9047064912         1.8780414872
C26        -0.7597449681         0.9462569523         2.2026215841
C27        -1.5376024123         1.0778516263         3.3564774545
C28        -1.3782604244         2.1846724940         4.1884552863
C29        -0.4555531460         3.1747021143         3.8564452816
C30         0.3248928721         3.0486603952         2.7046829453
C31        -0.0728140755         2.8025843661        -0.4580575141
C32         0.0112058862         4.2047401724        -0.4311901532
C33        -0.9798003030         4.9824298129        -1.0373073554
C34        -2.0616746017         4.3682145252        -1.6726066168
C35        -2.1565277848         2.9748267417        -1.6982083707
C36        -1.1681959013         2.1938583145        -1.0922896375
H37         2.9322753362        -0.4942884194         1.4084007233
H38         1.9446650702        -1.8971220766         0.8570457369
H39         1.3074381002        -0.7839704518         2.0968296833
H40         0.2412535869        -0.4185917546        -0.1677105179
H41         0.4725595763         0.3557401616        -2.7404027882
H42         0.8335982752        -1.3294361268        -2.2573912773
H43         1.5882527285        -0.4203330834        -4.6424936068
H44         2.6294572881        -1.5525004234        -3.7237814019
H45         2.9038803282         1.5137986480        -3.7932457723
H46         3.9473046839         0.3437917478        -4.6599750659
H47         4.5912853552         1.3990077577        -2.2315029303
H48         5.1570529673        -0.1819597070        -2.7693286398
H49         4.0432289172         0.1733922973        -0.3476937996
H50         5.3723430773        -3.8139889814        -2.7974168793
H51         7.0073520954        -3.3320287543        -2.1868851194
H52         6.0432593450        -2.1871406558        -3.1816585490
H53         6.5828257775        -0.2426654964        -0.8111563047
H54         5.9366997302        -0.6214316270         0.8366826558
H55         7.3299029734        -1.5567267708         0.1698417862
H56         7.1556344163        -4.0981145520         0.5443891118
H57         6.3509521684        -5.1530852544        -0.6789471570
H58         6.1582471761        -5.5016328559         1.0678985856
H59         3.6216950985        -5.4734217022         0.6364558397
H60         3.8622696665        -4.9820745208        -1.0778861436
H61         2.8339908044        -3.9831340644         0.0111464696
H62         3.9432021543        -2.5900374392         1.8883424957
H63         5.7169067947        -2.7195078704         2.1505051551
H64         4.6466465274        -4.1152266659         2.5101577868
H65         2.9771547287         3.9347170207        -0.6336180726
H66         5.0430946898         4.9243682134         0.2583945824
H67         5.9968534316         4.1152222714         2.3970052025
H68         4.8598474206         2.3093781560         3.6554775319
H69         2.7788113650         1.3243596633         2.8046936803
H70        -0.9565814693         0.0981529178         1.5688281070
H71        -2.2772287065         0.3251918271         3.5976370820
H72        -1.9857411214         2.2860532881         5.0784685001
H73        -0.3535004650         4.0498250215         4.4851883923
H74         0.9961921059         3.8595563929         2.4585587232
H75         0.8292165148         4.7009927583         0.0703407468
H76        -0.9107875607         6.0622350576        -1.0110071057
H77        -2.8284706007         4.9717519799        -2.1407418422
H78        -2.9977437714         2.4993074041        -2.1856905744
H79        -1.2649039340         1.1175779299        -1.1142967982
&

