&gen
basis=6-31G**
igeopt=1
dftname=PBE-D3
ifreq=1
&
entry_name: J1_10093_2111.in
&zmat
C1          4.2426017613        -0.8300142736         3.1918166290
C2          3.2364850485        -1.5854016911         2.3382421928
O3          2.5564228681        -0.6847737351         1.4669082814
C4          1.5882278582        -1.1175538533         0.5603698215
O5          1.3542964469        -2.3509285817         0.4353492551
C6          0.7788478067        -0.1509840694        -0.2706669460
C7          1.1877880070        -0.0126316440        -1.7177464173
C8          2.4517157439        -0.7652873328        -2.2180942827
O9          3.5595971020        -0.3897645045        -1.4102803953
C10         4.4758707473        -1.4599901690        -1.2591419458
C11         5.6187581852        -1.0524122005        -0.3684949164
C12         6.3207942964        -2.0319427405         0.3545635139
C13         7.4138186788        -1.6758898935         1.1503073856
C14         7.8290699010        -0.3437622825         1.2139715692
C15         7.1544160098         0.6330789853         0.4788042784
C16         6.0564771903         0.2819983554        -0.3121614115
C17         2.7820593134        -0.4479781738        -3.7119170740
O18         3.1015907830         0.9321322750        -3.8271759599
C19         4.1121274564         1.1699994720        -4.7906404401
C20         5.4454944250         1.3164717411        -4.1123590959
C21         6.3393509345         0.2346082980        -4.0535018140
C22         7.5744571932         0.3762624236        -3.4131204497
C23         7.9225409414         1.5949135457        -2.8237342031
C24         7.0315335686         2.6708187215        -2.8647694954
C25         5.7949250446         2.5322073512        -3.5028791206
C26         1.6753432952        -0.8173220560        -4.7435689768
O27         0.6337883027         0.1254562745        -4.7073447648
C28         1.1229302211        -2.2407647919        -4.5607936050
O29         0.3511949688        -2.5888489626        -5.6913802623
C30        -0.1636356510        -3.8930888893        -5.5308621721
C31        -0.9843426069        -4.2402589270        -6.7388923123
C32        -2.3473529703        -3.9033966272        -6.7893939821
C33        -3.1020365395        -4.1918269111        -7.9309173668
C34        -2.4994761213        -4.8056752091        -9.0325101463
C35        -1.1398427102        -5.1274162704        -8.9964604529
C36        -0.3815108391        -4.8406757538        -7.8569062653
O37         1.4123868405         1.3702896902        -1.6761812984
P38         1.0031771696         1.6535275157        -0.0253959119
C39         2.6634578338         2.3879686723         0.2707461593
C40         3.3896754197         2.1555852082         1.4575350899
C41         4.6324337027         2.7581647536         1.6689719394
C42         5.1746658117         3.6038463133         0.7023271594
C43         4.4742395522         3.8481133640        -0.4775939143
C44         3.2327677867         3.2446370417        -0.6953546496
C45         0.4383296720         1.8652878634         1.7193874325
C46         0.5999660665         3.1159224122         2.3598753381
C47         0.1618253412         3.3172967606         3.6704872188
C48        -0.4659973093         2.2847590097         4.3640179738
C49        -0.6672346710         1.0532460124         3.7429020496
C50        -0.2320171407         0.8447700520         2.4307781053
C51        -0.3480350696         2.7492921919        -0.5313524398
C52        -1.6370982730         2.2310405690        -0.7439087122
C53        -2.6792272833         3.0708848350        -1.1473655605
C54        -2.4449868553         4.4334978071        -1.3435655557
C55        -1.1679768854         4.9585629256        -1.1347515990
C56        -0.1229053014         4.1221276963        -0.7320094174
H57         4.9481248183        -0.2691920585         2.5446298950
H58         3.7150742414        -0.1194329389         3.8621705179
H59         4.8188809676        -1.5471961835         3.8131460461
H60         3.7689544481        -2.3563030860         1.7421694111
H61         2.5011276870        -2.0896524279         3.0018755548
H62        -0.2946261490        -0.4269472981        -0.2150024005
H63         0.3076345956        -0.2320418656        -2.3546517880
H64         2.2244080330        -1.8524657872        -2.1264723282
H65         4.9062436982        -1.7595135676        -2.2373658377
H66         3.9693544853        -2.3412204159        -0.8045121954
H67         6.0193025702        -3.0709580054         0.3055894478
H68         7.9424755070        -2.4341802753         1.7131449653
H69         8.6779108493        -0.0698140863         1.8268449207
H70         7.4858957660         1.6624441710         0.5170385901
H71         5.5535518894         1.0507037482        -0.8824317770
H72         3.6577825698        -1.0896397340        -3.9620990445
H73         3.8696010876         2.1205209665        -5.3116165294
H74         4.1600277223         0.4013506541        -5.5964027017
H75         6.0832244321        -0.7153814065        -4.5052988362
H76         8.2599925133        -0.4600283116        -3.3699666382
H77         8.8766329330         1.7013579404        -2.3241408123
H78         7.2962458199         3.6100558865        -2.3967556377
H79         5.1113674973         3.3716462185        -3.5262705221
H80         2.1529908817        -0.7807450950        -5.7507975649
H81         0.1518910059         0.0630147086        -5.5731636881
H82         0.4952468807        -2.2748655418        -3.6420715326
H83         1.9814843270        -2.9428378331        -4.4507216042
H84        -0.8073604116        -3.9570644735        -4.6232538072
H85         0.6615554140        -4.6344983346        -5.4237445732
H86        -2.8240742879        -3.4178141070        -5.9467730259
H87        -4.1531461028        -3.9356453808        -7.9630342421
H88        -3.0845906233        -5.0268501124        -9.9157885976
H89        -0.6724034022        -5.5953267591        -9.8532295268
H90         0.6734550367        -5.0855300022        -7.8462317059
H91         2.9818371606         1.5543055238         2.2521152064
H92         5.1718531220         2.5748152864         2.5892263769
H93         6.1367764362         4.0707629007         0.8681626601
H94         4.8922025524         4.5101350885        -1.2244513764
H95         2.7151052949         3.4626476311        -1.6199089324
H96         1.0759791805         3.9409231885         1.8475904234
H97         0.3068774912         4.2781052889         4.1472271954
H98        -0.8066360480         2.4421591662         5.3792059078
H99        -1.1709319920         0.2577324015         4.2769603994
H100        -0.4435737463        -0.1164241962         1.9962270339
H101        -1.8445540402         1.1819052487        -0.5938415088
H102        -3.6696374804         2.6646631616        -1.3071790951
H103        -3.2531188996         5.0825653757        -1.6550521391
H104        -0.9877782157         6.0154876754        -1.2827278359
H105         0.8516403718         4.5551615930        -0.5638420178
&

