&gen
basis=6-31G**
igeopt=1
dftname=PBE-D3
ifreq=1
&
entry_name: J1_10527_2111.in
&zmat
C1          2.5867715084        -0.2943187932         0.1021360109
C2          1.3971719202        -0.2539848698        -0.0899034147
C3         -0.0546048088        -0.2220428125        -0.3255400946
C4         -0.3931402323        -0.1715974865        -1.7895104202
C5         -1.3673094969        -1.2928982883        -2.2094295816
C6         -1.7712511537        -1.2281200146        -3.6783293034
C7         -2.7964179884        -0.9111136576        -2.5990539291
C8         -3.7999043823        -1.9907288148        -2.3549675317
O9         -4.5634130075        -2.3578270269        -3.2890118560
O10        -3.9163723924        -2.5407074672        -1.0739380339
C11        -4.8240644930        -3.5905444579        -0.7492010752
C12        -4.3095102493        -4.9255787980        -1.2741637732
O13        -1.0020873662         1.0936543339        -1.7589942208
P14        -0.7861204039         1.4264299282        -0.0837316138
C15        -2.5739669262         1.5520469165         0.1695147145
C16        -3.2431299451         2.7798266793         0.0331333974
C17        -4.6281398567         2.8521506544         0.2103023822
C18        -5.3558671813         1.7022479908         0.5254004952
C19        -4.6980965161         0.4792866987         0.6726227392
C20        -3.3133334078         0.4042376687         0.5008552107
C21        -0.5768069303         1.6697103699         1.7322731467
C22        -0.2719587423         0.6049959699         2.6094331823
C23        -0.1505008753         0.8233556317         3.9850768550
C24        -0.3462143311         2.0976542916         4.5154551156
C25        -0.6730835083         3.1578168041         3.6721999098
C26        -0.7959370151         2.9472196686         2.2970065424
C27         0.2304308130         2.8846989620        -0.4959544691
C28         1.5092489554         3.0612037711         0.0677410902
C29         2.2884337895         4.1706965332        -0.2715726504
C30         1.8095604091         5.1093745029        -1.1870002664
C31         0.5525333604         4.9366736691        -1.7690056239
C32        -0.2307176283         3.8291692653        -1.4316605939
H33         3.6307192146        -0.3276773733         0.2711458937
H34        -0.5886871677        -1.0318555942         0.2126099541
H35         0.5007230856        -0.1506768916        -2.4537774726
H36        -1.1686161032        -2.3350054820        -1.8749950041
H37        -1.4196497647        -0.3345706517        -4.2378263527
H38        -1.8768366905        -2.2214889105        -4.1659657579
H39        -3.1131609194         0.1512543020        -2.5490248424
H40        -4.9122210381        -3.6513106241         0.3559569160
H41        -5.8322987526        -3.3737345831        -1.1643241565
H42        -4.2516679403        -4.9093854171        -2.3824943572
H43        -3.2998253353        -5.1312232553        -0.8598843075
H44        -4.9987185311        -5.7391808867        -0.9646453313
H45        -2.7017430558         3.6857937790        -0.1914369293
H46        -5.1373292875         3.8014488297         0.1054225329
H47        -6.4281601864         1.7599133708         0.6602796389
H48        -5.2608748401        -0.4115789421         0.9202057097
H49        -2.8232907549        -0.5508530990         0.6241568420
H50        -0.1309709058        -0.4034493003         2.2615594115
H51         0.0901477751        -0.0017746821         4.6431236701
H52        -0.2531098027         2.2615324816         5.5812466571
H53        -0.8365002568         4.1451612316         4.0844720333
H54        -1.0630857128         3.7890453355         1.6727455910
H55         1.8998391363         2.3546929617         0.7862923740
H56         3.2648830204         4.3024868587         0.1763678020
H57         2.4149461746         5.9671417868        -1.4499551748
H58         0.1870470811         5.6578671163        -2.4885767055
H59        -1.1877549339         3.7027488579        -1.9192051562
&

