&gen
basis=6-31G**
igeopt=1
dftname=PBE-D3
ifreq=1
&
entry_name: J1_9838_2111.in
&zmat
C1         -1.8885378390        -1.0602554088         0.4228455492
C2         -1.3898443365        -2.1384725451         1.0329760869
C3         -1.0030087428        -0.1299212846        -0.3747508367
C4         -1.4242032388         0.1221500879        -1.8082543919
C5         -2.5228372492        -0.7608702685        -2.4390208045
C6         -2.0712656470        -2.2071197962        -2.7265586064
C7         -0.8814506944        -2.3431538592        -3.6935054027
C8         -1.1532413005        -1.7364643232        -5.0693895897
O9         -1.8674091157         1.4430830664        -1.6065225183
P10        -1.2960736109         1.6230327780         0.0079457077
C11        -2.8970345455         2.3042318933         0.5793808313
C12        -2.9369647907         3.4131123934         1.4504578634
C13        -4.1573456391         3.9307443895         1.8923761292
C14        -5.3556358303         3.3535279220         1.4713885749
C15        -5.3342836455         2.2578388479         0.6076869671
C16        -4.1154535892         1.7366759391         0.1638935112
C17        -0.6295683861         1.5244951044         1.7335198846
C18         0.6808713216         1.9328554866         2.0784826254
C19         1.1514868380         1.8079096923         3.3891302418
C20         0.3388005115         1.2613561930         4.3799778141
C21        -0.9468837267         0.8310228283         4.0621072938
C22        -1.4241635950         0.9531568663         2.7554194649
C23        -0.1074506665         2.8435528304        -0.6251522872
C24        -0.4318642672         4.2101524040        -0.6816047791
C25         0.4705893255         5.1304796418        -1.2234439654
C26         1.6925712925         4.6945623388        -1.7393003453
C27         2.0082335296         3.3348457878        -1.7277518417
C28         1.1087234953         2.4115782194        -1.1877127056
H29        -2.9492451577        -0.8589054213         0.5182698540
H30        -2.0440089430        -2.7889746817         1.6040476555
H31        -0.3336457747        -2.3812519584         0.9701746124
H32         0.0758000302        -0.3888259309        -0.3007521877
H33        -0.5350418934         0.1602002525        -2.4729986235
H34        -3.4177906074        -0.8012244117        -1.7886134256
H35        -2.8599067068        -0.2865647742        -3.3844684072
H36        -2.9359787372        -2.7647390202        -3.1479249885
H37        -1.8049918407        -2.7090535277        -1.7737618021
H38        -0.6712621251        -3.4263300668        -3.8283364610
H39         0.0336615131        -1.8922529660        -3.2562931484
H40        -1.1959985348        -0.6292094543        -5.0070273937
H41        -0.3298138276        -2.0097564902        -5.7623485627
H42        -2.1082576999        -2.1237926729        -5.4836949826
H43        -2.0224029950         3.8706982921         1.8045519177
H44        -4.1730410414         4.7787524316         2.5647451907
H45        -6.3004354947         3.7549818460         1.8143189049
H46        -6.2641124796         1.8115572136         0.2793307925
H47        -4.1352000136         0.8968634842        -0.5085695384
H48         1.3661168427         2.3465008004         1.3609644313
H49         2.1546641741         2.1318579255         3.6353010055
H50         0.7082478953         1.1649488051         5.3927310206
H51        -1.5760914239         0.3978086918         4.8289054162
H52        -2.4250531687         0.6000732961         2.5482841061
H53        -1.3870841611         4.5727275535        -0.3381825081
H54         0.2156715056         6.1819161481        -1.2559795612
H55         2.3882961149         5.4085537178        -2.1607129328
H56         2.9489015409         2.9948740167        -2.1412607953
H57         1.3725360804         1.3633891025        -1.1929268499
&

