&gen
basis=6-31G**
igeopt=1
dftname=PBE-D3
ifreq=1
&
entry_name: J1_10168_2111.in
&zmat
C1          2.1175629905        -0.1485695021        -3.9307542054
C2          1.6274134842        -0.6465008977        -2.5636653121
O3          1.7562572311        -2.0604648934        -2.5136097246
C4          0.4970613323        -2.7111269412        -2.5467347442
C5          0.6860214720        -4.2079870460        -2.1896055850
C6         -0.2518624413        -5.0833098813        -3.0204762100
C7         -0.0400772800        -4.8281390069        -4.5199696913
C8          0.3871897518        -3.3752675961        -4.7896097922
O9         -0.1416992766        -2.5083518288        -3.8053616288
C10         2.4223329514        -0.0226840923        -1.3783326656
C11         3.9296883943        -0.3664890528        -1.4278335333
O12         2.2735252174         1.3753595488        -1.3684408263
P13         1.5076876406         1.5474990701         0.1671265795
C14         2.9414483735         2.4930773300         0.7903272808
C15         3.4848329879         3.5407722695         0.0233054805
C16         4.5982426016         4.2526736129         0.4782771883
C17         5.1889195847         3.9241275896         1.6994615922
C18         4.6690281896         2.8802901108         2.4663228600
C19         3.5567414221         2.1646926608         2.0149119127
C20         0.5799987970         1.6385117605         1.7597268084
C21        -0.2374647782         0.5767015716         2.2066600747
C22        -0.9784462060         0.6887200391         3.3866998831
C23        -0.9504946644         1.8708360830         4.1246429278
C24        -0.1975094790         2.9527670729         3.6729335500
C25         0.5452234374         2.8469953663         2.4946813054
C26         0.0967334848         2.3882021607        -0.5913655188
C27        -1.0022042939         1.6432949567        -1.0514688155
C28        -2.0938093247         2.2855752419        -1.6424732336
C29        -2.1019693185         3.6761873355        -1.7717979738
C30        -1.0212113366         4.4266806022        -1.3031049505
C31         0.0730603094         3.7877073937        -0.7125688161
C32         1.7274542223        -0.2538849561        -0.0376028265
C33         2.5493402055        -0.9474316671         1.0633232855
H34         1.3893038499        -0.4388446510        -4.7167364448
H35         3.0952117955        -0.6021969296        -4.1950212301
H36         2.2072244679         0.9581931573        -3.9402090442
H37         0.5719607248        -0.2942881599        -2.4815828677
H38        -0.1733351058        -2.2928687627        -1.7614517912
H39         0.4923441869        -4.3713716009        -1.1069074948
H40         1.7345273428        -4.5207371614        -2.3931131662
H41        -0.0737484842        -6.1558781567        -2.7900575024
H42        -1.3036771199        -4.8438792102        -2.7483943820
H43         0.7431452719        -5.5138632747        -4.9104160601
H44        -0.9860790532        -5.0491332494        -5.0606291733
H45         1.4981565290        -3.2973409016        -4.8330669694
H46         0.0056953140        -3.0616624123        -5.7841009847
H47         4.0894147475        -1.4572328964        -1.2959851857
H48         4.4903138751         0.1880486275        -0.6471575053
H49         4.3754101823        -0.0557173891        -2.3935050649
H50         3.0597880900         3.8011410258        -0.9367673590
H51         5.0068453578         5.0566879479        -0.1201070948
H52         6.0511115659         4.4764712115         2.0500890791
H53         5.1271427785         2.6258214202         3.4133267109
H54         3.1654972037         1.3715890485         2.6369605021
H55        -0.3344196117        -0.3404471435         1.6515999056
H56        -1.5883173385        -0.1404485219         3.7217736176
H57        -1.5293670633         1.9555235074         5.0352290635
H58        -0.1985857832         3.8810349735         4.2295748190
H59         1.0840352973         3.7207923617         2.1544451496
H60        -1.0253592215         0.5683833391        -0.9418919683
H61        -2.9361614070         1.7049389801        -1.9956348417
H62        -2.9489110027         4.1726329331        -2.2274410152
H63        -1.0335572513         5.5052608157        -1.3923312865
H64         0.8848811933         4.3909405295        -0.3352267051
H65         0.7565180216        -0.7694759655        -0.1682600442
H66         3.5225225188        -0.4572905038         1.2488115976
H67         2.7374102736        -2.0007306150         0.7676237973
H68         1.9878938010        -0.9635729771         2.0178209677
&

