&gen
basis=6-31G**
igeopt=1
dftname=PBE-D3
ifreq=1
&
entry_name: J1_10054_2111.in
&zmat
C1          2.1976585659         0.0714401436        -0.4635828906
C2          1.1594679115        -0.4596604791         0.1756381186
C3         -0.3036907950        -0.2355951909        -0.1697626586
C4         -0.5785318758        -0.1813476683        -1.6535272205
C5         -1.6603902447        -1.1447759009        -2.0982466739
C6         -1.4327185782        -2.5273197325        -1.9861338214
C7         -2.4093047636        -3.4413601329        -2.3921238057
C8         -3.6176670349        -2.9850496898        -2.9237133790
C9         -3.8487552758        -1.6139001546        -3.0564615211
C10        -2.8744741442        -0.6955068215        -2.6541362356
O11        -1.0155607126         1.1542787247        -1.6712786549
P12        -0.8992379364         1.4821786201         0.0174545608
C13        -2.6769890249         1.8018051948         0.1104284633
C14        -3.5711230165         0.7369465583         0.3113003216
C15        -4.9476644373         0.9713768720         0.3681061946
C16        -5.4426807695         2.2703153902         0.2323113933
C17        -4.5607834745         3.3368446866         0.0423368795
C18        -3.1833216172         3.1058706433        -0.0184691790
C19        -0.8536543371         1.7019868715         1.8502763372
C20        -0.9316641684         0.6054489973         2.7365047211
C21        -0.9396636881         0.7989457788         4.1209166034
C22        -0.9098565202         2.0874388591         4.6508764262
C23        -0.8945409052         3.1877968000         3.7966442453
C24        -0.8853949379         3.0006096149         2.4125306389
C25         0.2725812376         2.8468616964        -0.3044306022
C26        -0.0105608371         3.7994500622        -1.3006448478
C27         0.8847716012         4.8397381091        -1.5652439416
C28         2.0757647880         4.9400696581        -0.8439735834
C29         2.3744093294         3.9990162724         0.1426018618
C30         1.4820020275         2.9580144881         0.4111972171
C31         1.5976449094        -1.4257777219         1.2225438150
C32         3.1267542031        -1.4180676466         1.1479038428
C33         3.4993705797        -0.3967517378         0.0721508470
H34         2.1161851786         0.7777922566        -1.2830887857
H35        -0.9609740643        -0.9723111873         0.3336732823
H36         0.3163732451        -0.2972437717        -2.3008909928
H37        -0.4995300279        -2.8953732509        -1.5771562580
H38        -2.2286359564        -4.5040764512        -2.2950383679
H39        -4.3731881225        -3.6939630340        -3.2368220985
H40        -4.7833262917        -1.2617751867        -3.4736840287
H41        -3.0770863341         0.3609233943        -2.7729418416
H42        -3.2078644785        -0.2751793279         0.4221032425
H43        -5.6306989280         0.1453724804         0.5182954232
H44        -6.5088172310         2.4508975153         0.2781202359
H45        -4.9445529582         4.3441048302        -0.0554929593
H46        -2.5199783425         3.9477668288        -0.1498026668
H47        -1.0144977846        -0.4073758071         2.3872793797
H48        -0.9855795886        -0.0548241371         4.7847997679
H49        -0.9212138987         2.2333524546         5.7232594769
H50        -0.9010521446         4.1895301113         4.2065601870
H51        -0.9099169924         3.8794073246         1.7829474500
H52        -0.9197925211         3.7351350052        -1.8835835663
H53         0.6562116664         5.5667499104        -2.3337868166
H54         2.7681470438         5.7457113118        -1.0511515441
H55         3.2984024568         4.0758825449         0.7009110550
H56         1.7337583350         2.2453745475         1.1854398332
H57         1.2594512146        -1.0928373776         2.2251592702
H58         1.1954222587        -2.4379130093         1.0009950157
H59         3.5646349259        -1.1279434715         2.1281461028
H60         3.5036146465        -2.4265315974         0.8688677500
H61         4.0549285343         0.4600319988         0.5104367513
H62         4.0975326403        -0.8676234114        -0.7370473133
&

