&gen
basis=6-31G**
igeopt=1
dftname=PBE-D3
ifreq=1
&
entry_name: J1_9941_2111.in
&zmat
C1          1.1006933705        -0.3626491380         0.2348670947
C2          1.5462145184        -1.1334130016         1.2514389991
C3          0.6058523238        -1.9204460702         2.1325056625
C4          3.0287059188        -1.1870499292         1.5149800401
C5         -0.3623563398        -0.1787695542        -0.1151371073
C6         -0.5965725192        -0.1374848045        -1.6074970223
C7         -1.6415729430        -1.1283220157        -2.0764129911
C8         -1.4259550207        -2.5028418812        -1.8744240932
C9         -2.3696990084        -3.4388992010        -2.3070081692
C10        -3.5303820730        -3.0137968900        -2.9574463373
C11        -3.7454651226        -1.6522818980        -3.1834951387
C12        -2.8037292847        -0.7121249097        -2.7548142821
O13        -1.0604659275         1.1922284213        -1.6531121578
P14        -0.9444537441         1.5343421316         0.0281333331
C15        -2.7347250880         1.8424282994         0.0127193049
C16        -3.6342970597         0.7668215385         0.1395315760
C17        -5.0125498583         0.9801025321         0.0546356007
C18        -5.5083057438         2.2632321283        -0.1820764276
C19        -4.6250204975         3.3317317621        -0.3480194732
C20        -3.2450751478         3.1220479145        -0.2655614935
C21        -0.7047294244         1.6463050603         1.8611565852
C22         0.5964151299         1.8371578326         2.3842261811
C23         0.8262032501         1.8763341732         3.7608619867
C24        -0.2323029409         1.7152326263         4.6510261331
C25        -1.5211691407         1.5072965391         4.1648025258
C26        -1.7586103140         1.4644269881         2.7876536353
C27         0.1267985991         2.9813313041        -0.2902956567
C28        -0.0883865947         4.2003300042         0.3840127523
C29         0.7392211006         5.3010831546         0.1471920560
C30         1.7912147217         5.2026481364        -0.7644722087
C31         2.0175680815         4.0024576905        -1.4400175966
C32         1.1929072057         2.8982829484        -1.2060753105
H33         1.8337664231         0.1883651440        -0.3464684089
H34         1.1538230172        -2.4697828325         2.9256989821
H35         0.0518900699        -2.6650736141         1.5229190115
H36        -0.1127734021        -1.2355128951         2.6295081280
H37         3.2712345048        -1.8490224348         2.3720320772
H38         3.5557038101        -1.5735190434         0.6169866459
H39         3.4044418405        -0.1676459440         1.7463417898
H40        -1.0483887817        -0.8696854214         0.4158186169
H41         0.3304571471        -0.2375905453        -2.2144576903
H42        -0.5286509892        -2.8476033835        -1.3749744421
H43        -2.2001210987        -4.4945760429        -2.1390537259
H44        -4.2604440610        -3.7397288238        -3.2912715311
H45        -4.6418484029        -1.3246936355        -3.6940583403
H46        -2.9910645898         0.3361236106        -2.9483430680
H47        -3.2738806917        -0.2363832229         0.3169328137
H48        -5.6960539750         0.1485186077         0.1671866696
H49        -6.5758865071         2.4271676754        -0.2510384403
H50        -5.0093816926         4.3218122187        -0.5566590520
H51        -2.5887420243         3.9567999638        -0.4514991892
H52         1.4485681823         1.9477701956         1.7274881243
H53         1.8301131409         2.0254387349         4.1369297792
H54        -0.0528689168         1.7434471616         5.7179857715
H55        -2.3412330268         1.3705314030         4.8580831939
H56        -2.7720895688         1.2794367795         2.4820969193
H57        -0.8847737732         4.2961518811         1.1104831069
H58         0.5669046497         6.2301650742         0.6749649557
H59         2.4317773852         6.0558412202        -0.9465310401
H60         2.8330768208         3.9271497716        -2.1476831019
H61         1.3890365534         1.9865379379        -1.7505369727
&

