&zmat
 C8              3.6270453508            -0.6471819274             0.9370370183
 O7              2.9907786634            -0.3570682275            -0.3077157550
 C6              1.6319322189            -0.2343712800            -0.3115174746
 C5              0.8084210805            -0.3730490310             0.8234054133
 C4             -0.5767682565            -0.2233177965             0.6894844584
 C3             -1.1648717144             0.0631821950            -0.5563487586
 C2             -2.6356521042             0.2328811886            -0.7556499256
 C1             -3.5590718779             0.0916281930             0.4482432490
 O11            -3.0980672793             0.4827854273            -1.8725602888
 C10            -0.3195989810             0.1980926990            -1.6823480143
 C9              1.0556860758             0.0530147722            -1.5688090554
 H17             3.2880542875            -1.6144660850             1.3520070319
 H18             4.7019612183            -0.7030423802             0.7169463679
 H19             3.4472854820             0.1501468092             1.6818267991
 H16             1.2348185110            -0.5951248707             1.8035597109
 H15            -1.2023241606            -0.3339798186             1.5800925171
 H12            -3.4679859766            -0.9089534891             0.9043522984
 H13            -3.3108798045             0.8306570852             1.2290865262
 H14            -4.5936547884             0.2472197137             0.1150807558
 H21            -0.7882729593             0.4206687176            -2.6453175535
 H20             1.7177962235             0.1553157402            -2.4327493254
&

