&zmat
 C22            -2.2181503729             4.0436014144            -0.1427183962
 C21            -1.5431590220             3.1844389315            -1.2191018228
 C20            -0.0728459268             3.5404046285            -1.4917727614
 C19             0.8904093949             3.3560579042            -0.3080932112
 P18             1.2472147239             1.6015947310             0.2671055812
 C23             0.2784368730             1.7448570819             1.9209221840
 C24             0.5491018459             0.7068281013             3.0198351731
 C25            -0.3402735773             0.8785751273             4.2691695211
 C26            -1.8271491564             0.5838106285             4.0359706856
 C27             2.9691750644             1.6032025338             0.9731363228
 C28             3.5590455708             0.2101413633             1.2530786554
 C29             4.9647746433             0.2573645468             1.8795586439
 C30             4.9965237895             0.8299595312             3.3022975358
 O17             1.9243606126             1.2368207639            -1.4628817690
 C10             0.9280961607             0.2706531756            -1.7638301103
 C11             1.4277288670            -0.8801852780            -2.6562712954
 C12             2.6794796291            -1.5910495688            -2.0867896265
 C13             3.5182120284            -2.3051767687            -3.1768568263
 C14             2.6303726226            -2.7691029298            -4.3400653838
 C15             1.9907147595            -1.5526884149            -5.0544938486
 C16             1.7290701162            -0.3777252331            -4.0799811193
 C9              0.4692350534            -0.0747549239            -0.3387465539
 C1             -0.9440338280            -0.4245333330            -0.0761471407
 C2             -1.3577001750            -1.3948184159             0.7744955773
 C3             -2.7403893442            -1.7235969272             1.1328501603
 C4             -3.0005580555            -2.9143644196             1.8487996532
 C5             -4.3014958405            -3.2657252803             2.2233225264
 C6             -5.3769754380            -2.4302003192             1.8944124331
 C7             -5.1359694426            -1.2377639021             1.1935922184
 C8             -3.8368399407            -0.8852363345             0.8225302126
 H57            -2.1545757990             5.1169050876            -0.3930123921
 H58            -3.2855877051             3.7881010110            -0.0385890186
 H59            -1.7514102122             3.9040382021             0.8466406689
 H55            -2.1053698034             3.2757897478            -2.1661205622
 H56            -1.6162221674             2.1202588012            -0.9306956054
 H53            -0.0205575964             4.6015434431            -1.8034517394
 H54             0.3143454747             2.9490132027            -2.3378042980
 H51             1.8885278214             3.7071080263            -0.6221999947
 H52             0.5758815203             3.9629284215             0.5572071286
 H60             0.4681954518             2.7537662841             2.3358315617
 H61            -0.7902425190             1.7231046726             1.6331376778
 H62             0.4151983669            -0.3165121083             2.6238721319
 H63             1.6052444788             0.7801100163             3.3370132832
 H64            -0.2203210644             1.9099248279             4.6537840769
 H65             0.0386591336             0.2127256109             5.0668256059
 H66            -2.4093604124             0.7197666067             4.9620562902
 H67            -2.2648783717             1.2485494667             3.2727027578
 H68            -1.9828814947            -0.4519305992             3.6904890307
 H69             2.9480714955             2.2179480821             1.8902533819
 H70             3.5941242202             2.1174296862             0.2233249032
 H71             2.8918289817            -0.3658526892             1.9203836098
 H72             3.6035162249            -0.3461701709             0.3030457154
 H73             5.3741588730            -0.7691572282             1.8933847215
 H74             5.6360310026             0.8438577032             1.2241329130
 H75             4.6690672722             1.8826550905             3.3314502311
 H76             4.3321802891             0.2578739932             3.9736313852
 H77             6.0126307003             0.7920835615             3.7273207407
 H39             0.0603034906             0.7276782948            -2.3052583635
 H40             0.5891298771            -1.6043647608            -2.7190404517
 H41             2.3762579313            -2.3173810943            -1.3108038671
 H42             3.2982816119            -0.8216489221            -1.5945014970
 H43             4.2866968043            -1.6141598745            -3.5708921803
 H44             4.0693343128            -3.1544713545            -2.7373203977
 H45             1.8392585576            -3.4317581377            -3.9413194969
 H46             3.2049904912            -3.3785618224            -5.0588045055
 H47             1.0446892570            -1.8644380833            -5.5321961968
 H48             2.6497055665            -1.2095495340            -5.8720013500
 H49             2.6077412145             0.2899982382            -4.0216564185
 H50             0.8966616187             0.2481682628            -4.4491099620
 H38             1.1459268456            -0.8255674247             0.1132690798
 H31            -1.6969607693             0.1562738916            -0.6249107737
 H32            -0.5896040272            -2.0111325147             1.2633222424
 H33            -2.1621339041            -3.5703703972             2.1081090431
 H34            -4.4759989237            -4.1936906636             2.7766035752
 H35            -6.3954546454            -2.6989475633             2.1903781285
 H36            -5.9683694624            -0.5712879146             0.9468518434
 H37            -3.6632316950             0.0636235116             0.3063361724
&

