&gen
basis=6-31G**
igeopt=1
dftname=PBE-D3
ifreq=1
&
entry_name: J1_1768_2111.in
&zmat
C1          5.2729879137         0.5755000441        -0.1261876309
C2          4.6435068524         1.0819425981         1.1666408140
O3          3.4670938837         0.3382211038         1.4779015483
C4          2.2504143777         0.5082082080         0.8093348207
O5          2.1251242513         1.3996414508        -0.0752507195
C6          1.1243528457        -0.3726360953         1.1540319826
P7         -0.3396598384        -0.2427324446         0.4393626115
C8         -0.9718380436         1.4000109954         0.8335846497
C9         -1.4585796427         1.6666082312         2.1225045781
C10        -1.9144456459         2.9462124875         2.4530543533
C11        -1.8692183607         3.9717956849         1.5050840074
C12        -1.3600020704         3.7204801895         0.2282568332
C13        -0.9040916122         2.4415174017        -0.1055477806
C14        -0.2418820442        -0.5101113123        -1.3408765551
C15        -1.3483137544        -0.2044116554        -2.1478688446
C16        -1.3045568854        -0.4437464284        -3.5244701801
C17        -0.1632220894        -1.0072674065        -4.1008665147
C18         0.9320939762        -1.3400987754        -3.2994407795
C19         0.8914520841        -1.1021197370        -1.9221449951
C20        -1.4582089977        -1.5125303461         1.0607601674
C21        -2.8328057408        -1.2497600471         1.1738576018
C22        -3.7089571470        -2.2517090536         1.6018684227
C23        -3.2230123969        -3.5282383328         1.8959668783
C24        -1.8616945913        -3.8074406731         1.7506102094
C25        -0.9828272759        -2.8074331125         1.3231382848
H26         5.5019512868        -0.5074953641        -0.0368740857
H27         6.2156766170         1.1278488012        -0.3237397406
H28         4.5825638342         0.7318461540        -0.9811655662
H29         4.4066178554         2.1649447820         1.0827405236
H30         5.3731026998         0.9518655881         1.9934368576
H31         1.2685855369        -1.1064881496         1.9349668898
H32        -1.4860862436         0.8841723250         2.8703997557
H33        -2.2976741135         3.1439731312         3.4457349775
H34        -2.2200118127         4.9627768515         1.7625664689
H35        -1.3120222459         4.5187519969        -0.5010521031
H36        -0.4924498071         2.2722973584        -1.0912968274
H37        -2.2435794787         0.2204972769        -1.7114903047
H38        -2.1573849745        -0.1970286283        -4.1434960167
H39        -0.1309007603        -1.1940309577        -5.1664524154
H40         1.8107003655        -1.7887988366        -3.7446200487
H41         1.7419674679        -1.3852662748        -1.3168231089
H42        -3.2306636052        -0.2745728650         0.9257773680
H43        -4.7662396288        -2.0407340876         1.6971625240
H44        -3.9027526460        -4.3039648698         2.2240159658
H45        -1.4885768381        -4.8015020511         1.9605740612
H46         0.0634664432        -3.0489951554         1.1892738482
&

