&gen
basis=6-31G**
igeopt=1
dftname=PBE-D3
ifreq=1
&
entry_name: J1_10449_2111.in
&zmat
C1          0.9576879889        -1.8221027834        -1.4698142480
C2          0.5717247585        -0.3579333478        -1.2585896482
O3          1.7052438334         0.4698435580        -1.3573567874
P4          1.6281862981         1.1415892934         0.2230982897
C5          1.6724277749         2.8301401192        -0.4338478825
C6          2.6846689599         3.7141849493        -0.0190827384
C7          2.7376108911         5.0167012710        -0.5232245109
C8          1.7933973569         5.4433854881        -1.4594934739
C9          0.8021307509         4.5639328591        -1.9007077916
C10         0.7453830035         3.2607339446        -1.3974248408
C11         1.3870708504         1.7518906753         1.9188585070
C12         0.3463329779         2.6004958129         2.3273384347
C13         0.2647126751         2.9961900710         3.6683945233
C14         1.2308688235         2.5682418591         4.5903185556
C15         2.2927510367         1.7566885839         4.1719282939
C16         2.3578400286         1.3629481259         2.8295736527
C17         3.4168613883         0.6060196431         2.1911678569
C18         4.5769367745         0.1082958620         2.7971562909
C19         5.5243939159        -0.5535770748         2.0072670594
C20         5.3125393253        -0.7031161970         0.6292491661
C21         4.1493643310        -0.1970731654         0.0337946355
C22         3.1950540308         0.4563233884         0.8283987174
C23         0.2339790056        -0.0213433451         0.1774090313
C24        -1.1428143286         0.5813047277         0.3891648853
O25        -1.6425215730         1.3158001093        -0.5055308152
C26        -1.9363427220         0.3241533814         1.6253332357
C27        -1.3448718601        -0.1820907900         2.8028472136
C28        -2.1132149318        -0.3897570380         3.9519842459
C29        -3.4779619018        -0.0996518948         3.9461048116
C30        -4.0778203591         0.4040120264         2.7914520875
C31        -3.3147056550         0.6178065320         1.6398945455
H32         1.2875849704        -1.9717667253        -2.5192257022
H33         1.7879943926        -2.1137982677        -0.7910642363
H34         0.0801932658        -2.4738201987        -1.2742405403
H35        -0.1976289748        -0.0435373877        -1.9967542460
H36         3.4291426366         3.3981196983         0.7004540561
H37         3.5131265087         5.6942371568        -0.1901670006
H38         1.8366120825         6.4513167854        -1.8514178226
H39         0.0826459202         4.8889807426        -2.6411043349
H40        -0.0033763972         2.5886498231        -1.7845483512
H41        -0.3932480253         2.9504578216         1.6198688844
H42        -0.5441379300         3.6378022075         3.9927338940
H43         1.1652530812         2.8804658514         5.6244520538
H44         3.0499616150         1.4559195215         4.8828573191
H45         4.7545084045         0.2316837289         3.8566877528
H46         6.4262758640        -0.9445264116         2.4601644520
H47         6.0513916181        -1.2105875939         0.0226640889
H48         4.0072342859        -0.3191119881        -1.0308135887
H49         0.4295312830        -0.8847619194         0.8466835296
H50        -0.2870952664        -0.3915457144         2.8613449308
H51        -1.6467897765        -0.7703180076         4.8515816937
H52        -4.0698742168        -0.2611871741         4.8377261988
H53        -5.1361082959         0.6311410143         2.7882757738
H54        -3.8069923011         1.0089606563         0.7582983416
&

