&gen
basis=6-31G**
igeopt=1
dftname=PBE-D3
ifreq=1
&
entry_name: J1_10414_2111.in
&zmat
C1         -0.6131608656        -9.7563376317        -6.3792012232
O2         -1.8951835915       -10.3431204770        -6.4115983633
C3         -2.8087283097        -9.5569745164        -5.6748565069
O4         -3.1086140140        -8.3708296431        -6.3866470020
C5         -4.1067389881        -7.6189783677        -5.7195297727
C6         -3.4977334618        -6.5632447647        -4.7777090889
C7         -2.8991112163        -5.3282053500        -5.5128819389
C8         -1.5770460190        -5.6397664667        -6.2437645032
C9         -0.4374078942        -6.0081251157        -5.2790539988
C10        -0.4975230887        -5.2449705067        -3.9418191978
C11        -1.2447171948        -3.8949585764        -4.0345698263
C12        -2.7153605259        -4.0965032156        -4.5523261613
C13        -3.2896758649        -2.8131213656        -5.2100622226
C14        -2.6579429137        -1.5488262164        -4.6352659031
C15        -1.1598145585        -1.5253532930        -4.9983397091
C16        -0.3950424416        -0.4234952580        -4.2299429215
C17        -0.0982583996        -0.7853101667        -2.7644522581
C18         0.4905742355         0.4116147849        -2.0038268267
O19        -0.4708697742         1.4199792049        -1.8465166863
P20        -0.5347101969         1.4386658909        -0.1251449139
C21        -2.2899535619         0.9922162641        -0.1537436567
C22        -2.6729593803        -0.3574966987        -0.0710675111
C23        -4.0231351853        -0.7144084549        -0.1236199388
C24        -5.0034299565         0.2721120883        -0.2492445354
C25        -4.6343063901         1.6174311502        -0.3168560568
C26        -3.2844060872         1.9780785269        -0.2687359354
C27        -0.6012959781         1.3281171535         1.7139780649
C28        -0.0136527382         0.2642504840         2.4340407355
C29        -0.1128084836         0.2029973842         3.8273866810
C30        -0.8095448815         1.1869370317         4.5275562721
C31        -1.4171730904         2.2329341243         3.8356028024
C32        -1.3222819690         2.3006821935         2.4438974223
C33        -0.0210526238         3.1985065631        -0.1124287710
C34        -0.6050856033         4.1074569010        -1.0174554721
C35        -0.2137096942         5.4489230371        -1.0371589679
C36         0.7689233618         5.9050082895        -0.1585097039
C37         1.3626145228         5.0196729107         0.7412110146
C38         0.9763163009         3.6766163411         0.7641988858
C39         0.6904583123         0.1464750801        -0.5365098944
C40         2.0998545617         0.4321001957        -0.0954813415
O41         3.0130727822        -0.2743335078        -0.4911450975
N42        -0.5349599558        -2.8503746430        -4.8162521548
C43         0.7581851210        -3.0503086883        -5.4103815521
O44         1.7463615652        -3.3639216719        -4.6924537324
O45         0.9157260983        -2.8505551142        -6.7831818957
C46         2.1540512542        -3.0555660092        -7.4552128751
C47         1.9745403005        -2.8390823449        -8.9565920102
Cl48         0.7749620595        -3.9880410946        -9.6064120996
Cl49         1.4223969780        -1.1747865129        -9.2809342822
Cl50         3.5265469359        -3.0996306394        -9.7913923394
H51        -0.6105887825        -8.7700510541        -6.8915650506
H52         0.0896668077       -10.4158841197        -6.9281712691
H53        -0.2340318035        -9.6608474613        -5.3374453600
H54        -3.7280317314       -10.1719296349        -5.5517911518
H55        -2.4198667958        -9.3326622132        -4.6534586811
H56        -4.8201588258        -8.2556017304        -5.1443959806
H57        -4.7278914259        -7.1108862921        -6.4870251944
H58        -2.7558013967        -7.0408120280        -4.1091433197
H59        -4.3293998038        -6.2158460267        -4.1268742744
H60        -3.6399537018        -5.0564588057        -6.2980799000
H61        -1.2777430073        -4.7383377094        -6.8221599227
H62        -1.7124004294        -6.4441809882        -6.9936208139
H63        -0.4727143952        -7.0967928623        -5.0650415308
H64         0.5341049654        -5.8130881874        -5.7817660587
H65         0.5217603975        -5.1134937719        -3.5260712671
H66        -1.0254885268        -5.8734965893        -3.1932051716
H67        -1.3121954724        -3.5181040449        -2.9894336486
H68        -3.3340017618        -4.2626641089        -3.6416887150
H69        -4.3904944244        -2.7780605348        -5.0564469729
H70        -3.1081450623        -2.8193338780        -6.3085093536
H71        -2.8210199518        -1.5287542412        -3.5373117890
H72        -3.1595869534        -0.6557658963        -5.0678589131
H73        -1.1100519155        -1.2642964304        -6.0802519768
H74         0.5701452288        -0.2309221274        -4.7478503973
H75        -0.9828811996         0.5195993898        -4.2760448691
H76        -1.0253012738        -1.1196966311        -2.2588599509
H77         0.6333708261        -1.6207331524        -2.7297161334
H78         1.3926647788         0.8190013451        -2.5145503028
H79        -1.9318279627        -1.1362373694         0.0392251069
H80        -4.3093705122        -1.7565167315        -0.0643162313
H81        -6.0488685529        -0.0052348327        -0.2878885596
H82        -5.3950873020         2.3823009152        -0.4042200503
H83        -3.0265379571         3.0252919945        -0.3042504755
H84         0.5193821475        -0.5340128464         1.9474395121
H85         0.3481336776        -0.6153442090         4.3655522070
H86        -0.8850183682         1.1343113544         5.6059682733
H87        -1.9666726272         2.9918230600         4.3774565852
H88        -1.8128396837         3.1197677415         1.9351887874
H89        -1.3574547898         3.7817333103        -1.7229569159
H90        -0.6710832271         6.1348918870        -1.7384394350
H91         1.0700756049         6.9444695265        -0.1745724702
H92         2.1209823827         5.3752877664         1.4267694423
H93         1.4383113225         3.0299181706         1.4944323423
H94         0.3622888240        -0.8714131807        -0.2384679969
H95         2.3255321617         1.2351962889         0.5876415934
H96         2.5087949594        -4.0935871045        -7.2708277657
H97         2.9116634810        -2.3435558397        -7.0607532468
&

