&zmat
 C5              4.3151467848            -1.5096551754            -1.1011455395
 C4              2.9548930626            -1.8271220149            -0.4696089629
 C3              2.4202144006            -0.7670151020             0.5088056751
 O6              1.1553468887            -1.1917373203             1.0483143829
 C2              2.2196195597             0.6103001164            -0.1569297241
 C1              3.4615908531             1.4837504905            -0.0602149808
 O16             4.4543217869             1.2490177282             0.6115639657
 C7              1.0127783230             1.4318540489             0.3724309718
 O8             -0.1575515598             1.0669217021            -0.3336491689
 Si9            -1.7047151879             0.8821663573             0.3403273542
 C10            -2.6609639565             2.5001136646             0.1121328732
 C11            -1.5917329536             0.4564213369             2.1794257116
 C12            -2.5043542007            -0.5315576179            -0.6752257243
 C13            -1.8775518709            -1.8809710447            -0.2657757982
 C14            -2.2439106381            -0.2816889964            -2.1757393759
 C15            -4.0247727841            -0.5694942021            -0.4127681215
 H22             5.0759790091            -1.2971341677            -0.3333066561
 H23             4.2641524766            -0.6285183858            -1.7623521078
 H24             4.6665115826            -2.3561497727            -1.7120709717
 H20             2.1877786951            -1.9774561993            -1.2522231483
 H21             3.0285328994            -2.7858285480             0.0807734659
 H19             3.1548160804            -0.6300253365             1.3301513205
 H25             1.3091661734            -2.0596571969             1.4637391120
 H18             2.0102423508             0.4936323107            -1.2406418814
 H17             3.3892234818             2.4311869021            -0.6631573912
 H26             0.9197242258             1.2649834480             1.4614308906
 H27             1.2128792396             2.5137628032             0.2167503828
 H28            -3.6695661326             2.4359862819             0.5537314337
 H29            -2.7722053419             2.7525433153            -0.9549318641
 H30            -2.1345712051             3.3364768556             0.6014090117
 H31            -1.3313044098             1.3341395356             2.7936082518
 H32            -0.8261580112            -0.3187108192             2.3405389822
 H33            -2.5606496975             0.0756954249             2.5443438260
 H34            -2.2758504471            -2.6966134261            -0.8998801255
 H35            -2.1137137270            -2.1344086813             0.7826093122
 H36            -0.7795493994            -1.8662366959            -0.3620196849
 H37            -1.1639784934            -0.2461467541            -2.3928685931
 H38            -2.6903916431            -1.0919450141            -2.7839370010
 H39            -2.6879661088             0.6692517742            -2.5192115773
 H40            -4.2580882416            -0.7262024596             0.6557559833
 H41            -4.5245128581             0.3603369881            -0.7340115468
 H42            -4.4904729471            -1.4033978710            -0.9721390878
&

