&gen
basis=6-31G**
igeopt=1
dftname=PBE-D3
ifreq=1
&
entry_name: J1_9378_2111.in
&zmat
C1          3.2915450543         1.5651535908        -0.4744100940
C2          2.2536882330         0.4737180427        -0.5392742410
C3          2.6831634777        -0.7724234584         0.2884028162
C4          3.9660018896        -1.4436759168        -0.2694915180
C5          5.2524012056        -0.9193449614         0.3712863945
O6          1.6429907976        -1.7183610214         0.2639513137
C7          0.8970072687         1.0383048136        -0.0717500322
O8         -0.1371087028         0.1592151993        -0.4504568073
Si9         -1.6281674070         0.5968069318         0.3256773036
C10        -1.9389976337         2.4433436158         0.2088479483
C11        -1.5467102554         0.1203104958         2.1359306747
C12        -3.0239950639        -0.3595507276        -0.5414097785
C13        -2.7455848496        -1.8686259102        -0.4294706597
C14        -3.0624845956         0.0428598775        -2.0257842745
C15        -4.3776395664        -0.0363537217         0.1144385238
O16         3.5625123888         2.1090193223         0.5853968907
H17         3.8028668613         1.8766573589        -1.3794225757
H18         2.1460319771         0.1735066510        -1.6057428086
H19         2.8527524770        -0.4513261996         1.3445760555
H20         4.0257339756        -1.3257222900        -1.3732573538
H21         3.9257287965        -2.5365215012        -0.0659895140
H22         5.1988070907        -1.0033730989         1.4774756048
H23         5.4423694310         0.1345861479         0.0893300387
H24         6.1125491377        -1.5256807367         0.0167851345
H25         1.7545056509        -2.2957308049         1.0643207766
H26         0.9408089637         1.1876728325         1.0320300234
H27         0.7325231441         2.0231658139        -0.5654571868
H28        -2.9313197445         2.6849552852         0.6396926053
H29        -1.9068117732         2.7624399588        -0.8526446833
H30        -1.1605630696         2.9890235462         0.7801954718
H31        -0.7751734948         0.7286159846         2.6495320564
H32        -1.2844681956        -0.9531938001         2.2277466365
H33        -2.5272875787         0.3067427712         2.6180932140
H34        -3.5320018344        -2.4504221761        -0.9571022393
H35        -2.7363566134        -2.1915499577         0.6333472805
H36        -1.7635423900        -2.1236199549        -0.8834693635
H37        -2.0881550936        -0.1686908889        -2.5171356544
H38        -3.8518147281        -0.5255127910        -2.5636126266
H39        -3.2847384648         1.1256232216        -2.1364920455
H40        -4.3781068197        -0.3242101094         1.1868387094
H41        -4.6073676260         1.0472743792         0.0380831517
H42        -5.1955923202        -0.5951058136        -0.3896051678
&

