&zmat
 C1             -2.8765825388            -0.2933161916             0.4089668325
 C2             -1.3873960337            -0.2612095961             0.6964426947
 O8             -0.7863429031            -1.1858891443             1.2222251476
 C3             -0.6623990801             1.0213931301             0.2598115404
 O4              0.7419212918             0.9375912355             0.5029883023
 C5              1.4114128877             0.1380682184            -0.3937474461
 C6              2.8368864240            -0.0682599168             0.0518534287
 O7              0.8919370330            -0.3308350320            -1.3928404953
 H9             -3.3675012197             0.6608654703             0.6641431288
 H10            -3.3423314450            -1.1204515467             0.9611652446
 H11            -3.0283485837            -0.4574703369            -0.6726216735
 H12            -1.0285993373             1.8759608070             0.8534820067
 H13            -0.8723211888             1.2120150220            -0.8083773123
 H14             2.8430890657            -0.8223575826             0.8560701446
 H15             3.4345757626            -0.4366729814            -0.7910469154
 H16             3.2661455123             0.8582127238             0.4603774536
&

