&gen
basis=6-31G**
igeopt=1
dftname=PBE-D3
ifreq=1
&
entry_name: J1_6827_2111.in
&zmat
C1          1.9680161244        -2.0062230040        -0.6784334110
C2          0.7963475144        -1.3147102914        -1.2604993285
P3         -0.0730338264        -0.1563115338        -0.4948524464
C4         -1.3213299616         0.4964853142        -1.6198495817
C5         -2.0672515284        -0.3784744995        -2.4255080457
C6         -3.0721212882         0.1173101121        -3.2617673901
C7         -3.3529454356         1.4858530962        -3.2836225015
C8         -2.6363699461         2.3587177874        -2.4608558374
C9         -1.6310429933         1.8661397924        -1.6232171134
C10         1.0726882546         1.1582285275        -0.0277157057
C11         1.7278813935         1.8879194451        -1.0314656604
C12         2.6345621833         2.8965431977        -0.6928316086
C13         2.9007635505         3.1760187413         0.6499516688
C14         2.2634243893         2.4439555979         1.6550966041
C15         1.3549650649         1.4353429065         1.3198084122
C16        -0.9953222508        -0.8090953150         0.9113096962
C17        -1.7205156838         0.0707126971         1.7293253175
C18        -2.4720798399        -0.4198658481         2.8010253328
C19        -2.5193203401        -1.7935776299         3.0516996632
C20        -1.8218664558        -2.6784904259         2.2252375383
C21        -1.0694611724        -2.1909509932         1.1522270112
C22         2.3320810612        -1.9366087850         0.6070928314
C23         3.5328580377        -2.6748858065         1.1030515097
H24         2.5521870542        -2.6223487649        -1.3516464534
H25         0.5774377684        -1.5152328837        -2.3003886287
H26        -1.8779839333        -1.4439980003        -2.4026436483
H27        -3.6384055385        -0.5606564372        -3.8871665371
H28        -4.1328878059         1.8682013211        -3.9293104571
H29        -2.8653776971         3.4165362173        -2.4661030450
H30        -1.1042636857         2.5544272128        -0.9758848324
H31         1.5339708671         1.6768792667        -2.0757157215
H32         3.1326882890         3.4595743945        -1.4714430215
H33         3.6042784962         3.9558158272         0.9114322638
H34         2.4769180333         2.6549838778         2.6949672957
H35         0.8873494128         0.8704770354         2.1136881801
H36        -1.7019969482         1.1364079669         1.5380994657
H37        -3.0216143644         0.2646006274         3.4341823502
H38        -3.1028257402        -2.1728221451         3.8806081059
H39        -1.8692543339        -3.7434837194         2.4122996376
H40        -0.5525962333        -2.8944711919         0.5140403233
H41         1.7638409330        -1.3586103591         1.3204366499
H42         3.4050572565        -3.7648556074         0.9329762605
H43         3.6612187881        -2.4945699679         2.1909145671
H44         4.4413325303        -2.3208877534         0.5714502903
&

