&zmat
 C23             3.9886513083            -2.7024255824             0.3667805758
 C22             2.6807466526            -2.0005338937             0.1388311286
 C1              1.9455261775            -2.1079666223            -1.0068599603
 C2              0.7264952739            -1.4448148009            -1.4065043610
 P3             -0.1111485464            -0.2615651138            -0.5044035792
 C4             -1.3490726641             0.5372299225            -1.5800349892
 C5             -2.5035867135            -0.1859058826            -1.9419349654
 C6             -3.4406719938             0.3849858841            -2.8130498245
 C7             -3.2418176573             1.6811801356            -3.3087677598
 C8             -2.0995562748             2.4067759901            -2.9389144532
 C9             -1.1519923166             1.8376519256            -2.0790836321
 C10             0.9897957040             1.0607677584             0.1496734206
 C11             2.1745690989             1.3184013056            -0.5660519676
 C12             3.0158639968             2.3645744108            -0.1675192263
 C13             2.6781208939             3.1556340073             0.9405887004
 C14             1.5043518227             2.8928810532             1.6608348986
 C15             0.6635593184             1.8407672826             1.2741293594
 C16            -1.0790009162            -0.8088620741             0.9743188694
 C17            -2.2130459207            -0.1116649292             1.4375176274
 C18            -2.9300281464            -0.5934297240             2.5415833375
 C19            -2.5168999591            -1.7660466045             3.1891318422
 C20            -1.3940185021            -2.4675966754             2.7237165168
 C21            -0.6806178454            -1.9990624656             1.6138484420
 H42             4.2468580697            -3.3498837043            -0.4890543650
 H43             3.9760668708            -3.3404914913             1.2720638574
 H44             4.8290653761            -1.9934050629             0.5053529689
 H41             2.3336664624            -1.3453161639             0.9499435134
 H24             2.3476929730            -2.7859460171            -1.7759134069
 H25             0.2228672738            -1.7307603483            -2.3312649988
 H26            -2.6697683892            -1.1875817971            -1.5341079191
 H27            -4.3336538282            -0.1804228722            -3.0961568514
 H28            -3.9807208583             2.1292402081            -3.9801268053
 H29            -1.9454568032             3.4204146255            -3.3209459708
 H30            -0.2583620927             2.3999723392            -1.7926297092
 H31             2.4182717538             0.6813666996            -1.4221151251
 H32             3.9407887501             2.5587339424            -0.7190286975
 H33             3.3351209926             3.9752937602             1.2481926018
 H34             1.2443342607             3.5053825012             2.5296694851
 H35            -0.2418804168             1.6242433685             1.8484528852
 H36            -2.5431986851             0.7984704908             0.9258363744
 H37            -3.8149744614            -0.0540174893             2.8938028440
 H38            -3.0768564582            -2.1398270110             4.0519205171
 H39            -1.0770850762            -3.3879624377             3.2236650033
 H40             0.1829571875            -2.5513008686             1.2282038013
&

