&gen
basis=6-31G**
igeopt=1
dftname=PBE-D3
ifreq=1
&
entry_name: J1_9822_2111.in
&zmat
C1         -2.4037608945        -0.2857757923        -3.8619150522
C2         -2.3524663709        -0.6931620592        -2.3698462831
C3         -2.1096573975        -2.2166985627        -2.3091988055
C4         -3.7299962751        -0.3616008732        -1.7571635767
C5         -1.1720502896         0.1070534045        -1.7105421874
O6         -1.4957478850         1.4735363989        -1.5883345748
P7         -1.1142032257         1.6764084575         0.0818162802
C8         -2.7892691889         2.4099501750         0.3212973818
C9         -0.6028845021         1.6186616344         1.8541326179
C10         0.7634823269         1.4389759960         2.1645383539
C11         1.1974924702         1.3474588514         3.4889705391
C12         0.2766114341         1.4087572568         4.5326954902
C13        -1.0815099721         1.5475735290         4.2524166317
C14        -1.5229688093         1.6409791567         2.9292754741
C15         0.1112530183         2.9580196627        -0.2962614599
C16         1.2267797122         2.6627577596        -1.0991047318
C17         2.1686585745         3.6534609989        -1.3915198233
C18         2.0047899211         4.9462549441        -0.8888474414
C19         0.8980494239         5.2504251520        -0.0929001818
C20        -0.0466280856         4.2629079404         0.2017128738
C21        -0.7170012884        -0.0689666778        -0.2719595671
C22        -1.2684052150        -1.1970743474         0.5930993931
C23        -2.4120985436        -1.0923163499         1.4066611402
C24        -2.8285809552        -2.1667672176         2.1979887915
C25        -2.1066178303        -3.3601271854         2.1974502604
C26        -0.9641597653        -3.4799087150         1.4068961307
C27        -0.5451802376        -2.4071227552         0.6155854104
H28        -3.2362609696        -0.8000451460        -4.3899816284
H29        -2.5587069944         0.8099723402        -3.9671264794
H30        -1.4561313286        -0.5539598059        -4.3778262338
H31        -1.0479795299        -2.4567910613        -2.5326631454
H32        -2.3782715861        -2.6335767125        -1.3196606433
H33        -2.7475024183        -2.7490517071        -3.0477514452
H34        -4.5351481189        -0.8970752327        -2.3054898971
H35        -3.7986294537        -0.6767094568        -0.7048218054
H36        -3.9457122674         0.7253793857        -1.8216491255
H37        -0.2758139709         0.0139233651        -2.3660679805
H38        -2.7900919023         3.1713159768         1.1259020986
H39        -3.0980070310         2.9585192784        -0.5933555619
H40        -3.5610525141         1.6463091764         0.5177850644
H41         1.5028803508         1.3587426292         1.3796191248
H42         2.2503242695         1.2193413563         3.7049431690
H43         0.6136879173         1.3329625478         5.5584001544
H44        -1.7983350235         1.5699859450         5.0632411055
H45        -2.5882393914         1.6991199002         2.7755977118
H46         1.3741117130         1.6686293216        -1.4969072423
H47         3.0264753971         3.4183897715        -2.0082311151
H48         2.7353375919         5.7119253389        -1.1156655311
H49         0.7725009660         6.2520391490         0.2975667400
H50        -0.8911056348         4.5179046233         0.8263811470
H51         0.3929068858        -0.1471668085        -0.2577725190
H52        -2.9955288869        -0.1962604453         1.4397037991
H53        -3.7131010796        -2.0720493839         2.8146288715
H54        -2.4310643118        -4.1905387590         2.8110684103
H55        -0.4010936601        -4.4042274964         1.4070967087
H56         0.3448819552        -2.5238770541         0.0092978691
&

