&gen
basis=6-31G**
igeopt=1
dftname=PBE-D3
ifreq=1
&
entry_name: J1_9892_2111.in
&zmat
C1          0.0752433784        -2.8532917342         1.1534745264
C2         -1.1950044187        -2.5029298264         0.3776889820
C3         -1.6205624649        -1.0385091307         0.5750293713
C4         -0.7673041084        -0.0497033920        -0.2570080611
C5         -1.1596750682         0.1826215674        -1.7023351406
C6         -2.3154905624        -0.6187646211        -2.2728610609
C7         -2.0459776898        -1.7785732371        -3.0163280060
C8         -3.0898976108        -2.5439490177        -3.5424237773
C9         -4.4211391446        -2.1641166956        -3.3430644037
O10        -5.4330623194        -2.9676979003        -3.8889290064
C11        -6.8261903742        -2.7022907880        -3.7617915476
C12        -4.6979284424        -0.9968603506        -2.6078014886
C13        -3.6543584819        -0.2307535268        -2.0815683140
O14        -1.4861087922         1.5402461785        -1.5583418966
P15        -1.0946732118         1.7122960644         0.1111486876
C16        -2.8099831973         2.2297836206         0.4492112964
C17        -3.6017080681         1.5664273217         1.4063034750
C18        -4.9266016106         1.9547405694         1.6233653440
C19        -5.4797615701         3.0026671094         0.8854925325
C20        -4.7081588768         3.6649491402        -0.0708129339
C21        -3.3825519503         3.2808156820        -0.2905380014
C22        -0.5573669749         1.8124533401         1.8762331442
C23        -1.0379432649         2.8406780112         2.7221218887
C24        -0.6019274366         2.9493194992         4.0448360028
C25         0.3456599200         2.0590601533         4.5450914829
C26         0.8738824380         1.0710371162         3.7166768134
C27         0.4429636723         0.9575560038         2.3919893504
C28         0.1656208087         2.9528003585        -0.2707500360
C29         1.4184502674         2.5503837911        -0.7625311462
C30         2.3984367243         3.5011609664        -1.0623171771
C31         2.1365241845         4.8602241074        -0.8748204992
C32         0.8938117480         5.2703082307        -0.3866557259
C33        -0.0891458422         4.3227775820        -0.0863983688
H34        -0.0566780657        -2.6362139468         2.2348503460
H35         0.9449820488        -2.2828566299         0.7682192310
H36         0.2916578878        -3.9359906674         1.0362804173
H37        -1.0369645747        -2.7270766380        -0.6957812139
H38        -2.0144821983        -3.1605038641         0.7403438900
H39        -1.5294204244        -0.7984824480         1.6535932068
H40        -2.6962745431        -0.9383404359         0.3285556297
H41         0.3128910865        -0.2854325960        -0.2115032781
H42        -0.2699492531         0.1013346749        -2.3666950303
H43        -1.0238887105        -2.0956600522        -3.1834093779
H44        -2.8629669394        -3.4387921950        -4.1080251633
H45        -7.3959108998        -3.4965044808        -4.2861797937
H46        -7.0721877099        -1.7233650008        -4.2248525021
H47        -7.1187581742        -2.7029526402        -2.6904945217
H48        -5.7153625099        -0.6727907142        -2.4366989013
H49        -3.8985622205         0.6593441768        -1.5214903864
H50        -3.1948994623         0.7670260742         2.0061766034
H51        -5.5242924453         1.4437320962         2.3670362185
H52        -6.5063932238         3.3008787307         1.0541595673
H53        -5.1391931685         4.4731624108        -0.6473392702
H54        -2.8104784102         3.7931604063        -1.0527430658
H55        -1.7456961093         3.5754860648         2.3659165466
H56        -0.9926978172         3.7340431106         4.6797454324
H57         0.6850573742         2.1469171583         5.5690688079
H58         1.6304780506         0.3971042808         4.0976611930
H59         0.9165058222         0.2042857494         1.7875154332
H60         1.6416971661         1.5040255703        -0.9157644310
H61         3.3616429592         3.1837680490        -1.4403877901
H62         2.8965443548         5.5951146241        -1.1065580608
H63         0.6924879527         6.3233566934        -0.2383109226
H64        -1.0378707783         4.6631702364         0.3018527555
&

