&zmat
 C2              1.6415389596            -1.3889695312             0.3696306309
 C1              1.0551857444            -0.4473085453            -0.4104689543
 C9             -0.3958883976            -0.3074381631            -0.6456765321
 C10            -0.8884175708             0.1853164680            -2.0239728843
 C11            -1.6117911749            -0.8771286347            -2.8227517052
 C12            -0.8769381006            -1.9010174234            -3.4469338871
 C13            -1.5360906249            -2.9324283784            -4.1252260103
 C14            -2.9375376950            -2.9479418198            -4.1907298986
 C15            -3.6723580829            -1.9260311545            -3.5746748607
 C16            -3.0136867550            -0.8949184665            -2.8909345622
 O17            -1.7541061232             1.2471521530            -1.6107789912
 P18            -1.2314880412             1.3176573921             0.1073395047
 C19            -2.8415215847             2.2509103123             0.4011321491
 C20            -3.8737604518             1.6546658682             1.1495985587
 C21            -5.0999004365             2.3097236490             1.3214590156
 C22            -5.3024805717             3.5805103784             0.7671892576
 C23            -4.2768364319             4.1852573154             0.0282110479
 C24            -3.0592436159             3.5200376254            -0.1664207112
 C25            -1.0919808976             0.8496184333             1.9482099562
 C26            -1.1280567924             1.8815744904             2.9126028203
 C27            -1.0659657885             1.5971845699             4.2803195432
 C28            -1.0001819634             0.2656630703             4.7184684800
 C29            -0.9971427512            -0.7702935306             3.7784219222
 C30            -1.0410772920            -0.4777130310             2.4056051683
 C31             0.1461093243             2.5405246679            -0.0607510518
 C32             0.2255148904             3.2935827287            -1.2492557141
 C33             1.2982672979             4.1678411625            -1.4673423920
 C34             2.3207333805             4.2799291458            -0.5154525567
 C35             2.2649672148             3.5111635738             0.6556047402
 C36             1.1846929898             2.6486779990             0.8852714044
 C3              3.0649669149            -1.4774164846             0.7062427467
 C4              3.5641099790            -2.6674271416             1.2835924051
 C5              4.9169144752            -2.8029408489             1.6118651711
 C6              5.8075233827            -1.7460838202             1.3764003087
 C7              5.3249594160            -0.5505209515             0.8191432848
 C8              3.9734182059            -0.4131720364             0.4940257500
 H38             1.0076119798            -2.1748682156             0.8025973569
 H37             1.6826021067             0.3202195602            -0.8811619502
 H44            -0.9585897687            -1.2030914392            -0.3350481298
 H45            -0.0321504574             0.5806128079            -2.6127684761
 H46             0.2175424105            -1.8916538057            -3.3882060053
 H47            -0.9558872858            -3.7273555747            -4.6043688935
 H48            -3.4536794062            -3.7535427500            -4.7223254987
 H49            -4.7660478314            -1.9304844040            -3.6259607421
 H50            -3.5698651223            -0.0879021027            -2.4055141052
 H51            -3.7155538788             0.6769145238             1.6157198515
 H52            -5.8946211330             1.8295342526             1.9009712900
 H53            -6.2547964623             4.0996441357             0.9133384186
 H54            -4.4233757966             5.1811940159            -0.4020839979
 H55            -2.2706925822             4.0033243762            -0.7485482965
 H56            -1.2069997111             2.9233901906             2.5837680282
 H57            -1.0813478487             2.4155124980             5.0071988651
 H58            -0.9604939736             0.0393768344             5.7884524391
 H59            -0.9616212163            -1.8130010110             4.1095712494
 H60            -1.0475396083            -1.3065678764             1.6941612931
 H61            -0.5489101593             3.1589198013            -2.0104555519
 H62             1.3410476188             4.7515182609            -2.3921029701
 H63             3.1644677411             4.9545000767            -0.6909160523
 H64             3.0676508313             3.5769982443             1.3966750543
 H65             1.1623989377             2.0457519543             1.7957099748
 H39             2.8726638939            -3.4972885426             1.4680864539
 H40             5.2770283473            -3.7366521566             2.0552111728
 H41             6.8657302481            -1.8470429981             1.6353566958
 H42             6.0085840405             0.2872272329             0.6486795903
 H43             3.6080840922             0.5389007573             0.0972709285
&

