&gen
basis=6-31G**
igeopt=1
dftname=PBE-D3
ifreq=1
&
entry_name: J1_9783_2111.in
&zmat
C1         -0.7264329117        -0.7846605689        -2.1777630461
P2         -0.4683848176        -0.4592582317        -0.4048298117
C3          0.9964290772        -1.0348123697         0.0412714816
C4          2.2938061727        -0.5541602170        -0.5001678879
C5          2.4096038044         0.5681914745        -1.3477521495
C6          3.6620873154         0.9754373865        -1.8172609052
C7          4.8118575243         0.2752104467        -1.4485918618
C8          4.7122553056        -0.8335603590        -0.6068339660
C9          3.4627244420        -1.2450187849        -0.1338143854
C10        -1.7385198982        -1.3690471595         0.4923130048
C11        -1.8005603187        -2.7664336956         0.3788577428
C12        -2.7852580491        -3.4862293470         1.0622183646
C13        -3.7158258839        -2.8153432092         1.8599169862
C14        -3.6633630866        -1.4235711921         1.9738036937
C15        -2.6798379116        -0.7001722769         1.2918252983
C16        -0.5866845979         1.3008690098        -0.0315903186
C17        -1.3288396100         2.1564748698        -0.8599507017
C18        -1.4413956703         3.5146279332        -0.5468265140
C19        -0.8253185266         4.0228758738         0.5999737656
C20        -0.1005443223         3.1720995695         1.4387527563
C21         0.0136881692         1.8136991755         1.1288436505
H22        -1.7795838120        -0.5636152524        -2.4463389333
H23        -0.0534794807        -0.1525801988        -2.7900573279
H24        -0.5180151999        -1.8528933889        -2.3923234830
H25         1.0139749569        -1.8386636489         0.7666852940
H26         1.5471453855         1.1425922070        -1.6479790723
H27         3.7410418915         1.8378524960        -2.4666240385
H28         5.7800126790         0.5931482257        -1.8133630469
H29         5.6042080166        -1.3751513973        -0.3193410351
H30         3.4092072096        -2.1079313399         0.5190015299
H31        -1.0864355502        -3.2983660685        -0.2371331262
H32        -2.8272826552        -4.5640283954         0.9726729682
H33        -4.4779951582        -3.3733556235         2.3882627116
H34        -4.3861519680        -0.9045644729         2.5900184990
H35        -2.6610575731         0.3762950682         1.3917046018
H36        -1.8212870512         1.7789142467        -1.7455465910
H37        -2.0097106255         4.1726024420        -1.1914327389
H38        -0.9144435661         5.0741058599         0.8415574421
H39         0.3694098938         3.5643947253         2.3312906626
H40         0.5689564008         1.1640261879         1.7932556249
&

