&gen
basis=6-31G**
igeopt=1
dftname=PBE-D3
ifreq=1
&
entry_name: J1_10530_2111.in
&zmat
C1          2.4067986796        -0.4981015223        -0.6093504309
C2          1.2029935142        -0.3750080940         0.2840801805
O3          1.3501796083        -0.6180560855         1.4719781850
C4         -0.2091772777        -0.1241387470        -0.2279282290
C5         -0.3844146124         0.0005142405        -1.7280680459
C6         -1.3714615376        -1.0023964974        -2.3579840677
C7         -0.7173849816        -2.3495619765        -2.7598138799
C8         -0.3853137998        -3.2826666480        -1.5919437549
C9         -1.6534120224        -3.9505012022        -1.0589401636
O10        -2.8117423371        -3.5555240016        -1.7661221875
C11        -2.6656376208        -3.6761429400        -3.1809455643
C12        -2.6441116092        -5.1576794972        -3.6026106812
C13        -3.8952392150        -3.0148200826        -3.8139829620
O14        -1.5078713082        -3.0303715823        -3.7171989568
O15        -0.9529273013         1.2876514813        -1.7056253874
P16        -0.8642537059         1.5654378361        -0.0094819225
C17        -2.6696118772         1.7963455376        -0.0269977039
C18        -3.2302010423         3.0542671121        -0.3121756475
C19        -4.6165410875         3.2094980807        -0.4064534920
C20        -5.4582184665         2.1074250682        -0.2476960118
C21        -4.9138868295         0.8452753353        -0.0070136412
C22        -3.5288406190         0.6863996636         0.0878022540
C23        -0.6464353143         1.6406706686         1.8314658071
C24        -1.6748042544         1.2931454510         2.7386683975
C25        -1.4673142729         1.3489509159         4.1202228171
C26        -0.2292021051         1.7309234061         4.6313781654
C27         0.8114156397         2.0454812317         3.7616296748
C28         0.6113705136         1.9918365306         2.3805254756
C29         0.1162096769         3.0884298722        -0.2826357979
C30         1.1757041908         3.1099321339        -1.2085612311
C31         1.9261651187         4.2723606262        -1.4075019195
C32         1.6284461597         5.4309449720        -0.6889204209
C33         0.5765327378         5.4302738510         0.2276693793
C34        -0.1767526139         4.2707116531         0.4288901218
H35         2.5978202042         0.4506690096        -1.1433062624
H36         3.3120262099        -0.7344756298        -0.0100149168
H37         2.2541934198        -1.3195685333        -1.3398952222
H38        -0.9065697769        -0.8618514628         0.2214701677
H39         0.5552648956         0.0438218437        -2.3134863023
H40        -2.2452576552        -1.1582395866        -1.6968156809
H41        -1.7634326915        -0.5349477936        -3.2876981480
H42         0.2451419343        -2.1091788443        -3.2618477697
H43         0.3017502859        -4.0747891246        -1.9628580091
H44         0.1525627337        -2.7520316838        -0.7834181573
H45        -1.5532668040        -5.0573406012        -1.0597724931
H46        -1.7885659774        -3.6529208626         0.0026314355
H47        -2.7248121902        -5.2513892163        -4.7071072523
H48        -3.4880964029        -5.7071063797        -3.1331230990
H49        -1.6904083953        -5.6384087006        -3.3009130677
H50        -3.8388379823        -3.0596371128        -4.9230825538
H51        -4.8263160888        -3.5215604473        -3.4797793195
H52        -3.9532202432        -1.9478552526        -3.5117918105
H53        -2.6080300453         3.9147125880        -0.4974360329
H54        -5.0377893205         4.1835229020        -0.6195244314
H55        -6.5309151652         2.2292373687        -0.3243831833
H56        -5.5651435026        -0.0120087391         0.1043506606
H57        -3.1345875599        -0.2993380425         0.2854072822
H58        -2.6448118425         0.9677642939         2.4145667733
H59        -2.2703990586         1.0873014378         4.7973650320
H60        -0.0724436709         1.7697847096         5.7015989949
H61         1.7802666121         2.3222150866         4.1569846978
H62         1.4568517122         2.2075370713         1.7410839255
H63         1.4161417604         2.2399531249        -1.7962679391
H64         2.7372373083         4.2754954792        -2.1242303424
H65         2.2110540855         6.3297234108        -0.8443862455
H66         0.3456961213         6.3283594667         0.7858631261
H67        -0.9774101169         4.2922742586         1.1568494603
&

