&gen
basis=6-31G**
igeopt=1
dftname=PBE-D3
ifreq=1
&
entry_name: J1_9936_2111.in
&zmat
C1          1.9381352107        -4.3585347158        -0.2578133535
Sn2          0.5625327091        -3.0010202088         0.6634456330
C3          0.2360487983        -3.6284100882         2.6841093985
C4         -1.3184930766        -3.0236546437        -0.3629635968
C5          1.3863141451        -1.0189631196         0.7171423328
C6          0.5780175149        -0.0559330700        -0.1715270045
C7          0.9320020610         0.0150673630        -1.6414891520
C8          2.0009813043        -0.9206036794        -2.1745655755
C9          1.6162803429        -2.0831063197        -2.8643746036
C10         2.5805889032        -2.9535190663        -3.3811216788
C11         3.9382963039        -2.6768527439        -3.2086615345
C12         4.3341227416        -1.5235728533        -2.5281675651
C13         3.3736108833        -0.6450894676        -2.0189517530
O14         1.3659901146         1.3499858492        -1.6313063358
P15         1.0382651356         1.7020726734         0.0237765557
C16         2.7951510557         2.1163750034         0.2776688638
C17         3.5590124261         1.4858107628         1.2785652792
C18         4.9144200328         1.7892404836         1.4332904344
C19         5.5256189760         2.7176682139         0.5887956305
C20         4.7818303492         3.3446690332        -0.4123794863
C21         3.4259032800         3.0451607807        -0.5701655686
C22         0.5623859587         2.0040312713         1.7835962604
C23         1.1302102600         3.0776845684         2.5104754663
C24         0.7441037760         3.3419384948         3.8266945641
C25        -0.2377433170         2.5651639160         4.4376628012
C26        -0.8490654350         1.5348652755         3.7261310568
C27        -0.4685525256         1.2657960466         2.4084325296
C28        -0.1427758107         2.9898885398        -0.4437741507
C29         0.2170101066         4.3481524947        -0.4102239348
C30        -0.7062967257         5.3320844443        -0.7757436015
C31        -1.9934543329         4.9698824902        -1.1794235212
C32        -2.3595943204         3.6225104029        -1.2169239446
C33        -1.4395361480         2.6355719941        -0.8514207543
H34         2.0855619725        -5.2369959779         0.4030098639
H35         1.5280245277        -4.6954135691        -1.2314637567
H36         2.9097022671        -3.8472599031        -0.4166806905
H37         1.2026114731        -3.6339642610         3.2282745151
H38        -0.4638397984        -2.9237635269         3.1784114103
H39        -0.1988306322        -4.6488147223         2.6878226548
H40        -1.6704515371        -4.0706453907        -0.4631395844
H41        -2.0593062593        -2.4376052799         0.2185592137
H42        -1.2025361343        -2.5732053595        -1.3687202006
H43         2.4609016675        -1.0511241784         0.4542723348
H44         1.3099539374        -0.7050530911         1.7760864462
H45        -0.5121055447        -0.2179638630        -0.0644193899
H46         0.0127078341        -0.0526669025        -2.2659732855
H47         0.5691711942        -2.3144253002        -3.0084495764
H48         2.2741687585        -3.8466803334        -3.9099718467
H49         4.6834143213        -3.3549258105        -3.6040042141
H50         5.3866600997        -1.3076995788        -2.3977517785
H51         3.7058902510         0.2427360976        -1.5024386140
H52         3.1084167226         0.7781097634         1.9577362367
H53         5.4909706952         1.3050966119         2.2108485240
H54         6.5757462345         2.9501706604         0.7093123220
H55         5.2576179617         4.0592107342        -1.0714941555
H56         2.8747508053         3.5258028679        -1.3675889041
H57         1.8695097006         3.7275802691         2.0644235130
H58         1.2009651277         4.1590524800         4.3700193993
H59        -0.5381399820         2.7734167229         5.4564023996
H60        -1.6304948956         0.9486916444         4.1925668201
H61        -1.0031980026         0.4849981430         1.8965974381
H62         1.2021300775         4.6532730200        -0.0892425656
H63        -0.4241605682         6.3765048626        -0.7435350289
H64        -2.7071396497         5.7329584966        -1.4618461466
H65        -3.3572086225         3.3422521476        -1.5294390120
H66        -1.7430948089         1.5987770273        -0.8879377628
&

