&zmat
 C3             -2.4602757734            -1.6484327843             1.8765714042
 C2             -1.0710953666            -1.3521918537             1.3954651672
 C1             -0.7732751548            -0.6438772462             0.2870772785
 C4              0.5883158712            -0.2771507274            -0.1732521073
 C5              0.8856230078            -0.1834297872            -1.6771315584
 C6              1.6530392864            -1.3448814468            -2.3051543497
 C7              2.0896751408            -1.0703307603            -3.7548096046
 C8              0.9206005627            -0.8529096112            -4.7282239104
 C9              1.3348318498            -0.6521816612            -6.1969007834
 C10             2.1254808180            -1.8162181352            -6.8257965932
 C11             1.4558704558            -3.1782972918            -6.6691258574
 O12             0.1301738343            -3.0960438911            -7.2161565985
 C13            -0.6913644183            -4.1749013001            -6.8612346707
 C14            -2.0882062440            -3.9130520769            -7.4573520233
 C15            -2.1699604144            -4.5274893473            -8.8602539844
 C16            -2.0038067020            -6.0620459863            -8.7692756140
 C17            -1.0647036778            -6.4090221481            -7.5918972025
 O18            -0.0971008735            -5.3759218011            -7.3835474883
 O19             1.6732105311             1.0171303713            -1.6774565984
 P20             1.0991803912             1.6108237258            -0.0739679442
 C21             2.5553898149             2.7909100280            -0.1110970447
 C22             0.9227563063             1.8169085229             1.8237713231
 C23             1.3571310338             0.8049255423             2.7000896575
 C24             1.3524370615             0.9888770573             4.0914403768
 C25             0.9110543965             2.1994896084             4.6402130254
 C26             0.4886990728             3.2270656700             3.7841368838
 C27             0.5050378475             3.0384274743             2.3958821821
 C28            -0.3965771750             2.5180325202            -0.6601568268
 C29            -0.3549951076             3.1079550224            -1.9376352625
 C30            -1.4777692395             3.7699049228            -2.4498785543
 C31            -2.6634146093             3.8248523702            -1.7034593452
 C32            -2.7215490004             3.2145997116            -0.4428279374
 C33            -1.5935534269             2.5685108336             0.0804464227
 H36            -2.6330464223            -1.2198783342             2.8811500933
 H37            -2.6352826290            -2.7360132811             1.9687532681
 H38            -3.2215600142            -1.2351450509             1.1951849664
 H35            -0.2481058138            -1.7345204946             2.0155086087
 H34            -1.6011463793            -0.2544982642            -0.3224178482
 H39             1.3676772009            -0.8754723784             0.3316924551
 H40            -0.0680543982            -0.0212899126            -2.2270125211
 H41             2.5452127727            -1.5461755838            -1.6829729300
 H42             1.0176830980            -2.2508283454            -2.2623828181
 H43             2.7409492251            -0.1772732229            -3.7586339915
 H44             2.7126894444            -1.9166136396            -4.0982642952
 H45             0.2183275419            -1.7067688776            -4.6610581062
 H46             0.3434469702             0.0347184850            -4.4118351000
 H47             1.9364047900             0.2715650965            -6.2857575588
 H48             0.4223444981            -0.4911410140            -6.7963630159
 H49             3.1353282241            -1.8894511378            -6.3826937298
 H50             2.2742388888            -1.6116650284            -7.9010398598
 H51             2.0329771327            -3.9670959311            -7.1857009533
 H52             1.3937258594            -3.4652306710            -5.5970166121
 H53            -0.7315435589            -4.2675728556            -5.7459264674
 H54            -2.2463881237            -2.8229650967            -7.4695170480
 H55            -2.8620385486            -4.3481963411            -6.7999468110
 H56            -3.1174252679            -4.2622596306            -9.3569788337
 H57            -1.3538133296            -4.1011682776            -9.4671739139
 H58            -1.5972948636            -6.4543402636            -9.7165021905
 H59            -2.9808319363            -6.5534858912            -8.6102528339
 H60            -0.4901385983            -7.3294085955            -7.7833968663
 H61            -1.6490748921            -6.5792350332            -6.6615307016
 H62             2.3315115113             3.6896080894             0.4815337794
 H63             3.4206547032             2.2855585319             0.3467326005
 H64             2.8027161622             3.0454215915            -1.1503275261
 H65             1.7152931178            -0.1487106050             2.3001144504
 H66             1.6950526611             0.1814881018             4.7467374468
 H67             0.9012675939             2.3446676070             5.7247282752
 H68             0.1469827818             4.1814648086             4.1981984956
 H69             0.1702227998             3.8547173180             1.7460358519
 H70             0.5567978374             3.0108562726            -2.5342979112
 H71            -1.4307502314             4.2327324746            -3.4405203746
 H72            -3.5439302037             4.3340299894            -2.1076094075
 H73            -3.6485906750             3.2409889103             0.1383693255
 H74            -1.6430108330             2.0971479688             1.0657026772
&

