&gen
basis=6-31G**
igeopt=1
dftname=PBE-D3
ifreq=1
&
entry_name: J1_10300_2111.in
&zmat
C1         -1.3783825339        -0.1574325659         0.2583144129
C2         -1.7926228847        -1.1079823313         1.1059906774
C3         -3.2136506156        -1.1528020106         1.5740107717
C4          0.0463641194        -0.1050774870        -0.2371378770
C5          0.1098676803         0.0219885724        -1.7357985867
C6          1.0307017417        -1.0210876882        -2.3958938267
C7          1.2394935796        -0.7684014538        -3.8979873032
C8          0.0174439587        -1.1748066506        -4.7390250731
C9          0.1851706366        -0.8467279058        -6.2337249210
C10         1.3483285202        -1.5740063470        -6.9369994907
C11         1.2644540010        -3.1017643413        -6.8589297622
O12         0.0134667137        -3.5387907839        -7.3521195196
C13        -0.0615153157        -4.9519441195        -7.3301647697
C14        -1.5563770769        -5.3599536580        -7.4331193301
C15        -1.8794436919        -5.9321084584        -8.8143302353
C16        -0.9289310895        -7.0880323166        -9.1559013064
C17         0.4746871719        -6.8533784220        -8.5710554861
O18         0.7198356153        -5.4712391627        -8.4018563791
O19         0.7014550602         1.2933696628        -1.7552558906
P20         0.8271593697         1.5318631175        -0.0530844812
C21         2.6559552774         1.6455255279        -0.1425101921
C22         0.9487262457         1.6817718565         1.7842876502
C23         0.8540803267         0.5624655959         2.6404366517
C24         0.9707947984         0.7061278395         4.0262033114
C25         1.2139792576         1.9593814450         4.5853709296
C26         1.3597355065         3.0710851773         3.7583049148
C27         1.2434399458         2.9343623772         2.3730075574
C28        -0.1551887836         3.0509620898        -0.2063694833
C29         0.3148534295         4.0964539797        -1.0184639321
C30        -0.4235970311         5.2758910589        -1.1513947958
C31        -1.6337418620         5.4249078503        -0.4698674525
C32        -2.1040862311         4.3968421379         0.3505088077
C33        -1.3694599929         3.2152320807         0.4852137205
H34        -2.0971728661         0.5626576449        -0.1220053483
H35        -1.0997562577        -1.8626214369         1.4670499688
H36        -3.4656119576        -0.2116921511         2.1071898197
H37        -3.3527377578        -2.0074041220         2.2686049192
H38        -3.8946817089        -1.2801701796         0.7061577882
H39         0.6919549150        -0.9275933139         0.1409047612
H40        -0.8914522257         0.0585015999        -2.2171739627
H41         2.0265011262        -0.9920956515        -1.8999650346
H42         0.6105977786        -2.0386592712        -2.2394720359
H43         1.4875757125         0.3009802314        -4.0739407869
H44         2.1134719391        -1.3744381151        -4.2172067688
H45        -0.1968903973        -2.2562174834        -4.6047435690
H46        -0.8761986247        -0.6223532988        -4.3822428142
H47         0.3355354017         0.2491475061        -6.3461981913
H48        -0.7639350212        -1.0939747657        -6.7571578472
H49         2.3195946077        -1.2353823445        -6.5186631122
H50         1.3425530033        -1.2778859100        -8.0086258270
H51         2.0958443943        -3.5189939864        -7.4710570527
H52         1.4145079079        -3.4210241683        -5.8036365407
H53         0.3240235614        -5.3503406063        -6.3592841762
H54        -2.2212252535        -4.4926800196        -7.2262144329
H55        -1.7817923732        -6.1353814077        -6.6675356668
H56        -2.9321965616        -6.2873360262        -8.8417316581
H57        -1.7692796153        -5.1258194095        -9.5728747664
H58        -0.8658769621        -7.1872793851       -10.2614737287
H59        -1.3365681597        -8.0401937462        -8.7516576984
H60         1.2336714155        -7.2676345912        -9.2678303083
H61         0.5923418601        -7.4004968173        -7.6068634767
H62         2.9952781118         2.6519449149         0.1786701413
H63         3.1219135576         0.8711029900         0.5029269651
H64         3.0213623880         1.4817344492        -1.1775978548
H65         0.7117360509        -0.4342871442         2.2655730751
H66         0.8842490585        -0.1614525037         4.6678003957
H67         1.3073716297         2.0657159908         5.6584183097
H68         1.5723003156         4.0407260626         4.1898041457
H69         1.3932756019         3.8139781059         1.7614794093
H70         1.2531379992         3.9975600542        -1.5495913805
H71        -0.0563919613         6.0753594037        -1.7817991288
H72        -2.2032955382         6.3395732705        -0.5717870700
H73        -3.0348151623         4.5187126096         0.8893264519
H74        -1.7338831148         2.4491705197         1.1548827631
&

