&gen
basis=6-31G**
igeopt=1
dftname=PBE-D3
ifreq=1
&
entry_name: J1_4536_2111.in
&zmat
C1         -0.2034309275        -2.6227423105        -1.7441097953
C2         -0.3637613757        -1.3899275655        -0.9008953957
O3          0.9185113280        -0.7830925373        -0.7387090821
C4          1.1042394958         0.5423072544        -0.3237883946
C5          2.4735235780         1.0631011489        -0.1199995706
C6          3.5883233679         0.2321055036        -0.3347563676
C7          4.8837099004         0.7223463317        -0.1415749346
C8          5.0798699407         2.0434355934         0.2670947416
C9          3.9807890930         2.8775823699         0.4837312329
C10         2.6831251992         2.3928431740         0.2921571428
O11         0.1073314257         1.2917762258        -0.1310193960
C12        -0.9634811371        -1.7288322453         0.4807662936
C13        -2.3539307740        -2.3965015075         0.4260009919
C14        -3.4536420986        -1.5276296987        -0.2050300144
C15        -3.6404749596        -0.2371382278         0.5308576203
O16        -3.0602045862         0.9308844061         0.0284114710
C17        -3.1465237411         2.1802772390         0.7020195970
O18        -4.2878900281        -0.2208776696         1.6133681799
O19         0.5575957367        -3.5148360952        -1.4033543785
H20        -0.7645079047        -2.7223529904        -2.6675849785
H21        -1.0284073397        -0.6839175520        -1.4432251743
H22         3.4612685432        -0.7955382151        -0.6513150040
H23         5.7362997210         0.0768431536        -0.3088981762
H24         6.0833746793         2.4206432204         0.4160181493
H25         4.1340602537         3.9011370108         0.8006302380
H26         1.8463451990         3.0576696641         0.4665092460
H27        -1.0276365818        -0.8053096126         1.0940665774
H28        -0.2687192264        -2.4128427580         1.0158073751
H29        -2.6579207320        -2.6569380177         1.4635338786
H30        -2.2865531390        -3.3529804075        -0.1353313817
H31        -3.2261777766        -1.3256831514        -1.2723403962
H32        -4.4102654851        -2.0929820648        -0.1827425121
H33        -2.6733295287         2.1043701428         1.7039354031
H34        -2.6116213283         2.9508663816         0.1099425973
H35        -4.2098887914         2.4819338068         0.8098242168
&

