&zmat
 C17            -3.2048773854             2.0980305479             0.1361359496
 O16            -3.3328129612             0.7501751777            -0.3807361443
 C15            -3.4044305597            -0.2155746815             0.5746595789
 O18            -3.4203148638             0.0052949037             1.7769685280
 C14            -3.4228294251            -1.6020928999            -0.0505888786
 C13            -2.3536491022            -2.5110217130             0.5909011255
 C12            -0.9369932235            -1.9055204545             0.6214041995
 C2             -0.4119804764            -1.3400832112            -0.7186121870
 C1             -0.3200966747            -2.3894588988            -1.8110536027
 O19             0.7021884064            -2.7128256924            -2.3890117480
 O3              0.9075665455            -0.7994815059            -0.5276134421
 C4              0.9652956807             0.4995792985            -0.1086819705
 O11            -0.0273578252             1.1860730181             0.1185367069
 C5              2.3719139775             0.9635851731             0.0362301809
 C6              3.4663901662             0.1699181166            -0.3588942205
 C7              4.7675232810             0.6588777366            -0.2014777226
 C8              4.9810173203             1.9311396326             0.3502174251
 C9              3.8905407750             2.7224789420             0.7424721327
 C10             2.5880134653             2.2420425387             0.5837157978
 H33            -2.2174291418             2.2170074642             0.6052369422
 H34            -3.2966840624             2.7548007371            -0.7386077986
 H35            -3.9969860031             2.3075553102             0.8709230812
 H31            -3.2931344092            -1.5164251801            -1.1414305384
 H32            -4.4210372793            -2.0397452609             0.1233695676
 H29            -2.6481235302            -2.7099083802             1.6344543208
 H30            -2.3572176381            -3.4833753709             0.0689307586
 H27            -0.9242502439            -1.0635552658             1.3335430661
 H28            -0.2131385168            -2.6546955513             0.9847879445
 H21            -1.0882482930            -0.5293612478            -1.0573725080
 H20            -1.3101068896            -2.8648044162            -2.0532963483
 H22             3.2837930317            -0.8161861800            -0.7931358452
 H23             5.6195378823             0.0465868247            -0.5110753625
 H24             6.0010255977             2.3081135497             0.4740385532
 H25             4.0585623406             3.7142426995             1.1725264678
 H26             1.7191821934             2.8369906496             0.8784600703
&

