&gen
basis=6-31G**
igeopt=1
dftname=PBE-D3
ifreq=1
&
entry_name: J1_9779_2111.in
&zmat
C1         -0.0148540179        -1.1444396328        -2.4300470847
P2         -0.1148846777        -0.0580060454        -0.9771358813
C3          1.2089292136         0.8535217087        -0.6849038390
C4          2.4644493020         0.3400463427        -0.0884195291
C5          2.8760706629        -1.0005957640        -0.2137181268
C6          4.0759398279        -1.4305120170         0.3613942035
C7          4.8835075895        -0.5283795231         1.0564344011
C8          4.4950916194         0.8074325315         1.1729171210
C9          3.2957439166         1.2411664339         0.5999843739
C10        -1.5488251153         0.9931599023        -1.1062877437
C11        -1.7729290211         1.9558792538        -2.0907055158
C12        -2.9576760380         2.7043690847        -2.0445078370
C13        -3.8972842541         2.4824084110        -1.0223311531
C14        -3.6596900852         1.5098316230        -0.0388723283
C15        -2.4736695536         0.7683803345        -0.0931363002
C16        -2.0434274360        -0.2940324614         0.8278886364
C17        -2.7404346015        -0.7803022412         1.9399108320
C18        -2.1772874530        -1.8221489180         2.6913458443
C19        -0.9361754721        -2.3707732894         2.3261245486
C20        -0.2454726471        -1.8788898507         1.2096513803
C21        -0.8087120493        -0.8329494528         0.4759228321
H22         0.4050206400        -0.5783896049        -3.2866458778
H23         0.6189813927        -2.0264651469        -2.2181907359
H24        -1.0335827255        -1.4976635579        -2.6909940908
H25         1.0935443163         1.9268185955        -0.7723246387
H26         2.2871015389        -1.7177469571        -0.7601804608
H27         4.3822846120        -2.4639970261         0.2631004584
H28         5.8123991349        -0.8631159577         1.4997920574
H29         5.1237140547         1.5082085703         1.7070349575
H30         3.0119461683         2.2816559789         0.7024791678
H31        -1.0464259815         2.1235112666        -2.8752302627
H32        -3.1494325242         3.4561750641        -2.7989845943
H33        -4.8094015018         3.0642692720        -0.9942973200
H34        -4.3885938028         1.3440936192         0.7427035856
H35        -3.7001318142        -0.3696743602         2.2227906985
H36        -2.7041580580        -2.2094982489         3.5537184156
H37        -0.5129405531        -3.1796705418         2.9073750494
H38         0.7012653934        -2.3136773957         0.9263447569
&

