&gen
basis=6-31G**
igeopt=1
dftname=PBE-D3
ifreq=1
&
entry_name: J1_9796_2111.in
&zmat
C1          1.3239851819        -0.0222021470        -3.2482701063
C2          0.1304946509         0.1813228930        -2.3612016373
P3          0.1224269301        -0.0035004774        -0.7260696287
C4         -0.2458122353         1.6603707233        -0.0039453361
C5         -1.6926982260         2.1108720605        -0.2841235362
C6         -1.9627652555         3.5117405880         0.2814931795
C7         -0.9565857314         4.5336230118        -0.2558484519
C8          0.4782515160         4.0939556888         0.0488150087
C9          0.7569260032         2.7060025466        -0.5371336116
C10        -1.1370283370        -1.3038164028        -0.3078996338
C11        -2.3866205005        -1.2547032763        -1.2159051515
C12        -3.3478100156        -2.4306078393        -0.9402642191
C13        -3.3244399886        -2.9236382367         0.5187581733
C14        -2.9329965261        -1.8048649787         1.4843113651
C15        -1.5106937533        -1.2919605115         1.1974223923
C16         1.7776759401        -0.5223176670        -0.0713698653
C17         2.0821869373        -2.0024640589        -0.3704225025
C18         3.5502604455        -2.3402947405        -0.0452405660
C19         4.1107127900        -1.5360493398         1.1472798327
C20         3.0056653397        -1.1192072551         2.1255205948
C21         1.9344700456        -0.2389298130         1.4454032250
H22         2.2345133973        -0.3430159008        -2.7148845550
H23         1.5492374460         0.9307861555        -3.7699280690
H24         1.0784898687        -0.7922945735        -4.0081982614
H25        -0.7725781784         0.5429234911        -2.8400684103
H26        -0.1212271287         1.5956430397         1.0973569634
H27        -1.8958602645         2.1102573917        -1.3765996430
H28        -2.4002384926         1.4174569340         0.2114184892
H29        -1.9058967194         3.4824680344         1.3921322492
H30        -2.9906210611         3.8280326032         0.0013469489
H31        -1.1467158003         5.5204579025         0.2182898880
H32        -1.0892819886         4.6484750019        -1.3542683399
H33         1.1875421125         4.8275146036        -0.3913572212
H34         0.6412715553         4.0765625151         1.1490188332
H35         0.6976232206         2.7666355209        -1.6457764823
H36         1.7929955711         2.4124141125        -0.2678993474
H37        -0.6656743019        -2.2840970796        -0.5277732670
H38        -2.0904158702        -1.3096656771        -2.2840724840
H39        -2.9348958688        -0.3043803870        -1.0712396612
H40        -3.0873118255        -3.2835494491        -1.6046452452
H41        -4.3803578330        -2.1137060497        -1.2047761699
H42        -2.5953582463        -3.7580833128         0.6185079396
H43        -4.3263205120        -3.3188077010         0.7934069962
H44        -3.6591559529        -0.9676202282         1.3863446914
H45        -2.9883465460        -2.1781432383         2.5297820586
H46        -0.7875507296        -1.9358811052         1.7438309635
H47        -1.4320680779        -0.2738633874         1.6267077367
H48         2.5417720891         0.1000740883        -0.5835747318
H49         1.8736112502        -2.2514684988        -1.4318698077
H50         1.4303099741        -2.6466557442         0.2582641726
H51         4.1801651610        -2.1389039231        -0.9390580130
H52         3.6249610180        -3.4277684838         0.1740693517
H53         4.8707953895        -2.1454476881         1.6821930291
H54         4.6197233649        -0.6212047574         0.7712484786
H55         2.5261226081        -2.0355331007         2.5354718175
H56         3.4537322396        -0.5666962277         2.9795366161
H57         0.9787356199        -0.3946738521         1.9811818257
H58         2.2126683010         0.8284282030         1.5828343284
&

