&gen
basis=6-31G**
igeopt=1
dftname=PBE-D3
ifreq=1
&
entry_name: J1_9828_2111.in
&zmat
C1         -3.9915722056         5.2577289733         2.2919808620
C2         -3.2730121802         5.4477249065         1.1101601565
C3         -2.8297751118         4.3453763805         0.3730272559
C4         -3.0826621444         3.0370182584         0.8214610344
C5         -2.6558902748         1.8296737338         0.0091553452
P6         -0.8256283378         1.4918141466        -0.0840554439
C7         -0.6018248494         1.5425521710         1.8002648885
C8          0.3356373318         2.5776689732         2.3801490868
C9         -0.1496587656         3.8296308789         2.7943320095
C10         0.7216241416         4.7855940642         3.3242084331
C11         2.0816589915         4.4958861369         3.4585251552
C12         2.5710274878         3.2461716498         3.0709402124
C13         1.7027431984         2.2874878302         2.5413420469
C14         0.2850803195         2.9502027873        -0.4628548217
C15         0.4986090236         3.3018543353        -1.9276401082
C16        -0.5785568688         3.6512474855        -2.7659301819
C17        -0.3548438118         4.0197611343        -4.0956078402
C18         0.9454508318         4.0667288888        -4.6007081797
C19         2.0252877630         3.7494237763        -3.7752874939
C20         1.8065330357         3.3788821805        -2.4453764343
O21        -1.0024639422         1.0975956515        -1.7561216435
C22        -0.5720542650        -0.2381739884        -1.7021142238
C23        -1.6687900558        -1.2114130651        -2.0812820033
C24        -2.8716202040        -0.7802553597        -2.6739056671
C25        -3.8552045166        -1.7082765238        -3.0295697968
C26        -3.6448984455        -3.0719201585        -2.8117106756
C27        -2.4472873640        -3.5116289960        -2.2432153590
C28        -1.4608170850        -2.5880452200        -1.8855656675
C29        -0.2649513934        -0.2369634415        -0.2286459048
C30         1.1990063524        -0.4730644922         0.1110425072
C31         2.2472418975         0.1625305254        -0.5831369881
C32         3.5785062033        -0.0638225479        -0.2236441064
C33         3.8824040877        -0.9337097171         0.8249753897
C34         2.8549502259        -1.5827668853         1.5121503524
C35         1.5217999036        -1.3571258732         1.1569416297
C36        -3.8380639971         2.8599809215         1.9972989662
C37        -4.2781918776         3.9644460780         2.7326289866
H38        -4.3338295578         6.1122669200         2.8611398266
H39        -3.0633512156         6.4505681542         0.7611889825
H40        -2.2990910569         4.5233913697        -0.5454114444
H41        -3.1418270094         0.9107513562         0.4018127649
H42        -3.0724287525         1.9705081000        -1.0105510570
H43        -0.2485923978         0.5574624942         2.1638274038
H44        -1.5665760916         1.6145406582         2.3299064842
H45        -1.1995326892         4.0659445963         2.7122881137
H46         0.3411624629         5.7503033000         3.6340921566
H47         2.7549734485         5.2372296324         3.8689075866
H48         3.6235300460         3.0194334796         3.1815916514
H49         2.0979719487         1.3249747371         2.2481148622
H50        -0.1129786860         3.8548594647         0.0349067467
H51         1.2776582168         2.7495639395        -0.0179741565
H52        -1.5955570372         3.6038488093        -2.4103043092
H53        -1.1918074993         4.2677178948        -4.7355615752
H54         1.1165658919         4.3534803983        -5.6302291087
H55         3.0343102513         3.7968312200        -4.1640433778
H56         2.6625841400         3.1577437596        -1.8201772974
H57         0.3092347209        -0.3836115907        -2.3622797124
H58        -3.0540293931         0.2684681676        -2.8672248358
H59        -4.7798755136        -1.3698409547        -3.4789901126
H60        -4.4074062380        -3.7882229782        -3.0890737071
H61        -2.2818270025        -4.5689919836        -2.0817811946
H62        -0.5345079471        -2.9440075781        -1.4510966226
H63        -0.9472569224        -0.9012758221         0.3492568797
H64         2.0400521909         0.8265270110        -1.4068022740
H65         4.3751610992         0.4341922555        -0.7609950735
H66         4.9139075164        -1.1077986961         1.1024807911
H67         3.0909953141        -2.2595567437         2.3230760154
H68         0.7401092632        -1.8667652180         1.7063885077
H69        -4.0808153235         1.8654676192         2.3505387184
H70        -4.8457398926         3.8169591360         3.6423055189
&

