&gen
basis=6-31G**
igeopt=1
dftname=PBE-D3
ifreq=1
&
entry_name: J1_9900_2111.in
&zmat
C1          6.6482669179        -5.2285569508       -10.9648007143
O2          7.7548331318        -5.7806805140       -10.2496348428
C3          8.9861480657        -5.1903172004       -10.6202192634
O4          9.1296760568        -3.8276745770       -10.2815647071
C5          9.2994051601        -3.5791161791        -8.8765938526
C6          7.9689980539        -3.4490038857        -8.1268452087
C7          8.1056909548        -3.0249388756        -6.6526543203
C8          8.7266858151        -4.1211991621        -5.7638726339
C9          8.9391299100        -3.6457795849        -4.3059518723
C10         7.7879506681        -2.7351950745        -3.7897485511
C11         6.5315009368        -3.0231352470        -4.6189338831
C12         6.7170940049        -2.5777568919        -6.0945897799
C13         6.5196140088        -1.0572298532        -6.2653624374
C14         5.2516507651        -0.5308059991        -5.5802386319
C15         5.2194689908        -0.9697349793        -4.1042105403
C16         4.1038024780        -0.2735697197        -3.3141527336
C17         3.9720046508        -0.7000134743        -1.8360887523
C18         2.5096754750        -0.6694200189        -1.3952885559
O19         1.9315708509         0.6506343274        -1.7382000115
P20         1.4318227931         1.2624918850        -0.2520843337
C21         2.7391505689         2.0325731753         0.7862259581
C22         3.8546113113         2.5541204687         0.1014899103
C23         4.9242480313         3.1011974199         0.8184400073
C24         4.8830469596         3.1457022485         2.2192240892
C25         3.7672535367         2.6426972621         2.8997016681
C26         2.6962546719         2.0823849265         2.1909750583
C27        -0.1301738836         0.9482545118         0.7087228710
C28        -1.3546197654         1.4929583212         0.2714632247
C29        -2.5312020858         1.2610742064         0.9961049040
C30        -2.4963679970         0.5113827018         2.1771663603
C31        -1.2822660015        -0.0346305972         2.6171119468
C32        -0.1081059411         0.1560201836         1.8797542874
C33         0.8685186366         2.8503803657        -1.1126639082
C34         0.7059467613         4.0137971327        -0.3313524292
C35         0.2441773345         5.2072121447        -0.8988919002
C36        -0.0694174747         5.2622625802        -2.2645903959
C37         0.0844320282         4.1147311372        -3.0527091840
C38         0.5477518979         2.9187257628        -2.4834261592
C39         2.1484839574        -0.7661313703         0.0658269496
C40         3.1375920584        -0.9663797534         1.1260771426
O41         2.8587581419        -1.2273181169         2.3052232389
N42         5.2720170807        -2.4615947380        -4.0676577230
C43         4.2016382908        -3.3173117795        -4.1804245184
O44         4.2600997460        -4.5087281300        -4.4796590142
O45         3.0002231334        -2.6972284581        -3.8458856883
C46         1.8407287033        -3.5009077317        -3.9947146819
C47         0.9037336841        -2.8769541531        -5.0414612539
Cl48        -0.5497368884        -3.9349975127        -5.1600601712
Cl49         0.3946784293        -1.2212562518        -4.5358517524
Cl50         1.7327051892        -2.7837820540        -6.6356604965
H51         6.7691140522        -5.3607078314       -12.0594338338
H52         6.5196204074        -4.1511778542       -10.7542227761
H53         5.7521524590        -5.7732814058       -10.6335035463
H54         9.7555979179        -5.8098469928       -10.1170611042
H55         9.1216204195        -5.2213459649       -11.7211173922
H56         9.9305901987        -4.3764676140        -8.4321709820
H57         9.8639120556        -2.6311891587        -8.8084395687
H58         7.3571857633        -2.7025337840        -8.6674204907
H59         7.4273771654        -4.4093351328        -8.1871344437
H60         8.7830121575        -2.1452418943        -6.6081114932
H61         9.6924226252        -4.4562174891        -6.1791658490
H62         8.0674239121        -5.0090781517        -5.7873439440
H63         9.0395171635        -4.5299004722        -3.6534344296
H64         9.8949860735        -3.0989792210        -4.2321768826
H65         8.0821592894        -1.6742123268        -3.8795864081
H66         7.5861532878        -2.9166217762        -2.7209481536
H67         6.3682985974        -4.1100873557        -4.6056660212
H68         5.9228203797        -3.0956499989        -6.6681839869
H69         6.5163748492        -0.8065752047        -7.3413088970
H70         7.3940549146        -0.5309350387        -5.8343117218
H71         5.2134312191         0.5715970866        -5.6397416215
H72         4.3394890841        -0.9130742614        -6.0762198086
H73         6.1757108357        -0.6669572601        -3.6354716162
H74         4.3254936834         0.8069154754        -3.3655516595
H75         3.1442206621        -0.4016011629        -3.8346341198
H76         4.3444122192        -1.7303999030        -1.6977646275
H77         4.5874936085        -0.0476805904        -1.1928769064
H78         1.9520865471        -1.3993715590        -2.0046400134
H79         3.8729527321         2.5366423075        -0.9935448844
H80         5.7886523387         3.5020661616         0.2804466328
H81         5.7188086481         3.5749887678         2.7793743478
H82         3.7273400330         2.6788992317         3.9923654745
H83         1.8330108757         1.6874606769         2.7315506838
H84        -1.3920143513         2.1000192883        -0.6358974908
H85        -3.4762885392         1.6777475471         0.6350734394
H86        -3.4140119368         0.3431465711         2.7489803510
H87        -1.2465411127        -0.6309821110         3.5338551003
H88         0.8163319655        -0.3320382711         2.2137931967
H89         0.9491680932         3.9878822524         0.7363762093
H90         0.1303134299         6.0971077711        -0.2719663943
H91        -0.4295476950         6.1941798494        -2.7105478367
H92        -0.1554729657         4.1463487130        -4.1202573062
H93         0.6701195154         2.0297237032        -3.1062127281
H94         1.2390485116        -1.3534569686         0.2497137719
H95         4.2111849670        -0.8114330238         0.8390818248
H96         2.1175612261        -4.5179041792        -4.3169171829
H97         1.3002710711        -3.5359698404        -3.0340146868
&

