&gen
basis=6-31G**
igeopt=1
dftname=PBE-D3
ifreq=1
&
entry_name: J1_9808_2111.in
&zmat
C1          2.0150226637        -3.6793905884         0.5338210117
C2          2.4710517472        -2.5550519986         1.4498269747
O3          1.7568842899        -1.3695557788         1.1253081484
C4          1.9480442431        -0.1535579657         1.7881594610
O5          2.7849938241        -0.0613580091         2.7262482089
C6          1.1726615144         1.0316675115         1.3964030949
P7          0.0778813522         0.9810823516         0.1903440555
C8         -0.7788575365         2.5390602304        -0.0608908982
C9         -1.3476170315         3.2041423259         1.0347548176
C10        -2.0383202230         4.4052525541         0.8466574786
C11        -2.1708002530         4.9429469663        -0.4366894547
C12        -1.6157491053         4.2777713972        -1.5336617150
C13        -0.9245465899         3.0761924368        -1.3487599396
C14         0.7403226872         0.2545085636        -1.2980292723
C15         1.7899328162         0.7606286167        -2.0641091335
C16         2.2074700258         0.0412110633        -3.1927733608
C17         1.5799607470        -1.1700243620        -3.5343649841
C18         0.5300780781        -1.6718953278        -2.7498825899
C19         0.1170249266        -0.9447954634        -1.6280448267
C20        -0.9353267190        -1.3106281311        -0.6660732546
C21        -1.7379639324        -2.4566338631        -0.6829919049
C22        -2.6777614830        -2.6414866081         0.3427560841
C23        -2.8058324581        -1.6902108732         1.3705123726
C24        -1.9945347290        -0.5466894932         1.3814383649
C25        -1.0668740218        -0.3743122340         0.3548217437
H26         2.2126572062        -3.4087482977        -0.5252720620
H27         2.5665616608        -4.6112607995         0.7788834189
H28         0.9263539823        -3.8569509334         0.6652102899
H29         3.5611114785        -2.3865153473         1.3127261195
H30         2.2720634409        -2.8362184698         2.5066015337
H31         1.3339439011         1.9651179717         1.9196553887
H32        -1.2573420769         2.7932795566         2.0324840614
H33        -2.4730050879         4.9176520424         1.6951326999
H34        -2.7064794954         5.8721856308        -0.5815291210
H35        -1.7239020044         4.6916548882        -2.5278776860
H36        -0.5094841233         2.5699986644        -2.2098540228
H37         2.2743175856         1.6895310114        -1.7925304641
H38         3.0190267696         0.4180964171        -3.8014456077
H39         1.9114749171        -1.7207396348        -4.4050222230
H40         0.0590255126        -2.6088547495        -3.0140980360
H41        -1.6413789909        -3.1960645552        -1.4662634516
H42        -3.3058332326        -3.5228288053         0.3442246112
H43        -3.5316310847        -1.8427932040         2.1586135685
H44        -2.0846251730         0.1845852940         2.1740577816
&

