&gen
basis=6-31G**
igeopt=1
dftname=PBE-D3
ifreq=1
&
entry_name: J1_10324_2111.in
&zmat
C1          1.6308582579        -2.8967843834         1.0457943402
C2          0.1866113003        -3.0648531275         1.4969265663
S3         -0.9526558750        -2.9097060773         0.0763552653
C4         -1.4099571738        -1.1972257839         0.3890632113
O5         -2.2829042444        -0.9694969529         1.2058289127
C6         -0.7084764692        -0.0831353151        -0.3615811717
C7         -1.1494801153         0.1612594035        -1.7866797364
C8         -2.3373521431        -0.6498304418        -2.3845382095
C9         -3.7193645687        -0.2510134503        -1.8199298218
C10        -4.8287976973        -1.1963126563        -2.3228585299
C11        -4.5457893754        -1.7841361346        -3.7195309788
C12        -3.7128420146        -0.8264378092        -4.5768013739
C13        -2.3465786787        -0.5102599888        -3.9303645579
O14        -1.4883356318         1.5113076578        -1.6115415542
P15        -1.1015187054         1.6616042273         0.0637737230
C16        -2.8263835391         2.1828364167         0.4189808196
C17        -3.5567973979         1.6778702291         1.5162167405
C18        -4.8801971834         2.0700014198         1.7352965230
C19        -5.4968162677         2.9729566426         0.8696524411
C20        -4.7873133529         3.4942278080        -0.2117236387
C21        -3.4633778931         3.1071951967        -0.4342568425
C22        -0.5587718144         1.7459953812         1.8257496329
C23         0.3108665478         0.7870703300         2.3889748995
C24         0.7375178020         0.8948818204         3.7155724353
C25         0.3324551160         1.9745638267         4.4984279324
C26        -0.4882940037         2.9586911542         3.9511071664
C27        -0.9186572454         2.8555114534         2.6262331536
C28         0.1318032228         2.9350651127        -0.3055133274
C29        -0.2114077240         4.2978185785        -0.2769997247
C30         0.7454833773         5.2740150293        -0.5693371415
C31         2.0510220735         4.9001498622        -0.8948927746
C32         2.4019749227         3.5488316057        -0.9267361079
C33         1.4483017928         2.5693991348        -0.6344201470
H34         1.7910906419        -1.8894119687         0.6123481357
H35         2.3087951370        -3.0198365486         1.9163845633
H36         1.8842238462        -3.6644093603         0.2842608891
H37         0.0648892738        -4.0818660520         1.9252647462
H38        -0.0528548876        -2.3336394058         2.2977751176
H39         0.3846413091        -0.2569592152        -0.3494940405
H40        -0.2643565245         0.0901829671        -2.4593892544
H41        -2.1681549265        -1.7240391907        -2.1619406641
H42        -3.7242555093        -0.2639169195        -0.7147979290
H43        -3.9600674605         0.7865967405        -2.1398740235
H44        -5.7894996112        -0.6369281939        -2.3450027890
H45        -4.9515647868        -2.0354577110        -1.6036761156
H46        -3.9955761543        -2.7452310276        -3.6146911755
H47        -5.5073542539        -2.0029583272        -4.2321299799
H48        -4.2845836937         0.1179770987        -4.7145143713
H49        -3.5545204552        -1.2705301024        -5.5833134178
H50        -2.0608638234         0.5243380213        -4.2239096295
H51        -1.5773316485        -1.1940310162        -4.3523039515
H52        -3.1042773900         1.0121544222         2.2338326387
H53        -5.4259632990         1.6782399052         2.5839415800
H54        -6.5218667177         3.2748058406         1.0414938688
H55        -5.2639278339         4.1988581484        -0.8808803417
H56        -2.9423564355         3.5251581175        -1.2854407811
H57         0.6897900172        -0.0415739660         1.8207406150
H58         1.3953096248         0.1434738497         4.1333607300
H59         0.6677953713         2.0567712263         5.5241981592
H60        -0.7868044756         3.8082178005         4.5516985499
H61        -1.5370520020         3.6486184214         2.2290998909
H62        -1.2104346464         4.6131128201        -0.0150753083
H63         0.4748493647         6.3215900353        -0.5409011258
H64         2.7908211762         5.6572423619        -1.1205170994
H65         3.4143487345         3.2595503904        -1.1775210455
H66         1.7449552285         1.5313211712        -0.6622419848
&

