&gen
basis=6-31G**
igeopt=1
dftname=PBE-D3
ifreq=1
&
entry_name: J1_10073_2111.in
&zmat
C1          1.5141044452        -3.1428052038         3.0589604953
C2          2.1666659997        -1.7748586766         2.9155038153
O3          1.4436654687        -0.9631797104         1.9928779795
C4          1.5469752557        -1.0809411648         0.6019427847
O5          2.2030193720        -2.0357449737         0.1122894182
C6          0.7385847370        -0.1413961733        -0.2803725937
C7         -0.7668627355        -0.5539609530        -0.2312972392
C8         -1.1909475612        -1.7337544998        -1.1341304456
C9         -0.4451858888        -3.0101193167        -0.8965965459
O10        -0.4936308170        -3.5644471851         0.2340697838
O11         0.2442704159        -3.5948503726        -1.9703078735
C12         0.8420561999        -4.8991302518        -2.0041924539
C13         2.0072580706        -4.9981558390        -1.0045420840
C14        -0.2121336077        -5.9840963573        -1.7149226654
C15         1.3935132855        -5.1048480349        -3.4231232161
C16         1.2225565464         0.1546699056        -1.7103266532
C17         2.3316925907        -0.6840038932        -2.4150109374
O18         2.3266514680        -0.3938748903        -3.8153693737
C19         1.4034619124        -0.9185126342        -4.7262461121
C20         1.4986892270        -0.5356692813        -6.1629950210
O21         0.5269893441        -1.7459766588        -4.3581268802
C22         3.7695458942        -0.4744868533        -1.8569383804
C23         4.5482317203         0.7107933400        -2.4900807217
C24         5.2502424524         0.3971981100        -3.8427902970
C25         5.1802284074         1.6082866618        -4.7822995596
C26         6.7174609964        -0.0079600002        -3.6315991485
N27         4.5283629783        -1.7262599551        -1.9543100487
C28         5.2186818387        -2.2995712265        -0.8389101913
O29         5.4814724694        -1.5949822781         0.1732697935
O30         5.5771707612        -3.6537754950        -0.8898039695
C31         6.1342594101        -4.4232134788         0.1854913085
C32         5.1934855299        -4.4124299489         1.4070673850
C33         6.2759177742        -5.8674926455        -0.3175954523
C34         7.5267623783        -3.8877178953         0.5677463231
O35         1.6114894692         1.4830044455        -1.4875170961
P36         1.0700287749         1.6466715236         0.1403454663
C37         2.7595930411         2.2402829291         0.5187329329
C38         3.1623904883         3.5065928051         0.0521791365
C39         4.4736533140         3.9541170449         0.2355021187
C40         5.4103451774         3.1374425116         0.8685771959
C41         5.0382463469         1.8689654053         1.3122470498
C42         3.7283406553         1.4184950508         1.1296201140
C43         0.3836541448         1.6740427517         1.8746776909
C44         1.1838633531         1.8368334398         3.0342008179
C45         0.6180344392         1.8297277015         4.3125271593
C46        -0.7572438802         1.6918890362         4.4729314872
C47        -1.5746013745         1.5822241255         3.3528854466
C48        -1.0158132990         1.5860201127         2.0732478643
C49        -0.0676209738         3.0003418278        -0.3344738132
C50        -0.9453537573         2.8728836349        -1.4282156177
C51        -1.8041715616         3.9191241985        -1.7775684142
C52        -1.7947633433         5.1086210245        -1.0478996448
C53        -0.9221696604         5.2566908928         0.0305871746
C54        -0.0617568934         4.2140944436         0.3835477779
H55         2.0315660102        -3.7214028845         3.8527084464
H56         0.4445709989        -3.0264785042         3.3342559320
H57         1.5880491276        -3.7057443753         2.1080345973
H58         3.2247072300        -1.8819717628         2.5926938784
H59         2.1584465367        -1.2714175878         3.9050473255
H60        -1.0542132772        -0.8032734273         0.8131711213
H61        -1.3976106819         0.2973718383        -0.5444216069
H62        -1.1099792019        -1.4542798781        -2.2034333277
H63        -2.2691514873        -1.9347967698        -0.9554694436
H64         2.7587459036        -4.2077686331        -1.2103468085
H65         1.6509510255        -4.8902698051         0.0381492987
H66         2.5108778763        -5.9853122130        -1.0886528221
H67        -0.5725853200        -5.9255095155        -0.6675069244
H68         0.2171332549        -6.9977341916        -1.8688104119
H69        -1.0840628783        -5.8615149522        -2.3925456072
H70         2.1453048494        -4.3210529863        -3.6611205464
H71         0.5734394303        -5.0314737787        -4.1695576566
H72         1.8764940899        -6.1010545938        -3.5234596708
H73         0.3601525492         0.1900924552        -2.4043769265
H74         2.0635999380        -1.7539093670        -2.2932967556
H75         2.0286527990         0.4349279507        -6.2618077417
H76         2.0618541114        -1.3155113253        -6.7162747416
H77         0.4823439470        -0.4360815033        -6.5989182775
H78         3.6621826286        -0.2247266421        -0.7942043673
H79         3.8467423414         1.5630597969        -2.6111551836
H80         5.3047559119         1.0672842552        -1.7558895041
H81         4.7404971754        -0.4427206867        -4.3597279852
H82         5.6828748127         1.3791271095        -5.7462858023
H83         5.6720734649         2.4910850506        -4.3197284508
H84         4.1204112681         1.8602417178        -5.0013241969
H85         7.1841304516        -0.2740035189        -4.6040486057
H86         6.7923754805        -0.8915584699        -2.9660908159
H87         7.2935411049         0.8269338099        -3.1775813659
H88         4.4828105132        -2.2809778724        -2.8389625930
H89         5.1400878378        -3.4055402264         1.8679677166
H90         5.5550592897        -5.1185738342         2.1853489137
H91         4.1675298220        -4.7127804631         1.1058892300
H92         5.2829522343        -6.2711922051        -0.6118343828
H93         6.9393368332        -5.9018519907        -1.2085346108
H94         6.7060062590        -6.5241605673         0.4695379539
H95         7.4620524777        -2.8753154054         1.0157807385
H96         8.1753804218        -3.8301794539        -0.3325053537
H97         8.0111592347        -4.5559898056         1.3121494116
H98         2.4765300907         4.1419187471        -0.4888365317
H99         4.7673415438         4.9300799058        -0.1287329434
H100         6.4267750623         3.4830483368         1.0053094126
H101         5.7671046416         1.2294764472         1.7932063022
H102         3.4799343549         0.4351050273         1.4851810913
H103         2.2437084110         1.9842388012         2.9995221140
H104         1.2512712231         1.9413580872         5.1834849212
H105        -1.1912436988         1.6909867577         5.4644278353
H106        -2.6475404416         1.5058665302         3.4738147610
H107        -1.6972991438         1.5518958749         1.2390292159
H108        -0.9706905484         1.9761692973        -2.0248428247
H109        -2.4759232498         3.8080870170        -2.6189926438
H110        -2.4604281823         5.9171006909        -1.3211211431
H111        -0.9112077709         6.1807414526         0.5939842667
H112         0.6067071690         4.3528049342         1.2236088434
&

