&gen
basis=6-31G**
igeopt=1
dftname=PBE-D3
ifreq=1
&
entry_name: J1_9837_2111.in
&zmat
C1         -5.5049917030        -0.5330952267        -1.9071065796
C2         -5.0501755064        -0.7330508136        -0.6015802538
C3         -4.1181944414         0.1456691384        -0.0416079260
C4         -3.6205777988         1.2248661952        -0.7911568270
C5         -2.6380154712         2.1922442570        -0.1813735525
P6         -0.9165015424         1.5221958605        -0.0913879915
O7         -0.9556908249         0.8884939076        -1.6913988619
C8         -0.5733192299        -0.4328589849        -1.3768612447
C9         -1.5772632664        -1.4457343108        -1.8850010657
C10        -1.7709759370        -2.6705004975        -1.2173595450
C11        -2.6528446003        -3.6254964443        -1.7318500231
C12        -3.3180536982        -3.3880175165        -2.9364131622
C13        -3.0904325950        -2.2015942601        -3.6364203181
C14        -2.2160762169        -1.2400919593        -3.1211488131
C15        -0.5534658577        -0.2359907975         0.1245469131
C16         0.7799199365        -0.5160567360         0.7985596853
C17         2.0027575063        -0.0365929912         0.2842951135
C18         3.1997334748        -0.2746194706         0.9651827970
C19         3.1940498054        -0.9913416850         2.1632315612
C20         1.9906006566        -1.4717518915         2.6829732853
C21         0.7904842852        -1.2356408345         2.0065673407
C22        -0.7402096255         1.9819151742         1.6620773969
C23        -1.4502852239         1.3923191858         2.7190219515
C24        -1.1857051142         1.7896908469         4.0358610472
C25        -0.2093722375         2.7615580071         4.2971299121
C26         0.5108234134         3.3365401511         3.2430987191
C27         0.2344472423         2.9306706007         1.9315177175
C28         0.8946843118         3.3779479414         0.7225128756
C29         1.9126217907         4.3347742896         0.6267944520
C30         2.4242694504         4.6572219122        -0.6352471541
C31         1.9153896178         4.0323247077        -1.7821599323
C32         0.8966563453         3.0765135949        -1.6733933106
C33         0.3947228787         2.7407760187        -0.4054683042
C34        -4.0787526418         1.4143817845        -2.1068089983
C35        -5.0212369962         0.5409738093        -2.6584560499
H36        -6.2269227000        -1.2139639748        -2.3388743374
H37        -5.4235973296        -1.5666606111        -0.0211922137
H38        -3.7920145304        -0.0137916610         0.9758204359
H39        -3.0316415400         2.5020438933         0.8094032917
H40        -2.5987944276         3.1233894306        -0.7860073784
H41         0.4231362463        -0.6508125123        -1.8158769419
H42        -1.2384482058        -2.8921552720        -0.3013456051
H43        -2.8108813420        -4.5559688841        -1.2021250703
H44        -3.9980497127        -4.1296793510        -3.3349011650
H45        -3.5923179432        -2.0255120102        -4.5789808289
H46        -2.0418433736        -0.3335480765        -3.6869581778
H47        -1.4071081299        -0.7260550029         0.6390250979
H48         2.0367382609         0.5277637470        -0.6369920626
H49         4.1326676644         0.1003639226         0.5645929730
H50         4.1220209203        -1.1729955965         2.6897698029
H51         1.9865373496        -2.0242668525         3.6136272402
H52        -0.1332747929        -1.6070776055         2.4326806731
H53        -2.1913231737         0.6300175625         2.5315410790
H54        -1.7320206927         1.3400582562         4.8547482881
H55        -0.0063210667         3.0620606323         5.3168117085
H56         1.2716119821         4.0753122502         3.4543552239
H57         2.3047394346         4.8280568832         1.5055284351
H58         3.2107433870         5.3950997234        -0.7265062157
H59         2.3099308979         4.2908765527        -2.7562580009
H60         0.5153298907         2.6133311436        -2.5723590573
H61        -3.7092333929         2.2382084820        -2.7045178348
H62        -5.3693385761         0.6913034034        -3.6720691061
&

