&gen
basis=6-31G**
igeopt=1
dftname=PBE-D3
ifreq=1
&
entry_name: J1_9895_2111.in
&zmat
C1          5.3522766196        -8.6059325868        -5.7673237625
C2          3.9711016947        -8.0216153323        -5.7889837633
C3          3.7718591886        -6.6926961559        -6.1934128047
C4          2.4898054887        -6.1361668670        -6.1766468863
C5          1.3968029116        -6.8955572356        -5.7394956210
S6         -0.2099014935        -6.1751283369        -5.7013175672
O7         -0.7688038721        -6.2071843772        -7.0965380302
O8         -1.1215308481        -6.9529826783        -4.7935347355
N9         -0.1045077284        -4.5311995381        -5.1296663908
C10        -0.7465861889        -3.5056245450        -5.8990982875
C11        -0.4640607837        -2.2202626902        -5.7015857085
C12         0.6132530776        -1.7779655238        -4.7544995607
C13         0.9761454889        -2.8181924510        -3.7101602022
C14         1.7342898333        -2.4668291112        -2.5583698319
C15         2.1272179912        -1.0345826471        -2.2565827744
C16         0.9829135047        -0.2794005874        -1.5406302413
O17         1.1376865647         1.1115104601        -1.6947112969
P18         1.1089738342         1.5501984836        -0.0300395365
C19         2.7082470386         2.3851964251        -0.3230002388
C20         2.7511133491         3.7549178036        -0.6457149639
C21         3.9671747997         4.3865356972        -0.9225361613
C22         5.1550169374         3.6558741592        -0.9116716024
C23         5.1258795130         2.2883746837        -0.6404145276
C24         3.9118632062         1.6537324341        -0.3637994566
C25         1.0948404057         1.7538144976         1.8122976669
C26         2.2855145141         1.8571193283         2.5686180999
C27         2.2463331322         1.9752603168         3.9609572898
C28         1.0259267982         1.9702509952         4.6330161441
C29        -0.1596782255         1.8328243356         3.9151884338
C30        -0.1276524058         1.7140272894         2.5239332365
C31        -0.3555749223         2.6324213816        -0.2759083510
C32        -0.4468162884         3.8881274980         0.3630622175
C33        -1.5614496358         4.7089792915         0.1734710307
C34        -2.6019102580         4.2954113856        -0.6580514696
C35        -2.5288031237         3.0599319179        -1.3014722062
C36        -1.4162409473         2.2345379891        -1.1148487203
C37         0.9367547249        -0.2754018242        -0.0174213762
C38        -0.4058947817        -0.8000886332         0.5210574989
C39         2.0534097418        -0.9391027461         0.6831638135
N40         2.9210975007        -1.4582091532         1.2469868015
C41         2.1059721283        -3.4696284910        -1.6502261120
C42         1.7396898989        -4.7941840885        -1.8634438654
C43         1.0081181206        -5.1465402410        -2.9928895843
C44         0.6387395912        -4.1743803156        -3.9405162953
C45         1.5946218800        -8.2189144971        -5.3233654111
C46         2.8764613955        -8.7769136230        -5.3406749867
H47         5.3159851350        -9.7036454185        -5.9339064029
H48         5.8226936199        -8.4043418720        -4.7823806847
H49         5.9797122790        -8.1580833415        -6.5672022543
H50         4.6082618807        -6.0877925600        -6.5212574890
H51         2.3504106140        -5.1108433073        -6.4956591690
H52        -1.4748347555        -3.7697047202        -6.6554242324
H53        -0.9557093290        -1.4735384812        -6.3127906734
H54         1.5206869698        -1.5347959222        -5.3465823585
H55         0.2564714981        -0.8477658233        -4.2692178573
H56         3.0726571356        -1.0013801367        -1.6786369023
H57         2.3683637276        -0.5110816027        -3.2054626750
H58         0.0044021722        -0.5722029502        -1.9810453213
H59         1.8528835096         4.3427012137        -0.7205334933
H60         3.9857285717         5.4421458344        -1.1612877547
H61         6.0952352116         4.1457340945        -1.1294916315
H62         6.0449066810         1.7166234848        -0.6494306517
H63         3.9295108693         0.5975209482        -0.1677312412
H64         3.2586743341         1.8312839307         2.1116368082
H65         3.1684928022         2.0608508301         4.5214134286
H66         1.0000154535         2.0589399953         5.7113975485
H67        -1.1073281877         1.8103758933         4.4376895034
H68        -1.0688011491         1.5855383526         2.0071425576
H69         0.3378635063         4.2308767357         1.0247829535
H70        -1.6188788877         5.6664717003         0.6748427851
H71        -3.4648287278         4.9322090266        -0.8039278931
H72        -3.3356465244         2.7404487363        -1.9484156949
H73        -1.3940056370         1.2896914098        -1.6354549751
H74        -0.4142667199        -0.8103630146         1.6308271356
H75        -1.2625079493        -0.1947567128         0.1674423808
H76        -0.5590903586        -1.8461273168         0.1784185033
H77         2.6903096270        -3.2308538926        -0.7733897978
H78         2.0266573436        -5.5543663710        -1.1481568396
H79         0.7325191383        -6.1834378112        -3.1120013306
H80         0.7608168993        -8.8171547588        -4.9794850523
H81         3.0152471854        -9.7970190776        -5.0043369520
&

