&gen
basis=6-31G**
igeopt=1
dftname=PBE-D3
ifreq=1
&
entry_name: J1_10569_2111.in
&zmat
C1         -2.7056233118         1.8663865286        -0.0510207093
P2         -0.9251247373         1.4575234599        -0.1525923832
O3         -1.0058757802         1.0671387926        -1.8271045405
C4         -0.4813931619        -0.2376699391        -1.7303164440
C5         -1.4458722914        -1.3089139578        -2.3058841969
C6         -2.9221673965        -1.1017104522        -1.8888694515
C7         -3.8237756896        -2.1851479544        -2.4928680543
C8         -3.7029494230        -2.2118240124        -4.0200265454
C9         -2.2464232692        -2.4156822781        -4.4492892006
C10        -1.3372917432        -1.3379300348        -3.8453379382
C11        -0.3298864095        -0.2497523155        -0.2238964602
C12         1.0903566126        -0.4177966160         0.2951285711
C13         2.1873310605         0.2762598215        -0.2581766552
C14         3.4654403712         0.1341501881         0.2888924874
C15         3.6672031595        -0.6966096775         1.3924126477
C16         2.5902598850        -1.3861238372         1.9523907292
C17         1.3096528086        -1.2469163697         1.4098988110
C18        -0.7306643669         1.6679096442         1.6405557060
C19        -1.3458817999         0.8608745539         2.6085853917
C20        -1.0797912736         1.0889467310         3.9650235033
C21        -0.2012089317         2.1126498230         4.3499331998
C22         0.4167884915         2.9125129752         3.3802929379
C23         0.1412809180         2.6734666102         2.0283813667
C24         0.6882552617         3.3770936851         0.8851329911
C25         1.5826143291         4.4540062132         0.9098291289
C26         1.9903565948         5.0248474360        -0.3015270888
C27         1.5011061147         4.5244814348        -1.5166017593
C28         0.6058639494         3.4464976295        -1.5281735989
C29         0.2086287937         2.8657513334        -0.3138207659
H30        -3.1116124845         2.0942823638        -1.0580564848
H31        -3.2692716393         1.0126753873         0.3766639473
H32        -2.8638668580         2.7658790485         0.5808774697
H33         0.4972358832        -0.2881430417        -2.2543318945
H34        -1.1082297977        -2.2982973026        -1.9221791510
H35        -3.2811901981        -0.1069154700        -2.2306045338
H36        -3.0254907346        -1.1468052766        -0.7857643553
H37        -3.5452852196        -3.1786594442        -2.0773545681
H38        -4.8798377162        -1.9813533401        -2.2131048703
H39        -4.0878293278        -1.2576957170        -4.4428922759
H40        -4.3238385152        -3.0406385314        -4.4229820314
H41        -1.8987939360        -3.4217851121        -4.1265479365
H42        -2.1817744756        -2.3709537525        -5.5577681706
H43        -1.6137320355        -0.3445777504        -4.2638270805
H44        -0.2887142598        -1.5552315912        -4.1447446772
H45        -1.0440401057        -0.9369071363         0.2760791640
H46         2.0604055495         0.9363705450        -1.1046308682
H47         4.2998204427         0.6731080844        -0.1409920578
H48         4.6575360538        -0.8034476318         1.8157424446
H49         2.7464370692        -2.0256573996         2.8114763670
H50         0.4861216703        -1.7800756575         1.8685536636
H51        -2.0158720046         0.0624252542         2.3188862998
H52        -1.5503737678         0.4703943892         4.7181039678
H53         0.0022573290         2.2827077910         5.3991983425
H54         1.0971379874         3.6958565022         3.6849522377
H55         1.9581381070         4.8509920068         1.8429680064
H56         2.6811793558         5.8579621179        -0.3000214995
H57         1.8158314706         4.9735048169        -2.4497031486
H58         0.2383594735         3.0779024019        -2.4755036556
&

