&gen
basis=6-31G**
igeopt=1
dftname=PBE-D3
ifreq=1
&
entry_name: J1_9746_2111.in
&zmat
C1         -3.4485640874         3.1126514943        -2.2101085416
C2         -3.4953941448         2.8965626855        -0.6977196132
C3         -2.2531617249         2.1679011388        -0.1637344288
C4         -2.1845047272         0.7067904596        -0.6351284383
P5         -0.8802098901        -0.2640796427         0.2179218022
C6          0.4092290895         0.6707802927         0.5888729026
C7          1.1550168118         1.4551041710        -0.4543663416
N8          2.5380511094         0.9944253724        -0.5361327331
C9          3.0650518517         0.0137290671        -1.4335730831
O10         2.4657993131        -0.4075807490        -2.4579210922
C11         4.3884879335        -0.4090499246        -0.9901773248
C12         5.2795062209        -1.3314115889        -1.5357544480
C13         6.4998910366        -1.5434674541        -0.8695070455
C14         6.7997056609        -0.8387527042         0.3168716915
C15         5.8821776005         0.0851391354         0.8486593558
C16         4.6816617542         0.2798344286         0.1680586074
C17         3.5453029191         1.1431697029         0.4682873911
O18         3.4409829009         1.8980263426         1.4712051734
C19        -0.2379481526        -1.5417094180        -0.9369403373
C20        -1.0462276458        -2.8499770180        -0.9868458505
C21        -2.4741200921        -2.7195301453        -1.5402112526
C22        -2.5088684177        -2.3093343229        -3.0119873813
C23        -1.5277670265        -1.0783968568         1.7341475620
C24        -2.3276108664        -0.1570501127         2.6726448430
C25        -1.4986299691         0.8753760716         3.4559383515
C26        -0.5104312236         0.2356016605         4.4309489462
H27        -4.3079165168         3.7441755192        -2.5192299560
H28        -2.5084270720         3.6281126891        -2.5003783030
H29        -3.5210376707         2.1441361612        -2.7472016700
H30        -3.5582874289         3.8909735238        -0.2048669404
H31        -4.4144548089         2.3310558587        -0.4304167709
H32        -2.2912286655         2.2057908834         0.9417406490
H33        -1.3435918010         2.7164254195        -0.4853208736
H34        -3.1637628658         0.2149361860        -0.4655429599
H35        -1.9655699569         0.6916319761        -1.7218620367
H36         0.8000363775         0.6575100295         1.5992442218
H37         0.6706123844         1.3696606322        -1.4511170795
H38         1.1463016925         2.5269276621        -0.1655290281
H39         5.0400857817        -1.8697003331        -2.4435535547
H40         7.2131728242        -2.2530248420        -1.2681738829
H41         7.7412431238        -1.0117874365         0.8215940860
H42         6.1023414419         0.6270170331         1.7591888528
H43         0.7877942074        -1.8062765208        -0.6027050090
H44        -0.1421366880        -1.1049266569        -1.9514218679
H45        -1.0839177625        -3.3013678791         0.0262301069
H46        -0.4900499113        -3.5744898676        -1.6210775644
H47        -3.0683349770        -2.0098317512        -0.9341846861
H48        -2.9692182908        -3.7104266862        -1.4485687183
H49        -1.8909788873        -3.0015012373        -3.6224736887
H50        -3.5551655412        -2.3510205243        -3.3812026203
H51        -2.1395275655        -1.2725839830        -3.1438052591
H52        -2.2257218218        -1.8777148311         1.4142197118
H53        -0.6953795063        -1.5754948083         2.2717088014
H54        -2.8628293920        -0.7970450923         3.4079912067
H55        -3.1176525224         0.3647881022         2.0945042342
H56        -0.9626219777         1.5610667206         2.7724921713
H57        -2.2033860408         1.5018065560         4.0444594850
H58        -0.0597189406         1.0248411393         5.0687974407
H59        -1.0286973803        -0.4953244904         5.0872542945
H60         0.3105999245        -0.2730912378         3.8857584925
&

