&zmat
 C2             -2.3363560347            -0.6407325593            -0.4565618571
 C1             -1.2170498827            -0.3977532874             0.2472530625
 C3              0.1653087474            -0.2205877555            -0.2991372596
 C4              0.3927822925            -0.0743966537            -1.8127522720
 C5              1.2866171172            -1.1472921524            -2.5017833024
 C6              1.4216622490            -0.7495374415            -3.9836259081
 C7              0.5801872198            -2.5101880250            -2.3906887495
 C8              2.6917671234            -1.1749537866            -1.8227801692
 C9              3.6842239323            -2.1518984750            -2.4078232975
 C10             3.7487091496            -3.4831970334            -1.9521302000
 C11             4.6527119892            -4.3963561684            -2.5091560749
 C12             5.5181785337            -3.9919645463            -3.5346659711
 C13             5.4761346340            -2.6673419784            -3.9907406430
 C14             4.5702956065            -1.7582483838            -3.4295133757
 O15             0.9663325828             1.2346342300            -1.8443901601
 P16             0.9251152966             1.5160356091            -0.0299613882
 C17             2.7467440825             1.9237097624             0.0010233984
 C18             3.5471375104             1.8045240008             1.1526813874
 C19             4.9096138304             2.1340536695             1.1118977371
 C20             5.4860506750             2.6167549169            -0.0680608695
 C21             4.6919729626             2.7635517559            -1.2147194245
 C22             3.3395824389             2.4096437307            -1.1862884465
 C23             0.6345432029             1.5806149390             1.8553661375
 C24             0.9701461182             0.6273290251             2.8268064426
 C25             0.6273747158             0.8392069953             4.1731487923
 C26            -0.0591692667             2.0041931473             4.5489874866
 C27            -0.4247975359             2.9525545487             3.5852135843
 C28            -0.0859951389             2.7350830545             2.2387420521
 C29            -0.4553281164             3.5877811395             1.0919621599
 C30            -1.1532200095             4.8060252009             1.1338830722
 C31            -1.4568553556             5.4714075408            -0.0618926495
 C32            -1.0779247939             4.9313644142            -1.3009566957
 C33            -0.3789714573             3.7161637250            -1.3548251282
 C34            -0.0658166435             3.0582064603            -0.1617421365
 H36            -2.3397663638            -0.7475606558            -1.5449957514
 H37            -3.2990554594            -0.7525768490             0.0491894918
 H35            -1.2898250250            -0.3162804276             1.3391065497
 H38             0.8429429763            -0.9491730637             0.1865547414
 H39            -0.5737067770            -0.0682899028            -2.3589298881
 H40             1.8678386267             0.2541879212            -4.0735524483
 H41             0.4299541750            -0.7230046563            -4.4679658512
 H42             2.0502421677            -1.4667854846            -4.5350842955
 H43             0.4629663424            -2.8277565913            -1.3397831566
 H44             1.1483167293            -3.2930730288            -2.9183630066
 H45            -0.4280640993            -2.4656366334            -2.8377912375
 H46             2.5687868825            -1.4104245568            -0.7497612952
 H47             3.1035448895            -0.1543669013            -1.8744202828
 H48             3.0799424369            -3.8031845445            -1.1453092131
 H49             4.6846670339            -5.4258058689            -2.1380403768
 H50             6.2264465642            -4.7033051854            -3.9705749101
 H51             6.1554464085            -2.3388954352            -4.7838661666
 H52             4.5466513561            -0.7213472024            -3.7820405542
 H53             3.1139919539             1.4587211102             2.0924564915
 H54             5.5186566668             2.0148744574             2.0132283560
 H55             6.5488981410             2.8760543378            -0.0966902675
 H56             5.1305510514             3.1433762408            -2.1427843166
 H57             2.7322412029             2.4786623012            -2.0901615582
 H58             1.5050403802            -0.2881617460             2.5452624040
 H59             0.8947226845             0.0944981104             4.9294252566
 H60            -0.3215794271             2.1670276859             5.5986976386
 H61            -0.9810465116             3.8474197039             3.8821822044
 H62            -1.4616734223             5.2355786130             2.0918922777
 H63            -2.0014243214             6.4202319342            -0.0276511538
 H64            -1.3321708198             5.4564079026            -2.2266615193
 H65            -0.0794676612             3.2590942699            -2.3012711531
&

