&gen
basis=6-31G**
igeopt=1
dftname=PBE-D3
ifreq=1
&
entry_name: J1_10409_2111.in
&zmat
C1         -1.0724130085        -0.3782205878         0.3373768634
C2         -2.1325141010         0.3114562082        -0.1025758443
C3          0.3491834938        -0.1766133684        -0.1525440122
C4          0.5223706486        -0.1305334838        -1.6583370912
C5          1.3676981801        -1.2576194325        -2.3390802376
C6          1.3676244006        -0.9784044074        -3.8609679955
C7          0.6690590337        -2.6127485048        -2.0901308324
C8          2.8346529539        -1.2895325334        -1.8021146849
C9          3.7473325193        -2.2628209061        -2.5156743646
C10         3.8439068007        -3.5972236452        -2.0836432304
C11         4.6882913880        -4.4939781584        -2.7451223253
C12         5.4468312718        -4.0660983337        -3.8377278909
C13         5.3646126284        -2.7396401516        -4.2689521465
C14         4.5216412188        -1.8394354408        -3.6104051559
O15         1.1581720545         1.1269417053        -1.6973592439
P16         0.9649277917         1.5239035549        -0.0337200282
C17         2.7136286926         1.9252300824         0.1659296809
C18         3.6329184401         0.9736939630         0.6362743356
C19         4.9852784132         1.3026337970         0.7654719701
C20         5.4301079512         2.5827649433         0.4268460651
C21         4.5223756869         3.5353120855        -0.0424058157
C22         3.1694899789         3.2085999416        -0.1742670888
C23         0.6511481725         1.7731934674         1.7406027769
C24         1.1167662133         0.9357664874         2.7664578986
C25         0.7837775651         1.2214871909         4.0968198007
C26        -0.0249313919         2.3254215322         4.4010284800
C27        -0.5153223082         3.1418013177         3.3751725317
C28        -0.1721349694         2.8466444814         2.0497868928
C29        -0.6289666373         3.5341824480         0.8590258200
C30        -1.4741232952         4.6495266693         0.8052205305
C31        -1.8139777377         5.1839306732        -0.4427912282
C32        -1.3096148603         4.6074902158        -1.6167354771
C33        -0.4651220206         3.4915416413        -1.5499097488
C34        -0.1335475947         2.9483696132        -0.2978665166
H35        -1.2349685737        -1.1325445512         1.1010761234
H36        -2.0422754906         1.0729149623        -0.8677938561
H37        -3.1160395958         0.1071633181         0.3072515413
H38         1.0387772310        -0.8761874338         0.3571975330
H39        -0.4591194906        -0.0431988263        -2.1752665601
H40         1.9085285932        -0.0337839705        -4.0846810267
H41         0.3294746221        -0.8845446244        -4.2469521128
H42         1.8508815318        -1.8043142008        -4.4243289928
H43         0.7259925371        -2.8972396194        -1.0181198838
H44         1.1369070702        -3.4212446944        -2.6902026118
H45        -0.4029928841        -2.5588550807        -2.3788703864
H46         2.8382185442        -1.5584066747        -0.7280157575
H47         3.2791866718        -0.2739759237        -1.8764545669
H48         3.2655757097        -3.9424390390        -1.2356655339
H49         4.7554859359        -5.5207869299        -2.4095889990
H50         6.1000438515        -4.7616342038        -4.3485756289
H51         5.9548091981        -2.4084400377        -5.1135854515
H52         4.4692504832        -0.8142623747        -3.9553775005
H53         3.3112903681        -0.0204895785         0.9043549961
H54         5.6886921945         0.5642877239         1.1280311906
H55         6.4774989465         2.8362098069         0.5273298390
H56         4.8672859095         4.5267026585        -0.3061896610
H57         2.4808075900         3.9569654679        -0.5441761741
H58         1.7154533304         0.0645044120         2.5479839437
H59         1.1449891828         0.5824115553         4.8920674913
H60        -0.2824819481         2.5385347283         5.4303877375
H61        -1.1567944532         3.9780250300         3.6169292853
H62        -1.8647407720         5.1028396610         1.7058505257
H63        -2.4654081403         6.0462063052        -0.5015568931
H64        -1.5716603216         5.0280998892        -2.5789156938
H65        -0.0823305540         3.0693706649        -2.4681341379
&

