&gen
basis=6-31G**
igeopt=1
dftname=PBE-D3
ifreq=1
&
entry_name: J1_10512_2111.in
&zmat
C1         -3.5011354053        -1.0961893225         0.5457209359
C2         -2.0050383748        -1.1796862541         0.4296739829
O3         -1.4509655705        -2.1067781114         1.0003409106
C4         -1.1365960914        -0.2183989942        -0.3743916441
C5         -1.5089597461         0.0504072907        -1.8139549467
C6         -2.5853274411        -0.7809351366        -2.5433383893
C7         -2.2164787685        -2.2659504888        -2.7038307885
C8         -0.9292417980        -2.4538691556        -3.4651917693
C9         -0.9088201160        -2.3238657995        -4.8637846689
C10         0.2923534417        -2.4617514957        -5.5662781613
C11         1.4803002393        -2.7239523769        -4.8782305611
C12         1.4693403988        -2.8479392427        -3.4862362592
C13         0.2703826984        -2.7123558630        -2.7800131772
O14        -1.9162848465         1.3768425276        -1.6112200751
P15        -1.3424981662         1.5623502761         0.0077944052
C16        -2.9572652740         2.2338721025         0.5544387226
C17        -3.5602681440         1.8226448957         1.7624320370
C18        -4.7938578675         2.3458999798         2.1584181409
C19        -5.4466289129         3.2832399495         1.3572817514
C20        -4.8676033336         3.6969858097         0.1570282075
C21        -3.6339762630         3.1763418537        -0.2437654961
C22        -0.6059275508         1.6789281987         1.6989560626
C23        -0.7082143892         2.8909432784         2.4221487088
C24        -0.1419854890         3.0251150509         3.6915851815
C25         0.5531874103         1.9615544867         4.2625821111
C26         0.6899504973         0.7654111702         3.5605349741
C27         0.1257277308         0.6238617159         2.2890502227
C28        -0.0499633510         2.6996354769        -0.5586824541
C29         1.2107976207         2.2013941592        -0.9297985283
C30         2.2100965007         3.0694397811        -1.3789607096
C31         1.9607579892         4.4409443995        -1.4626669649
C32         0.7116133404         4.9463148467        -1.0957473109
C33        -0.2909416695         4.0814766010        -0.6471335757
H34        -3.9563947170        -1.9960501243         0.0819975478
H35        -3.9131998051        -0.2002219895         0.0486450407
H36        -3.7911245616        -1.0750196030         1.6165453579
H37        -0.0712723391        -0.5284971956        -0.3413622133
H38        -0.5894180414         0.0709380120        -2.4420163323
H39        -3.5747224339        -0.6905999220        -2.0617189121
H40        -2.7167099894        -0.3446810989        -3.5575888775
H41        -2.1542946555        -2.7609282118        -1.7134009836
H42        -3.0377316122        -2.7763925669        -3.2523067402
H43        -1.8213541799        -2.1123662695        -5.4073200586
H44         0.3028089594        -2.3618306333        -6.6439351318
H45         2.4094967129        -2.8282751998        -5.4233278149
H46         2.3906333450        -3.0462118478        -2.9539462142
H47         0.2780886676        -2.8021482175        -1.7008231449
H48        -3.0799171745         1.0953666217         2.4026695508
H49        -5.2444549711         2.0225500370         3.0878361064
H50        -6.4023523580         3.6871423528         1.6652558042
H51        -5.3763430162         4.4211285204        -0.4660985659
H52        -3.2143533638         3.5092922720        -1.1836382471
H53        -1.2356313914         3.7388249940         2.0069478377
H54        -0.2406287923         3.9579326838         4.2316109634
H55         0.9932665568         2.0667819708         5.2457894261
H56         1.2422938465        -0.0553665042         3.9999672906
H57         0.2887147660        -0.3140872868         1.7917414424
H58         1.4274591752         1.1445019115        -0.8693542624
H59         3.1788593608         2.6782017284        -1.6616151420
H60         2.7358106309         5.1120506229        -1.8095174681
H61         0.5204116401         6.0099129768        -1.1563458635
H62        -1.2424055675         4.4990931985        -0.3550528837
&

