&gen
basis=6-31G**
igeopt=1
dftname=PBE-D3
ifreq=1
&
entry_name: J1_9785_2111.in
&zmat
C1          2.6787206483        -0.0383021164        -0.1535217923
C2          1.4270892472        -0.7422906072         0.1897440950
P3          0.0924237275         0.0923007782         0.6166685065
C4         -1.2305477626        -1.0875747701         1.0766358923
C5         -1.6965208365        -1.9251230175        -0.1209015320
C6         -2.7611176430        -2.9619336941         0.2682170354
C7         -2.1783908038        -4.1452832348         1.0408215868
C8          0.5552335309         1.1114213818         2.0724923990
C9         -0.6214393513         1.5061157541         2.9818810501
C10        -1.6473869223         2.4596697159         2.3487665802
C11        -1.0634686807         3.8331187605         2.0200089876
C12        -0.4581092011         1.1780565973        -0.7554591920
C13        -0.1027519799         0.6067734035        -2.1378719219
C14        -0.7250609284         1.4190288676        -3.2835056633
C15        -2.2177833442         1.1386926563        -3.4593691365
C16         3.8095237839        -0.6667682893        -0.5246248700
C17         3.8914812800        -2.1664471557        -0.6287128063
C18         5.0351422076         0.1343564945        -0.8695374346
H19         2.6706982101         1.0450605657        -0.1103867545
H20         1.3843672439        -1.8223088329         0.1999747144
H21        -2.0982829662        -0.5205125717         1.4725553041
H22        -0.8372616271        -1.7412116120         1.8814991712
H23        -2.1526568399        -1.2437505665        -0.8701945874
H24        -0.8345660363        -2.4364133902        -0.6006531714
H25        -3.2268354865        -3.3524423631        -0.6626199276
H26        -3.5640221352        -2.4819106009         0.8690430268
H27        -1.3433572878        -4.6076358169         0.4727108583
H28        -2.9681131306        -4.9111221052         1.1916497924
H29        -1.8142010120        -3.8257454296         2.0386590579
H30         1.2609147710         0.5128982869         2.6872488703
H31         1.1107777403         2.0096868251         1.7345077035
H32        -1.1419999078         0.5896876598         3.3304972149
H33        -0.2077018832         1.9902599751         3.8933695888
H34        -2.0941299016         2.0110562645         1.4412633843
H35        -2.4758131344         2.6037701445         3.0756521589
H36        -0.3228057542         3.7622040058         1.1981568914
H37        -1.8789922936         4.5104059092         1.6898129749
H38        -0.5793415017         4.2742313833         2.9170170578
H39         0.0299884285         2.1684968920        -0.6432364874
H40        -1.5529172619         1.3158171070        -0.6679594060
H41        -0.4101875303        -0.4558300902        -2.2230101760
H42         1.0003029724         0.6402869873        -2.2620438284
H43        -0.2090609479         1.1453135572        -4.2293906835
H44        -0.5648783171         2.5064326323        -3.1161599737
H45        -2.7960622957         1.5004855824        -2.5848268343
H46        -2.5882478929         1.6699451078        -4.3612473948
H47        -2.3956367887         0.0504936690        -3.5939719200
H48         4.9011529892        -2.4863653131        -0.9634228933
H49         3.1499373131        -2.5369986599        -1.3677843655
H50         3.6946819249        -2.6269962179         0.3624006436
H51         5.3059435998        -0.0439262444        -1.9313113685
H52         4.8812783306         1.2254885585        -0.7258074340
H53         5.8799914369        -0.1846628236        -0.2237229912
&

