&zmat
 C7             -2.2302740358            -4.1301015427             1.5780018997
 C6             -2.5618181994            -3.2710418470             0.3511791144
 C5             -1.4573281462            -2.2715534659            -0.0387770575
 C4             -1.2113989544            -1.1919986906             1.0257064108
 P3              0.1629611449            -0.0126089257             0.6454012997
 C2              1.5682657795            -0.8670049594             0.1974682046
 C1              2.6595761987            -0.2709801274            -0.5414744518
 C16             3.9058348846            -0.7710477569            -0.7958499830
 C17             4.3930509011            -2.0925948073            -0.2614882423
 C18             4.8772979846            -0.0261895453            -1.6752455283
 C8              0.1967947772             1.0825700932             2.1924807181
 C9             -1.0972110956             1.4388904028             2.9544281313
 C10            -2.1312289453             2.3086850686             2.2175127200
 C11            -1.6059790031             3.6852885962             1.7926458233
 C12            -0.3228653912             1.1837684627            -0.6849785650
 C13            -0.4291482714             0.5959198268            -2.1016923962
 C14            -0.4282691619             1.6759677764            -3.1974402093
 C15            -1.6049044194             2.6563160193            -3.1132116136
 H27            -1.2823102595            -4.6761753287             1.4334626832
 H28            -3.0199709578            -4.8744901629             1.7695563453
 H29            -2.1272030750            -3.5232852090             2.4932790307
 H25            -2.7495414124            -3.9325475562            -0.5137234684
 H26            -3.5082020458            -2.7236886379             0.5251643884
 H23            -1.7311211318            -1.7851702254            -0.9908720497
 H24            -0.5103161723            -2.8035006981            -0.2375682378
 H21            -2.1253013264            -0.5968367161             1.2036036976
 H22            -0.9481857434            -1.6501845078             1.9968475429
 H20             1.6994360788            -1.8322365158             0.6972509019
 H19             2.4498753846             0.7130530766            -0.9908837566
 H48             4.4948682623            -2.8538598880            -1.0613392848
 H49             3.7233667900            -2.5116868523             0.5065647281
 H50             5.3972235811            -1.9942347293             0.1947910643
 H51             5.1579116381            -0.6097105291            -2.5762851055
 H52             4.4620398737             0.9347968721            -2.0237272652
 H53             5.8301118194             0.1915538064            -1.1507137820
 H30             0.8719635544             0.5280236759             2.8680376557
 H31             0.7566873562             1.9899572254             1.9005373328
 H32            -1.5853755193             0.5071259093             3.2929667284
 H33            -0.8016766082             1.9685132230             3.8811807214
 H34            -2.5230784538             1.7695151335             1.3340817562
 H35            -3.0015108976             2.4440038313             2.8850160474
 H36            -0.7861802339             3.6074394063             1.0593982391
 H37            -2.4019472934             4.2916966795             1.3312355258
 H38            -1.2193404460             4.2453052961             2.6614387835
 H39             0.4565346714             1.9696064578            -0.6602716137
 H40            -1.2577755129             1.6743249411            -0.3687759327
 H41            -1.3551783548            -0.0031679629            -2.1820781361
 H42             0.4098474223            -0.1018417296            -2.2618845654
 H43            -0.4367430701             1.1756808645            -4.1825173913
 H44             0.5262107757             2.2343345961            -3.1486662584
 H45            -1.5851498496             3.2408362129            -2.1776557592
 H46            -1.5900992488             3.3746129428            -3.9486960132
 H47            -2.5703642985             2.1216335645            -3.1494071220
&

