&gen
basis=6-31G**
igeopt=1
dftname=PBE-D3
ifreq=1
&
entry_name: J1_10171_2111.in
&zmat
C1          1.6240972802        -1.2201758616         1.0709179891
C2          1.2606156841        -0.3826077351         0.0872276510
C3          2.3597217026         0.2492928114        -0.7373597066
C4         -0.2247723750        -0.1870542996        -0.2176868271
C5         -0.5418574703        -0.1341340084        -1.6937427991
C6         -1.6267420441        -1.1074212974        -2.1115147411
C7         -2.8545028193        -0.6685513437        -2.6455602085
C8         -3.8305368000        -1.5948636356        -3.0247599112
C9         -3.5876703466        -2.9638894819        -2.8917106707
C10        -2.3656616413        -3.4101426943        -2.3833842650
C11        -1.3872524934        -2.4881295092        -2.0004186928
O12        -0.9950157545         1.1961168188        -1.6972546864
P13        -0.8596636150         1.5165878660        -0.0083895707
C14        -2.6447680175         1.7849921237         0.1157384602
C15        -3.1918116260         3.0719933813        -0.0191143591
C16        -4.5740820219         3.2635156574         0.0649673510
C17        -5.4206244169         2.1743544228         0.2845091517
C18        -4.8852569413         0.8923284579         0.4269561798
C19        -3.5037316082         0.6973420005         0.3470375088
C20        -0.7920545145         1.7307799926         1.8251448465
C21        -0.8718744453         3.0254050666         2.3923609409
C22        -0.8630040044         3.2089695535         3.7769388664
C23        -0.8118461534         2.1071444040         4.6277944236
C24        -0.7930841688         0.8199042781         4.0943149925
C25        -0.8021656233         0.6302223618         2.7093006020
C26         0.2634919413         2.9202794324        -0.3371937080
C27         1.4708622018         3.0733664980         0.3735849313
C28         2.3248908537         4.1457121667         0.1031350230
C29         1.9898738213         5.0762883687        -0.8816500083
C30         0.8009406692         4.9341645092        -1.5991730248
C31        -0.0562620456         3.8628602407        -1.3321170515
H32         0.8885924303        -1.7556624728         1.6612028681
H33         2.6727179074        -1.4007929107         1.2891295726
H34         3.1044910869         0.7382607488        -0.0745109139
H35         2.8765521855        -0.5367131320        -1.3271866107
H36         1.9717951458         1.0126924415        -1.4400436337
H37        -0.8651318443        -0.9364708155         0.2913763069
H38         0.3316457689        -0.2443692499        -2.3693121543
H39        -3.0665325863         0.3859858116        -2.7647245461
H40        -4.7755872667        -1.2505043993        -3.4244975038
H41        -4.3445565348        -3.6789719678        -3.1869878718
H42        -2.1757330593        -4.4712737809        -2.2866999539
H43        -0.4432715729        -2.8486261508        -1.6100699808
H44        -2.5565263281         3.9314040530        -0.1726935605
H45        -4.9889836334         4.2578694854        -0.0377099284
H46        -6.4905662729         2.3243943637         0.3482667548
H47        -5.5408546472         0.0488007177         0.6002419396
H48        -3.1096754897        -0.3023612863         0.4637404816
H49        -0.9469182053         3.9035056196         1.7656903583
H50        -0.9070104549         4.2084614618         4.1899954799
H51        -0.8097919973         2.2498862349         5.7006663447
H52        -0.7891258639        -0.0366050586         4.7562571478
H53        -0.8517332451        -0.3829258228         2.3588936554
H54         1.7501276951         2.3680790104         1.1449249095
H55         3.2475048936         4.2548272492         0.6583217638
H56         2.6525939856         5.9060909151        -1.0904733886
H57         0.5442359108         5.6530870881        -2.3664429992
H58        -0.9647511742         3.7675982504        -1.9119119509
&

