&gen
basis=6-31G**
igeopt=1
dftname=PBE-D3
ifreq=1
&
entry_name: J1_10109_2111.in
&zmat
C1         -2.4249651601        -1.0765227804         1.3560090689
C2         -1.3164896782        -1.1811394435         0.6089660188
C3         -0.5136495583        -2.4516133539         0.7436831978
C4         -0.7410594657        -0.0589909064        -0.2601799914
C5         -1.1987759100         0.1260173560        -1.6947727998
C6         -2.3793935121        -0.6674590171        -2.3247238978
C7         -3.7791266089        -0.3059792787        -1.7803864184
C8         -4.8620254755        -1.1329169428        -2.4858252009
C9         -4.6167916077        -2.6570472539        -2.4045461974
C10        -3.2538017831        -3.0349069077        -1.8043761898
C11        -2.1191223907        -2.1965151534        -2.4088619528
O12        -1.5164927946         1.4921997037        -1.5728003976
P13        -1.1176261674         1.6921051107         0.0935413936
C14        -2.7811032542         2.4478372467         0.3450314471
C15        -0.5987196955         1.6265857169         1.8626071757
C16         0.7696794844         1.4573059022         2.1698498013
C17         1.2060037892         1.3614568070         3.4932911137
C18         0.2854326673         1.4052318311         4.5383089425
C19        -1.0747321122         1.5283890462         4.2601168421
C20        -1.5183430350         1.6253424277         2.9379188374
C21         0.1183664757         2.9600909472        -0.2957756431
C22         1.2260413557         2.6513914757        -1.1043549566
C23         2.1760727847         3.6318238193        -1.4049946906
C24         2.0280706096         4.9275757014        -0.9049336063
C25         0.9291140925         5.2449765646        -0.1033404538
C26        -0.0236142678         4.2677438157         0.1995504019
H27        -2.7490938581        -1.9024740041         1.9824962659
H28        -3.0263201874        -0.1891581963         1.3802128576
H29         0.3692176135        -2.4496575521         0.0705231715
H30        -1.1407662601        -3.3313811669         0.4878363538
H31        -0.1538252771        -2.5579067403         1.7891148039
H32         0.3662814796        -0.1572340634        -0.2529836318
H33        -0.3207148289         0.0256410640        -2.3725001084
H34        -2.4015207543        -0.3143606177        -3.3819087264
H35        -3.8520168016        -0.4922118031        -0.6986952150
H36        -3.9868182413         0.7721244989        -1.9528846529
H37        -4.9046589803        -0.8261491812        -3.5542692857
H38        -5.8503319375        -0.8910389798        -2.0377741346
H39        -5.4147630501        -3.1282224497        -1.7903429093
H40        -4.6920488508        -3.0910270294        -3.4257619765
H41        -3.2852420624        -2.8881759749        -0.7047367240
H42        -3.0555248429        -4.1127413071        -1.9890571379
H43        -2.0078813833        -2.4889365102        -3.4768904219
H44        -1.1619296242        -2.4709358554        -1.9227844627
H45        -3.0776129354         3.0186751786        -0.5600103345
H46        -2.7717766197         3.1925964487         1.1651956760
H47        -3.5662847921         1.6937808458         0.5240774882
H48         1.5087862801         1.3874790321         1.3837647716
H49         2.2603485469         1.2429023216         3.7074184881
H50         0.6243768942         1.3263109377         5.5631649058
H51        -1.7911655017         1.5352611398         5.0715539136
H52        -2.5844085712         1.6689992351         2.7830413734
H53         1.3611550742         1.6545028118        -1.4996667871
H54         3.0279419320         3.3864755471        -2.0259345611
H55         2.7648914817         5.6852816867        -1.1381252169
H56         0.8158471215         6.2488645394         0.2850281842
H57        -0.8621260207         4.5326399112         0.8282486230
&

