&zmat
 C1             -0.8009804957             1.6883012747             0.0000000000
 C2              0.0684771171             0.4217647706             0.0000000000
 C3              0.9563344135             0.3575983727             1.2629675121
 O6             -0.3959845386            -1.9696476064             0.0000000000
 C4              0.9563344135             0.3575983727            -1.2629675121
 C5             -0.8268733984            -0.8279348865             0.0000000000
 H7             -1.4492222654             1.7304484368            -0.8920783670
 H8             -0.1709631295             2.5926275521             0.0000000000
 H9             -1.4492222654             1.7304484368             0.8920783670
 H10             1.6685493378             1.1996630033             1.2689716021
 H11             1.5220380055            -0.5867338582             1.2819587328
 H12             0.3518696336             0.4159453366             2.1836453731
 H14             0.3518696336             0.4159453366            -2.1836453731
 H15             1.6685493378             1.1996630033            -1.2689716021
 H16            -1.9375322201            -0.6333777134             0.0000000000
 H13             1.5220380055            -0.5867338582            -1.2819587328
&

