&gen
basis=6-31G**
igeopt=1
dftname=PBE-D3
ifreq=1
&
entry_name: J1_10110_2111.in
&zmat
C1          1.5950774805        -3.2369902202         1.5776218572
O2          0.8682170127        -2.2192646507         0.9007667566
C3          1.4865926483        -1.0953191105         0.3471280456
O4          2.7389572037        -0.9640032926         0.4143627127
C5          0.6243696357        -0.0565748635        -0.3283791345
C6          0.8804619324         0.2038977435        -1.7975458354
C7          1.8529311891        -0.7090155338        -2.5590924362
Cl8          1.1503021406        -2.3347696982        -2.7639008269
O9          1.3914089475         1.5067824999        -1.6362136503
P10         1.0596754953         1.6697635068         0.0478043187
C11         2.7557985576         2.2776080957         0.4008918829
C12         3.8754678298         1.7384770077        -0.2612683127
C13         5.1631318724         2.2108352437         0.0086153700
C14         5.3547384268         3.2333968049         0.9378153119
C15         4.2578343691         3.7883389028         1.5965316643
C16         2.9689915445         3.3194481349         1.3293688663
C17         0.6136427430         1.5397150306         1.8409202286
C18        -0.6608159455         1.9033143145         2.3363249194
C19        -0.9794995370         1.7456518819         3.6884308805
C20        -0.0494236651         1.2020068150         4.5717537674
C21         1.2001649133         0.8039606370         4.1033597836
C22         1.5257453853         0.9596208276         2.7542039652
C23        -0.1404439392         2.9685798654        -0.3784446637
C24        -1.4222334261         2.6143514679        -0.8414281933
C25        -2.3382435559         3.5996479473        -1.2199481941
C26        -1.9776273179         4.9469837387        -1.1682662894
C27        -0.6956988750         5.3092011275        -0.7508062896
C28         0.2235310470         4.3266432395        -0.3704709228
H29         0.8892044338        -4.0178444321         1.9273880652
H30         2.1209476916        -2.8068207704         2.4563849435
H31         2.3321379743        -3.7001509591         0.8878700245
H32        -0.4518934217        -0.2489370147        -0.1303868953
H33        -0.0816794941         0.2606500907        -2.3540905669
H34         2.0278394568        -0.2816888905        -3.5686975334
H35         2.8353448938        -0.7976373285        -2.0602547177
H36         3.7656863778         0.9581021531        -0.9943781340
H37         6.0138842200         1.7845230667        -0.5072084874
H38         6.3526590777         3.5975428333         1.1451093374
H39         4.4054245688         4.5828772582         2.3165293557
H40         2.1387938738         3.7646481049         1.8619226851
H41        -1.4336237679         2.2995085097         1.7024290755
H42        -1.9570820938         2.0379565857         4.0500424443
H43        -0.3014597186         1.0787427431         5.6170929646
H44         1.9184464211         0.3679468779         4.7856739863
H45         2.5012133453         0.6259933589         2.4309966819
H46        -1.7233691763         1.5777217653        -0.8932424455
H47        -3.3271963700         3.3174983119        -1.5573009187
H48        -2.6865140504         5.7092697132        -1.4645962242
H49        -0.4086807901         6.3527212179        -0.7343452967
H50         1.2185827497         4.6384636512        -0.1002160007
&

