&gen
basis=6-31G**
igeopt=1
dftname=PBE-D3
ifreq=1
&
entry_name: J1_9876_2111.in
&zmat
C1          5.3381502983        -0.7349209736         1.7149915501
C2          4.0252524901        -1.4973437493         1.6528559627
O3          3.1013435973        -0.7885881775         0.8348041616
C4          1.7919287214        -1.2253209109         0.6200184516
O5          1.4083094283        -2.3128768263         1.1346875888
C6          0.8404507972        -0.4292000647        -0.2641981149
C7         -0.6289476192        -0.8494613577        -0.0273371970
C8          1.2031694388        -0.4052341460        -1.7430738577
C9          2.3263542771        -1.3349960203        -2.2831442006
C10         1.8176331492        -2.7789297302        -2.4066037070
C11         2.8275808051        -0.8273191848        -3.6500722041
O12         1.7299556732        -0.6496061271        -4.5216933164
Si13         1.9955973543         0.6584823044        -5.6319809972
C14         3.5978494312         0.3924671574        -6.5652136308
C15         2.0927564121         2.2905930258        -4.7088716393
C16         0.5175951340         0.6897345410        -6.8257167234
C17        -0.7728005617         0.9277514702        -6.0205929010
C18         0.4253753305        -0.6651808974        -7.5483344937
C19         0.6946672642         1.8140667576        -7.8604365520
O20         1.5776808031         0.9532526078        -1.7873469439
P21         1.1058367790         1.3940646424        -0.1907749097
C22         2.7652333394         2.1307389349         0.1750153436
C23         2.9190662777         3.2146708809         1.0720114969
C24         4.1715529922         3.7890610941         1.3041996312
C25         5.2977104430         3.3073946038         0.6413036794
C26         5.1737788050         2.2469105263        -0.2526506555
C27         3.9250715622         1.6644246137        -0.4842002347
C28         0.4541974383         1.5620965736         1.5328537530
C29         1.2562508162         1.2116350578         2.6428509299
C30         0.7531893579         1.2727459951         3.9444717024
C31        -0.5687661663         1.6528052339         4.1671651011
C32        -1.3947144530         1.9570178494         3.0866293257
C33        -0.8973398140         1.8982007476         1.7819464483
C34        -0.0488846079         2.6094859806        -0.9403656141
C35        -0.9980777680         2.2128787444        -1.9069345641
C36        -1.8490938908         3.1466602508        -2.5036099607
C37        -1.7667361224         4.4930668033        -2.1535753175
C38        -0.8259542944         4.9083301970        -1.2125749214
C39         0.0308904904         3.9783101319        -0.6169104226
H40         5.1682487350         0.2769717794         2.1405458046
H41         5.7671967280        -0.6362265398         0.6954559806
H42         6.0592375487        -1.2810430433         2.3586881736
H43         3.6136623475        -1.6006922633         2.6803566866
H44         4.2050714109        -2.5077491639         1.2260395822
H45        -0.8589436303        -0.8702146720         1.0589366517
H46        -1.3508169233        -0.1650126731        -0.5077478099
H47        -0.7983573655        -1.8696848334        -0.4330828309
H48         0.3024456710        -0.5442378353        -2.3804045925
H49         3.1998936236        -1.3406789061        -1.6011750190
H50         2.6333684219        -3.4428857375        -2.7638097756
H51         0.9690001227        -2.8391265256        -3.1213086269
H52         1.4758456710        -3.1586369350        -1.4225230613
H53         3.5292977488        -1.5668168934        -4.0941154142
H54         3.4121083978         0.1013660671        -3.4635006314
H55         3.7379804982         1.2033627302        -7.3081471318
H56         3.5705639010        -0.5874027184        -7.0833995509
H57         4.4479602065         0.4050951861        -5.8530443226
H58         2.1756664763         3.1246820201        -5.4339936390
H59         1.1812963277         2.4284096186        -4.0930996956
H60         2.9834176724         2.3074630099        -4.0493191693
H61        -1.6592607879         0.9096215920        -6.6906565741
H62        -0.7485511508         1.9161137022        -5.5140394287
H63        -0.9069925114         0.1406176857        -5.2471099125
H64        -0.4491827951        -0.6825845772        -8.2340079221
H65         1.3381483389        -0.8540911239        -8.1526142847
H66         0.3083774935        -1.4947500863        -6.8178488776
H67         0.7525459150         2.8054793765        -7.3638008803
H68        -0.1666509180         1.8335551385        -8.5625857218
H69         1.6191223572         1.6618703767        -8.4566923730
H70         2.0842113584         3.6112535473         1.6289502948
H71         4.2680172710         4.6096333208         2.0034881054
H72         6.2668182199         3.7537774334         0.8227592370
H73         6.0490469961         1.8689898833        -0.7652149495
H74         3.8872131850         0.8403683431        -1.1752559980
H75         2.2820089177         0.9020257985         2.5134561980
H76         1.3898359338         1.0180043720         4.7819363140
H77        -0.9580167433         1.6955390255         5.1761581952
H78        -2.4294827863         2.2242823742         3.2582949979
H79        -1.5921673720         2.0880780763         0.9776883485
H80        -1.0793118298         1.1910572408        -2.2313277623
H81        -2.5684988746         2.8250519062        -3.2457804445
H82        -2.4259478437         5.2154732419        -2.6172089311
H83        -0.7556971393         5.9552501776        -0.9466826146
H84         0.7444456074         4.3464301609         0.0939924679
&

