&gen
basis=6-31G**
igeopt=1
dftname=PBE-D3
ifreq=1
&
entry_name: J1_10261_2111.in
&zmat
C1         -2.2162832001        -0.2799107982        -0.3065730890
C2         -1.0874938881        -0.6026275349         0.3485144630
C3         -1.2109066689        -1.5068538338         1.5487548813
C4          0.3128925812        -0.2173468253        -0.1255163260
C5          0.5249044159        -0.2004077694        -1.6204868494
C6          1.6060720244        -1.1530777749        -2.0882558068
C7          2.7312310246        -0.6998462955        -2.8046423842
C8          3.7048747029        -1.6055959740        -3.2360991656
C9          3.5593300796        -2.9696946778        -2.9737929999
C10         2.4352677718        -3.4324758520        -2.2859090399
C11         1.4590103767        -2.5311315611        -1.8517223835
O12         0.9356356653         1.1430856889        -1.6905335014
P13         0.8533968492         1.5286114406        -0.0091154174
C14         2.6776973873         1.8385308202         0.0642503399
C15         3.4775359264         0.6379102329         0.5970552860
C16         4.9874241646         0.9180291693         0.6491605268
C17         5.6416991669         0.8826566103        -0.7321790660
C18         0.6635870548         1.7268659188         1.8458603212
C19        -0.7560122722         2.0326533208         2.3783358964
C20        -0.7944412434         2.0949758987         3.9157990813
C21        -0.7936958711         0.7144428350         4.5710994176
C22        -0.0018829556         3.1100151968        -0.4403809365
C23        -1.4568734663         2.9372380376        -0.8770250255
C24        -2.1170752345         4.2961210916        -1.1343911145
C25        -3.5655895174         4.1267874683        -1.5833103287
H26        -3.1818573160        -0.6173868041         0.0587150311
H27        -2.2172198885         0.2998652812        -1.2163040398
H28        -1.4913473751        -2.5282362234         1.2158040095
H29        -0.2574751127        -1.5663086629         2.1141378043
H30        -1.9951864205        -1.1291000708         2.2369012855
H31         1.0686316488        -0.8509101868         0.3858460288
H32        -0.3858094388        -0.3491685631        -2.2336189136
H33         2.8653765099         0.3509055172        -3.0258601360
H34         4.5729006648        -1.2490348979        -3.7754431168
H35         4.3145655619        -3.6687605637        -3.3089174447
H36         2.3189321212        -4.4906737711        -2.0907062995
H37         0.5898978321        -2.9053163713        -1.3244437650
H38         3.0329035471         2.0868615483        -0.9567970747
H39         2.8936102855         2.7395045112         0.6756729654
H40         3.1453993274         0.4018839940         1.6281077974
H41         3.2956342883        -0.2590413376        -0.0282450075
H42         5.4682480505         0.1374106088         1.2779112739
H43         5.1810454890         1.9012558194         1.1304251710
H44         5.2664257998         1.7081558211        -1.3708753378
H45         6.7399697496         1.0030389846        -0.6223907999
H46         5.4433541794        -0.0897590333        -1.2304581153
H47         1.3244801517         2.5406126371         2.2106616842
H48         1.0159364303         0.7908792724         2.3208601461
H49        -1.4983727911         1.2972766875         2.0242630699
H50        -1.0897217137         3.0265714224         2.0246611090
H51        -1.7246108778         2.6193499964         4.2260697030
H52         0.0636044748         2.6891318738         4.2988789092
H53         0.1275618010         0.1504858919         4.3206454921
H54        -1.6835067054         0.1353203129         4.2491287778
H55        -0.8374684242         0.8321434097         5.6742866980
H56         0.0863105059         3.8471246120         0.3831381844
H57         0.5558245773         3.5751714470        -1.2824295102
H58        -1.4811888903         2.3466314428        -1.8171351769
H59        -2.0287174749         2.4105588903        -0.0887180577
H60        -1.5569505958         4.8429108637        -1.9241368219
H61        -2.0987848131         4.9042131041        -0.2035713017
H62        -4.1538474401         3.6041759316        -0.7990629867
H63        -4.0186992225         5.1246923079        -1.7615122924
H64        -3.6112852553         3.5419781720        -2.5267130873
&

