&gen
basis=6-31G**
igeopt=1
dftname=PBE-D3
ifreq=1
&
entry_name: J1_10091_2111.in
&zmat
C1          3.6245722238        -1.3283863650        -4.1602788995
C2          2.5964166064        -0.4234449570        -3.5559174399
C3          2.0391865185        -0.7064865610        -2.3712514890
C4          0.9954172372         0.2107980595        -1.7749391435
O5          1.4896365257         1.5213897159        -1.6315437982
P6          1.0870076139         1.7329608694         0.0272659668
C7          2.7986106275         2.2390309380         0.4333038178
C8          3.8997752666         1.5377174231        -0.0943823826
C9          5.2065266269         1.9218998693         0.2193254793
C10         5.4341716491         3.0077548849         1.0657312809
C11         4.3546644163         3.7099595539         1.6028212255
C12         3.0464189452         3.3302880490         1.2912360283
C13         0.5598582870         1.6833031787         1.8018413579
C14         1.4112398387         1.1093379719         2.7760009628
C15         1.0229214503         1.0195205623         4.1146188042
C16        -0.2335564238         1.4715749818         4.5103515107
C17        -1.1084380173         2.0022461554         3.5649781468
C18        -0.7252607945         2.0981275803         2.2240540847
C19        -0.0429894516         3.0591122195        -0.4927010172
C20         0.3711811671         4.4021915970        -0.5151323403
C21        -0.4943378549         5.4030971290        -0.9671232793
C22        -1.7702596289         5.0725182682        -1.4274810346
C23        -2.1774845166         3.7377219320        -1.4520203233
C24        -1.3151096860         2.7342881538        -1.0026081038
C25         0.6180904640         0.0156706598        -0.3200822277
C26         1.4353100516        -0.9992578021         0.4584519730
C27         0.9126578891        -2.0906871353         1.0483821167
C28        -0.5567542530        -2.4238255058         1.0621697097
C29        -1.2961156636        -1.5197142975         2.0176085048
C30        -2.6248451357        -1.3175046045         1.9884719351
C31        -3.5550289015        -1.9142056879         0.9642120480
C32        -3.6646782635        -1.0022063503        -0.2665721594
C33        -4.5281874494        -1.6128417927        -1.3806307280
C34        -6.0221193507        -1.6334130186        -1.0263042699
C35        -6.8592875621        -2.1200456581        -2.2057274381
H36         4.5010813640        -1.4103456214        -3.4832279026
H37         3.1905273088        -2.3367613688        -4.3275329175
H38         3.9606944211        -0.9157836326        -5.1344209885
H39         2.3090276172         0.4768325337        -4.0926031057
H40         2.3290911831        -1.6206610049        -1.8627201255
H41         0.0888037455         0.2230163898        -2.4197071568
H42         3.7588656209         0.6939139192        -0.7519320646
H43         6.0441450954         1.3755774657        -0.1947749335
H44         6.4468988587         3.3023504480         1.3086313006
H45         4.5309549055         4.5464343776         2.2666566466
H46         2.2282811467         3.8752331171         1.7432607366
H47         2.3825824009         0.7183789562         2.5065050117
H48         1.6949544576         0.5864859195         4.8442022159
H49        -0.5358710957         1.3953437146         5.5467402950
H50        -2.0939433865         2.3307682316         3.8692398518
H51        -1.4592577989         2.4843797394         1.5400455418
H52         1.3659952470         4.6865262284        -0.2159202428
H53        -0.1695764757         6.4356013630        -0.9734240619
H54        -2.4373406656         5.8488867553        -1.7791227443
H55        -3.1605053977         3.4790215364        -1.8238554077
H56        -1.6511483505         1.7077637927        -1.0375588476
H57        -0.4739031078        -0.1029834281        -0.1979562659
H58         2.5100290989        -0.8666571038         0.5177530379
H59         1.5890121110        -2.7723273279         1.5559848875
H60        -0.9569529810        -2.3571132001         0.0292345557
H61        -0.6870558510        -3.4722261528         1.4042129605
H62        -0.7320524028        -1.0374169803         2.8103860344
H63        -3.0588920828        -0.6654376490         2.7413223525
H64        -3.2213915972        -2.9338123616         0.6745867971
H65        -4.5540364750        -2.0146324696         1.4371695600
H66        -2.6518469380        -0.8277659662        -0.6842456704
H67        -4.0755286134        -0.0121912333         0.0310960616
H68        -4.1772928799        -2.6437948665        -1.6066726583
H69        -4.3858918048        -1.0002204045        -2.2980888155
H70        -6.2012561920        -2.3127798007        -0.1665206241
H71        -6.3577007172        -0.6111440702        -0.7463840244
H72        -7.9320759479        -2.1345230404        -1.9194451437
H73        -6.5550389018        -3.1482324000        -2.4962818580
H74        -6.7336936090        -1.4403962076        -3.0754248769
&

