&zmat
 C15             4.6652606660            -0.0336216497            -1.4646682020
 O14             3.2785074146            -0.2832966813            -1.7903282467
 C13             2.5207600307            -0.6672205820            -0.7325584833
 O16             2.9641185902            -0.8931836738             0.3865529989
 C12             1.0507083008            -0.7232604888            -1.0985889130
 C11             0.3412996678             0.5883578602            -0.7080465430
 C5             -1.1877834159             0.5084066389            -0.8023616774
 O6             -1.6773607894            -0.7442127515            -0.3163384641
 C7             -2.6586695809            -0.5213451400             0.7231632472
 C8             -2.1298193215            -1.0856405248             2.0422602306
 C9             -3.9928538560            -1.1241977422             0.2962787706
 O10            -2.8282223741             0.9086535791             0.8108225858
 C4             -1.7052566634             1.5206687737             0.2365391253
 O3             -0.6340593718             1.7366026388             1.1715181851
 C2              0.5565098472             1.0301695790             0.7535217762
 C1              1.7019409671             2.0216196524             0.9465167776
 O17             2.5856337077             2.2256567667             0.1299615704
 H31             5.1250680036            -0.9224369675            -1.0058153482
 H32             5.1514355555             0.2102395619            -2.4181312194
 H33             4.7326043848             0.8127534062            -0.7638950486
 H29             0.9278314441            -0.9037235515            -2.1778951262
 H30             0.5883930770            -1.5508967227            -0.5401163115
 H28             0.6974862480             1.4011850584            -1.3668816178
 H21            -1.5658825534             0.6972548307            -1.8248234635
 H22            -1.2150353967            -0.5526908050             2.3374841677
 H23            -2.8792833660            -0.9567592816             2.8382925571
 H24            -1.9077471028            -2.1582874231             1.9330218057
 H25            -4.3020943407            -0.6921864501            -0.6667394682
 H26            -4.7663063074            -0.9108860527             1.0497773450
 H27            -3.8963041263            -2.2149779065             0.1864967557
 H20            -2.0342682815             2.5003674557            -0.1476010927
 H19             0.7423220283             0.1528816711             1.4103845860
 H18             1.6443975756             2.5894570498             1.9110508647
&

