&gen
basis=6-31G**
igeopt=1
dftname=PBE-D3
ifreq=1
&
entry_name: J1_9817_2111.in
&zmat
C1         -1.4500482678        -1.0828888343         0.5556604914
C2         -1.1844441909        -2.3945723211         0.4894341168
C3         -1.9243933587        -3.3875690732         1.3410094538
C4         -1.5216018848        -3.2558583116         2.8151906631
C5         -2.2479388867        -4.2932261682         3.6781373279
C6         -1.8525529639        -4.1621302671         5.1461070690
C7         -0.6576963473        -0.0888577589        -0.2609737802
C8         -1.1635081356         0.1783048228        -1.6599588413
C9         -2.2613398693        -0.7344790198        -2.2649650785
C10        -3.6909341064        -0.5304042888        -1.7247814824
C11        -4.4440339552         0.5891184575        -2.4601939350
C12        -5.8453727760         0.7864873856        -1.8700895904
C13        -6.5905269784         1.9182521384        -2.5870965572
C14        -7.9870853061         2.1228506990        -1.9888956668
C15        -8.7287583387         3.2619061738        -2.7005900691
C16       -10.1374152479         3.4643834255        -2.1307401667
O17       -10.0914790044         3.8069310221        -0.7459448596
C18        -9.7119643979         5.0689563340        -0.2758203658
C19        -9.6032192634         5.3021544581         1.1924556590
O20        -9.4265977613         5.9992230852        -1.0779010895
O21        -1.5979194555         1.4906808628        -1.4193300228
P22        -1.0078911989         1.6392826031         0.1940710465
C23        -2.6775949857         2.0892218789         0.8251142161
C24        -0.3000040405         1.7244008862         1.8992476263
C25        -0.4153509600         2.9231372910         2.6410918733
C26         0.1152163626         3.0301538412         3.9287586327
C27         0.7855280855         1.9513410216         4.5009848903
C28         0.9383249385         0.7684443765         3.7803942162
C29         0.4127898274         0.6547141721         2.4899017086
C30         0.1362849284         2.9316796674        -0.3330857049
C31         1.5038129835         2.6498299326        -0.4822530182
C32         2.3860849034         3.6495983076        -0.9022948467
C33         1.9080803017         4.9322261887        -1.1841847578
C34         0.5461936462         5.2157321422        -1.0496089623
C35        -0.3391304595         4.2185400268        -0.6293713364
H36        -2.1992098327        -0.7289447073         1.2572032383
H37        -0.4286850184        -2.7592003587        -0.2010896842
H38        -1.6797357480        -4.4114129567         0.9839121100
H39        -3.0196306041        -3.2330136637         1.2243438047
H40        -0.4225063798        -3.4017031927         2.9093456538
H41        -1.7732745716        -2.2361602442         3.1815908004
H42        -1.9939316783        -5.3172992129         3.3273407020
H43        -3.3471655848        -4.1521645115         3.5877608971
H44        -2.1197079339        -3.1541526818         5.5292179220
H45        -0.7600745941        -4.3230500503         5.2673207083
H46        -2.3925742781        -4.9246066600         5.7460573364
H47         0.4327692583        -0.3041227944        -0.2619564026
H48        -0.2998712939         0.2095853758        -2.3617664803
H49        -2.2686892323        -0.5881800222        -3.3672261278
H50        -1.9635166654        -1.7930764208        -2.1115334256
H51        -3.6806819037        -0.3346385494        -0.6359205111
H52        -4.2526635624        -1.4785555137        -1.8741978766
H53        -4.5349218990         0.3233113194        -3.5364109805
H54        -3.8822221544         1.5429913191        -2.3865735155
H55        -6.4237266827        -0.1583155679        -1.9715214152
H56        -5.7586459808         1.0325326696        -0.7887409206
H57        -6.6848019241         1.6702781855        -3.6674244956
H58        -6.0080443058         2.8611425212        -2.4898622216
H59        -7.8888060503         2.3639574039        -0.9075548427
H60        -8.5724542939         1.1823655071        -2.0899809743
H61        -8.1491556996         4.2051498973        -2.6047340362
H62        -8.8178055988         3.0238303644        -3.7830505762
H63       -10.6668977596         4.2579174110        -2.7017499942
H64       -10.7183295968         2.5246429693        -2.2461999294
H65        -9.9319509391         6.3334187694         1.4405263828
H66       -10.2446424639         4.5799916137         1.7396990811
H67        -8.5487383829         5.1663133277         1.5105812756
H68        -3.4662582579         1.8503221081         0.0874705516
H69        -2.9137994494         1.5377737519         1.7591400444
H70        -2.7414230344         3.1779803344         1.0171968203
H71        -0.9055963329         3.7898612315         2.2206284098
H72         0.0111093834         3.9552253784         4.4810207703
H73         1.1972578636         2.0358684899         5.4983783586
H74         1.4738353390        -0.0634060686         4.2199312148
H75         0.5915528695        -0.2745863292         1.9789929043
H76         1.8878449354         1.6615607134        -0.2662994979
H77         3.4403630950         3.4298389702        -1.0099240009
H78         2.5921066258         5.7051603020        -1.5098690956
H79         0.1759921338         6.2077770026        -1.2736461973
H80        -1.3919361195         4.4503595734        -0.5389011636
&

