&gen
basis=6-31G**
igeopt=1
dftname=PBE-D3
ifreq=1
&
entry_name: J1_9742_2111.in
&zmat
C1         -6.6361300382        -2.0132381789         2.9334572029
C2         -5.4659692328        -1.3333528804         2.2237614413
C3         -4.9718724653        -2.1210496734         1.0011092981
C4         -4.3421047147        -3.4735592988         1.3812115010
C5         -3.6121572423        -4.1319759574         0.1905934430
C6         -2.0808646208        -4.0022087187         0.2617854880
C7         -1.6033703639        -2.5501267533         0.1372019330
C8         -0.0762656362        -2.4713541609         0.1154712986
P9          0.5183442219        -0.7622650904        -0.1558774574
C10         0.2545414404        -0.3215135059        -1.7067708221
C11         0.6449188097         0.9953517366        -2.2317962478
O12         1.2551466437         1.8258249598        -1.5033205668
O13         0.3149141826         1.3192688386        -3.5514614518
C14         0.5185211417         2.6142395601        -4.1128873563
C15        -0.5196837156         3.5963195872        -3.5821126035
C16        -0.2759290056         0.4011038936         1.0161055008
C17        -1.5935630081         0.9742658667         0.4751504337
C18        -2.2759945974         1.8640960558         1.5222006019
C19        -3.6773297726         2.3312539188         1.0891962986
C20        -3.7199677363         3.1502285032        -0.2138110943
C21        -2.8560865848         4.4185428734        -0.1567279417
C22        -3.1215835771         5.3173774361        -1.3699711087
C23        -2.1893575969         6.5252034490        -1.3773320642
C24         2.3105028356        -0.7490719169         0.1989600990
C25         3.0799917679        -1.6714530565        -0.7561152195
C26         4.6016792690        -1.5693347445        -0.5711980177
C27         5.0747555472        -2.1644283359         0.7666934649
C28         6.6038276678        -2.2975211982         0.8438278059
C29         7.3116639666        -0.9327320494         0.9067707950
C30         8.8077004244        -1.0605592846         1.2324502842
C31         9.6088232217        -1.6848783298         0.0903433450
H32        -7.4567643325        -2.2239546318         2.2151706074
H33        -6.3085183418        -2.9603037215         3.4104442032
H34        -7.0251992838        -1.3426202269         3.7283333182
H35        -4.6305232313        -1.1816661522         2.9414081440
H36        -5.8027557643        -0.3309174421         1.8830559913
H37        -5.8168144453        -2.2888061309         0.2977666586
H38        -4.2251910272        -1.4928636370         0.4724702915
H39        -3.6512377687        -3.3489396128         2.2438254170
H40        -5.1544501962        -4.1563605306         1.7116706250
H41        -3.9811544554        -3.7322004277        -0.7798018124
H42        -3.8513729141        -5.2180419572         0.1931107758
H43        -1.7143048076        -4.4384347261         1.2170740559
H44        -1.6461017343        -4.5992247635        -0.5697193874
H45        -1.9695999117        -1.9783170893         1.0144389911
H46        -2.0135450361        -2.1068576002        -0.7961571166
H47         0.3233159044        -3.1167423196        -0.6954431505
H48         0.3253738622        -2.8351565049         1.0852663370
H49        -0.2445408442        -1.0157966174        -2.3694572439
H50         1.5447507942         2.9776657823        -3.8877298981
H51         0.4117474382         2.5428257885        -5.2157101294
H52        -0.3823120222         4.5858866272        -4.0664405256
H53        -0.4120048773         3.7193572420        -2.4841950536
H54        -1.5410959322         3.2233735635        -3.8072105621
H55        -0.4495989701        -0.1320369904         1.9747964946
H56         0.4268106418         1.2392909883         1.2099428711
H57        -2.2828111473         0.1572034346         0.1852191584
H58        -1.3762372871         1.5816349164        -0.4266083311
H59        -1.6338077379         2.7411133492         1.7517365843
H60        -2.3915168527         1.2867405930         2.4657384899
H61        -4.3286490679         1.4399587805         0.9634384532
H62        -4.1149377665         2.9400715797         1.9100446152
H63        -4.7787065709         3.4407345139        -0.3916447254
H64        -3.4083401092         2.5189311377        -1.0734429461
H65        -3.0830951341         4.9842844766         0.7735645836
H66        -1.7822031118         4.1322721184        -0.1472988032
H67        -2.9696858945         4.7409867511        -2.3075734704
H68        -4.1741781488         5.6746730397        -1.3466403469
H69        -1.1302735166         6.1947535884        -1.4347864100
H70        -2.4106424166         7.1598587350        -2.2611446817
H71        -2.3359594990         7.1312804039        -0.4579560640
H72         2.6885170265         0.2905684125         0.1080708767
H73         2.4520766821        -1.0825365732         1.2475386856
H74         2.8454808963        -1.3859316044        -1.8042940766
H75         2.7571141247        -2.7248879022        -0.6117668212
H76         5.0853943867        -2.1232141341        -1.4053723466
H77         4.9099517163        -0.5045605426        -0.6481250722
H78         4.6362767960        -3.1791685286         0.8878099174
H79         4.7181640115        -1.5389464659         1.6128030264
H80         6.8509681244        -2.8766772669         1.7603626716
H81         6.9668352407        -2.8780498043        -0.0311553805
H82         7.1910128054        -0.3930524739        -0.0569251547
H83         6.8396749549        -0.3158337969         1.7024215151
H84         8.9485329173        -1.6603488732         2.1577165804
H85         9.2128131035        -0.0438300939         1.4270426539
H86        10.6910878797        -1.6481265667         0.3358746313
H87         9.3235186062        -2.7473211675        -0.0546437820
H88         9.4416110122        -1.1241924911        -0.8538222160
&

