&gen
basis=6-31G**
igeopt=1
dftname=PBE-D3
ifreq=1
&
entry_name: J1_6344_2111.in
&zmat
C1          5.8675615816        -0.5261823189         1.5258357808
C2          4.5471513604        -0.1445000939         0.9252507535
C3          3.4397266136        -0.9932111329         1.0557441713
C4          2.1993684810        -0.6226925080         0.5291643033
C5          2.0394628580         0.6156798520        -0.1243296659
C6          0.7466366516         1.0638743553        -0.7026537170
P7         -0.6950355284         0.3476744971        -0.4014742934
C8         -2.0105489057         1.3157606066        -1.1644418410
C9         -3.2305982635         1.5127672782        -0.4976637735
C10        -4.2644801434         2.2222247258        -1.1163431165
C11        -4.0953769484         2.7210253075        -2.4105466399
C12        -2.8953559640         2.5019033347        -3.0918523729
C13        -1.8594289708         1.7931101435        -2.4760068639
C14        -0.9201923336         0.3200500449         1.3895208742
C15        -0.9875247812        -0.8901567356         2.0988109027
C16        -1.1409894583        -0.8831700252         3.4885555532
C17        -1.2219051390         0.3289245932         4.1789867298
C18        -1.1444808317         1.5365792472         3.4807348025
C19        -0.9897580830         1.5331423405         2.0914994737
C20        -0.8143008750        -1.2895770227        -1.1495605632
C21         0.1879280650        -1.7701958697        -2.0085660682
C22         0.0579160706        -3.0270687448        -2.6072464475
C23        -1.0792995942        -3.8030582143        -2.3682880351
C24        -2.0923079423        -3.3194326948        -1.5363801391
C25        -1.9651566637        -2.0634932202        -0.9359767827
C26         3.1527625227         1.4642881069        -0.2419832591
C27         4.3926684836         1.0925747137         0.2852617832
H28         5.9975800111        -1.6294015915         1.5173499910
H29         6.7046887440        -0.0777814238         0.9494519253
H30         5.9145919792        -0.1639928512         2.5739956794
H31         3.5367559268        -1.9457312441         1.5621867760
H32         1.3779809728        -1.3149478966         0.6307222095
H33         0.7378277976         1.9892533877        -1.2640328762
H34        -3.3898938520         1.1143151269         0.4952976876
H35        -5.2000322967         2.3785801047        -0.5950488557
H36        -4.8976486328         3.2675277995        -2.8891981388
H37        -2.7704355677         2.8748301995        -4.1001936853
H38        -0.9443683912         1.6119776884        -3.0252690920
H39        -0.9094041749        -1.8394217854         1.5884518232
H40        -1.1926008403        -1.8182578537         4.0311274902
H41        -1.3398435399         0.3322730663         5.2548404621
H42        -1.2019488526         2.4754438893         4.0160751148
H43        -0.9261532536         2.4755194093         1.5618740352
H44         1.0678540138        -1.1787350756        -2.2214061596
H45         0.8365831283        -3.3970393237        -3.2616505698
H46        -1.1791774842        -4.7748902824        -2.8340758439
H47        -2.9782205728        -3.9156814042        -1.3602761040
H48        -2.7625683252        -1.6948280503        -0.3028295253
H49         3.0615491691         2.4237695235        -0.7366639506
H50         5.2324417792         1.7703780213         0.1932200575
&

