&zmat
 C18            -5.0902161199             4.3955315401             0.5453864159
 C17            -4.3686511682             4.0493248822            -0.7627166294
 C16            -2.8878868842             3.6647539336            -0.5915004796
 C15            -2.6898566988             2.4037262926             0.2658671911
 P14            -0.9733401964             1.6620906926             0.1432387028
 C19            -0.6918557031             1.4855554122             2.0288429173
 C20             0.6930681054             0.9830614646             2.4613855933
 C21             0.8197510644             0.7079554605             3.9733563462
 C22            -0.0357868593            -0.4682814286             4.4624355146
 C23             0.3114871310             2.9840156475            -0.1452739655
 C24             1.6142027132             2.4731984647            -0.7781026848
 C25             2.6148443471             3.6082954439            -1.0442211352
 C26             3.9163330361             3.1168667424            -1.6867811497
 O13            -1.1804019357             1.5295317584            -1.7368958512
 C6             -1.1664670723             0.1134927261            -1.7766452279
 C7             -2.5442578555            -0.5294838089            -2.0688590474
 C8             -2.4083104999            -2.0552948990            -2.3693302291
 C9             -2.6840164336            -2.4075576782            -3.8455678312
 C10            -1.9824487890            -1.4127095177            -4.7837147232
 C11            -2.5042183867             0.0370791968            -4.5703367541
 C12            -3.2461800812             0.2051452618            -3.2277716280
 C5             -0.5931361290            -0.1460328243            -0.3502133921
 C1             -0.8305847986            -1.3918294788             0.4553579976
 C2             -1.8824886085            -1.8109425971             1.2009335508
 C3             -1.8312602439            -3.1594509026             1.8805178174
 C4             -3.1572018154            -1.0504576894             1.4532777673
 H53            -4.5751155136             5.2143428896             1.0777233122
 H54            -6.1271796196             4.7192950033             0.3590639058
 H55            -5.1333369921             3.5319112962             1.2299439844
 H51            -4.8948323324             3.2179606125            -1.2701837842
 H52            -4.4277180314             4.9114047027            -1.4519601403
 H49            -2.3390464951             4.5139797765            -0.1419369692
 H50            -2.4489348391             3.4741178271            -1.5849369734
 H47            -2.9349011743             2.5854488010             1.3257237125
 H48            -3.3757016233             1.6232489639            -0.1066217744
 H56            -1.4716556659             0.8033709750             2.4081242577
 H57            -0.8900095619             2.4723984249             2.4915834679
 H58             0.9380123662             0.0485697845             1.9215001182
 H59             1.4632346129             1.7208641335             2.1688307619
 H60             0.5525918658             1.6228147554             4.5360532939
 H61             1.8805622993             0.5036941496             4.2096002722
 H62             0.2040680330            -1.3893295833             3.9031926829
 H63             0.1318522777            -0.6690089294             5.5331559582
 H64            -1.1134034260            -0.2752494216             4.3284606899
 H65            -0.1574768235             3.7036215147            -0.8367592599
 H66             0.5154325077             3.5031637199             0.8078576166
 H67             1.3598405016             1.9653521506            -1.7256851120
 H68             2.0933998905             1.7185999110            -0.1250531504
 H69             2.1374845955             4.3636819361            -1.6964648708
 H70             2.8412779482             4.1267594924            -0.0929378078
 H71             4.6173055031             3.9475054638            -1.8699336767
 H72             3.7203097508             2.6237195904            -2.6541827065
 H73             4.4283218820             2.3839025040            -1.0396237491
 H35            -0.4528028465            -0.2397263140            -2.5550040573
 H36            -3.1690348469            -0.3994701037            -1.1681084152
 H37            -3.0750435456            -2.6384427827            -1.7106848164
 H38            -1.3834373711            -2.3838543547            -2.1136815448
 H39            -3.7724706976            -2.3943625731            -4.0430149132
 H40            -2.3489911166            -3.4393168947            -4.0526825618
 H41            -2.1063791879            -1.7195139035            -5.8367374032
 H42            -0.8953966617            -1.4557990137            -4.5807328608
 H43            -1.6613886659             0.7484612182            -4.6043539519
 H44            -3.1829402408             0.3238797628            -5.3927050100
 H45            -3.3241270249             1.2756915945            -2.9756746387
 H46            -4.2776357913            -0.1826640379            -3.3161952893
 H34             0.5058709158            -0.0612439008            -0.4604345620
 H27             0.0073816769            -2.1025783997             0.4050128500
 H28            -0.8981145899            -3.7011715296             1.6612210143
 H29            -1.9154594126            -3.0506052789             2.9782370171
 H30            -2.6796672077            -3.7948720489             1.5652003962
 H31            -3.1660357414            -0.0537092926             0.9987050398
 H32            -4.0258809604            -1.6101984691             1.0597025839
 H33            -3.3321707950            -0.9323130440             2.5392852432
&

