&zmat
 C1             -1.0254361936             2.1894612545             0.0000000000
 C2             -1.0896745673             0.6586486128             0.0000000000
 O7             -2.1842170867             0.0903266744             0.0000000000
 Si3             0.5501469959            -0.3965485292             0.0000000000
 C4              1.5485163135             0.0503204480            -1.5523053501
 C5              0.0396243598            -2.2125920226             0.0000000000
 C6              1.5485163135             0.0503204480             1.5523053501
 H8             -1.5570918244             2.5744440427            -0.8868999141
 H9              0.0047747319             2.5796058268             0.0000000000
 H10            -1.5570918244             2.5744440427             0.8868999141
 H11             0.9844801280            -0.1806843036            -2.4704995191
 H12             1.8044065208             1.1226191331            -1.5721250060
 H13             2.4928873219            -0.5189323697            -1.5862113321
 H14            -0.5708117536            -2.4428034298            -0.8875859597
 H15            -0.5708117536            -2.4428034298             0.8875859597
 H16             0.9172999666            -2.8796872897             0.0000000000
 H17             1.8044065208             1.1226191331             1.5721250060
 H18             0.9844801280            -0.1806843036             2.4704995191
 H19             2.4928873219            -0.5189323697             1.5862113321
&

