&gen
basis=6-31G**
igeopt=1
dftname=PBE-D3
ifreq=1
&
entry_name: J1_10182_2111.in
&zmat
C1          0.9533537804        -2.6079204013         0.3921049926
C2          1.4601531039        -1.1740114994         0.5266854557
C3          0.6732497746        -0.1863452187        -0.3743942861
C4          1.1437816793        -0.0147105075        -1.8219670183
C5          2.4729018429        -0.6798962235        -2.2575030306
C6          2.4162530247        -0.7915018640        -3.7874151832
C7          1.0691633614        -0.1857733132        -4.1970819334
C8          0.4334551497        -0.7033764882        -5.5144198904
C9          1.3328882511        -0.3168071578        -6.7248516311
C10         0.8475533847         0.8977048359        -7.4543916579
C11        -0.4556938525         1.0630257176        -7.7275257097
C12        -0.9109227936         2.2739421032        -8.5142981238
C13        -2.0895548297         1.9036224724        -9.4278882942
O14        -2.5389826389         3.0606488161       -10.0836347195
C15        -3.2617118482         1.2309409576        -8.6626376708
C16        -2.8943862845         0.7839274453        -7.2333892636
C17        -1.4892202152         0.1054316472        -7.1405911198
C18        -1.5425501130        -1.2018876388        -7.9799681068
C19        -1.0877986763        -0.2525690009        -5.6510989912
C20        -1.4640480056         0.8644700993        -4.6226516346
C21        -1.0597324921         0.5950212118        -3.1466021369
C22         0.1529299053        -0.3578894504        -2.9768484592
C23        -0.3493643618        -1.8266424491        -2.8104512055
O24         1.3604106243         1.3743779267        -1.7262645354
P25         1.0543528240         1.5732467382        -0.0418883096
C26         2.8147591693         1.9881064597         0.2302630563
C27         3.5685019897         1.3500942582         1.2359299759
C28         4.9225301708         1.6493380470         1.4090875555
C29         5.5477082495         2.5760544730         0.5739413799
C30         4.8204118753         3.2018412402        -0.4392885024
C31         3.4656328380         2.9072156753        -0.6152114391
C32         0.5958494596         1.7373443168         1.7388702465
C33         1.1083042255         2.8059637148         2.5111748186
C34         0.7204473325         2.9833943091         3.8413790300
C35        -0.2137200280         2.1250299813         4.4183906433
C36        -0.7775923001         1.1010433973         3.6589811187
C37        -0.3940114721         0.9187351694         2.3274276664
C38        -0.1782669884         2.8671448008        -0.3425849594
C39        -1.5457878242         2.5421145788        -0.3925737149
C40        -2.5023896457         3.5364491104        -0.6134114253
C41        -2.1059887240         4.8662111184        -0.7691400609
C42        -0.7527840730         5.2037150804        -0.6953471869
C43         0.2074762297         4.2112598739        -0.4772795167
H44        -0.1357026209        -2.6537736152         0.6057338901
H45         1.1450342006        -3.0089742491        -0.6209819234
H46         1.4815828926        -3.2558790075         1.1229380781
H47         1.3322545856        -0.8993250318         1.5905058269
H48         2.5511653440        -1.1391324481         0.3338944394
H49        -0.4207015408        -0.3509669775        -0.3229117148
H50         3.3526731778        -0.0809647067        -1.9339751444
H51         2.5785466943        -1.7043142269        -1.8503456085
H52         2.4823431197        -1.8566327455        -4.1007849350
H53         3.2602216338        -0.2309991163        -4.2450086474
H54         1.2561437491         0.9071605985        -4.3372229668
H55         0.4422438790        -1.8153820464        -5.4698242765
H56         1.3775890192        -1.1578065661        -7.4466909508
H57         2.3871132966        -0.1481870006        -6.4233997242
H58         1.5781179889         1.6268332488        -7.7939847295
H59        -1.2133464816         3.0756059797        -7.8060220518
H60        -0.0838398644         2.6689005856        -9.1451995775
H61        -1.7013955159         1.1848406787       -10.1879216985
H62        -3.0990569002         2.7577171378       -10.8457159724
H63        -4.1225702849         1.9322981717        -8.5926616600
H64        -3.6206052601         0.3532188006        -9.2427305343
H65        -3.6831961657         0.1064001409        -6.8390822094
H66        -2.9183994195         1.7105875560        -6.6237094182
H67        -2.4483427980        -1.7915307645        -7.7215050667
H68        -0.6778091200        -1.8651837706        -7.7965758592
H69        -1.5705793631        -0.9852140757        -9.0680070514
H70        -1.7264817059        -1.1184570294        -5.3782394260
H71        -0.9980277877         1.8185054500        -4.9553294919
H72        -2.5633124535         1.0137826149        -4.6073282225
H73        -0.8318940781         1.5854518489        -2.7157834319
H74        -1.9343045423         0.2035141766        -2.5811345110
H75        -0.8818423191        -1.9582616127        -1.8479027358
H76        -1.0711963196        -2.1229559553        -3.5898315089
H77         0.4857322555        -2.5546180846        -2.8484544686
H78         3.1109372024         0.6368303046         1.9053759034
H79         5.4876567987         1.1613792135         2.1926655818
H80         6.5970164034         2.8048179533         0.7081473380
H81         5.3088236771         3.9104579624        -1.0956270125
H82         2.9359738574         3.3826145874        -1.4293387494
H83         1.8000674489         3.5191633959         2.0837210240
H84         1.1354128946         3.7977606615         4.4211475227
H85        -0.5168185308         2.2666137610         5.4477137575
H86        -1.5254407306         0.4537129199         4.0986862139
H87        -0.8903996688         0.1410821119         1.7704945123
H88        -1.8733694729         1.5194277263        -0.2669263937
H89        -3.5517630045         3.2758825421        -0.6607618730
H90        -2.8477507844         5.6361620016        -0.9374418162
H91        -0.4477520675         6.2369562395        -0.7993247834
H92         1.2419693309         4.5036422559        -0.3901830352
&

