&gen
basis=6-31G**
igeopt=1
dftname=PBE-D3
ifreq=1
&
entry_name: J1_10181_2111.in
&zmat
C1          6.0327066251        -3.0557917551        -7.6831241395
C2          5.3888313530        -2.0220674987        -6.7635508345
C3          4.0756396174        -2.5523959490        -6.1699346818
C4          3.3303213584        -1.4929677027        -5.3433531978
C5          4.0357528902        -1.1711415222        -4.0203597410
C6          3.1874364495        -0.2029898760        -3.1946618610
O7          3.4949706363        -0.2926038419        -1.8205375811
C8          2.2449532993        -0.8099365423        -2.2223124131
C9          1.0586192057         0.0652550706        -1.7616876064
O10         1.4129931591         1.4173817222        -1.6177321158
P11         1.0202701804         1.5964739112         0.0490183930
C12         2.7669221233         1.9732286928         0.4199508991
C13         3.4552381302         2.9416714730        -0.3335908109
C14         4.8067404297         3.2025694748        -0.0905812219
C15         5.4895802967         2.4960525495         0.9012122690
C16         4.8218657850         1.5266744393         1.6514331981
C17         3.4709392669         1.2628211521         1.4119112998
C18         0.4962194593         1.7118400632         1.8146392690
C19         0.9533441314         2.7795444940         2.6215199484
C20         0.5520067717         2.8988353683         3.9540393511
C21        -0.3297821499         1.9710958895         4.5048086079
C22        -0.8222846335         0.9303922798         3.7192170535
C23        -0.4258619939         0.8056045058         2.3844791078
C24        -0.1583133086         2.9140578778        -0.3301970011
C25         0.2166105028         4.2658365372        -0.2482246191
C26        -0.7049509607         5.2730961009        -0.5491423717
C27        -2.0050590604         4.9404982844        -0.9366272832
C28        -2.3858637795         3.5993752843        -1.0225622924
C29        -1.4674668870         2.5892647191        -0.7217178305
C30         0.5938585215        -0.1309765969        -0.3390228978
C31         1.3722835031        -1.0946367667         0.4557041153
C32         2.0252853031        -1.8674347429         1.1076900252
Si33         3.0525447368        -2.9773095161         2.1009219244
C34         2.9235898218        -2.4806025280         3.8951802010
C35         2.4689316687        -4.7365110833         1.8846024361
C36         4.8246916700        -2.8230330580         1.5366925314
H37         6.2552637691        -3.9872131240        -7.1200475827
H38         6.9832879840        -2.6508443097        -8.0898909293
H39         5.3563452287        -3.2926144815        -8.5319465368
H40         6.1059089681        -1.7826990899        -5.9502353907
H41         5.1925558580        -1.0962728783        -7.3469417950
H42         4.2779838370        -3.4472258750        -5.5410995257
H43         3.4082584524        -2.8693936450        -7.0013171447
H44         2.3139172065        -1.8854444069        -5.1189838493
H45         3.2074108995        -0.5639510807        -5.9425841525
H46         5.0111219542        -0.6809148453        -4.2201991809
H47         4.2312133171        -2.1119242162        -3.4581828852
H48         3.0476412754         0.8493291486        -3.5215163493
H49         2.1954483896        -1.9178171080        -2.1531961253
H50         0.2137704873        -0.0285961982        -2.4780642461
H51         2.9542819124         3.4835748166        -1.1246831788
H52         5.3269539151         3.9484448975        -0.6774822562
H53         6.5364617088         2.6982811619         1.0868816341
H54         5.3507087524         0.9792561854         2.4210013013
H55         2.9751227511         0.5208710500         2.0197721300
H56         1.6259763978         3.5271683392         2.2247096093
H57         0.9225524585         3.7164272327         4.5588449674
H58        -0.6412340487         2.0655513034         5.5370414452
H59        -1.5215698278         0.2210527797         4.1429943685
H60        -0.8616946682         0.0004901021         1.8187614853
H61         1.2120735360         4.5478617061         0.0609393917
H62        -0.4112906374         6.3125140707        -0.4796064240
H63        -2.7173460378         5.7215624642        -1.1690094695
H64        -3.3934646500         3.3419903366        -1.3224489195
H65        -1.7818887864         1.5575728216        -0.7938742548
H66        -0.4939889847        -0.3420093869        -0.3092362263
H67         1.8674312262        -2.5592862328         4.2253570878
H68         3.5559512306        -3.1522194307         4.5111809353
H69         3.2703531237        -1.4333004257         4.0135246466
H70         3.1026597942        -5.4131677615         2.4937408683
H71         1.4136215743        -4.8191676112         2.2164416236
H72         2.5442695361        -5.0217416483         0.8151912087
H73         5.4658479924        -3.4954348058         2.1426267182
H74         5.1621841367        -1.7738946542         1.6648000853
H75         4.8973129343        -3.1057476761         0.4663927382
&

