&gen
basis=6-31G**
igeopt=1
dftname=PBE-D3
ifreq=1
&
entry_name: J1_10317_2111.in
&zmat
C1         -2.9555387445        -4.6518629710        -4.6443794934
C2         -2.0757935135        -3.4898589276        -4.1921776781
C3         -1.7686457901        -3.5813583174        -2.6904248909
C4         -0.7750428772        -2.5066682198        -2.2230555291
C5         -1.3845240096        -1.0958109230        -2.2285631919
C6         -0.4134355078        -0.0668524455        -1.6303922534
O7         -0.9641040082         1.2260457632        -1.6678995079
P8         -0.8832906908         1.5640793655         0.0173787908
C9         -2.6829399388         1.8420466562        -0.0291352996
C10        -3.5706243403         0.7567336419         0.1023291986
C11        -4.9504136008         0.9455897796        -0.0123965472
C12        -5.4613724703         2.2123858277        -0.2966048531
C13        -4.5911448909         3.2874265417        -0.4824795772
C14        -3.2100733737         3.1017096083        -0.3673697025
C15        -0.6919855364         1.6947897932         1.8589973780
C16        -1.7105230546         1.2850132331         2.7510915610
C17        -1.5314526503         1.3538638658         4.1357536633
C18        -0.3269094387         1.8061327473         4.6676462824
C19         0.7092194365         2.1766103590         3.8155319448
C20         0.5375718098         2.1105576606         2.4310261262
C21         0.1599919388         3.0306296362        -0.3098188442
C22        -0.1262929684         4.2707286885         0.2961267229
C23         0.6790905148         5.3861228166         0.0512172070
C24         1.7832234266         5.2799262180        -0.7956155849
C25         2.0876700026         4.0558416540        -1.3930888798
C26         1.2854605653         2.9370905641        -1.1506259743
C27        -0.2533666429        -0.1432350382        -0.1273711657
C28         1.2139164463        -0.3693737566         0.3075453214
C29         1.3000436868        -1.1250677952         1.6390373685
O30         2.6338634991        -1.2169952431         2.0586644536
H31        -3.1701282116        -4.5554428556        -5.7295957061
H32        -2.4379815845        -5.6192201611        -4.4700078748
H33        -3.9181067678        -4.6452025564        -4.0897762521
H34        -1.1281981564        -3.5103305905        -4.7732129526
H35        -2.6080134240        -2.5412945069        -4.4156563625
H36        -2.7112528413        -3.5021937944        -2.1053113635
H37        -1.3218263111        -4.5769607318        -2.4754500973
H38         0.1334740704        -2.5281190606        -2.8640922953
H39        -0.4596295686        -2.7635048746        -1.1885394783
H40        -1.5998031834        -0.7912165388        -3.2743077489
H41        -2.3437187308        -1.0951948725        -1.6718268827
H42         0.5491576563        -0.0708394608        -2.1882601641
H43        -3.2010384231        -0.2336305995         0.3255331855
H44        -5.6232727690         0.1074731508         0.1151409876
H45        -6.5298647760         2.3574702241        -0.3897809274
H46        -4.9858457345         4.2631789529        -0.7349215254
H47        -2.5672998898         3.9384010323        -0.5839417086
H48        -2.6480901240         0.8905822455         2.4110426301
H49        -2.3285668492         1.0431410463         4.7990514864
H50        -0.1908034533         1.8535117962         5.7403333217
H51         1.6546483419         2.5052651363         4.2275692687
H52         1.3863642993         2.3738868548         1.8175232940
H53        -0.9553423660         4.3700241241         0.9843654486
H54         0.4511114827         6.3318563424         0.5255918916
H55         2.4072612108         6.1441618845        -0.9829034259
H56         2.9488038042         3.9722155923        -2.0434461228
H57         1.5519362162         2.0020163579        -1.6202436817
H58        -0.9539997946        -0.8675720180         0.3419865061
H59         1.7676800581         0.5873270388         0.3735932906
H60         1.7389647077        -0.9931654431        -0.4488528973
H61         0.6836030259        -0.6382968891         2.4248252936
H62         0.9036039271        -2.1534465485         1.4991889385
H63         2.8729837691        -0.3303935768         2.4366245405
&

