&gen
basis=6-31G**
igeopt=1
dftname=PBE-D3
ifreq=1
&
entry_name: J1_10066_2111.in
&zmat
C1          0.8486360918        -3.0774947436         2.8214779984
C2          0.0870319795        -1.8521162316         2.3267206304
C3         -0.8021963857        -2.2006863155         1.1235967899
C4         -1.6102175289        -0.9891713731         0.6294322007
C5         -0.7446935450        -0.0018089183        -0.1960042723
C6         -1.0720981841         0.2379201230        -1.6678714445
C7         -1.8873610629        -0.7005771006        -2.6363681666
C8         -3.4231345691        -0.6314998353        -2.4569860956
C9         -1.5949979769        -0.2225290505        -4.0823450671
C10        -1.4035507256        -2.1624529046        -2.5295257663
O11        -1.6493436904         1.5096993336        -1.4897022889
P12        -1.1279524629         1.7554699381         0.1353472833
C13        -2.7830995523         2.3477196176         0.6379437166
C14        -3.9259136526         1.5717199771         0.3880233464
C15        -5.1925478229         2.0167836141         0.7764972763
C16        -5.3329465037         3.2368111063         1.4391580445
C17        -4.2041804345         4.0042722439         1.7289133233
C18        -2.9370380256         3.5609099950         1.3401352624
C19        -0.4542383996         1.7617245932         1.8696630097
C20         0.9356683503         1.8617095147         2.1125295542
C21         1.4532825740         1.8160957829         3.4098793838
C22         0.6049975902         1.6381389549         4.4985609276
C23        -0.7621642268         1.4851770823         4.2905384270
C24        -1.2860199595         1.5287663487         2.9962845477
C25         0.0088915274         3.0310392790        -0.5124181527
C26        -0.4137473747         4.3627228138        -0.6848084856
C27         0.4380720083         5.3136610541        -1.2551773598
C28         1.7054399352         4.9410470084        -1.7034784978
C29         2.1124646545         3.6106562431        -1.6063423544
C30         1.2626610736         2.6582553717        -1.0377675355
H31         1.5044312286        -3.4741575652         2.0173483732
H32         0.1390815687        -3.8700092895         3.1415057522
H33         1.4814160906        -2.7958309665         3.6894231653
H34        -0.5406917190        -1.4626603969         3.1573494139
H35         0.8228071566        -1.0695279155         2.0478731582
H36        -0.1790102816        -2.6046540572         0.2959607931
H37        -1.5164529702        -2.9970637777         1.4282898434
H38        -2.4621176228        -1.3632613773         0.0555675359
H39        -2.0719842336        -0.4981197799         1.5044796759
H40         0.3430839380        -0.1844891174        -0.0571951060
H41        -0.0828866074         0.3927678121        -2.1577999014
H42        -3.9326783146        -1.1429351141        -3.3023601293
H43        -3.7854469190        -1.1472408220        -1.5523360458
H44        -3.7747488089         0.4216223081        -2.4514998344
H45        -2.1489288663        -0.8313564549        -4.8299972094
H46        -1.8965782318         0.8398218965        -4.2114892461
H47        -0.5126058049        -0.3082070259        -4.3220280272
H48        -1.7484973975        -2.6500434792        -1.5994705851
H49        -0.2937048774        -2.2098904042        -2.5632396434
H50        -1.8025526341        -2.7696482464        -3.3708751093
H51        -3.8412580266         0.6131770832        -0.0862292806
H52        -6.0648512151         1.4095678082         0.5718829117
H53        -6.3136392348         3.5784743162         1.7439288420
H54        -4.3087467136         4.9369259642         2.2680395251
H55        -2.0740887967         4.1450180803         1.6298511567
H56         1.6492658693         1.9422347224         1.3163155705
H57         2.5206055432         1.9024359003         3.5685942203
H58         1.0097453242         1.5967956124         5.5014872872
H59        -1.4193784185         1.3158528841         5.1337990023
H60        -2.3465388979         1.3534179449         2.8976998831
H61        -1.4122385204         4.6736511253        -0.4325716495
H62         0.1048690657         6.3370007397        -1.3710564120
H63         2.3611354324         5.6775402737        -2.1496467318
H64         3.0834530081         3.3138509321        -1.9812641622
H65         1.5955672918         1.6305077750        -0.9965692723
&

