&gen
basis=6-31G**
igeopt=1
dftname=PBE-D3
ifreq=1
&
entry_name: J1_9795_2111.in
&zmat
O1         -1.3504056544        -1.9362060904        -3.5254442558
C2         -1.5090568064        -1.2528756532        -2.3138258496
C3         -0.2208703523        -1.3598428969        -1.4986401868
P4         -0.2951470855        -0.3401676324         0.0209176962
C5         -0.0649878011         1.4258051676        -0.2757450948
C6         -0.0423985726         2.3068718938         0.8163113254
C7          0.1303589186         3.6789405687         0.6126832403
C8          0.2834069099         4.1801082462        -0.6823832596
C9          0.2648216114         3.3090674118        -1.7747577053
C10         0.0909676738         1.9360858815        -1.5748396373
C11        -1.9074493738        -0.6168174107         0.7832665756
C12        -2.9165745094         0.3561618818         0.6975209200
C13        -4.1772711478         0.1133900489         1.2513648732
C14        -4.4444235911        -1.1065949837         1.8779360717
C15        -3.4534414216        -2.0893129607         1.9438079716
C16        -2.1916985135        -1.8499064110         1.3912971373
C17         0.8628409170        -0.8410765346         1.0641081772
C18         2.3219325172        -0.8267103684         0.7846474786
C19         3.1818235457        -1.4327718913         1.7183253006
C20         4.5644202783        -1.4452962911         1.5117892423
C21         5.1074354112        -0.8496545101         0.3724891194
C22         4.2686048028        -0.2388864922        -0.5609768021
C23         2.8850510926        -0.2239152663        -0.3595467686
H24        -2.2099529037        -1.8377839688        -4.0118038645
H25        -1.7498190792        -0.1866575129        -2.5163203204
H26        -2.3492575524        -1.7063216981        -1.7425045252
H27         0.6437411040        -1.0490604172        -2.1191871520
H28        -0.0697369432        -2.4206689036        -1.2058733597
H29        -0.1620331960         1.9307936222         1.8247010594
H30         0.1453835566         4.3535234953         1.4588981480
H31         0.4180931580         5.2424727709        -0.8393257113
H32         0.3879093321         3.6977340514        -2.7773796327
H33         0.0940120878         1.2818092929        -2.4340565004
H34        -2.7376012304         1.2985656025         0.1979343579
H35        -4.9497385794         0.8689014457         1.1884804728
H36        -5.4216500897        -1.2938620681         2.3038088003
H37        -3.6649429861        -3.0393492493         2.4172179804
H38        -1.4405342953        -2.6283771986         1.4321865029
H39         0.5374997751        -1.2241128053         2.0229680289
H40         2.7825835061        -1.9011574513         2.6098933620
H41         5.2150729901        -1.9171521348         2.2367436914
H42         6.1780788864        -0.8593384958         0.2140789136
H43         4.6910625374         0.2267447410        -1.4421095441
H44         2.2738910726         0.2669011746        -1.0986562769
&

