&gen
basis=6-31G**
igeopt=1
dftname=PBE-D3
ifreq=1
&
entry_name: J1_10373_2111.in
&zmat
C1          1.1251234473        -2.4596245191         3.6032449781
C2          1.6186322276        -3.1583496936         2.3410520904
O3          1.3200345257        -2.3745091417         1.1884798502
C4          2.0151734425        -1.2079747048         0.8521522521
O5          3.0609374110        -0.8951831279         1.4796911324
C6          1.4826518333        -0.3569707379        -0.2765639778
C7          2.3772175609        -0.1304671958        -1.4939572338
C8          1.6553087180        -0.5342872789        -2.7801324113
C9          1.2274512375        -1.8621676218        -2.9571138177
C10         0.5727693969        -2.2480571700        -4.1291766916
C11         0.3398929107        -1.3231269253        -5.1517794004
O12        -0.3263079250        -1.7593447251        -6.3065818374
C13        -0.6330188487        -0.9267301414        -7.4201627146
C14         0.7800180184         0.0031805146        -4.9897655782
C15         1.4370934264         0.3908629295        -3.8191043954
C16         3.8369717980        -0.6851517167        -1.4499534328
C17         4.6045335557        -0.4086397282        -2.7478846614
F18         3.8232382458        -2.0527842527        -1.2322279225
F19         4.5471204542        -0.0771159362        -0.4282639020
O20         2.4143307199         1.2711533842        -1.3593631885
P21         1.4114624214         1.4407928276         0.0341675478
C22         2.7788542657         2.2493739103         0.9450751161
C23         3.1018046792         1.8892693461         2.2701410256
C24         4.1603906039         2.5090640336         2.9395071384
C25         4.9148484675         3.4924116369         2.2987393312
C26         4.6108344322         3.8587909279         0.9871546884
C27         3.5523868629         3.2428428923         0.3137766601
C28         0.2433155440         1.5341302703         1.4614730811
C29         0.1040366461         2.7474516677         2.1751100438
C30        -0.7872927766         2.8573725770         3.2447040756
C31        -1.5761591614         1.7692808474         3.6120431687
C32        -1.4855114701         0.5747311122         2.8998506235
C33        -0.5971273468         0.4584917300         1.8268230928
C34         0.2348363474         2.4410170055        -0.9103845498
C35         0.3595897720         3.8394924568        -0.9646938273
C36        -0.5396660280         4.6000701880        -1.7177634044
C37        -1.5680185905         3.9727016099        -2.4245436672
C38        -1.7017321318         2.5835344504        -2.3749748962
C39        -0.8070918178         1.8199385050        -1.6202071400
H40         0.0322901852        -2.2755485016         3.5310494362
H41         1.3251190332        -3.1002062579         4.4876679566
H42         1.6476335142        -1.4894829682         3.7389192544
H43         2.7116123800        -3.3503447348         2.4072588111
H44         1.1012075055        -4.1362433113         2.2480516850
H45         0.4823966748        -0.7303735588        -0.5771300907
H46         1.3931051099        -2.5984170000        -2.1806535677
H47         0.2431901736        -3.2729806392        -4.2433713031
H48        -1.1627849020        -1.5277983764        -8.1872327824
H49        -1.2940839994        -0.0927696037        -7.1026563440
H50         0.3016774821        -0.5255365852        -7.8658126924
H51         0.6216563489         0.7421341354        -5.7632282297
H52         1.7710192345         1.4164025860        -3.7294211987
H53         4.1773811505        -0.9877514266        -3.5935481987
H54         5.6654089623        -0.7143459745        -2.6271075475
H55         4.5755224753         0.6746556406        -2.9922459302
H56         2.5250239225         1.1446098308         2.8010852443
H57         4.3937131823         2.2279341112         3.9583269234
H58         5.7346039159         3.9709493638         2.8187352341
H59         5.1977970230         4.6198696393         0.4894563067
H60         3.3466422656         3.5396113610        -0.7061032709
H61         0.6903643070         3.6162744303         1.9088120126
H62        -0.8689079208         3.7908341953         3.7864497028
H63        -2.2675117669         1.8557303223         4.4402733566
H64        -2.1133537420        -0.2635882959         3.1734581387
H65        -0.6000717073        -0.4759574496         1.2955120685
H66         1.1391620373         4.3485457755        -0.4180474688
H67        -0.4393856682         5.6771764013        -1.7526272386
H68        -2.2622871636         4.5629699362        -3.0084341930
H69        -2.4991842937         2.0974193969        -2.9219554835
H70        -0.9313008194         0.7470935757        -1.5961677878
&

