&gen
basis=6-31G**
igeopt=1
dftname=PBE-D3
ifreq=1
&
entry_name: J1_9971_2111.in
&zmat
C1         -0.7211004051        -4.8036355752        -1.7227855046
C2          0.7658224273        -4.4770824805        -1.8057965038
O3          1.0682069164        -3.8640264595        -3.0462802832
C4          1.0650242588        -2.4541231402        -2.9343125021
C5          0.9864158163        -1.8841308892        -4.3299092318
C6          1.6865286059        -0.8005174880        -4.6814958039
C7          2.7139967920        -0.1994288953        -3.7648803208
O8          3.9786919848        -0.6802228058        -4.1753181640
Si9          5.2139410744         0.5492094009        -4.1799395467
C10         6.8432268596        -0.3342519500        -3.9292117721
C11         5.0581927434         1.7580064047        -2.7528518223
C12         5.2283667687         1.4593528138        -5.8550716235
C13         6.4588547655         2.3802443943        -5.9326392130
C14         3.9529493223         2.3061294821        -6.0089715063
C15         5.2895320655         0.4236919232        -6.9908766214
C16         2.4487495279        -0.6363367660        -2.3056310279
C17         1.3065864516         0.1861794310        -1.6438573498
O18         1.7291795124         1.4945803874        -1.3608637844
P19         1.2590946550         1.5562078440         0.2964681563
C20         2.9732330405         1.9593036363         0.7790797116
C21         3.6361180889         1.2470277446         1.7975897628
C22         4.9562458622         1.5548021317         2.1370192457
C23         5.6309545818         2.5776475830         1.4685083867
C24         4.9846671256         3.2967459429         0.4618575212
C25         3.6650331059         2.9905750048         0.1180697194
C26         0.6346843433         1.5528705341         2.0350216527
C27         1.0387541421         2.5651117806         2.9378060902
C28         0.5495922269         2.6035596808         4.2454835850
C29        -0.3737754323         1.6530560773         4.6750330872
C30        -0.8216103122         0.6727024644         3.7916911168
C31        -0.3363258032         0.6286252207         2.4813520930
C32         0.0783101979         2.8815693938        -0.0552007187
C33        -1.1991849502         2.5685770359        -0.5488874348
C34        -2.1161866577         3.5850456070        -0.8316808500
C35        -1.7662195574         4.9213364033        -0.6256711899
C36        -0.4983829448         5.2427662244        -0.1358473469
C37         0.4218594081         4.2292821748         0.1473670135
C38         0.8657213865        -0.1463075139        -0.2344082725
C39         1.6228852640        -1.2208070652         0.5105254697
O40         0.9722191312        -2.0795570351         1.1661014635
O41         3.0190740753        -1.2756205870         0.4849137344
C42         3.7608505088        -2.2975939410         1.1379341613
O43         2.2398788097        -2.0413068336        -2.2444609507
H44        -1.0199278476        -5.4356584896        -2.5857084915
H45        -1.3239598527        -3.8717861139        -1.7280647433
H46        -0.9300461116        -5.3564604441        -0.7827425365
H47         1.0737091505        -3.8738022779        -0.9208656291
H48         1.3327645783        -5.4300427225        -1.7478743883
H49         0.1553939084        -2.1132651209        -2.3882822964
H50         0.2679854228        -2.3002092417        -5.0300265393
H51         1.5802744567        -0.4034210134        -5.6863986707
H52         2.6041664063         0.9041664307        -3.8501905924
H53         7.6687390937         0.4039884115        -3.8739146241
H54         6.8034802894        -0.9049012316        -2.9787831701
H55         7.0247859542        -1.0363798720        -4.7677428739
H56         4.1118878437         2.3295279306        -2.8198378210
H57         5.9085116176         2.4688542282        -2.7786595858
H58         5.0923569069         1.2030551809        -1.7940451077
H59         7.3994638838         1.7947794587        -5.8580034989
H60         6.4760410166         2.9266827957        -6.9003563912
H61         6.4423116644         3.1311051442        -5.1142351174
H62         3.0495018410         1.6628367260        -6.0340254653
H63         3.8545506248         3.0315812703        -5.1738481394
H64         3.9800960326         2.8804781106        -6.9601302251
H65         4.4164992319        -0.2627938104        -6.9445607252
H66         5.2797928519         0.9295442014        -7.9805203849
H67         6.2175470563        -0.1829871901        -6.9252103184
H68         3.3774229359        -0.4177375699        -1.7423237803
H69         0.4229958136         0.2410810143        -2.3185746529
H70         3.1285677808         0.4653295132         2.3460073408
H71         5.4550376836         1.0014233646         2.9220935268
H72         6.6537653326         2.8141130047         1.7316294903
H73         5.5089677681         4.0872084758        -0.0593320065
H74         3.1919107618         3.5498800530        -0.6780898056
H75         1.7349812652         3.3349722891         2.6358989698
H76         0.8821948263         3.3782289593         4.9243224096
H77        -0.7547196178         1.6858102989         5.6875796789
H78        -1.5578042695        -0.0502529344         4.1190497818
H79        -0.7510093742        -0.1241317440         1.8354783760
H80        -1.4907611336         1.5414073356        -0.7157072450
H81        -3.0988765052         3.3362479343        -1.2109738257
H82        -2.4774943892         5.7072576369        -0.8443190794
H83        -0.2287730926         6.2783010233         0.0267387553
H84         1.3910726688         4.5027929372         0.5368143140
H85        -0.2241737158        -0.3522344383        -0.2428496634
H86         3.5549110110        -2.2783838596         2.2290239469
H87         3.4882980748        -3.2897210832         0.7197539334
H88         4.8435120478        -2.1215821856         0.9732301048
&

