&gen
basis=6-31G**
igeopt=1
dftname=PBE-D3
ifreq=1
&
entry_name: J1_10170_2111.in
&zmat
C1          2.8257950362        -1.2066269480         0.7557285526
C2          1.5027587244        -1.1986357145         0.5198701433
C3          0.6956051398        -2.4136547893         0.9407079204
C4          0.5367267472        -3.4255871805        -0.2040582006
C5          1.8377259455        -4.1847247557        -0.5049612088
C6          1.6441370080        -5.1727899516        -1.6508683728
C7          0.7810155466        -0.0769008096        -0.2410749145
C8          1.1911795062         0.1867825032        -1.6718591255
C9          2.2896156577        -0.6640646961        -2.3155142750
O10         2.4519096873        -0.2555890846        -3.6528807638
Si11         3.9013198750        -0.9369286138        -4.3318012599
C12         4.4194821801        -2.5340389995        -3.4852459535
C13         3.5313720838        -1.3707870254        -6.1127757186
C14         5.2956335962         0.3594953717        -4.2475141518
C15         6.5973649428        -0.2414002498        -4.8049656034
C16         5.5170768748         0.7935518310        -2.7875438002
C17         4.8966909689         1.5879175977        -5.0833307870
O18         1.6327245663         1.5011235215        -1.4621599125
P19         1.1684250950         1.6693408490         0.1922457236
C20         2.8725920010         2.1750781318         0.6500205583
C21         3.5839315945         3.0689544898        -0.1749250576
C22         4.8873845807         3.4563838948         0.1469111184
C23         5.5003599807         2.9644963956         1.2994982403
C24         4.8105352999         2.0839126696         2.1331241480
C25         3.5079724718         1.6910720611         1.8145489878
C26         0.5289366653         1.7906841968         1.9210886176
C27         0.8484648604         2.9178838782         2.7156358475
C28         0.3490393375         3.0522196946         4.0130455689
C29        -0.5048751850         2.0841030856         4.5367340798
C30        -0.8752077723         0.9910196903         3.7556130694
C31        -0.3783316937         0.8520153937         2.4562982561
C32        -0.0291058968         2.9514413248        -0.2568119875
C33        -1.3389534858         2.5967873088        -0.6220262750
C34        -2.2647866457         3.5818866538        -0.9777661431
C35        -1.8920074152         4.9277842365        -0.9739054550
C36        -0.5925302253         5.2904956168        -0.6130335106
C37         0.3365727015         4.3085036514        -0.2572613145
H38         3.2940040901        -2.0356436473         1.2776075773
H39         3.4786079093        -0.4249032149         0.4050707410
H40         1.1485409809        -2.9090894692         1.8281657247
H41        -0.3190494101        -2.0967865607         1.2554125643
H42        -0.2431628184        -4.1619652747         0.0897379773
H43         0.1747075038        -2.9042811733        -1.1171267289
H44         2.6438986465        -3.4772136996        -0.7884201008
H45         2.1637123032        -4.7406205225         0.4007893231
H46         0.8652047915        -5.9202528535        -1.3892794475
H47         2.5981001665        -5.7062734584        -1.8466784214
H48         1.3427127230        -4.6353270416        -2.5753628273
H49        -0.3138019643        -0.2525089024        -0.2343775453
H50         0.2960658275         0.2018215242        -2.3345529933
H51         3.2286492021        -0.5280135646        -1.7480455765
H52         1.9713909019        -1.7266141040        -2.2915249337
H53         4.7212299965        -2.3369674116        -2.4367210398
H54         5.2744050993        -2.9809763215        -4.0319228350
H55         3.5727074239        -3.2503432720        -3.4973164021
H56         2.7358102519        -2.1432391673        -6.1409685187
H57         4.4436005480        -1.7691684471        -6.6011351662
H58         3.1807332997        -0.4693213116        -6.6547881429
H59         6.4639045812        -0.5693808164        -5.8576139551
H60         6.9197075969        -1.1153289487        -4.1998776623
H61         7.4146669115         0.5114603764        -4.7814940962
H62         6.3570585234         1.5180726605        -2.7187010592
H63         5.7630492592        -0.0794672671        -2.1463145907
H64         4.6102860040         1.2905665731        -2.3824218625
H65         4.7802834908         1.3184367467        -6.1544619389
H66         3.9371329109         2.0158554924        -4.7202254458
H67         5.6763127137         2.3770170458        -5.0130970719
H68         3.1368285828         3.4665405309        -1.0764098131
H69         5.4231815693         4.1387294825        -0.5002214374
H70         6.5101796013         3.2654998772         1.5464958392
H71         5.2867120010         1.7013603956         3.0266023028
H72         3.0032888903         0.9985249850         2.4749606790
H73         1.4898102254         3.7008072696         2.3347233436
H74         0.6192273551         3.9138348944         4.6098189217
H75        -0.8948267352         2.1905108598         5.5407485806
H76        -1.5629016709         0.2549659419         4.1519867834
H77        -0.7426761065         0.0227370203         1.8837086250
H78        -1.6509209733         1.5625710572        -0.6289373392
H79        -3.2723876285         3.3012902349        -1.2560888886
H80        -2.6102264875         5.6893874445        -1.2487106173
H81        -0.3051263581         6.3339592134        -0.6065800856
H82         1.3311269256         4.6151736378         0.0304983299
&

