&gen
basis=6-31G**
igeopt=1
dftname=PBE-D3
ifreq=1
&
entry_name: J1_8960_2111.in
&zmat
C1          0.7940511427         0.8801383802        -0.5745375792
C2          1.9735786938         0.4012012676         0.2464146526
C3          3.1704551023         1.3767687681         0.1052684881
C4          4.5319668201         0.7405947713         0.4607733551
C5          4.3823431593        -0.4574790828         1.4026709367
C6          3.5125715453        -1.5639763480         0.7752306103
C7          2.3998803107        -1.0249351345        -0.1482610163
P8         -0.7319534314         0.3249094844        -0.3419199345
C9         -0.9352755776        -1.2463540153        -1.2075661451
C10        -1.8536509234        -2.2012412548        -0.7425794107
C11        -2.0371855630        -3.3996418697        -1.4386569705
C12        -1.3206266433        -3.6442946379        -2.6129348274
C13        -0.4276880728        -2.6855955230        -3.0984890613
C14        -0.2429441531        -1.4856101325        -2.4054980690
C15        -1.9083642044         1.5027344363        -1.0449677901
C16        -3.1288054928         1.0553729080        -1.5768051762
C17        -4.0544423320         1.9710228867        -2.0864939646
C18        -3.7767261062         3.3396861558        -2.0548186849
C19        -2.5757325335         3.7953350923        -1.5060614446
C20        -1.6473372496         2.8828138079        -0.9963073347
C21        -1.0500389315         0.1467126885         1.4279354541
C22        -1.6381188664         1.1947538805         2.1542858099
C23        -1.8402195176         1.0714336016         3.5323484390
C24        -1.4443661583        -0.0914473245         4.1975459182
C25        -0.8410903636        -1.1310244544         3.4860090645
C26        -0.6384942283        -1.0114388909         2.1082603708
H27         0.9383630412         1.6835081947        -1.2898449365
H28         1.6756659642         0.3971431652         1.3175092159
H29         2.9914441800         2.2530247681         0.7665492947
H30         3.2410301458         1.7615391757        -0.9363500262
H31         5.1875589890         1.5040142628         0.9327874528
H32         5.0350242592         0.3989735965        -0.4709537477
H33         3.9203726392        -0.1142085322         2.3545981256
H34         5.3859930279        -0.8681005701         1.6462329869
H35         3.0546077252        -2.1590531037         1.5954721602
H36         4.1591619786        -2.2529741661         0.1892122063
H37         1.5391625747        -1.7219622290        -0.0999962068
H38         2.7636648121        -1.0176035981        -1.1999426047
H39        -2.4354070504        -2.0171213772         0.1509445251
H40        -2.7407578113        -4.1355962247        -1.0715866692
H41        -1.4648799219        -4.5717561736        -3.1518091845
H42         0.1173230897        -2.8697814926        -4.0152327433
H43         0.4417242052        -0.7475408176        -2.8028696910
H44        -3.3715996097         0.0022902165        -1.5981779873
H45        -4.9901996424         1.6192967663        -2.5013909406
H46        -4.4955344141         4.0472453261        -2.4473641999
H47        -2.3668464033         4.8566771813        -1.4691001494
H48        -0.7336953394         3.2567906534        -0.5531441880
H49        -1.9397820031         2.1090329482         1.6634577130
H50        -2.2992974331         1.8804421855         4.0857269843
H51        -1.5994299706        -0.1843255777         5.2646535548
H52        -0.5260532249        -2.0283084283         4.0027639459
H53        -0.1594002334        -1.8220856102         1.5770094194
&

