&gen
basis=6-31G**
igeopt=1
dftname=PBE-D3
ifreq=1
&
entry_name: J1_10050_2111.in
&zmat
C1          1.7528795461        -3.4564570876         2.9855070192
C2          2.6996441025        -2.8400990345         1.9641928123
C3          1.9886283716        -1.8667724271         1.1317126254
C4          1.3982420971        -1.0604996902         0.4580480825
C5          0.6477357017        -0.0853732749        -0.3515327861
C6          1.1240364105         0.1161190958        -1.7695448259
C7          2.4388851904        -0.5913553307        -2.1505767283
C8          2.5463536164        -1.0210711466        -3.6080756983
C9          2.2985912494        -2.0629588033        -2.5231386964
C10         3.4937680397        -2.9139514816        -2.2220465495
O11         3.7173941643        -3.9347206499        -2.9271094705
O12         4.3459517774        -2.5769065320        -1.1655148754
C13         5.5163086403        -3.3224405753        -0.8507870841
C14         6.2759281151        -2.6268834571         0.2676751378
O15         1.3695347776         1.4921151451        -1.6455875038
P16         1.0379429375         1.6480612767         0.0374427865
C17         2.7876097544         2.0660084765         0.3301132161
C18         3.3964750014         3.1011812363        -0.4018436306
C19         4.7510461174         3.3957337003        -0.2223432736
C20         5.5152591129         2.6551848373         0.6816313399
C21         4.9256436094         1.6189039924         1.4078898989
C22         3.5712903266         1.3226545809         1.2329012493
C23         0.5748979103         1.7194860350         1.8217463849
C24         1.1021021664         2.7267920437         2.6632545874
C25         0.7326733037         2.8074019356         4.0080717585
C26        -0.1888320655         1.9053360989         4.5362621802
C27        -0.7556901650         0.9318175692         3.7155108181
C28        -0.3915860328         0.8464733025         2.3687054212
C29        -0.1820638572         2.9446532768        -0.2767247501
C30        -1.4714345054         2.6009289838        -0.7148832295
C31        -2.4216749543         3.5958377589        -0.9630356124
C32        -2.0927164817         4.9405955675        -0.7774276619
C33        -0.8125365624         5.2921485208        -0.3431839614
C34         0.1407280800         4.3002697332        -0.0946636305
H35         0.9220751279        -3.9865282868         2.4718967847
H36         1.3323373077        -2.6686896600         3.6473999114
H37         2.3072993441        -4.1872859368         3.6110649508
H38         3.5297686559        -2.3253703353         2.4917047052
H39         3.1204223770        -3.6366641244         1.3152537255
H40        -0.4398602728        -0.2992773883        -0.3395492926
H41         0.3011086274        -0.0601725554        -2.4980055519
H42         3.3958891091        -0.2637877306        -1.6883882911
H43         1.6612778982        -0.8135345454        -4.2462026672
H44         3.5807809806        -0.9842355291        -4.0133155192
H45         1.2782548747        -2.5027522565        -2.5053478882
H46         5.2319188611        -4.3465410055        -0.5258335493
H47         6.1709738472        -3.3908115225        -1.7467243842
H48         6.5547342871        -1.5983505087        -0.0456319939
H49         7.1995956725        -3.1958439968         0.5039597375
H50         5.6458162643        -2.5699552778         1.1790112019
H51         2.8297886193         3.6699482860        -1.1270987383
H52         5.2104039106         4.1937942822        -0.7911081350
H53         6.5645552516         2.8828520510         0.8176268906
H54         5.5178694392         1.0450584626         2.1089621679
H55         3.1356517583         0.5298767378         1.8216892240
H56         1.7993483993         3.4615976113         2.2862123466
H57         1.1568797011         3.5772851577         4.6396583656
H58        -0.4759112274         1.9707938892         5.5777706041
H59        -1.4890873525         0.2465371981         4.1207995226
H60        -0.8885872808         0.1012892647         1.7708891965
H61        -1.7456995497         1.5663736643        -0.8658945831
H62        -3.4137019019         3.3238364823        -1.2997093913
H63        -2.8296359975         5.7097335485        -0.9692010910
H64        -0.5589553610         6.3341357399        -0.1968596624
H65         1.1203938618         4.5954496970         0.2514072446
&

