&gen
basis=6-31G**
igeopt=1
dftname=PBE-D3
ifreq=1
&
entry_name: J1_10507_2111.in
&zmat
C1          1.7100263388        -0.8664706014         0.7596295216
C2          1.2018072610         0.0799553624        -0.3426143544
C3          2.1242229671         0.3175383647        -1.5346034957
C4          1.4479953296         0.0056505468        -2.8808666495
C5          3.5414234787        -0.2944152807        -1.4758914351
O6          3.4621902964        -1.7058723499        -1.5129133196
C7          4.7236523650        -2.2806016984        -1.2304640424
C8          4.7026830352        -3.7553820045        -1.7155525038
C9          4.5970480988        -4.7212819502        -0.5344316954
C10         5.7196652277        -4.4584887842         0.4793619073
C11         6.0834217944        -2.9650265972         0.5396145396
O12         4.9764279547        -2.1690783169         0.1673399819
O13         2.2227254696         1.7081195529        -1.3616909616
P14         1.2786212342         1.8579986406         0.0735467938
C15         2.7502537888         2.4276091793         0.9937261376
C16         3.1154911382         1.8420495109         2.2222766138
C17         4.2622776445         2.2661741048         2.8989955286
C18         5.0643208753         3.2713931144         2.3565250042
C19         4.7214024548         3.8531495158         1.1349684390
C20         3.5749399059         3.4328316991         0.4549293324
C21         0.1537540809         1.9514731349         1.5333095477
C22        -0.9087198278         1.0376611805         1.7101685677
C23        -1.7878878817         1.1588199000         2.7901736556
C24        -1.6508490220         2.2117650224         3.6930966977
C25        -0.6463981193         3.1593265309         3.5062894134
C26         0.2354290011         3.0435734775         2.4291457663
C27         0.1733477270         3.0413826291        -0.7326089750
C28        -0.9452076652         2.5839834265        -1.4488849584
C29        -1.8043336177         3.4926055166        -2.0734735454
C30        -1.5584859222         4.8645057946        -1.9828600362
C31        -0.4565375549         5.3295421855        -1.2614538040
C32         0.4054242350         4.4237813245        -0.6361163574
H33         2.7368030622        -0.6268302434         1.0922998752
H34         1.0460577254        -0.8268008081         1.6449632223
H35         1.6950682170        -1.9104182722         0.3837471968
H36         0.1887708267        -0.2238173047        -0.6764424045
H37         1.2419715651        -1.0826878072        -2.9630988919
H38         2.1042722915         0.3117578901        -3.7231362611
H39         0.4901070164         0.5559394870        -2.9818342715
H40         4.1203223464         0.0693166270        -2.3548215637
H41         4.0671308764         0.0752407805        -0.5661681613
H42         5.5285292265        -1.7525393222        -1.7991286141
H43         3.8578058547        -3.9320105953        -2.4168934013
H44         5.6416126384        -3.9757149111        -2.2705299873
H45         4.6514378661        -5.7708981010        -0.8957032168
H46         3.6105940061        -4.5785475014        -0.0400352768
H47         5.3883824470        -4.8071587749         1.4817474206
H48         6.6235357961        -5.0413882607         0.1976259212
H49         6.3784642212        -2.7030681805         1.5776185617
H50         6.9645743552        -2.7508930929        -0.1088625648
H51         2.5038122345         1.0736435528         2.6739352234
H52         4.5280112821         1.8156979504         3.8465624945
H53         5.9527325108         3.5978097529         2.8814656941
H54         5.3479088724         4.6270933808         0.7107657601
H55         3.3435665638         3.8840151520        -0.5006863851
H56        -1.0887016828         0.2337114847         1.0171206310
H57        -2.5875164861         0.4405792874         2.9184047098
H58        -2.3364144681         2.3051598220         4.5253898525
H59        -0.5577725959         3.9937759012         4.1899457771
H60         0.9746984525         3.8210814488         2.2937892827
H61        -1.1635279655         1.5275885738        -1.5149368524
H62        -2.6638921352         3.1328382957        -2.6240514830
H63        -2.2257113537         5.5671641758        -2.4650104258
H64        -0.2730199355         6.3932259094        -1.1817548068
H65         1.2360733724         4.8080011449        -0.0633307711
&

