&gen
basis=6-31G**
igeopt=1
dftname=PBE-D3
ifreq=1
&
entry_name: J1_10128_2111.in
&zmat
C1          0.7146438408        -4.7059171945         1.5115237677
C2          1.5969029211        -3.4703324908         1.4424916435
O3          0.9117889116        -2.4351016926         0.7466257193
C4          1.4744211253        -1.1737739716         0.5244254703
O5          2.6429449629        -0.9358113053         0.9282638564
C6          0.6923480301        -0.1361731879        -0.2690390917
C7         -0.8252563870        -0.4394807358        -0.2712570621
C8          1.1778844712         0.0369850796        -1.7029860559
C9          2.3779939892        -0.8168071615        -2.1838796339
O10         3.5622233768        -0.4127674014        -1.5726390821
C11         4.5770990724        -0.6429066318        -2.5276129118
C12         5.3336758592        -1.9438649531        -2.1366328169
C13         6.8264997030        -1.8741870539        -2.4759937036
C14         7.5215640565        -0.7197530470        -1.7259731317
C15         6.6021548704         0.4956061662        -1.4879254655
C16         5.5123356167         0.5903272297        -2.5595551549
O17         4.0211996577        -0.8048424284        -3.8167413721
C18         2.6424332238        -0.6643392816        -3.6653716398
C19         1.9070528134        -1.7145777809        -4.5091972724
O20         2.1723119259        -1.4953512705        -5.8826740339
C21         3.0693462973        -2.4653043922        -6.3821532413
C22         3.5398384799        -2.0350826381        -7.7404129906
C23         2.8694534632        -2.4670790844        -8.8968907099
C24         3.2901528935        -2.0319811916       -10.1577395961
C25         4.3725121372        -1.1548774184       -10.2712958566
C26         5.0331085046        -0.7072642080        -9.1237825912
C27         4.6158185946        -1.1399442483        -7.8611903334
O28         1.5368982156         1.3858725200        -1.5815052090
P29         1.1015970486         1.6414808576         0.0712261880
C30         2.8350289429         2.1387213243         0.4733471921
C31         3.5670641285         2.9599549101        -0.4099900789
C32         4.8750151739         3.3540754755        -0.1139799542
C33         5.4883607396         2.9251204938         1.0608009098
C34         4.7973381159         2.0935252608         1.9389135428
C35         3.4882422972         1.6996602679         1.6504021915
C36         0.6124173399         1.8950330292         1.8410364048
C37         0.6944319885         3.2000394848         2.3823363529
C38         0.3539129686         3.4548352358         3.7121953432
C39        -0.0622633338         2.4131094502         4.5378991056
C40        -0.1283835646         1.1144519894         4.0363889346
C41         0.2112594563         0.8522112318         2.7056067678
C42        -0.1471344722         2.8920259964        -0.4267795213
C43         0.2097101549         3.9848292781        -1.2390205384
C44        -0.7421268520         4.9348317747        -1.6211143846
C45        -2.0654418027         4.8117470087        -1.1986043226
C46        -2.4394263986         3.7383766812        -0.3911704577
C47        -1.4917987807         2.7859154793        -0.0078560211
H48         0.4720624204        -5.0561125855         0.4858336757
H49         1.2457719824        -5.5162612168         2.0538767729
H50        -0.2280749101        -4.4688988429         2.0487548867
H51         2.5394302980        -3.7208214968         0.9086496461
H52         1.8386986925        -3.1326691323         2.4736875081
H53        -1.0058249847        -1.4589725162        -0.6741752471
H54        -1.3810615249         0.2606054794        -0.9281406215
H55        -1.2675301644        -0.3924396368         0.7409057259
H56         0.3513153892        -0.0484470414        -2.4442539463
H57         2.1941853199        -1.8873806323        -1.9366176404
H58         4.8781490813        -2.8185652741        -2.6505944241
H59         5.2349731371        -2.1247377771        -1.0427227196
H60         7.3151493075        -2.8364575922        -2.2105148724
H61         6.9412385509        -1.7302753942        -3.5730463260
H62         8.4105597751        -0.4010406489        -2.3125871742
H63         7.8881604950        -1.0867437352        -0.7425481103
H64         7.2075460959         1.4276623533        -1.4870553848
H65         6.1194839230         0.4067469042        -0.4896989169
H66         6.0022113381         0.6711745201        -3.5556355124
H67         4.9205656728         1.5184073404        -2.4178472356
H68         2.3565788357         0.3540836151        -4.0143039220
H69         2.1595444304        -2.7449522535        -4.1576815880
H70         0.8145541954        -1.5915568927        -4.3525741826
H71         2.5582497978        -3.4518345411        -6.4542947064
H72         3.9582134368        -2.5858775611        -5.7201340706
H73         2.0230455738        -3.1386387754        -8.8226551372
H74         2.7744638404        -2.3716966083       -11.0466429173
H75         4.6957555421        -0.8179892983       -11.2477567031
H76         5.8660706793        -0.0218367283        -9.2123220445
H77         5.1292267207        -0.7777358048        -6.9786644154
H78         3.1600419173         3.2720252212        -1.3556505724
H79         5.4207308372         3.9793847474        -0.8087850072
H80         6.5038941205         3.2256624570         1.2835806041
H81         5.2765340681         1.7516836319         2.8472274223
H82         2.9934155763         1.0581488266         2.3643445735
H83         1.0300446870         4.0268056424         1.7690079049
H84         0.4181097891         4.4619471975         4.1034019088
H85        -0.3240030128         2.6101839789         5.5694371139
H86        -0.4367425521         0.3036457772         4.6839900545
H87         0.1673092215        -0.1719480562         2.3953232054
H88         1.2149135954         4.1135852572        -1.5929233125
H89        -0.4519710032         5.7681271485        -2.2480953383
H90        -2.8001144661         5.5492860184        -1.4947782508
H91        -3.4645960502         3.6459383286        -0.0565015610
H92        -1.8108307387         1.9819306567         0.6394082464
&

