&gen
basis=6-31G**
igeopt=1
dftname=PBE-D3
ifreq=1
&
entry_name: J1_10452_2111.in
&zmat
O1         -2.0111106536        -0.8518744846         1.6882681627
C2         -1.3965272379        -1.1361065838         0.6258728919
C3         -1.2904593296        -2.5626156389         0.2523599598
C4         -2.4028417825        -3.4074658018         0.4078786388
C5         -2.3239279602        -4.7538093140         0.0400052733
C6         -1.1319299272        -5.2710654658        -0.4727698638
C7         -0.0151161273        -4.4438381297        -0.6141419500
C8         -0.0896947805        -3.0957350492        -0.2505625042
C9         -0.6559506766        -0.0534323041        -0.1526075055
C10        -1.0227960392         0.1175120245        -1.6136326986
C11        -2.0294507187        -0.8367466781        -2.2302434016
C12        -3.4141364286        -0.5901696043        -2.1912668677
C13        -4.3135720902        -1.5143530293        -2.7311063034
C14        -3.8417952089        -2.6838545512        -3.3309370049
C15        -2.4683745951        -2.9221781444        -3.4085894546
C16        -1.5663773784        -1.9990521445        -2.8723578495
O17        -1.5263266312         1.4225396704        -1.4962857518
P18        -1.1288343803         1.6950109236         0.1590504900
C19        -2.8518372613         2.2532421946         0.4475605544
C20        -3.8952840582         1.3343825338         0.6690554681
C21        -5.2100854477         1.7701138872         0.8571364395
C22        -5.5116425554         3.1298790199         0.8080968436
C23        -4.5003136614         4.0542218637         0.5534180615
C24        -3.1856738267         3.6206909808         0.3612634160
C25        -0.6692783529         1.8898393048         1.9480640330
C26         0.0665465469         0.9066274831         2.6549542211
C27         0.4253002332         1.0931004459         3.9928957121
C28         0.0994656303         2.2768883914         4.6487911293
C29        -0.5614612200         3.2889595908         3.9588414766
C30        -0.9233907708         3.1076168177         2.6216627478
C31         0.1513263682         2.8996046554        -0.3213399766
C32        -0.1507899257         3.9550268150        -1.2019129315
C33         0.8421771474         4.8539110118        -1.6020896566
C34         2.1547061999         4.6926340655        -1.1554390535
C35         2.4805783039         3.6188861109        -0.3254724853
C36         1.4908042443         2.7173807932         0.0757932897
H37        -3.3378984457        -3.0190403997         0.7927475634
H38        -3.1883831502        -5.3956407811         0.1499642330
H39        -1.0728997283        -6.3133356192        -0.7582354040
H40         0.9090635126        -4.8468830478        -1.0075611603
H41         0.7883537043        -2.4746463039        -0.3663709292
H42         0.4431308294        -0.1745245357        -0.0520762854
H43        -0.1027281914         0.1512024954        -2.2398653793
H44        -3.8034318890         0.3217023536        -1.7682583995
H45        -5.3775038147        -1.3198858478        -2.6900007802
H46        -4.5397674968        -3.3991486920        -3.7462392135
H47        -2.1016692317        -3.8233709717        -3.8825939833
H48        -0.5044593245        -2.1990807608        -2.9421321424
H49        -3.7291540990         0.2759416930         0.6389392089
H50        -5.9998066297         1.0485492440         1.0227287020
H51        -6.5305047871         3.4656049465         0.9517216301
H52        -4.7343645583         5.1098054932         0.5025845652
H53        -2.4339290615         4.3694971207         0.1740006502
H54         0.4019279880        -0.0054458785         2.1937379040
H55         0.9737318154         0.3211492215         4.5174911269
H56         0.3844164299         2.4210389861         5.6829541064
H57        -0.7784716881         4.2262191575         4.4550541966
H58        -1.3668913943         3.9466006091         2.1177873988
H59        -1.1439096744         4.0678034815        -1.6128677149
H60         0.5963877861         5.6670781005        -2.2728034409
H61         2.9230686775         5.3871404899        -1.4695920411
H62         3.5034438586         3.4782922400        -0.0007276395
H63         1.7761562486         1.8765073686         0.6925238574
&

