&gen
basis=6-31G**
igeopt=1
dftname=PBE-D3
ifreq=1
&
entry_name: J1_10100_2111.in
&zmat
C1          2.9960767153         0.1229378467        -3.5840516730
C2          2.3867589991        -0.6197991849        -2.3796360700
C3          2.1545405580        -2.0926582663        -2.7613315823
C4          1.0941307939         0.0911143783        -1.8341320653
C5         -0.1189461979        -0.0840211763        -2.7743741718
O6          1.3602306240         1.4644222391        -1.6817369534
P7          1.0831790898         1.6114796777         0.0115706120
C8          2.8429529903         2.0294099625         0.2693775792
C9          3.4684014681         2.9892061129        -0.5486693890
C10         4.8230441623         3.2908949122        -0.3840069062
C11         5.5730840123         2.6350505094         0.5933889953
C12         4.9700084179         1.6737869684         1.4059317849
C13         3.6162146586         1.3672773436         1.2436023216
C14         0.6399703458         1.7201522560         1.7995991870
C15         1.1744704558         2.7510406667         2.6079775741
C16         0.7996975216         2.8838566508         3.9471162571
C17        -0.1437532322         2.0193201685         4.4987247487
C18        -0.7304553538         1.0350695783         3.7051355050
C19        -0.3596641101         0.8974127154         2.3644472793
C20        -0.1454418995         2.9097683560        -0.2665888854
C21        -1.4942732293         2.5721931580        -0.4675407387
C22        -2.4485640268         3.5709694744        -0.6809028955
C23        -2.0665443525         4.9143739410        -0.6878154417
C24        -0.7304516099         5.2607324689        -0.4737008869
C25         0.2269526345         4.2645268908        -0.2607015650
C26         0.7043192845        -0.1355114784        -0.3675463003
C27         1.5029978676        -1.1573424956         0.4638872698
H28         3.9452115535        -0.3674616268        -3.8899638948
H29         3.2379292665         1.1737556173        -3.3188256142
H30         2.3116908241         0.1187688138        -4.4567678238
H31         3.1794165205        -0.5844301138        -1.6075236622
H32         3.1297289783        -2.5948859653        -2.9371727966
H33         1.6259572658        -2.6441910779        -1.9626752094
H34         1.5526116069        -2.1706695776        -3.6916971969
H35        -0.9586044387         0.5693510711        -2.4615650567
H36        -0.4769816247        -1.1347204407        -2.7544819039
H37         0.1356115486         0.1921581102        -3.8167410234
H38         2.9154113039         3.4957699876        -1.3283644532
H39         5.2929452784         4.0303728931        -1.0194637112
H40         6.6220386397         2.8699455518         0.7194879038
H41         5.5516583461         1.1660231080         2.1644113390
H42         3.1716439057         0.6311220018         1.8983801171
H43         1.8746746196         3.4695795865         2.2045737952
H44         1.2322504518         3.6688143857         4.5539912226
H45        -0.4369531514         2.1264903652         5.5350554604
H46        -1.4869915217         0.3849205240         4.1254452917
H47        -0.8783592304         0.1540994749         1.7830520333
H48        -1.8136389938         1.5399177021        -0.4450864658
H49        -3.4857572605         3.3032670547        -0.8357409954
H50        -2.8067779253         5.6869650399        -0.8507577043
H51        -0.4370400526         6.3025147277        -0.4666419112
H52         1.2485805305         4.5578940727        -0.0712740304
H53        -0.3809521624        -0.3431177743        -0.2719178842
H54         2.5972974955        -1.0414065303         0.3824679337
H55         1.2465912819        -1.0656486576         1.5366891467
H56         1.2213683786        -2.1860102213         0.1674098926
&

