&gen
basis=6-31G**
igeopt=1
dftname=PBE-D3
ifreq=1
&
entry_name: J1_10544_2111.in
&zmat
O1         -2.8001724796         3.9733535201        -1.1978256297
C2         -3.3909348824         2.7114078863        -1.0695537389
C3         -2.7801811687         1.9414734968         0.1125563334
P4         -0.9723473232         1.5411432312        -0.0568407082
C5         -0.6523316737         1.6071753771         1.7638101500
C6         -1.5533095249         1.0063547047         2.6720946587
C7         -1.2734419150         0.9615403027         4.0404613866
C8         -0.0712988854         1.4717588226         4.5273312405
C9          0.8646832035         2.0051992870         3.6433828677
C10         0.5899467958         2.0538869986         2.2745052587
C11        -0.0002222245         3.0431264143        -0.4419680405
C12        -0.2540182640         4.2393504605         0.2601018397
C13         0.4627237589         5.4033718319        -0.0287696945
C14         1.4257169448         5.3991137762        -1.0381478513
C15         1.6614024699         4.2346662193        -1.7700511918
C16         0.9468004614         3.0676274785        -1.4841780496
O17        -1.1212705401         1.1475260771        -1.7320511411
C18        -0.5559057656        -0.1425305692        -1.6737061089
C19        -1.4641372997        -1.2166587704        -2.2317929023
C20        -2.8651028259        -1.0855812285        -2.2264052532
C21        -3.6736163975        -2.1173834545        -2.7128491353
C22        -3.0948691931        -3.2927936846        -3.1968548684
C23        -1.7061105914        -3.4407180711        -3.1900754240
C24        -0.8941663177        -2.4113246211        -2.7045755617
C25        -0.4268411058        -0.1913975638        -0.1762347251
C26         0.9494316164        -0.5115516634         0.3961126590
C27         2.1502641777        -0.0031246755        -0.1391525546
C28         3.3763042573        -0.2836979331         0.4711753861
C29         3.4237675148        -1.0699961894         1.6228336196
C30         2.2445055636        -1.5803124814         2.1658113867
C31         1.0168218747        -1.3043149642         1.5584142693
H32        -3.2342654282         4.4044423775        -1.9791444023
H33        -3.2959354711         2.1456979284        -2.0198243037
H34        -4.4785718125         2.8400443274        -0.8725480293
H35        -2.9571425262         2.5599830217         1.0183225380
H36        -3.3413603013         0.9916885155         0.2328754429
H37        -2.4660287717         0.5412481852         2.3296934487
H38        -1.9829137388         0.5106301096         4.7222807464
H39         0.1469464200         1.4278491874         5.5864862408
H40         1.8157796287         2.3628323821         4.0162467732
H41         1.3719006337         2.4109781745         1.6194826812
H42        -1.0053562185         4.2704867202         1.0386283847
H43         0.2670748247         6.3107879901         0.5277401507
H44         1.9783349763         6.3019934795        -1.2635688138
H45         2.3901035759         4.2391909444        -2.5703916694
H46         1.1181179744         2.2043598023        -2.1062576715
H47         0.4140294596        -0.1415479658        -2.2127075676
H48        -3.3371535759        -0.1944473433        -1.8454649750
H49        -4.7503701430        -2.0071962772        -2.7098457230
H50        -3.7225785508        -4.0910457063        -3.5713047296
H51        -1.2582548177        -4.3551788283        -3.5570463900
H52         0.1805402471        -2.5463509963        -2.6950674350
H53        -1.2122739226        -0.8396449138         0.2751984521
H54         2.1587853086         0.6073530345        -1.0224954996
H55         4.2917107628         0.1128148482         0.0511802931
H56         4.3741295567        -1.2826295720         2.0950163204
H57         2.2801160481        -2.1861614961         3.0619552377
H58         0.1137570689        -1.6983245548         2.0080381125
&

