&zmat
 C19             2.7617605387             1.0298936241             2.6831708073
 C18             2.3835965915             0.6532832081             1.2711952021
 C17             1.6653251677             1.5637096232             0.4677839603
 C16             1.2597338309             1.2249847596            -0.8242401369
 C15             1.5810780601            -0.0463068704            -1.3274506723
 S14             0.8285478297            -0.5843961757            -2.8623696865
 O22             1.5863150872            -1.7193691796            -3.4262981136
 O23             0.4771442586             0.6031224829            -3.6640318144
 N13            -0.7108029431            -1.3021298838            -2.2771613625
 C12            -0.5109869644            -2.6201996275            -1.7826824499
 C11            -0.7598735301            -2.9629519145            -0.5063328868
 C10            -1.1632286968            -1.9606567327             0.5359951561
 C9             -1.6282877708            -0.6461515118            -0.0662005731
 C4             -2.2615159093             0.3428729914             0.7234112309
 C3             -2.2983003704             0.2290960061             2.2404384276
 C2             -0.9205434134             0.6282396479             2.7601786678
 O1             -0.6889750626             1.6298582832             3.4197356326
 C5             -2.7514195458             1.5152944361             0.1210111923
 C6             -2.6556765769             1.7011365052            -1.2622836244
 C7             -2.0174290591             0.7418421594            -2.0531206022
 C8             -1.4700798342            -0.4067631326            -1.4521860018
 C21             2.3145401093            -0.9661710836            -0.5649284849
 C20             2.7145127517            -0.6037557205             0.7274855639
 H36             1.8793123112             1.3986783856             3.2350868279
 H37             3.1884357799             0.1765804336             3.2320242820
 H38             3.5096348826             1.8415590671             2.6891975171
 H35             1.3972295295             2.5431443506             0.8770493546
 H34             0.6811175070             1.9203415900            -1.4368090594
 H33            -0.1598528879            -3.3296384817            -2.5334791350
 H32            -0.6604581180            -4.0107797099            -0.2101147723
 H30            -0.3078087805            -1.7983426675             1.2242611270
 H31            -1.9680114089            -2.3770064304             1.1748109432
 H25            -2.5167889422            -0.8048957748             2.5653060321
 H26            -3.0486225229             0.9050110445             2.6773353694
 H24            -0.0877717420            -0.0510700525             2.4419570896
 H27            -3.2173969649             2.2815547355             0.7486217210
 H28            -3.0719691810             2.5996611451            -1.7260362346
 H29            -1.9008933122             0.8775011803            -3.1293291475
 H40             2.5578087931            -1.9462305473            -0.9822024350
 H39             3.2862549887            -1.3157615640             1.3319855518
&

