&gen
basis=6-31G**
igeopt=1
dftname=PBE-D3
ifreq=1
&
entry_name: J1_3371_2111.in
&zmat
O1         -3.6853963213        -0.2487742151         3.6737580453
C2         -4.0548188382        -1.0641178897         2.8435532357
C3         -4.4397929360        -0.6228604915         1.4639427822
C4         -3.2450130415        -0.0528389795         0.7319155227
C5         -3.0345317387         1.3332948399         0.7829063837
C6         -1.9465556001         1.9093458282         0.1358078678
C7         -1.0506679447         1.1148995135        -0.5738827996
C8         -1.2253752346        -0.2810282058        -0.6436928053
C9         -2.3155926140        -0.8748799390         0.0389007052
C10        -2.5199624555        -2.3753105000        -0.0345639630
C11        -1.3238650200        -3.1338859599        -0.5295739298
C12        -0.3253791079        -2.5433446175        -1.1812872649
N13        -0.2930693544        -1.1210668660        -1.3657203156
S14         0.9157231222        -0.4648009330        -2.4386867034
C15         2.1841012995         0.3200089616        -1.5035873804
C16         2.8496063945         1.4413160665        -2.0162725363
C17         3.8502955229         2.0683860672        -1.2678684955
C18         4.2063477795         1.5703614697        -0.0050466496
C19         5.2508563221         2.2671950055         0.8153457004
C20         3.5295274039         0.4547640391         0.5113856509
C21         2.5294768942        -0.1717249008        -0.2379759439
O22         1.5298996352        -1.5617796139        -3.2629389394
O23         0.2619444952         0.5199259227        -3.3681742775
H24        -4.1128208213        -2.1136404466         3.1128023332
H25        -4.8702697209        -1.4795359335         0.9047167211
H26        -5.2500610220         0.1345816110         1.5410361347
H27        -3.7177962847         1.9730995475         1.3281307916
H28        -1.7956760637         2.9801904276         0.1852225338
H29        -0.2168947270         1.6060241506        -1.0511537019
H30        -2.7632232869        -2.7697665492         0.9736926397
H31        -3.3732369299        -2.5899436402        -0.7120448538
H32        -1.3164544464        -4.2116373298        -0.4232105738
H33         0.4769084290        -3.1589377268        -1.5678450648
H34         2.5919198790         1.8333608097        -2.9917849024
H35         4.3473483812         2.9411500636        -1.6731187532
H36         4.7693166921         3.0493189958         1.4385919941
H37         5.7735435105         1.5457318260         1.4789276585
H38         6.0109518528         2.7430937040         0.1597361283
H39         3.7763203721         0.0696633008         1.4931095077
H40         2.0223655235        -1.0358374126         0.1716526549
&

