&gen
basis=6-31G**
igeopt=1
dftname=PBE-D3
ifreq=1
&
entry_name: J1_10434_2111.in
&zmat
C1         -3.8889354988        -2.2560523486        -3.9148163151
C2         -2.5837693405        -2.6536172956        -3.6185834877
C3         -1.7203262571        -1.7807752609        -2.9505566862
C4         -2.1630215368        -0.5112863846        -2.5400441274
C5         -1.1878495232         0.4252630818        -1.8500389445
O6         -1.7573788933         1.6685067742        -1.5132295805
P7         -1.2047107422         1.7370742850         0.1144437746
C8         -2.8753451053         2.1676531476         0.7266041612
C9         -4.0030166788         1.4286561209         0.3284317551
C10        -5.2759620027         1.7543079636         0.8049502565
C11        -5.4404040769         2.8156212766         1.6957688617
C12        -4.3300387496         3.5472381743         2.1181959512
C13        -3.0562629920         3.2248316158         1.6423801998
C14        -0.5288031996         1.5581370330         1.8305587112
C15         0.7802290637         1.9661329380         2.1784258376
C16         1.2694850202         1.7899692505         3.4761688293
C17         0.4785645311         1.1854158547         4.4504343813
C18        -0.8009018055         0.7422222328         4.1263734676
C19        -1.2962032784         0.9152531402         2.8321437062
C20        -0.1580137210         3.1396115441        -0.3888598894
C21        -0.6390932293         4.4604789543        -0.3433375903
C22         0.1515724452         5.5203000762        -0.7980182972
C23         1.4154940782         5.2724399600        -1.3357723250
C24         1.8830158656         3.9616414950        -1.4381498432
C25         1.0951220451         2.8997756619        -0.9857763089
C26        -0.7155523659         0.0735750112        -0.4495331426
C27        -1.4750290108        -1.0747557858         0.2536720616
C28        -0.7275717896        -1.7590165488         1.3931303369
C29        -0.8569389736        -2.4544858590         0.0551804309
C30        -3.4643832300        -0.1020351837        -2.8925335445
C31        -4.3254271731        -0.9778532444        -3.5606794778
H32        -4.5558418603        -2.9312837573        -4.4351178667
H33        -2.2369176123        -3.6347946452        -3.9159266920
H34        -0.7014944295        -2.0918236198        -2.7606356320
H35        -0.3166263324         0.6000741108        -2.5198436088
H36        -3.9078886475         0.5949370408        -0.3430577119
H37        -6.1354998611         1.1788736268         0.4861537625
H38        -6.4264091186         3.0645091155         2.0662309653
H39        -4.4544017136         4.3598536403         2.8221978377
H40        -2.2081599915         3.7837310325         2.0151976317
H41         1.4518988254         2.4128842391         1.4691459153
H42         2.2712734091         2.1168161392         3.7240885472
H43         0.8628933246         1.0474941008         5.4527790705
H44        -1.4083649695         0.2521632757         4.8762736581
H45        -2.2792621631         0.5208288291         2.6144351993
H46        -1.6339969014         4.6835329124         0.0032139001
H47        -0.2244609432         6.5341498054        -0.7498505751
H48         2.0241549640         6.0940840169        -1.6905169320
H49         2.8542599071         3.7668136438        -1.8742435780
H50         1.4754857540         1.8931034927        -1.0848302709
H51         0.3885610138        -0.0527459666        -0.4134774279
H52        -2.5791651339        -1.0795317797         0.3392072990
H53        -1.3837032959        -2.1769207635         2.1854938859
H54         0.2939474894        -1.3778266298         1.6075960495
H55        -1.5851243978        -3.2928116696         0.0548786756
H56         0.1005513306        -2.4982421347        -0.5064214772
H57        -3.8176309646         0.8947092014        -2.6645490038
H58        -5.3287889410        -0.6606376053        -3.8139769708
&

