&zmat
 C9             -2.6178047051             0.9115223622            -0.9666746893
 C8             -1.4176999602             0.2230747977            -0.3263088645
 C10            -1.7514183662            -0.4457095263             1.0113180679
 O7             -0.3777580337             1.2085357658            -0.1684379223
 C6              0.8702867433             0.6168839103            -0.4895180475
 C2              1.6628923833             0.0610943459             0.7214942342
 C1              3.1758158201             0.2631457968             0.5750556783
 O12             3.6921162540             1.2478733447             0.0735883038
 O3              1.3676131053            -1.3382886450             0.8266703077
 C4              1.2295355296            -1.7931195835            -0.5332099476
 C5              0.5170335217            -0.6669606009            -1.3014071806
 O11            -0.9031349371            -0.7476428842            -1.2608936162
 H19            -3.0112855345             1.6907748479            -0.2965812060
 H20            -3.4144859775             0.1779965877            -1.1618949501
 H21            -2.3099085062             1.3728005065            -1.9160116832
 H22            -2.0930445038             0.3092898981             1.7365836634
 H23            -0.8637515930            -0.9594335206             1.4094253541
 H24            -2.5533887173            -1.1873188013             0.8703438681
 H18             1.4784683691             1.3613483034            -1.0284976244
 H14             1.3393981725             0.5558291018             1.6559486595
 H13             3.7782081864            -0.5939559972             0.9833999160
 H15             0.6531206117            -2.7296494587            -0.5259752362
 H16             2.2282748204            -1.9809866962            -0.9840151004
 H17             0.8345030908            -0.6291957619            -2.3581340432
&

