&gen
basis=6-31G**
igeopt=1
dftname=PBE-D3
ifreq=1
&
entry_name: J1_5620_2111.in
&zmat
C1          2.3700119878        -1.7422587586         2.0875770753
C2          1.5642761035        -0.6459880465         1.4238391866
O3          2.3828717211         0.3676169257         0.8560083553
C4          3.1777866197        -0.0961274149        -0.2343020307
C5          2.3961781669        -0.9212793911        -1.2282434897
C6          1.2304283560        -1.4873728806        -0.9060147550
C7          0.5450431257        -1.1728646236         0.3912808393
O8         -0.4070581054        -0.1539029118         0.1504275623
Si9         -2.0441382600        -0.7388324374         0.2141901099
C10        -2.4399303039        -1.3057148227         1.9562702117
C11        -3.1857924692         0.6966839202        -0.2856145608
C12        -2.8289757404         1.1504560379        -1.7117303250
C13        -2.9780223693         1.8689432841         0.6889102550
C14        -4.6558877530         0.2454759452        -0.2416641341
C15        -2.2708396566        -2.1834711643        -0.9596594945
O16         3.7030289217         1.0192888963        -0.9266768451
C17         4.7651976699         1.5960968617        -0.1943698038
C18         5.2360032002         2.8544348023        -0.9068867190
O19         1.8054294240        -2.6600782241         2.6616554966
H20         3.4534119156        -1.7103521647         2.0963637002
H21         0.9796875224        -0.1697787895         2.2411810797
H22         4.0034038162        -0.7468094825         0.1352249123
H23         2.8466517951        -1.1518359005        -2.1892496160
H24         0.7195208167        -2.1056649176        -1.6375802021
H25         0.1095115624        -2.1193957095         0.7863634030
H26        -1.8055567612        -2.1749018904         2.2231122987
H27        -3.5047748833        -1.6073006425         2.0196834575
H28        -2.2435744611        -0.4807100170         2.6705702192
H29        -2.9944050411         0.3294622373        -2.4414506835
H30        -3.4617633798         2.0118126353        -2.0166521313
H31        -1.7644896244         1.4649874258        -1.7708243046
H32        -3.6117462304         2.7345636685         0.3983298046
H33        -3.2531648847         1.5763123428         1.7245467770
H34        -1.9171555844         2.2006786974         0.6865189662
H35        -4.9401224068        -0.0818787197         0.7806425810
H36        -5.3270348169         1.0825689849        -0.5317333094
H37        -4.8344647852        -0.5948081512        -0.9452466511
H38        -1.9728396789        -1.8828759740        -1.9844626601
H39        -1.6426144020        -3.0365114897        -0.6327109437
H40        -3.3324205707        -2.5025483038        -0.9602838924
H41         5.6240185339         0.8902747125        -0.1306587263
H42         4.4409062247         1.8795340942         0.8328086230
H43         5.5854991594         2.6033371266        -1.9308642078
H44         4.4032564044         3.5862781644        -0.9750653889
H45         6.0746491213         3.3144560646        -0.3426994701
&

