&zmat
 C18             6.2458329675             2.2437861549            -0.2197922202
 C17             5.1693889836             1.3519733390             0.3742746454
 O16             4.2718939503             0.9858283514            -0.6893364011
 C4              3.3311746668             0.0320831021            -0.3178308626
 C5              2.5700412608            -0.3997941692            -1.5419000278
 C6              1.2914461564            -0.7920467751            -1.4504642761
 C7              0.5523084581            -0.8648214549            -0.1418798908
 O8             -0.6978589555            -0.1788513951            -0.2761916759
 Si9            -2.1398126973            -0.8920926998             0.2867212325
 C10            -1.9959748052            -1.2411014129             2.1406949868
 C15            -2.4462717171            -2.5169944722            -0.6342333693
 C11            -3.4650027329             0.4236314647            -0.1120607081
 C12            -3.5226244648             0.6433233719            -1.6386286803
 C13            -3.0846645137             1.7499792837             0.5798076674
 C14            -4.8406642821            -0.0549233324             0.3978247127
 C2              1.3964387021            -0.2800459379             1.0291883781
 C1              1.9438918693            -1.3625966122             1.9701549187
 O19             1.4083426342            -2.4400507624             2.1806199960
 O3              2.4338768580             0.6193516674             0.6528074733
 H43             6.7997045730             1.7123771595            -1.0096115521
 H44             5.7966283262             3.1469208064            -0.6612599641
 H45             6.9588181635             2.5549895959             0.5599391966
 H41             5.6102131313             0.4319645084             0.8160043204
 H42             4.6102753911             1.8709953760             1.1741105183
 H22             3.8419847930            -0.8422077290             0.1684321620
 H23             3.1135881098            -0.3785880065            -2.4908446104
 H24             0.7170326445            -1.0862030591            -2.3351105006
 H25             0.3812555356            -1.9344482812             0.1052292897
 H26            -1.1266511092            -1.8884946332             2.3464793604
 H27            -2.8940418980            -1.7573310753             2.5186501582
 H28            -1.8733046830            -0.3103803316             2.7189625983
 H38            -2.4805168232            -2.3597942480            -1.7242463167
 H39            -1.6542443541            -3.2542277173            -0.4215892287
 H40            -3.4036023130            -2.9686198854            -0.3242617026
 H29            -3.8242243505            -0.2729681505            -2.1751548194
 H30            -4.2631945130             1.4276080978            -1.8863081440
 H31            -2.5457411981             0.9641754430            -2.0366179518
 H32            -3.8284805417             2.5342684721             0.3422170490
 H33            -3.0567667392             1.6478324028             1.6787724360
 H34            -2.0964858285             2.1077966809             0.2470210920
 H35            -4.8451074167            -0.2117677019             1.4905364406
 H36            -5.6180532421             0.6996470394             0.1716440384
 H37            -5.1543781181            -0.9992581459            -0.0807386111
 H21             0.7020572505             0.3228966382             1.6458549472
 H20             2.8853652756            -1.0522811614             2.5002554930
&

