&gen
basis=6-31G**
igeopt=1
dftname=PBE-D3
ifreq=1
&
entry_name: J1_10222_2111.in
&zmat
C1          2.1123872279        -2.1157251442         3.5745081758
C2          2.3045128069        -1.5373350883         2.1823248034
O3          1.0361605424        -1.2107099195         1.6253324427
C4          0.8944873176        -0.5787258722         0.3868368087
O5          1.9134567942        -0.3004178175        -0.3037536690
C6         -0.4916897547        -0.2120002055        -0.0744436630
C7         -0.6576086687        -0.1018856844        -1.5702755313
C8         -1.5013414683        -1.1743972831        -2.2957389367
O9         -1.6760345398        -0.7711671379        -3.6332176306
C10        -2.8697316005        -1.3548316061        -4.0960380357
O11        -3.6231263670        -0.4006484095        -4.7765737729
C12        -4.7927556812        -0.1942767694        -4.0158492314
C13        -6.0089395616        -0.3543652484        -4.9309892832
C14        -4.7622557557         1.2209335743        -3.4280084309
O15        -4.8944649496        -1.1277972557        -2.9638419136
C16        -3.6882118632        -1.8267987409        -2.9395892620
C17        -2.8782198247        -1.4727394459        -1.7065819809
O18        -2.7891175733        -2.5635558674        -0.8043898648
C19        -4.0011845498        -2.7258278351        -0.0983911777
O20        -1.2525502885         1.1721400836        -1.5642115945
P21        -1.0048963683         1.5394069432         0.1053710577
C22        -2.7883621864         1.8343560935         0.2586430632
C23        -3.3815157683         2.9371696848        -0.3789542361
C24        -4.7659991378         3.1236956864        -0.3274061338
C25        -5.5727200661         2.2022353593         0.3438577032
C26        -4.9960967518         1.0913551665         0.9628784484
C27        -3.6121775026         0.9025638081         0.9138809324
C28        -0.5571122608         1.7902581982         1.8930199142
C29         0.8080200474         1.7731156554         2.2650904483
C30         1.2062497209         1.9479822318         3.5917858652
C31         0.2565000401         2.1885211742         4.5797346356
C32        -1.0891904970         2.2844593985         4.2355017246
C33        -1.4943538032         2.1085158904         2.9086870364
C34         0.0148841711         2.9841142211        -0.3282009765
C35        -0.3270889130         4.2612529123         0.1553991601
C36         0.4540357316         5.3747416091        -0.1652298893
C37         1.5845232769         5.2276589966        -0.9709406531
C38         1.9356971456         3.9661622625        -1.4554415806
C39         1.1570452638         2.8496907196        -1.1366621068
H40         1.4912385686        -3.0347960286         3.5211901689
H41         1.6080144408        -1.3712109316         4.2267403116
H42         3.0994353192        -2.3711733562         4.0141832544
H43         2.8162489627        -2.2837028904         1.5371341132
H44         2.9323833068        -0.6224440044         2.2522850304
H45        -1.2419272043        -0.8779624818         0.3951873381
H46         0.3139492739        -0.0274952512        -2.1037640470
H47        -0.9020948387        -2.1141421625        -2.3027198116
H48        -2.6302193785        -2.1949519984        -4.7841928137
H49        -5.9619299844         0.3710732091        -5.7714455905
H50        -6.0301243139        -1.3818119653        -5.3530037327
H51        -6.9484929561        -0.1874184538        -4.3615312168
H52        -4.7250837718         1.9794524527        -4.2388938453
H53        -5.6630450181         1.4017788209        -2.8032198694
H54        -3.8609455154         1.3464252013        -2.7928342668
H55        -3.8786253170        -2.9205942720        -3.0183658150
H56        -3.2802298693        -0.5569493954        -1.2271548109
H57        -4.2862096889        -1.8069919702         0.4525215966
H58        -4.8256275518        -3.0345530798        -0.7760916707
H59        -3.8663164973        -3.5326090286         0.6505284260
H60        -2.7814878636         3.6379972932        -0.9424679478
H61        -5.2152575016         3.9746705322        -0.8226528864
H62        -6.6449266674         2.3451509805         0.3778246028
H63        -5.6213891936         0.3748604527         1.4794435540
H64        -3.1777982644         0.0446546803         1.4082445444
H65         1.5824258281         1.6468766495         1.5230659232
H66         2.2566749787         1.9099620651         3.8501815987
H67         0.5657113584         2.3291671182         5.6073608895
H68        -1.8229782672         2.5132962528         4.9978635770
H69        -2.5388072134         2.2661491782         2.7145994287
H70        -1.1904040116         4.3942710841         0.7943106595
H71         0.1842887567         6.3516926946         0.2145038546
H72         2.1893733584         6.0904607139        -1.2181672028
H73         2.8130394926         3.8525831193        -2.0790390506
H74         1.4520970956         1.8891897082        -1.5252600659
&

