&gen
basis=6-31G**
igeopt=1
dftname=PBE-D3
ifreq=1
&
entry_name: J1_10055_2111.in
&zmat
C1          3.9766963650        -3.2764785553         0.4164785793
C2          3.8518808103        -1.9975668884         1.2354084505
O3          3.0311678953        -1.0480313418         0.5598111624
C4          1.6362334132        -1.1308554214         0.5037963486
O5          1.0336304446        -2.0528147297         1.1181873625
C6          0.8251510318        -0.1377509856        -0.2947563707
C7          1.2165065607         0.0879576177        -1.7398145952
C8          2.3291739443        -0.7635419475        -2.3961649945
C9          1.9206354122        -2.2398410181        -2.5856902560
C10         0.8486939128        -2.3896010348        -3.6750645998
C11         1.1813261138        -1.5929873219        -4.9053570384
C12         2.0166296279        -0.5526912347        -4.8575452223
O13         2.6608491598        -0.1937075376        -3.6662559268
O14         1.6426726261         1.4134476695        -1.5697398878
P15         1.1949761860         1.6119101614         0.0831510189
C16         2.9070240899         2.0927920036         0.5155671638
C17         3.5663587006         1.5475837770         1.6366819919
C18         4.8792279642         1.9167315822         1.9407660990
C19         5.5540166638         2.8328346975         1.1329800979
C20         4.9166141004         3.3808106226         0.0189294422
C21         3.6037954930         3.0137241795        -0.2898991455
C22         0.5905537018         1.7578239430         1.8221860572
C23         0.9171153163         2.9034965815         2.5853210024
C24         0.4489855762         3.0580509369         3.8920001775
C25        -0.3724604489         2.0865619350         4.4597510282
C26        -0.7365889996         0.9651533573         3.7165143024
C27        -0.2718195731         0.8040721245         2.4077589734
C28        -0.0165969841         2.8765890034        -0.3730990023
C29        -1.3234496543         2.5007892802        -0.7262844421
C30        -2.2637311504         3.4696423616        -1.0886496743
C31        -1.9078262065         4.8201355127        -1.1032841752
C32        -0.6107798636         5.2035078684        -0.7547028799
C33         0.3327423629         4.2376143661        -0.3925757368
H34         4.3802267551        -3.0424875911        -0.5913556961
H35         4.6671269809        -3.9805299987         0.9265553361
H36         2.9860130486        -3.7647445692         0.3077331395
H37         4.8629083008        -1.5578834919         1.3670670893
H38         3.4388997854        -2.2201136165         2.2431933582
H39        -0.2600381508        -0.3644170254        -0.2465836548
H40         0.3110346846         0.0950990202        -2.3861138612
H41         3.2476055755        -0.7164576924        -1.7805068985
H42         1.5482270922        -2.6842159763        -1.6410685295
H43         2.8208446287        -2.8174268932        -2.8902747171
H44         0.7571587304        -3.4618105662        -3.9505698255
H45        -0.1365576494        -2.0568465734        -3.2854606282
H46         0.6864978789        -1.8350468854        -5.8374423227
H47         2.2205260752         0.0118585575        -5.7577568405
H48         3.0654958763         0.8422099990         2.2861790902
H49         5.3732332381         1.4919578971         2.8050307796
H50         6.5709664758         3.1176104975         1.3698171201
H51         5.4413612625         4.0891581686        -0.6090407196
H52         3.1379127936         3.4455488881        -1.1657192292
H53         1.5406754704         3.6844581519         2.1723268305
H54         0.7202910116         3.9366557691         4.4629359279
H55        -0.7367626040         2.2083019038         5.4716324045
H56        -1.3901468438         0.2203878120         4.1524147216
H57        -0.6139756612        -0.0650263658         1.8757525665
H58        -1.6201961199         1.4616111213        -0.7195845662
H59        -3.2691603484         3.1729646934        -1.3579693434
H60        -2.6371070609         5.5692758981        -1.3831604553
H61        -0.3364624728         6.2504768115        -0.7628497127
H62         1.3251348413         4.5598004395        -0.1147217014
&

