&zmat
 C8              3.1969695575             1.7910764101            -0.0807843417
 O7              2.1850716283             1.4101381213             0.8425661856
 C6              1.2313454712             0.5293193308             0.2866773708
 C5              0.0138535263             0.4231524641             1.2310280654
 O9             -1.2003854610             0.9119885440             0.6800452645
 C10            -2.0332341126            -0.2161472567             0.3235086890
 C11            -1.8661491192            -0.5901463528            -1.1516408833
 C13            -3.4674481620             0.1216238299             0.7032997544
 O12            -1.5869696118            -1.2918774329             1.1864859791
 C4             -0.2339766981            -1.0919513704             1.4430061318
 O3              0.6038129783            -1.7789209394             0.4892945381
 C2              1.7270743762            -0.9683552070             0.1872544073
 C1              2.2303739040            -1.2919454304            -1.2102402092
 O14             1.5044083036            -1.6088035474            -2.1380551908
 H20             3.8288947859             0.9324010843            -0.3925489983
 H21             2.7664163700             2.2516090524            -0.9928573934
 H22             3.8348863930             2.5273893588             0.4294862347
 H19             0.8837265919             0.8827193575            -0.7050752983
 H18             0.2388586457             0.9745223229             2.1602528733
 H23            -2.5357237289            -1.4288462430            -1.3987827686
 H24            -0.8369371403            -0.9080577147            -1.3741439842
 H25            -2.1331151172             0.2703978035            -1.7848765401
 H26            -4.1246302840            -0.7388738041             0.5077497272
 H27            -3.8200943826             0.9779357679             0.1091167094
 H28            -3.5133196763             0.3795943330             1.7710095422
 H17            -0.0198387305            -1.4745714880             2.4573696483
 H16             2.5521122615            -1.0944501612             0.9229441100
 H15             3.3392850603            -1.1666491376            -1.3490020450
&

