&gen
basis=6-31G**
igeopt=1
dftname=PBE-D3
ifreq=1
&
entry_name: J1_9891_2111.in
&zmat
C1          1.5900778183        -1.1887651084         0.4993486831
C2          0.7564257265        -0.2116747173        -0.3473444677
C3          1.1385611278        -0.0230456432        -1.8193115181
C4          2.4139067629        -0.7300278221        -2.3569142719
C5          2.1829389032        -2.2107997577        -2.6913347124
C6          0.9876315880        -2.3928741129        -3.6309257193
C7         -0.2721987347        -1.7305310366        -3.0602368577
C8         -0.0558335297        -0.2313281843        -2.7962735630
O9          0.2220887779         0.4149844392        -4.0306489480
C10        -0.5071677408         1.6185238715        -4.1607406856
C11         0.1445896324         2.4652859448        -5.2124283564
C12         1.1948174650         3.3320421497        -4.8659831887
C13         1.8321062417         4.0934413400        -5.8503118927
C14         1.4344057813         3.9856287277        -7.1859344715
C15         0.4019424230         3.1122892175        -7.5399846325
C16        -0.2381542968         2.3487092735        -6.5585546431
O17         1.4170264825         1.3495618947        -1.7070863447
P18         1.1098590910         1.5520592546        -0.0259021291
C19         2.8592423931         2.0039262538         0.2447652571
C20         3.4883245809         2.9387733300        -0.5993857202
C21         4.8346789134         3.2674857576        -0.4191401096
C22         5.5736869892         2.6618046103         0.5982236588
C23         4.9685069491         1.7220869184         1.4340639817
C24         3.6229235941         1.3889219215         1.2567210799
C25         0.6449210256         1.7247699072         1.7507746739
C26        -0.3140242325         0.8818430432         2.3549572023
C27        -0.6970368993         1.0693243156         3.6862085938
C28        -0.1626935572         2.1202423637         4.4298932319
C29         0.7412353802         2.9999639551         3.8375143780
C30         1.1280943536         2.8177113802         2.5077463327
C31        -0.1404615637         2.8117321892        -0.3744897680
C32        -1.4846700256         2.4396940044        -0.5445609046
C33        -2.4523931396         3.4032065975        -0.8416611979
C34        -2.0890717929         4.7463397652        -0.9615710453
C35        -0.7586809339         5.1284532568        -0.7747991187
C36         0.2122561608         4.1674243054        -0.4784289200
H37         1.3731498078        -1.0506753404         1.5760099518
H38         2.6798330721        -1.0671886436         0.3643597598
H39         1.3016468498        -2.2299669027         0.2557443008
H40        -0.3220560805        -0.4402441018        -0.2371238619
H41         2.7260710503        -0.2170929262        -3.2936825234
H42         3.2737571386        -0.6167441237        -1.6672796572
H43         3.0932106841        -2.6150084285        -3.1843180212
H44         2.0233626950        -2.8029837597        -1.7701420860
H45         0.7971794921        -3.4784864116        -3.7726649230
H46         1.2250266096        -1.9587954318        -4.6268867194
H47        -1.1083774856        -1.8585147101        -3.7813761035
H48        -0.5625016361        -2.2403850316        -2.1151586928
H49        -1.0019957580         0.1358548173        -2.3308510958
H50        -1.5565063760         1.3889083611        -4.4502996432
H51        -0.5348915119         2.2024766631        -3.2136211010
H52         1.5189657052         3.4173918553        -3.8357080519
H53         2.6368898124         4.7640676544        -5.5781793039
H54         1.9296667010         4.5745864744        -7.9470381861
H55         0.1003709976         3.0238833202        -8.5757017716
H56        -1.0293822744         1.6678776284        -6.8472682714
H57         2.9466005710         3.4033322253        -1.4122553139
H58         5.3071418234         3.9880988126        -1.0740976177
H59         6.6163494582         2.9172836346         0.7359897627
H60         5.5423853822         1.2510014563         2.2215792835
H61         3.1773207242         0.6668408292         1.9263073417
H62        -0.7915058806         0.0832472594         1.8134465483
H63        -1.4221338704         0.4045748478         4.1379328512
H64        -0.4652960743         2.2651752179         5.4589019532
H65         1.1340496383         3.8336172474         4.4051843679
H66         1.7984705237         3.5445181607         2.0693780798
H67        -1.7881149294         1.4074353980        -0.4439644976
H68        -3.4849027674         3.1083574357        -0.9769276367
H69        -2.8394355390         5.4917962515        -1.1908573127
H70        -0.4799311032         6.1711573457        -0.8551793588
H71         1.2288553290         4.4904700510        -0.3146509396
&

