&gen
basis=6-31G**
igeopt=1
dftname=PBE-D3
ifreq=1
&
entry_name: J1_8524_2111.in
&zmat
N1         -0.8696443003        -3.1305689521         2.2187049845
C2         -1.2861222221        -1.7374846388         2.1065885067
C3         -0.0905200338        -0.8705475626         1.8336862909
P4          0.0861913635        -0.0815082591         0.4128602497
C5          1.6086704127         0.8831288923         0.3988490291
C6          2.0529422676         1.5246244434         1.5662009272
C7          3.2028257468         2.3197907925         1.5388304042
C8          3.9021000764         2.4992123842         0.3425206228
C9          3.4448306706         1.8937771093        -0.8307310580
C10         2.2952065165         1.0985107960        -0.8066774911
C11        -1.2474566099         1.0987151768         0.1390436077
C12        -2.0463269198         1.5438930081         1.2045361810
C13        -3.0486899516         2.4933308417         0.9826704049
C14        -3.2471116088         3.0168854743        -0.2977539296
C15        -2.4373215838         2.5979272900        -1.3566708794
C16        -1.4342594002         1.6490485019        -1.1380397438
C17         0.1184086468        -1.3459715022        -0.8719504317
C18        -1.0473535951        -1.6724514043        -1.5826733602
C19        -1.0254947786        -2.6911211387        -2.5401333084
C20         0.1530491844        -3.4030799478        -2.7787812210
C21         1.3087118685        -3.1040040491        -2.0523924917
C22         1.2896368662        -2.0863809306        -1.0939553421
H23        -0.3130865985        -3.2367152541         3.0983133199
H24        -1.7307767249        -3.7110766988         2.3408145394
H25        -2.0371012991        -1.6447287585         1.2914267186
H26        -1.7657127691        -1.4056045203         3.0533165328
H27         0.7020960213        -0.8293546389         2.5728248771
H28         1.5082610158         1.4205095391         2.4952882189
H29         3.5465807282         2.8044555908         2.4434831598
H30         4.7902686349         3.1173973482         0.3220623502
H31         3.9762876623         2.0477095986        -1.7609403189
H32         1.9406935773         0.6580664671        -1.7293905343
H33        -1.8951932245         1.1651122335         2.2063882762
H34        -3.6675615004         2.8281462449         1.8050740255
H35        -4.0220538553         3.7531493861        -0.4674071580
H36        -2.5832673559         3.0122819666        -2.3458070559
H37        -0.8045462961         1.3428473254        -1.9639435109
H38        -1.9747675546        -1.1484293902        -1.3938857047
H39        -1.9245670270        -2.9338862811        -3.0916353929
H40         0.1679152261        -4.1929867902        -3.5185242244
H41         2.2174913226        -3.6652536825        -2.2270429510
H42         2.1867674006        -1.8773660109        -0.5251471189
&

