&zmat
 N1             -1.9313133659            -2.4831947877             2.2516939200
 C2             -1.7646693215            -1.0298473478             2.5636623132
 C3             -0.4276361137            -0.4673243901             2.1829232267
 P4             -0.0081618516            -0.0860412894             0.5773355060
 C5              1.5925642303             0.8070764147             0.5997711408
 C6              2.7833408577             0.0718077450             0.7659712152
 C7              4.0144305786             0.7356718117             0.8441310965
 C8              4.0676515530             2.1325915179             0.7379445131
 C9              2.8860978171             2.8665670424             0.5613834909
 C10             1.6510896004             2.2085299862             0.4967296221
 C11            -1.2855437906             1.0229961772            -0.1566340876
 C12            -1.9192842674             1.9386673856             0.7073031240
 C13            -2.8605064768             2.8462842798             0.2050667730
 C14            -3.1734693015             2.8500798507            -1.1621953661
 C15            -2.5478703788             1.9379505979            -2.0242298638
 C16            -1.6091178641             1.0245344134            -1.5263367174
 C17             0.2635036223            -1.3510931665            -0.7697548097
 C18            -0.4394607430            -2.5672246437            -0.6757129260
 C19            -0.2748324228            -3.5430665705            -1.6683998050
 C20             0.5927988983            -3.3200840685            -2.7473546124
 C21             1.3002200769            -2.1125827301            -2.8391452265
 C22             1.1350964099            -1.1277123315            -1.8558053633
 H23            -1.1751926353            -2.9880637811             2.7308718092
 H24            -2.8045164241            -2.8247579572             2.6786489457
 H25            -2.5721903504            -0.5034938730             2.0183465429
 H26            -1.9315339102            -0.8123476178             3.6422822775
 H27             0.4369472737            -0.6856128518             2.8194377522
 H28             2.7458231567            -1.0207621284             0.8169479710
 H29             4.9350976203             0.1592509419             0.9767237917
 H30             5.0311679875             2.6491138001             0.7867501874
 H31             2.9253710428             3.9563979240             0.4711305913
 H32             0.7295266233             2.7824998171             0.3622179487
 H33            -1.6574992323             1.9131907692             1.7710708152
 H34            -3.3502645253             3.5523179880             0.8828610598
 H35            -3.9064710299             3.5611088213            -1.5555646697
 H36            -2.7951624091             1.9333431723            -3.0903118394
 H37            -1.1310211727             0.3083728455            -2.2006107324
 H38            -1.1028260003            -2.7354352878             0.1900740746
 H39            -0.8247537143            -4.4871593656            -1.5961268090
 H40             0.7235239639            -4.0891466615            -3.5154073575
 H41             1.9822828403            -1.9372074965            -3.6774921630
 H42             1.6886734277            -0.1857808551            -1.9308797168
&

