&gen
basis=6-31G**
igeopt=1
dftname=PBE-D3
ifreq=1
&
entry_name: J1_853_2111.in
&zmat
C1          2.5127420832         2.1656004395        -0.3419054061
C2          2.9510124482         0.7448064911        -0.0919080919
C3          3.4229929305         0.1001195461        -1.4055932091
C4          1.8279179537        -0.0604775540         0.6133984027
C5          2.3489699641        -1.4323344725         1.0797565299
O6          0.7369111554        -0.2117462949        -0.2765300033
Si7         -0.7830127683        -0.5457433008         0.5166846914
C8         -0.8476590916        -0.0441897121         2.3283188025
C9         -1.1000064613        -2.3893202918         0.4220295413
C10        -2.1426848439         0.3805277663        -0.4414824220
C11        -1.9854889121         1.8937746499        -0.2138792688
C12        -1.9993592510         0.0744115244        -1.9426353240
C13        -3.5329712266        -0.0672321804         0.0427299272
O14         1.6185988166         2.4167312947        -1.1347955770
H15         3.0042443747         2.9800776400         0.1803410558
H16         3.8277459296         0.7946683016         0.5917701646
H17         4.1973757979         0.7371348174        -1.8845744353
H18         2.5780125483        -0.0236529167        -2.1161477084
H19         3.8803892223        -0.8920600628        -1.2119911892
H20         1.5534364786         0.5328305766         1.5128668010
H21         1.6529284280        -1.8794801052         1.8168809047
H22         2.4438799020        -2.1293728054         0.2208404388
H23         3.3358931652        -1.3303651425         1.5789327200
H24        -0.1139548494        -0.6338864392         2.9135493745
H25        -0.6216654056         1.0363716100         2.4332229650
H26        -1.8607530003        -0.2443449130         2.7311811874
H27        -0.2936249861        -2.9389846447         0.9461578687
H28        -2.0680245551        -2.6282586627         0.9069614833
H29        -1.1264485255        -2.7104748800        -0.6387544215
H30        -0.9761375429         2.2360575849        -0.5237725741
H31        -2.7385200778         2.4576813365        -0.8057281309
H32        -2.1318031551         2.1513501286         0.8564855523
H33        -2.7777614237         0.6118158512        -2.5262839563
H34        -1.0039147516         0.3962645863        -2.3179917531
H35        -2.1143934867        -1.0129682660        -2.1379144868
H36        -3.6562024745         0.1256960428         1.1292825220
H37        -4.3294469124         0.4894050351        -0.4968397813
H38        -3.6892174965        -1.1504325782        -0.1451279704
&

