&gen
basis=6-31G**
igeopt=1
dftname=PBE-D3
ifreq=1
&
entry_name: J1_4013_2111.in
&zmat
C1         -3.0337116506         5.9090894910         0.1175524876
O2         -3.8181766768         4.7224286729         0.3779046868
C3         -3.2492097426         3.8284337590         1.2269429864
O4         -2.1794932030         4.0147523027         1.8003063735
C5         -4.0771728047         2.5621499096         1.3114779286
C6         -3.6346351673         1.5747958147         0.2111063067
C7         -4.3693354364         0.2308344941         0.2601937578
C8         -3.9376525876        -0.7288692609        -0.8665547299
C9         -2.4279098007        -1.0330183680        -0.9317377921
C10        -1.8687250090        -1.6333971071         0.3679183047
C11        -0.4093268587        -2.1395995567         0.2999377207
C12         0.6239793498        -1.2505388338        -0.3935501830
N13         0.8596131966         0.0110644091        -0.2898882304
O14        -0.0737797237         0.6630736260         0.5814654141
C15         0.1596740392         2.0516708842         0.5299914110
S16        -0.4003500219         2.7432006498        -1.1187973175
C17         0.4856396925         4.2930035128        -1.1199837727
C18         0.5150321413         5.1337164727         0.0137786036
C19         1.2136873040         6.3478217198        -0.0370422860
C20         1.8578098729         6.7519428868        -1.2145111350
C21         1.8096713686         5.9267439580        -2.3473756547
C22         1.1414481588         4.6973879547        -2.3002771953
C23         1.5262126516        -2.0764470135        -1.2864060094
C24         1.2820762152        -3.5344130504        -0.8478059918
O25         2.0608050840        -3.9584724901         0.2804222820
C26         3.4732208316        -4.0249468700         0.0333551068
C27         4.0105472732        -5.2579110765         0.7584068554
C28         3.7276492131        -5.1671336672         2.2765733052
C29         3.7368326780        -3.6877936483         2.7401062038
C30         4.6065315767        -2.8392919529         1.8095911556
O31         4.1272449738        -2.8313191700         0.4464778808
C32        -0.1839614382        -3.5413442718        -0.3808651586
C33        -1.1407927437        -3.8424481589        -1.5205933446
O34        -0.8178354290        -3.9416815965        -2.6969505583
H35        -3.6873442057         6.5712471579        -0.4656834569
H36        -2.1310521938         5.6506991002        -0.4581093867
H37        -2.7299351949         6.3906255526         1.0600484460
H38        -5.1470191426         2.8055170302         1.2015939745
H39        -3.9130078659         2.1197836785         2.3073467006
H40        -3.7751941037         2.0492454041        -0.7769355890
H41        -2.5512414123         1.4031395045         0.3163626295
H42        -4.1994709560        -0.2417763374         1.2463048422
H43        -5.4604870812         0.3976872502         0.1895602804
H44        -4.4938616691        -1.6793403124        -0.7564367229
H45        -4.2503343993        -0.3028609714        -1.8377758911
H46        -1.8609886797        -0.1160256412        -1.1692341518
H47        -2.2530127587        -1.7111768183        -1.7857533141
H48        -1.9230801811        -0.8740896552         1.1634758600
H49        -2.5082616939        -2.4751564561         0.6999960500
H50        -0.0431987338        -2.2477060865         1.3398011267
H51         1.2290035457         2.2993525261         0.6401142965
H52        -0.4531081550         2.4809527363         1.3374097195
H53        -0.0400550963         4.8561449469         0.9144745883
H54         1.2378281310         6.9897812461         0.8493479018
H55         2.3936790529         7.7050494028        -1.2503636897
H56         2.3124044701         6.2320570932        -3.2704455093
H57         1.1333656436         4.0371064248        -3.1723595720
H58         1.1885676912        -1.9763385729        -2.3355314177
H59         2.5791215635        -1.7641995565        -1.2264579232
H60         1.4354894726        -4.2315723471        -1.6944925714
H61         3.6445437536        -4.0880883531        -1.0595581656
H62         5.0973396704        -5.3011864370         0.5679201226
H63         3.5672592517        -6.1638970349         0.3135030765
H64         2.7493529688        -5.6201891505         2.5018311469
H65         4.4861112781        -5.7547278016         2.8226127508
H66         2.7126458727        -3.2802287589         2.7104607886
H67         4.1048575439        -3.5939936177         3.7770117438
H68         4.6238003486        -1.7825059165         2.1251044800
H69         5.6542466818        -3.2099483936         1.8300693851
H70        -0.3404611926        -4.3370938024         0.3723046689
H71        -2.2052191765        -4.0097497861        -1.2037829501
&

