&zmat
 C13            -3.0337116506             5.9090894910             0.1175524876
 O12            -3.8181766768             4.7224286729             0.3779046868
 C11            -3.2492097426             3.8284337590             1.2269429864
 O14            -2.1794932030             4.0147523027             1.8003063735
 C10            -4.0771728047             2.5621499096             1.3114779286
 C9             -3.6346351673             1.5747958147             0.2111063067
 C8             -4.3693354364             0.2308344941             0.2601937578
 C7             -3.9376525876            -0.7288692609            -0.8665547299
 C6             -2.4279098007            -1.0330183680            -0.9317377921
 C5             -1.8687250090            -1.6333971071             0.3679183047
 C4             -0.4093268587            -2.1395995567             0.2999377207
 C24             0.6239793498            -1.2505388338            -0.3935501830
 N25             0.8596131966             0.0110644091            -0.2898882304
 O26            -0.0737797237             0.6630736260             0.5814654141
 C27             0.1596740392             2.0516708842             0.5299914110
 S28            -0.4003500219             2.7432006498            -1.1187973175
 C29             0.4856396925             4.2930035128            -1.1199837727
 C30             0.5150321413             5.1337164727             0.0137786036
 C31             1.2136873040             6.3478217198            -0.0370422860
 C32             1.8578098729             6.7519428868            -1.2145111350
 C33             1.8096713686             5.9267439580            -2.3473756547
 C34             1.1414481588             4.6973879547            -2.3002771953
 C23             1.5262126516            -2.0764470135            -1.2864060094
 C15             1.2820762152            -3.5344130504            -0.8478059918
 O16             2.0608050840            -3.9584724901             0.2804222820
 C17             3.4732208316            -4.0249468700             0.0333551068
 C22             4.0105472732            -5.2579110765             0.7584068554
 C21             3.7276492131            -5.1671336672             2.2765733052
 C20             3.7368326780            -3.6877936483             2.7401062038
 C19             4.6065315767            -2.8392919529             1.8095911556
 O18             4.1272449738            -2.8313191700             0.4464778808
 C3             -0.1839614382            -3.5413442718            -0.3808651586
 C2             -1.1407927437            -3.8424481589            -1.5205933446
 O1             -0.8178354290            -3.9416815965            -2.6969505583
 H50            -3.6873442057             6.5712471579            -0.4656834569
 H51            -2.1310521938             5.6506991002            -0.4581093867
 H52            -2.7299351949             6.3906255526             1.0600484460
 H48            -5.1470191426             2.8055170302             1.2015939745
 H49            -3.9130078659             2.1197836785             2.3073467006
 H46            -3.7751941037             2.0492454041            -0.7769355890
 H47            -2.5512414123             1.4031395045             0.3163626295
 H44            -4.1994709560            -0.2417763374             1.2463048422
 H45            -5.4604870812             0.3976872502             0.1895602804
 H42            -4.4938616691            -1.6793403124            -0.7564367229
 H43            -4.2503343993            -0.3028609714            -1.8377758911
 H40            -1.8609886797            -0.1160256412            -1.1692341518
 H41            -2.2530127587            -1.7111768183            -1.7857533141
 H38            -1.9230801811            -0.8740896552             1.1634758600
 H39            -2.5082616939            -2.4751564561             0.6999960500
 H37            -0.0431987338            -2.2477060865             1.3398011267
 H65             1.2290035457             2.2993525261             0.6401142965
 H66            -0.4531081550             2.4809527363             1.3374097195
 H67            -0.0400550963             4.8561449469             0.9144745883
 H68             1.2378281310             6.9897812461             0.8493479018
 H69             2.3936790529             7.7050494028            -1.2503636897
 H70             2.3124044701             6.2320570932            -3.2704455093
 H71             1.1333656436             4.0371064248            -3.1723595720
 H63             1.1885676912            -1.9763385729            -2.3355314177
 H64             2.5791215635            -1.7641995565            -1.2264579232
 H53             1.4354894726            -4.2315723471            -1.6944925714
 H54             3.6445437536            -4.0880883531            -1.0595581656
 H61             5.0973396704            -5.3011864370             0.5679201226
 H62             3.5672592517            -6.1638970349             0.3135030765
 H59             2.7493529688            -5.6201891505             2.5018311469
 H60             4.4861112781            -5.7547278016             2.8226127508
 H57             2.7126458727            -3.2802287589             2.7104607886
 H58             4.1048575439            -3.5939936177             3.7770117438
 H55             4.6238003486            -1.7825059165             2.1251044800
 H56             5.6542466818            -3.2099483936             1.8300693851
 H36            -0.3404611926            -4.3370938024             0.3723046689
 H35            -2.2052191765            -4.0097497861            -1.2037829501
&

