&gen
basis=6-31G**
igeopt=1
dftname=PBE-D3
ifreq=1
&
entry_name: J1_9813_2111.in
&zmat
C1         -3.2757497694        -3.9307072074        -3.8816491168
C2         -2.9886746186        -3.1202731747        -2.8616245795
C3         -1.9215602181        -2.0728707871        -2.9867138479
C4         -2.3445076634        -0.8211621088        -3.7426589197
C5         -2.2225973137        -0.7902206404        -2.2224029888
C6         -0.9982934423        -0.0058390471        -1.7141161430
O7         -1.3194553719         1.3581652995        -1.6638292179
P8         -1.0523362869         1.6168898894         0.0168023283
C9         -2.8119232003         2.0484397779         0.2175777814
C10        -3.3904730474         3.0318040058        -0.6052517917
C11        -4.7453177300         3.3527572228        -0.4837177925
C12        -5.5397243716         2.6930600481         0.4557910444
C13        -4.9801584783         1.7107937507         1.2749367596
C14        -3.6260215695         1.3858878169         1.1560597736
C15        -0.6287515155         1.8174065355         1.8023422798
C16        -1.2298084833         2.8331590461         2.5832486156
C17        -0.8722239362         3.0199828887         3.9207653553
C18         0.1152216074         2.2252426057         4.4992863778
C19         0.7618041068         1.2561669801         3.7345547857
C20         0.4091971089         1.0646161904         2.3957486970
C21         0.1638553283         2.9052419310        -0.3432732977
C22         1.4594080416         2.5509484184        -0.7539733885
C23         2.4058051973         3.5403348339        -1.0363760655
C24         2.0667506642         4.8897697231        -0.9126410917
C25         0.7802225870         5.2516247784        -0.5062773642
C26        -0.1692667514         4.2653174859        -0.2237126745
C27        -0.6362595935        -0.1421068402        -0.2481027129
C28        -1.4521251016        -1.1386644843         0.6083039596
C29        -0.9183812461        -2.5686248279         0.4573319523
C30        -1.8065346366        -3.5697410575         1.2039370425
C31        -1.2841009306        -4.9942887124         1.0450601976
H32        -2.7588196581        -3.8348613775        -4.8318473121
H33        -4.0350210936        -4.6976488941        -3.7689815847
H34        -3.5043292543        -3.2497492661        -1.9143312589
H35        -0.8568168628        -2.3672779990        -3.1074352845
H36        -3.3908293512        -0.8218241671        -4.1180711133
H37        -1.5201479613        -0.3373401642        -4.3091138915
H38        -3.2142456368        -0.6673237065        -1.7349420614
H39        -0.1002834403        -0.1530750043        -2.3562803678
H40        -2.7973551285         3.5435829321        -1.3517672533
H41        -5.1804614087         4.1107531178        -1.1220721883
H42        -6.5886718572         2.9428751258         0.5489699278
H43        -5.5953868643         1.2026970582         2.0062141107
H44        -3.2141542023         0.6401677604         1.8194436837
H45        -1.9697829550         3.4999878603         2.1642716586
H46        -1.3541322720         3.7926013126         4.5059355277
H47         0.3939941190         2.3743202607         5.5344189746
H48         1.5493642196         0.6590957180         4.1760969860
H49         0.9700374645         0.3337389098         1.8384579083
H50         1.7409201473         1.5123515278        -0.8573653736
H51         3.4026796502         3.2604453852        -1.3515857996
H52         2.8007699773         5.6546125253        -1.1308407422
H53         0.5188340684         6.2972959369        -0.4079601665
H54        -1.1547413466         4.5677734779         0.0999726430
H55         0.4539426072        -0.3232506816        -0.1557603523
H56        -2.5310607283        -1.1054946669         0.3604209697
H57        -1.3611973309        -0.8636991216         1.6786972261
H58        -0.8758700912        -2.8483963979        -0.6141157332
H59         0.1152502573        -2.6157372946         0.8658892548
H60        -2.8429694240        -3.5223251016         0.8038586116
H61        -1.8335801982        -3.3129177937         2.2853993241
H62        -1.2758157485        -5.2841716108        -0.0274549372
H63        -0.2552297535        -5.0760999851         1.4558410361
H64        -1.9441168721        -5.6959473200         1.5972661625
&

