&gen
basis=6-31G**
igeopt=1
dftname=PBE-D3
ifreq=1
&
entry_name: J1_9787_2111.in
&zmat
C1          5.2167185981        -2.8772461152         2.3599143199
C2          4.7012358455        -1.7000449945         1.5479077903
O3          3.2845659741        -1.7841974212         1.4321639052
C4          2.5258739751        -0.8366253518         0.7398331274
O5          3.0968526481         0.1335019304         0.1764822062
C6          1.0648482289        -1.0296560158         0.6777408758
P7         -0.0424791881        -0.0027189335         0.0201670248
C8         -1.2526316911         0.4463878912         1.3602095285
C9         -2.5606649263         1.0551933733         0.7890930012
C10        -3.7951148344         0.8108391933         1.6742455441
C11        -3.4271323914         0.8441790935         3.1571507555
C12        -2.4324883192        -0.2743647186         3.5184259943
C13        -1.5337893217        -0.7137035350         2.3427955565
C14        -0.8085730744        -0.9034955398        -1.4039068698
C15         0.2847841415        -1.3719361950        -2.3877083198
C16        -0.3224044382        -2.1167240079        -3.5811952732
C17        -1.1577127346        -3.3102937998        -3.1091820543
C18        -2.2560400251        -2.8561004412        -2.1432528343
C19        -1.6674391047        -2.0984857879        -0.9455461014
C20         0.6961242540         1.5533871591        -0.6690288964
C21        -0.2446006683         2.2707116661        -1.6724905020
C22         0.0609828078         3.7764598293        -1.8290921344
C23         1.5386153474         4.0921443642        -1.5659389068
C24         1.9693742387         3.6855351183        -0.1403073748
C25         1.1332657261         2.5285841721         0.4404389816
H26         4.9499319839        -3.8308128472         1.8568968230
H27         6.3215038885        -2.8143430245         2.4519248899
H28         4.7683008911        -2.8625782607         3.3758854694
H29         5.1625089416        -1.7213631617         0.5366604857
H30         4.9806692900        -0.7521425579         2.0571021915
H31         0.6993785796        -1.9689221800         1.0685968179
H32        -0.7642651930         1.2269099461         1.9794487970
H33        -2.4191439974         2.1526696722         0.6812739884
H34        -2.7905482995         0.6533590351        -0.2169003411
H35        -4.2407307505        -0.1789923047         1.4301932297
H36        -4.5620613735         1.5870508095         1.4627579635
H37        -2.9780981682         1.8337609841         3.3957744967
H38        -4.3470357016         0.7360811867         3.7715308345
H39        -2.9940741855        -1.1612315052         3.8853615671
H40        -1.7949441563         0.0790864598         4.3583404209
H41        -0.5845563996        -1.0907796976         2.7767336093
H42        -2.0192362402        -1.5581785676         1.8170071271
H43        -1.4748489935        -0.1980938962        -1.9431753160
H44         0.8519559839        -0.4980436696        -2.7709057820
H45         1.0040333608        -2.0454733386        -1.8725362899
H46        -0.9589857404        -1.4221221159        -4.1724815468
H47         0.4943555391        -2.4794226943        -4.2417254736
H48        -1.6236257302        -3.8033375188        -3.9893114556
H49        -0.5003441393        -4.0536141031        -2.6065183374
H50        -2.8119317598        -3.7458411028        -1.7767030496
H51        -2.9769623609        -2.2012365505        -2.6808538148
H52        -2.5191746710        -1.7338040223        -0.3383986189
H53        -1.0635883421        -2.7991912256        -0.3300470462
H54         1.5918865095         1.2627240104        -1.2544511553
H55        -1.3038976504         2.1704384943        -1.3711503794
H56        -0.1449167927         1.7835058116        -2.6667822694
H57        -0.5621412340         4.3570505782        -1.1133466454
H58        -0.2132245829         4.1069766777        -2.8542476535
H59         2.1592776541         3.5466108805        -2.3106539558
H60         1.7187693337         5.1789606779        -1.7128810376
H61         3.0409369527         3.3896705867        -0.1617791988
H62         1.8817812668         4.5628336780         0.5371412404
H63         0.2324188069         2.9619018313         0.9259354155
H64         1.7184564123         2.0086020907         1.2273646555
&

