&gen
basis=6-31G**
igeopt=1
dftname=PBE-D3
ifreq=1
&
entry_name: J1_9863_2111.in
&zmat
C1          6.7925810604        -7.7612396259        -0.7041022150
C2          6.0592407228        -7.0503616942        -1.8024574476
C3          6.6644159774        -6.8700059399        -3.0559307879
C4          5.9970878528        -6.1721668131        -4.0672466017
C5          4.7247782835        -5.6354392619        -3.8312570682
S6          3.8896386262        -4.7370539830        -5.0937720656
O7          4.8791085809        -4.1049779196        -6.0323156480
O8          3.0084028285        -5.6777089386        -5.8665343801
N9          2.9280885969        -3.4896739054        -4.3683148838
C10         1.5800862934        -3.4122884952        -4.3921053533
C11         1.1443020049        -2.3544540525        -3.6050798803
C12         2.2907256398        -1.7789306526        -3.0804338753
C13         2.4596530805        -0.7238993437        -2.1657109321
C14         1.2674561767         0.0328145424        -1.5978594119
O15         1.5580160163         1.4018056690        -1.5213861849
P16         1.1302669160         1.6629723785         0.1231896284
C17         2.8084451610         2.3228721418         0.3956246431
C18         3.2353011128         3.4453637893        -0.3382364858
C19         4.5283459039         3.9511682551        -0.1802417053
C20         5.4169148247         3.3365937477         0.7027915551
C21         5.0146088664         2.2119538851         1.4243350427
C22         3.7221847503         1.7028629884         1.2686355903
C23         0.5071759489         1.8605765572         1.8472935791
C24        -0.7146615754         1.2546917232         2.2160844215
C25        -1.2416185771         1.4158507190         3.4997180254
C26        -0.5846888048         2.2177329966         4.4305254840
C27         0.5861220705         2.8818376481         4.0699277506
C28         1.1183815454         2.7255087048         2.7870707210
C29        -0.1632534980         2.8320652359        -0.3746653029
C30        -0.0534939119         4.2015085070        -0.0727731695
C31        -1.0600964646         5.0924053996        -0.4558147519
C32        -2.1850344259         4.6261916581        -1.1398389123
C33        -2.3070092286         3.2670739444        -1.4378550464
C34        -1.3029408095         2.3725175916        -1.0561338504
C35         0.8705305038        -0.1500127618        -0.1322771975
C36         1.7122180423        -1.1781900780         0.7036370487
C37         1.4060275982        -1.1367842773         2.2136473998
C38         1.4218056477        -2.6246666235         0.2335063613
O39         2.4562907486        -3.4779539087         0.6427177111
C40         3.7907836758        -0.3863574924        -1.8231018376
C41         4.8810281850        -1.1181838615        -2.3348141264
C42         4.6701015692        -2.1926274179        -3.2107247593
C43         3.3565806940        -2.4940497352        -3.5708736829
C44         4.1229102428        -5.8056047451        -2.5768953740
C45         4.7900511789        -6.5010104169        -1.5646720674
H46         6.0783376169        -8.2651592639        -0.0185520836
H47         7.3928808218        -7.0277563248        -0.1264480255
H48         7.4706458332        -8.5352710390        -1.1226107357
H49         7.6525130294        -7.2687276627        -3.2500466087
H50         6.4752746870        -6.0463678726        -5.0301858569
H51         0.9385040807        -4.1027164426        -4.9235687516
H52         0.1161867800        -2.0783260279        -3.4155704717
H53         0.3788842168        -0.0922913023        -2.2523362706
H54         2.5748477187         3.9207419113        -1.0509437991
H55         4.8438858882         4.8157873936        -0.7496962156
H56         6.4188310897         3.7277840431         0.8231729526
H57         5.7059167415         1.7317566066         2.1047719406
H58         3.4477001252         0.8380379571         1.8413074568
H59        -1.2784830653         0.6636437742         1.5110107013
H60        -2.1695720474         0.9275173265         3.7679405231
H61        -0.9969321898         2.3454546707         5.4230711415
H62         1.0748347750         3.5353692860         4.7811045984
H63         1.9890702545         3.3137598753         2.5446468271
H64         0.7988897329         4.5798860737         0.4745260055
H65        -0.9699954368         6.1443598793        -0.2177263818
H66        -2.9641777197         5.3171115710        -1.4347216876
H67        -3.1815147399         2.9056494110        -1.9632511363
H68        -1.4207992188         1.3236875948        -1.2897672570
H69        -0.2057745124        -0.4125507462        -0.0791448928
H70         2.7922576631        -0.9720813507         0.5704204450
H71         1.9543067063        -1.9482584384         2.7383851000
H72         1.7326879828        -0.1993258578         2.6903042701
H73         0.3208853590        -1.2825147340         2.3984948587
H74         1.3145711004        -2.6899093345        -0.8614594716
H75         0.4534477937        -2.9802322601         0.6542487372
H76         2.2217883247        -4.3815231025         0.3051862716
H77         3.9941052729         0.4346957081        -1.1556299441
H78         5.8894190288        -0.8512718906        -2.0464467627
H79         5.5071464413        -2.7610800916        -3.5933273454
H80         3.1413788973        -5.3940387988        -2.3785154827
H81         4.3169878094        -6.6109446356        -0.5965535800
&

