MAEFILE: J1_9025_2111.01.mae
&gen 
basis=6-31g** 
igeopt=1 
dftname=pbe-d3 
ifreq=1 
&
&zmat
 C1             0.2368721746             1.2548616679             0.0000000000
 C2             0.3729763432            -0.2560331236             0.0000000000
 O3            -0.5807678633            -1.0170017245             0.0000000000
 H4             1.2121607965             1.7634170148             0.0000000000
 H5            -0.3408709147             1.5691050773            -0.8854050728
 H6            -0.3408709147             1.5691050773             0.8854050728
 H7             1.4254266524            -0.6539521393             0.0000000000
&
&guess  basgss=6-31g** numd=6
    1 Orbital Energy   -18.772042 Occupation  1.000000 Symmetry Ap      
  0.000013345054105  0.000089557103722  0.000005936694608 -0.000047341186926
  0.000000000000000 -0.000337768686819 -0.000345891599225  0.000207561283942
 -0.000000000000000  0.000003748947402  0.000002665987560  0.000037305244450
 -0.000035354718465  0.000000000000000 -0.000000000000000  0.000026671731314
  0.000531352412283 -0.000004969664661  0.000028610355082 -0.000000000000000
 -0.002671934247501  0.002190602638775  0.001536045594466  0.000000000000000
 -0.000482862570486 -0.000313984252257 -0.000015816907370 -0.000484135253711
 -0.000000000000000 -0.000000000000000  0.992506036014509  0.026831385478553
  0.000861983869983  0.000698340641090  0.000000000000000  0.013531425999243
  0.001079008628926  0.000894787406232  0.000000000000000 -0.008276385558532
 -0.008376606865753 -0.008524416999938  0.000280903614477 -0.000000000000000
  0.000000000000000  0.000066558770646 -0.000088528489746 -0.000006242675115
  0.000054955213351 -0.000000000000000  0.000009897193016 -0.000024559089991
  0.000003461641022 -0.000052282191773 -0.000022392907494  0.000009897193016
 -0.000024559089991  0.000003461641022 -0.000052282191773  0.000022392907494
 -0.000016091289940 -0.000400720895079  0.000050178999008 -0.000033547959160
  0.000000000000000
    2 Orbital Energy    -9.988424 Occupation  1.000000 Symmetry Ap      
 -0.000720100017218  0.000168044893815  0.000078416563986 -0.000376527897805
  0.000000000000000 -0.003756167075754 -0.000965154951358  0.002066373358111
 -0.000000000000000  0.000198221333467  0.000586128470657  0.000221437634710
 -0.000019957599826  0.000000000000000 -0.000000000000000 -0.992393965880678
 -0.052222378683343  0.000737176041413  0.000578601808509  0.000000000000000
  0.009901297060672  0.001805367529142  0.002778580458626  0.000000000000000
  0.009619110202540  0.009962254718322  0.010543496229462 -0.000567274793226
  0.000000000000000 -0.000000000000000  0.000107074972903 -0.000225257362713
  0.000140348175179  0.000164980419949  0.000000000000000  0.002372167367869
  0.001723761427360  0.001013447719771  0.000000000000000  0.000261538091009
  0.000023553331502 -0.000371381643782  0.000419163036456 -0.000000000000000
  0.000000000000000  0.000184803953456  0.000101215400087  0.000050451603378
  0.000041541847419  0.000000000000000  0.000117249865501 -0.000476572216788
 -0.000011232266691  0.000033953007935 -0.000088560863700  0.000117249865501
 -0.000476572216788 -0.000011232266691  0.000033953007935  0.000088560863700
  0.000464034940758 -0.002210242939276 -0.000301285669153 -0.000048399779877
 -0.000000000000000
    3 Orbital Energy    -9.909311 Occupation  1.000000 Symmetry Ap      
  0.992509168849183  0.053422945979322 -0.000071882163333  0.000080047645947
 -0.000000000000000 -0.018574924524010  0.000070276906892  0.001455541033956
 -0.000000000000000 -0.009755879939107 -0.009997260281329 -0.009770823402065
  0.000039483669071 -0.000000000000000  0.000000000000000 -0.000962791534489
 -0.000417229630395  0.000083171311888 -0.000208442800886  0.000000000000000
  0.004842064792688 -0.000194987667426  0.002948079556505 -0.000000000000000
 -0.000126261746349 -0.000553815188740 -0.000199233315337  0.000023291620850
 -0.000000000000000  0.000000000000000 -0.000055494111888 -0.000248525278186
 -0.000016506520021 -0.000041145010192 -0.000000000000000  0.000861770022470
  0.000356314421469 -0.000006639825483  0.000000000000000 -0.000044428445641
 -0.000114109043510 -0.000293150177007  0.000024712514452 -0.000000000000000
  0.000000000000000 -0.000246713480729  0.002700348976215  0.000261571489352
  0.000073230528940  0.000000000000000 -0.000213189349881  0.002835080764061
 -0.000149503664665  0.000022863283821 -0.000230531118892 -0.000213189349881
  0.002835080764061 -0.000149503664665  0.000022863283821  0.000230531118892
 -0.000146829288538  0.000187388195518 -0.000063875780116 -0.000071285721847
 -0.000000000000000
    4 Orbital Energy    -0.949725 Occupation  1.000000 Symmetry Ap      
  0.017963904027357 -0.031767000486595  0.004528554634378  0.026274446953905
 -0.000000000000000 -0.013893309977451  0.011393032158742  0.002186351954518
  0.000000000000000  0.001565818693049 -0.007088038622565  0.001126907075965
 -0.001357398055259  0.000000000000000  0.000000000000000  0.118368872182857
 -0.228973757691871  0.147669039118772  0.110371886801823  0.000000000000000
 -0.084255225750743 -0.022180908932363 -0.012762599235415 -0.000000000000000
 -0.005957524076897  0.002129938556065  0.017724623535482 -0.023717146281297
  0.000000000000000 -0.000000000000000  0.193975551613603 -0.425041254209123
 -0.129404193213479 -0.105364648218403 -0.000000000000000 -0.386055965559954
 -0.042419808249469 -0.035584741272973 -0.000000000000000 -0.002346719045065
  0.001469518234124  0.003714642220269 -0.011809945023589  0.000000000000000
 -0.000000000000000 -0.005635769529859 -0.001271334201507  0.000420030337801
 -0.000022717582471  0.000000000000000 -0.006909623800906  0.000812436993158
 -0.000495612924647  0.000750920333013 -0.000560866647367 -0.006909623800906
  0.000812436993158 -0.000495612924647  0.000750920333013  0.000560866647367
 -0.028718930374047  0.008208096002125  0.006440935790096 -0.000340533112168
  0.000000000000000
    5 Orbital Energy    -0.676231 Occupation  1.000000 Symmetry Ap      
 -0.182662247168704  0.348249315949531  0.008023227468848 -0.041198161128259
  0.000000000000000  0.316779888816918  0.004445530071846 -0.005508519942159
  0.000000000000000 -0.006559372410487 -0.000932460560385 -0.006787592604833
 -0.001909975407190 -0.000000000000000  0.000000000000000 -0.078737544333416
  0.157482213558976  0.061933658962888  0.168900391066534  0.000000000000000
  0.121889148324676  0.017265350065856  0.032555001526808  0.000000000000000
 -0.007767315547772  0.008198852032565 -0.003708405346809 -0.009817530860288
 -0.000000000000000 -0.000000000000000  0.055159980926806 -0.125752020454521
 -0.011520476239263  0.019876967804239 -0.000000000000000 -0.135000882038412
  0.001215905823665  0.011496253940526 -0.000000000000000  0.000862988268472
  0.004834593750225 -0.000777647526033  0.001955152954950 -0.000000000000000
 -0.000000000000000  0.113619433567824  0.027505470635264 -0.009056497843464
 -0.005589661018759 -0.000000000000000  0.112389177646937  0.027079035992759
  0.005504126446128 -0.003504360495118  0.008290312694491  0.112389177646937
  0.027079035992759  0.005504126446128 -0.003504360495118 -0.008290312694491
  0.050882561542816  0.013405630019801 -0.003140283255410  0.003631443184726
 -0.000000000000000
    6 Orbital Energy    -0.516739 Occupation  1.000000 Symmetry Ap      
  0.069757625821058 -0.137029518830420  0.079356444283736 -0.160894784381522
  0.000000000000000 -0.170259370685284  0.027190427013954 -0.044671696945523
  0.000000000000000 -0.000926776180031  0.013159054753978 -0.003628297945418
 -0.005144981071449 -0.000000000000000 -0.000000000000000 -0.138066593370961
  0.293500840821973  0.213675997206846 -0.025268247675751  0.000000000000000
  0.289089009129893  0.085551843035638  0.015033846933740  0.000000000000000
 -0.004919883496267 -0.008661106666256 -0.006594134216916 -0.007852243956188
 -0.000000000000000 -0.000000000000000  0.070237118314350 -0.161440079476920
  0.126705026474849  0.019650667430501  0.000000000000000 -0.209601596565742
  0.068269602604501  0.014344347636747  0.000000000000000  0.013494708219681
  0.000008211339610 -0.002759433668704  0.006178842633219  0.000000000000000
  0.000000000000000 -0.059372819612485 -0.027450739002042  0.005553926054233
 -0.001188872274469  0.000000000000000 -0.099944133345157 -0.051669699313382
 -0.002460392009948 -0.000351823092696 -0.005945359071934 -0.099944133345157
 -0.051669699313382 -0.002460392009948 -0.000351823092696  0.005945359071934
  0.208447357989018  0.106312952872097 -0.011216997301436  0.005317849388522
 -0.000000000000000
    7 Orbital Energy    -0.417385 Occupation  1.000000 Symmetry Ap      
  0.016783780376815 -0.030340148882381 -0.194213101540722 -0.247245673523558
 -0.000000000000000 -0.045798640663318 -0.092697720230737 -0.096713647669465
 -0.000000000000000 -0.010235760135799  0.010465377243175  0.001457239267587
 -0.000510738078121 -0.000000000000000 -0.000000000000000 -0.043682958490814
  0.104135184247280 -0.267146718991920  0.194544844372359 -0.000000000000000
  0.091373811684589 -0.082321508305589  0.075081914865372 -0.000000000000000
 -0.001462243616170 -0.008811847310073 -0.002530412254949 -0.005729360480447
 -0.000000000000000 -0.000000000000000  0.050761352460809 -0.107811748777606
  0.021249780569236  0.275759874736152 -0.000000000000000 -0.207834180043601
  0.003377822540057  0.144021701033069 -0.000000000000000 -0.003122963685527
  0.021352313143238 -0.000616198122553  0.011218253600548 -0.000000000000000
  0.000000000000000 -0.182853741007043 -0.133634292246506  0.005710591687195
  0.001627826974241  0.000000000000000  0.000393496404306 -0.001756497977232
 -0.003688857795321 -0.005508538453981 -0.000251627390026  0.000393496404306
 -0.001756497977232 -0.003688857795321 -0.005508538453981  0.000251627390026
 -0.123326379346172 -0.107830833796113  0.003680143744230 -0.000543474169590
  0.000000000000000
    8 Orbital Energy    -0.393393 Occupation  1.000000 Symmetry App     
  0.000000000000000  0.000000000000000  0.000000000000000 -0.000000000000000
  0.372253298587329  0.000000000000000  0.000000000000000 -0.000000000000000
  0.170004181516768 -0.000000000000000  0.000000000000000 -0.000000000000000
  0.000000000000000 -0.013100112518532 -0.000847334211201  0.000000000000000
  0.000000000000000  0.000000000000000 -0.000000000000000  0.251773047589106
  0.000000000000000  0.000000000000000 -0.000000000000000  0.128852540820683
 -0.000000000000000 -0.000000000000000 -0.000000000000000  0.000000000000000
 -0.011022951650368  0.004229914679104  0.000000000000000  0.000000000000000
  0.000000000000000 -0.000000000000000  0.220821896040643  0.000000000000000
  0.000000000000000 -0.000000000000000  0.123512847710320  0.000000000000000
 -0.000000000000000  0.000000000000000  0.000000000000000  0.011647079612232
  0.010682082265029  0.000000000000000  0.000000000000000  0.000000000000000
 -0.000000000000000  0.007139334082588 -0.185817883354837 -0.147513703606593
 -0.005667761331855  0.004225156972367 -0.000974498349444  0.185817883354837
  0.147513703606593  0.005667761331855 -0.004225156972367 -0.000974498349444
  0.000000000000000  0.000000000000000  0.000000000000000 -0.000000000000000
  0.004533776905015
    9 Orbital Energy    -0.376517 Occupation  1.000000 Symmetry Ap      
 -0.001433535162195  0.002088760558054 -0.188368348260484  0.232863324596753
 -0.000000000000000  0.000449756954798 -0.084296616860966  0.120066538135395
 -0.000000000000000  0.001301292273535 -0.008215034538780  0.010202921030932
 -0.001007018504578  0.000000000000000 -0.000000000000000 -0.012583443784160
  0.038765589958003 -0.090741924063401 -0.345917430992819  0.000000000000000
  0.025850923321252 -0.011013197283407 -0.103655758352291  0.000000000000000
 -0.002321864524799 -0.001660835000631 -0.004049579282048  0.002568674362184
 -0.000000000000000  0.000000000000000  0.067863231062036 -0.133183307474479
  0.383347442075455  0.117257799974029  0.000000000000000 -0.323360224887736
  0.193543661030025  0.046499765539001  0.000000000000000  0.027109116664015
  0.003698784548968  0.001560858285868  0.009546997930746  0.000000000000000
  0.000000000000000 -0.034733082533209 -0.037019591840152 -0.001779174031944
  0.005699459030128 -0.000000000000000  0.107836848388571  0.079001547474607
 -0.000565605740173  0.002870010938045  0.004606484912588  0.107836848388571
  0.079001547474607 -0.000565605740173  0.002870010938045 -0.004606484912588
  0.033531951438608  0.015922318837546 -0.003746507610700 -0.005374976419950
 -0.000000000000000
   10 Orbital Energy    -0.345246 Occupation  1.000000 Symmetry Ap      
 -0.002125637346424  0.005120741593202  0.348837294980152  0.038415640677117
  0.000000000000000 -0.006983529693879  0.146754994446100  0.025026482342583
  0.000000000000000  0.007440559927322  0.004267475298265 -0.011055199254662
  0.015863742115048 -0.000000000000000  0.000000000000000 -0.007906915402382
  0.030096030661952 -0.238218237094715 -0.028654972507786 -0.000000000000000
 -0.019614860826054 -0.043416927812475  0.035429550634696 -0.000000000000000
 -0.002574639413885 -0.002859727816865 -0.004877700079751  0.020058546853515
 -0.000000000000000  0.000000000000000  0.034119753673372 -0.066226629991789
  0.185315057592937  0.251077352783548  0.000000000000000 -0.147768889602123
  0.104258564716120  0.138437585139790  0.000000000000000  0.004963107756989
  0.011387766634447 -0.000810878005775  0.011964494805625  0.000000000000000
  0.000000000000000  0.230205437683181  0.210665314089842 -0.003579833533101
 -0.004075788668729 -0.000000000000000 -0.116959818901040 -0.109220190792687
  0.004177853507205  0.001971219175162 -0.005222109138115 -0.116959818901040
 -0.109220190792687  0.004177853507205  0.001971219175162  0.005222109138115
 -0.128063781251722 -0.126853180357406  0.002561181165736 -0.001807345605802
  0.000000000000000
   11 Orbital Energy    -0.316646 Occupation  1.000000 Symmetry App     
  0.000000000000000  0.000000000000000  0.000000000000000 -0.000000000000000
  0.243317507715323  0.000000000000000  0.000000000000000 -0.000000000000000
  0.141684759582800 -0.000000000000000 -0.000000000000000 -0.000000000000000
  0.000000000000000 -0.011159578998039  0.012749920484284  0.000000000000000
  0.000000000000000 -0.000000000000000  0.000000000000000 -0.268109281707626
  0.000000000000000 -0.000000000000000  0.000000000000000 -0.167233720542055
  0.000000000000000 -0.000000000000000  0.000000000000000  0.000000000000000
  0.018095168539940  0.022335327136537  0.000000000000000  0.000000000000000
 -0.000000000000000  0.000000000000000 -0.471848444249217  0.000000000000000
 -0.000000000000000  0.000000000000000 -0.295012903835305 -0.000000000000000
  0.000000000000000 -0.000000000000000 -0.000000000000000 -0.021393872343712
 -0.016435625704911  0.000000000000000  0.000000000000000  0.000000000000000
 -0.000000000000000  0.004919717204522 -0.144964123790029 -0.119663405653717
 -0.003711734990075  0.000099946540924 -0.000395957534525  0.144964123790029
  0.119663405653717  0.003711734990075 -0.000099946540924 -0.000395957534525
  0.000000000000000  0.000000000000000 -0.000000000000000  0.000000000000000
 -0.004958340394951
   12 Orbital Energy    -0.203177 Occupation  1.000000 Symmetry Ap      
  0.038914050262288 -0.076637821022548 -0.017211940552179  0.222705698988910
 -0.000000000000000 -0.297765441400465 -0.065486597126821  0.160688936365844
 -0.000000000000000  0.006689013210761 -0.002651484357882  0.001332743685486
  0.001810177936892  0.000000000000000  0.000000000000000  0.000544812321699
 -0.013863776109955  0.075885401352688 -0.101052977814449  0.000000000000000
  0.018910894216663  0.005293648189845  0.088472482995515 -0.000000000000000
  0.040633616773482 -0.038979961400008 -0.000921613241999 -0.012630334532001
  0.000000000000000  0.000000000000000 -0.000211238019858 -0.008954274209636
 -0.364740230313805  0.454638576259101 -0.000000000000000  0.041514536521812
 -0.250041391369446  0.328843651010052 -0.000000000000000 -0.018260958023774
  0.013121050646698 -0.003400195244499  0.003866455073692 -0.000000000000000
 -0.000000000000000  0.037667672594413  0.117385564845561 -0.001685698942909
  0.002913502101495 -0.000000000000000  0.017408446478695  0.056901203092687
  0.000074139060818  0.003917177344248  0.000864501501175  0.017408446478695
  0.056901203092687  0.000074139060818  0.003917177344248 -0.000864501501175
  0.175637140962594  0.285907550878465 -0.001417553954709  0.000570778115634
 -0.000000000000000
   13 Orbital Energy    -0.064839 Occupation  0.000000 Symmetry App     
  0.000000000000000  0.000000000000000  0.000000000000000 -0.000000000000000
  0.017246244339648  0.000000000000000 -0.000000000000000  0.000000000000000
 -0.125939558639642 -0.000000000000000 -0.000000000000000 -0.000000000000000
  0.000000000000000 -0.014252446091618  0.028854102539984  0.000000000000000
  0.000000000000000 -0.000000000000000  0.000000000000000 -0.521158173311729
  0.000000000000000 -0.000000000000000  0.000000000000000 -0.498435068478171
 -0.000000000000000  0.000000000000000 -0.000000000000000 -0.000000000000000
 -0.024937208685528 -0.016337098145429  0.000000000000000  0.000000000000000
  0.000000000000000 -0.000000000000000  0.430489779637166  0.000000000000000
  0.000000000000000 -0.000000000000000  0.417373261306575 -0.000000000000000
 -0.000000000000000 -0.000000000000000  0.000000000000000 -0.001870111597870
  0.000315814927694  0.000000000000000  0.000000000000000  0.000000000000000
 -0.000000000000000  0.001346446177711 -0.101033147755372 -0.296767576721329
 -0.000601360536309 -0.003291979663998 -0.000657453795720  0.101033147755372
  0.296767576721329  0.000601360536309  0.003291979663998 -0.000657453795720
  0.000000000000000  0.000000000000000 -0.000000000000000  0.000000000000000
 -0.019223307535831
   14 Orbital Energy     0.084242 Occupation  0.000000 Symmetry Ap      
  0.081873622474316 -0.108384644906443 -0.126771557274924 -0.243397826397979
 -0.000000000000000 -1.353402183980576 -0.221234205336319 -0.658546848406028
 -0.000000000000000  0.021101097153856 -0.004352810279349  0.005961418898627
  0.016109126954321  0.000000000000000  0.000000000000000  0.066733496325353
 -0.146377942700562 -0.215326643536576  0.036213255124599 -0.000000000000000
 -0.856310396782654 -0.478984245362352  0.061693264075488 -0.000000000000000
  0.006053780149177  0.003581389117928 -0.000836195782890 -0.008077955095273
  0.000000000000000 -0.000000000000000  0.005562599673643 -0.020394134482341
  0.087699665359958 -0.076213871127280  0.000000000000000 -0.058691659724631
  0.091121456292196 -0.110918473932761  0.000000000000000 -0.003635737921593
  0.000483178268581 -0.003860729661454 -0.006337005023539 -0.000000000000000
 -0.000000000000000  0.086014098704713  1.301087425187879  0.011496838059213
 -0.001631751252443  0.000000000000000  0.011205421112874  0.508988653189632
 -0.006334215147222 -0.007563332904405 -0.002244180192246  0.011205421112874
  0.508988653189632 -0.006334215147222 -0.007563332904405  0.002244180192246
  0.043342009157273  1.037759951178831  0.008466881094997 -0.001286612669741
  0.000000000000000
   15 Orbital Energy     0.091447 Occupation  0.000000 Symmetry Ap      
  0.125356487946797 -0.168977670130683  0.186031097296645 -0.026683387596854
  0.000000000000000 -1.945135957145761  0.546043750815183  0.009801081622093
  0.000000000000000  0.002797309355285  0.006025897737193  0.021269391409003
 -0.013156620185776  0.000000000000000 -0.000000000000000 -0.069236063384215
  0.064138891845603  0.165793530668667 -0.008976749503260  0.000000000000000
  1.152690242660007  0.243706965393880  0.127621116765192  0.000000000000000
 -0.016324556658802 -0.015143088763317  0.006956308499367  0.018392239603504
 -0.000000000000000  0.000000000000000  0.006078633195598 -0.012545738864278
 -0.027216724883211 -0.004429876215841 -0.000000000000000 -0.086822682944777
 -0.080081573772573 -0.014602221439285 -0.000000000000000 -0.000343354042818
 -0.006984873481756  0.007014682445199 -0.000368632495496  0.000000000000000
 -0.000000000000000 -0.037354832329854  0.080523572476916  0.002572768323841
  0.000516350431841  0.000000000000000  0.061374664588331  1.152689501821679
 -0.000166704682094  0.002349491191943 -0.009008311126888  0.061374664588331
  1.152689501821679 -0.000166704682094  0.002349491191943  0.009008311126888
 -0.109028760458744 -0.921717250293631 -0.006123108969583  0.007083842799877
 -0.000000000000000
   16 Orbital Energy     0.138832 Occupation  0.000000 Symmetry App     
  0.000000000000000  0.000000000000000  0.000000000000000 -0.000000000000000
  0.448639396907854  0.000000000000000  0.000000000000000 -0.000000000000000
  1.307466519591889  0.000000000000000  0.000000000000000  0.000000000000000
 -0.000000000000000  0.022779012565452 -0.001597279045908  0.000000000000000
  0.000000000000000 -0.000000000000000  0.000000000000000 -0.130832777635737
  0.000000000000000 -0.000000000000000  0.000000000000000 -0.362504558065720
 -0.000000000000000 -0.000000000000000 -0.000000000000000  0.000000000000000
 -0.000432807565731  0.015128035015461  0.000000000000000  0.000000000000000
  0.000000000000000 -0.000000000000000  0.121045208449223  0.000000000000000
  0.000000000000000 -0.000000000000000  0.130020591331831 -0.000000000000000
  0.000000000000000 -0.000000000000000 -0.000000000000000 -0.001743278618921
 -0.002670952566061  0.000000000000000  0.000000000000000  0.000000000000000
 -0.000000000000000  0.015749544056615  0.095161172295342  1.429736044135920
 -0.010475195956083  0.001507418925210 -0.003060986355792 -0.095161172295342
 -1.429736044135920  0.010475195956083 -0.001507418925210 -0.003060986355792
  0.000000000000000  0.000000000000000 -0.000000000000000  0.000000000000000
 -0.005508158847753
   17 Orbital Energy     0.143057 Occupation  0.000000 Symmetry Ap      
 -0.046607034512647  0.063329636080241  0.345529864062863 -0.071726356077060
  0.000000000000000  0.627716908915666  1.170277159679069 -0.339024252810198
  0.000000000000000 -0.006960457675321 -0.022649446210798  0.018350023306649
 -0.010829589977014  0.000000000000000 -0.000000000000000  0.098205326167092
 -0.179366891502806 -0.120619459977904 -0.042893499502842 -0.000000000000000
 -1.403533996178172 -0.416697071246960 -0.102063847673379 -0.000000000000000
  0.006721225138037  0.009489724517384 -0.005914838403851  0.025024726039177
 -0.000000000000000  0.000000000000000 -0.021636504687116  0.074205870740649
  0.090165846948224  0.108254292709361  0.000000000000000  0.111396796200070
  0.124189077593546  0.090876465933541  0.000000000000000  0.003905745916122
  0.002401584818100  0.003433158753100 -0.001333594002386  0.000000000000000
 -0.000000000000000 -0.103188509198161 -1.475807492516062 -0.003250254038568
 -0.014196793111085  0.000000000000000  0.065563930799075  0.626477851099491
  0.006404110965252 -0.002495543245714 -0.007011836813662  0.065563930799075
  0.626477851099491  0.006404110965252 -0.002495543245714  0.007011836813662
  0.044968294306992  1.025516902011566  0.006751161924482 -0.000688524199747
  0.000000000000000
   18 Orbital Energy     0.221324 Occupation  0.000000 Symmetry Ap      
  0.069340405376036 -0.045088151696432 -0.037755000317000  0.178328831446948
 -0.000000000000000 -1.504995945070967 -0.076879116652964  1.555860735393041
 -0.000000000000000 -0.015363847460432  0.046830491635384 -0.009903458704383
 -0.019116931023668 -0.000000000000000 -0.000000000000000 -0.035015895352762
  0.085727648873754 -0.168465639353670  0.489086310399491 -0.000000000000000
  0.499837651930205  0.053595540841802  1.892659472101689 -0.000000000000000
  0.008795278400248 -0.010492845068201 -0.002350405768238  0.013284225756982
  0.000000000000000  0.000000000000000 -0.045408385457057  0.055461577512452
  0.147223212691520 -0.087047314590865  0.000000000000000  0.849944511122790
  0.473357880591388 -0.081489033057039  0.000000000000000 -0.019579469488274
 -0.010272924484163 -0.020269693778215  0.020903767726587 -0.000000000000000
  0.000000000000000 -0.119656259439299 -0.226213574931176 -0.001957648436155
  0.005560299726800 -0.000000000000000 -0.029470478419075 -0.028778235789720
  0.000632852517955  0.017110537394118  0.002262971504380 -0.029470478419075
 -0.028778235789720  0.000632852517955  0.017110537394118 -0.002262971504380
  0.008561680076315  0.773388610530156  0.014248537720414  0.014734356649949
  0.000000000000000
   19 Orbital Energy     0.233396 Occupation  0.000000 Symmetry Ap      
  0.026723046671901 -0.033673630066143  0.114954219046250  0.161172598392875
  0.000000000000000 -0.102413434756463  0.805716621789701  0.649147772907245
  0.000000000000000 -0.018334855863886  0.030438825166771 -0.009927796866833
  0.032268988447668 -0.000000000000000  0.000000000000000 -0.061935093426472
  0.021547564166665 -0.290363481091042  0.139897898096916 -0.000000000000000
  1.800015798538857 -1.933735988482945 -0.662641939327468 -0.000000000000000
 -0.005423269466887 -0.001079601114243  0.023950218683355 -0.011259291727914
  0.000000000000000 -0.000000000000000  0.106953134480409 -0.092688525842150
 -0.127394355758901 -0.148179141709608 -0.000000000000000 -2.116326176301442
 -0.602609606110743 -0.666606253723519 -0.000000000000000  0.024405212231357
  0.047505222196465  0.072133968117613 -0.031192100643450  0.000000000000000
 -0.000000000000000  0.043473760738499 -0.765675376962729 -0.008913567173134
  0.026049465564505 -0.000000000000000 -0.074023050790801  0.194597496522415
  0.003035383657926 -0.004212710192456 -0.001064747880189 -0.074023050790801
  0.194597496522415  0.003035383657926 -0.004212710192456  0.001064747880189
 -0.051319299112247  0.807060527298541  0.001864010560084 -0.015940557061712
  0.000000000000000
   20 Orbital Energy     0.486002 Occupation  0.000000 Symmetry App     
  0.000000000000000  0.000000000000000 -0.000000000000000  0.000000000000000
 -0.358342701071829  0.000000000000000  0.000000000000000 -0.000000000000000
  0.613050270162364  0.000000000000000  0.000000000000000  0.000000000000000
 -0.000000000000000  0.056854028864348 -0.003297157580760  0.000000000000000
  0.000000000000000 -0.000000000000000  0.000000000000000 -0.878783428168381
  0.000000000000000  0.000000000000000 -0.000000000000000  0.862795534062917
  0.000000000000000 -0.000000000000000  0.000000000000000  0.000000000000000
  0.021484127292758  0.006930230338623  0.000000000000000  0.000000000000000
 -0.000000000000000  0.000000000000000 -0.041641105911446  0.000000000000000
 -0.000000000000000  0.000000000000000 -0.077713927929617 -0.000000000000000
  0.000000000000000 -0.000000000000000 -0.000000000000000 -0.048857745629997
 -0.031599800842169  0.000000000000000  0.000000000000000  0.000000000000000
 -0.000000000000000  0.022090365560726  0.251164140631789  0.119881832158318
 -0.001697255825856  0.012257675823843  0.020617080765992 -0.251164140631789
 -0.119881832158318  0.001697255825856 -0.012257675823843  0.020617080765992
  0.000000000000000  0.000000000000000  0.000000000000000 -0.000000000000000
  0.000215405906235
   21 Orbital Energy     0.491828 Occupation  0.000000 Symmetry Ap      
 -0.012817356529625  0.208082061057425  0.385412511880752 -0.838711534310398
  0.000000000000000  0.035307608783467 -0.733980824818251  1.011991321602814
 -0.000000000000000  0.027161540569209  0.051691134952212 -0.019879679815922
  0.006944226773750  0.000000000000000 -0.000000000000000  0.053256278814567
  0.137570987094300  0.096029499165079  0.086435215334461  0.000000000000000
  0.005521327238639  0.160320329813045 -0.208216117065173  0.000000000000000
  0.040698310268292  0.152564545354038 -0.064432044555768 -0.030662526105858
 -0.000000000000000 -0.000000000000000 -0.015255432711507  0.086359802663522
 -0.009015804235981  0.086884862555725 -0.000000000000000  0.022629550142433
  0.002251745155883  0.123981602438310 -0.000000000000000  0.012192275291007
  0.006099932585128 -0.000954857575931 -0.022675752104950  0.000000000000000
 -0.000000000000000  0.080253694328099  0.077221105607846 -0.003009552352230
  0.007841696765643 -0.000000000000000 -0.155074502548611 -0.135222041779542
 -0.020921743225544  0.011761318754279 -0.014453037128276 -0.155074502548611
 -0.135222041779542 -0.020921743225544  0.011761318754279  0.014453037128276
  0.225742978492776 -0.168270099946478  0.001651392401158 -0.045623075689425
  0.000000000000000
   22 Orbital Energy     0.533293 Occupation  0.000000 Symmetry Ap      
  0.012697848200335 -0.097928953897490  0.578177973234288  0.458760793996782
  0.000000000000000 -0.052964194265966 -1.433390189927220 -0.786918486184591
 -0.000000000000000  0.065388440980008 -0.002881901542006 -0.069825597298471
  0.040888123715725 -0.000000000000000  0.000000000000000 -0.007569300152489
  0.139912939659605  0.134978286154923  0.054404678595880  0.000000000000000
 -1.033773743082637  0.512355020125908  0.422606985540906  0.000000000000000
  0.037583900158947 -0.043890763389634 -0.000128223979377 -0.025261926960162
  0.000000000000000 -0.000000000000000 -0.023023311053534 -0.093759253889993
  0.146268246199934 -0.249464722510968  0.000000000000000  0.895996970545750
  0.254604788378603  0.261409098154703  0.000000000000000 -0.051805140387443
 -0.003632876030165 -0.061440384934942  0.005664517868776 -0.000000000000000
  0.000000000000000  0.461087522602371  0.433752835800294 -0.033756337041679
 -0.020314889017028 -0.000000000000000 -0.129310804672943 -0.110328802844466
 -0.035712665666360  0.000815459710507  0.003396337983089 -0.129310804672943
 -0.110328802844466 -0.035712665666360  0.000815459710507 -0.003396337983089
  0.252624759193770 -0.125048793949449 -0.000302881251037  0.012645983414805
 -0.000000000000000
&
&hess
   1
   1  5.620733E-01
   2  2.815196E-02  4.452443E-01
   3  3.225047E-08  2.211313E-08  4.977184E-01
   4 -9.226828E-02  3.576687E-02 -5.353596E-08  8.002492E-01
   5  1.919085E-02 -1.778401E-01 -3.823270E-08  1.963115E-01  6.439385E-01
   6  2.298652E-06  4.563857E-08 -7.132093E-02  4.904545E-08  2.381658E-08
   7  1.048732E-02 -2.647914E-02  4.248437E-08 -5.008608E-01 -3.100598E-01
   8 -3.875599E-02 -3.841733E-02 -2.223972E-08 -3.085241E-01 -3.423103E-01
   9  5.017306E-08 -2.276658E-08  1.261209E-02  1.736176E-04 -4.678898E-08
  10 -2.560005E-01 -1.074986E-01  4.665882E-08  4.367296E-03  5.124413E-03
  11 -1.041199E-01 -9.978945E-02  1.622447E-08 -3.419593E-02 -6.145493E-03
  12 -5.424297E-08  2.232265E-08 -4.437809E-02  4.986655E-08 -2.806233E-08
  13 -1.115326E-01  3.454525E-02 -1.142324E-01 -4.378231E-03  3.893480E-03
  14  3.642757E-02 -6.082875E-02  6.480764E-02  1.736559E-02 -9.903722E-03
  15 -1.123586E-01  5.992480E-02 -2.079566E-01  1.299847E-03 -1.345502E-03
  16 -1.115325E-01  3.454522E-02  1.142324E-01 -4.378305E-03  3.893480E-03
  17  3.642754E-02 -6.082872E-02 -6.480762E-02  1.736577E-02 -9.903787E-03
  18  1.123586E-01 -5.992485E-02 -2.079566E-01 -1.299793E-03  1.345560E-03
  19 -1.243404E-03  9.681021E-04  4.531089E-08 -2.028065E-01  8.171849E-02
  20  2.267231E-02 -7.464537E-03  9.426056E-10  7.595143E-02 -9.790946E-02
  21 -7.933713E-10  1.129061E-08  2.125595E-02  4.025381E-08 -1.716321E-08
   6
   6  1.923109E-01
   7 -8.913939E-09  5.344022E-01
   8  1.656987E-09  3.657391E-01  3.690445E-01
   9 -5.909390E-02  3.326398E-08 -1.943309E-08  2.019291E-02
  10 -4.755583E-09  1.236573E-03  1.636227E-05 -2.583436E-09  2.732160E-01
  11 -2.340178E-08  2.198336E-03 -1.008676E-02 -2.941806E-09  1.161347E-01
  12 -4.528573E-03 -3.394888E-08  7.627792E-10  3.096870E-03 -2.701711E-08
  13 -4.889984E-04 -9.443890E-05 -2.448396E-03 -5.499114E-04 -1.168578E-02
  14  2.723303E-02 -1.159879E-03  2.365163E-03 -3.823080E-03 -6.643425E-03
  15  2.368086E-04  4.092296E-04  2.966879E-05  1.348981E-03  2.355175E-03
  16  4.889983E-04 -9.437878E-05 -2.448372E-03  5.499336E-04 -1.168575E-02
  17 -2.723307E-02 -1.160004E-03  2.365186E-03  3.823097E-03 -6.643437E-03
  18  2.368277E-04 -4.093055E-04 -2.969927E-05  1.348964E-03 -2.355154E-03
  19  4.663192E-09 -4.522130E-02 -1.304964E-02  8.636998E-09  5.713943E-04
  20  2.373699E-08 -2.852413E-02  1.745236E-02 -2.566318E-09 -4.857451E-04
  21 -5.781208E-02 -1.057221E-08 -1.306116E-09  2.017362E-02 -2.059578E-09
  11
  11  1.072449E-01
  12  5.137326E-09  4.362785E-02
  13  9.205370E-03 -2.136221E-02  1.189983E-01
  14  3.945482E-03 -1.296821E-02 -4.152077E-02  6.554142E-02
  15 -1.128535E-03  1.171069E-03  1.218523E-01 -6.468566E-02  2.256253E-01
  16  9.205386E-03  2.136225E-02  8.320870E-03 -5.132555E-03 -1.396215E-02
  17  3.945507E-03  1.296821E-02 -5.132544E-03  2.419803E-03  7.482819E-03
  18  1.128567E-03  1.171081E-03  1.396215E-02 -7.482811E-03 -1.942209E-02
  19  1.581716E-03 -5.475941E-09  3.748568E-04  6.589061E-04  4.184056E-04
  20  8.767523E-04  1.606799E-08  1.455410E-03 -3.547467E-03 -2.825342E-04
  21 -1.430865E-09 -1.637931E-04  8.292706E-04 -3.087546E-03 -9.933392E-04
  16
  16  1.189983E-01
  17 -4.152079E-02  6.554142E-02
  18 -1.218523E-01  6.468564E-02  2.256252E-01
  19  3.748240E-04  6.589132E-04 -4.184698E-04  2.479675E-01
  20  1.455415E-03 -3.547496E-03  2.825281E-04 -7.253045E-02  9.412836E-02
  21 -8.292865E-04  3.087542E-03 -9.933321E-04 -2.211387E-08  3.224661E-09
  21
  21  1.852955E-02
&
&valid
version=1.0
geometry
atom_num=7
   6     0.2368721746     1.2548616679     0.0000000000
   6     0.3729763432    -0.2560331236     0.0000000000
   8    -0.5807678633    -1.0170017245     0.0000000000
   1     1.2121607965     1.7634170148     0.0000000000
   1    -0.3408709147     1.5691050773    -0.8854050728
   1    -0.3408709147     1.5691050773     0.8854050728
   1     1.4254266524    -0.6539521393     0.0000000000
end
molecule
molchg=0
multip=1
qs_cuts=   0    0    0
end
basis
name=6-31g**                         
numd=6
atom_basis_num=0
end
&
