&gen
basis=6-31G**
igeopt=1
dftname=PBE-D3
ifreq=1
&
entry_name: J1_9913_2111.in
&zmat
C1         -1.5301762133        -1.0993705885         0.6275361871
C2         -2.8178806046        -1.1384098407         0.9837595051
C3         -0.8645474386        -0.0471441631        -0.2481078058
C4         -1.3217975198         0.1655375742        -1.6779070632
C5         -2.5161596879        -0.6485155707        -2.2348653475
C6         -2.1585538910        -2.1565232313        -2.3852652326
C7         -1.7989066444        -2.5342031053        -3.8269460512
C8         -2.9628600003        -2.2522875412        -4.7961096692
C9         -3.8110539126        -1.0293950721        -4.3937926992
C10        -2.9990935590        -0.0248944761        -3.5710102582
O11        -1.6567223639         1.5254781716        -1.5205859243
P12        -1.1963916461         1.6994568257         0.1312704000
C13        -2.8299915721         2.4758494163         0.4791514993
C14        -0.6538771537         1.5825273790         1.8885758174
C15        -1.5747838764         1.3281676060         2.9304179400
C16        -1.1420256596         1.1813527485         4.2512261605
C17         0.2165925243         1.2478449216         4.5558091599
C18         1.1477970452         1.4378653582         3.5362320845
C19         0.7212680408         1.5842639647         2.2136294139
C20         0.0374561322         2.9563283429        -0.2959987792
C21        -0.0907658382         4.2701805813         0.1855194185
C22         0.8593903578         5.2399303595        -0.1480865256
C23         1.9417391032         4.9081804332        -0.9665014873
C24         2.0759508065         3.6054326225        -1.4523711896
C25         1.1284483330         2.6324690963        -1.1210371914
H26        -0.8841901348        -1.8785322633         1.0211802574
H27        -3.1705464488        -1.9362470107         1.6289560259
H28        -3.5353175832        -0.4084357442         0.6526866277
H29         0.2339450670        -0.2184228661        -0.2307164471
H30        -0.4571582710         0.0810075322        -2.3740773377
H31        -3.3721197165        -0.5656016669        -1.5390795730
H32        -3.0305817940        -2.7703854283        -2.0684383541
H33        -1.3114594112        -2.4409986290        -1.7259007888
H34        -0.9039829729        -1.9525019437        -4.1398982912
H35        -1.5310106340        -3.6118694001        -3.8744633630
H36        -2.5446361670        -2.0932402449        -5.8139184276
H37        -3.6246191393        -3.1443720473        -4.8465145131
H38        -4.6851464128        -1.3643815425        -3.7926400869
H39        -4.2030372476        -0.5322345705        -5.3073600253
H40        -2.1334755968         0.3152353560        -4.1825683881
H41        -3.6281303807         0.8674389054        -3.3592243086
H42        -3.1271107243         3.1207841693        -0.3743326242
H43        -3.6265186671         1.7283920222         0.6248279944
H44        -2.7827365200         3.1420685132         1.3646374841
H45        -2.6308540670         1.2160813857         2.7358263608
H46        -1.8624043977         0.9999460669         5.0385028121
H47         0.5493833769         1.1287864308         5.5788080507
H48         2.2049141266         1.4567353696         3.7681243309
H49         1.4772890760         1.6789529785         1.4478987237
H50        -0.9172720974         4.5458165573         0.8256949995
H51         0.7569287051         6.2491810497         0.2292160307
H52         2.6766095376         5.6601025821        -1.2233648667
H53         2.9155255030         3.3487277228        -2.0853390857
H54         1.2539228065         1.6287772247        -1.5021450810
&

