&zmat
 C2             -3.7069888103            -0.6152359615             0.8083701167
 C1             -2.3706433202            -0.7656063129             0.9034896215
 C3             -1.3279163521            -0.1014489074             0.0457152639
 C4             -1.6148746339             0.1720411716            -1.4427573436
 C5             -2.4690202979            -0.7945805283            -2.2630998741
 C6             -1.7570821097            -2.1722416838            -2.4123546478
 C7             -0.9940738432            -2.2741206430            -3.7419939779
 C8             -1.9651853577            -2.1941176070            -4.9447817109
 C9             -3.1680907651            -1.2572985018            -4.6573125630
 C10            -2.7855374217            -0.1688946032            -3.6446518601
 O11            -2.2015306040             1.4699948826            -1.3043611251
 P12            -1.3786240309             1.8013230989             0.3378921971
 C13            -2.8585048460             2.7858847797             0.8265113152
 C14            -0.5917228402             1.6220242404             2.0834610566
 C15            -1.2863031399             1.8183481983             3.2917373985
 C16            -0.6981299826             1.5118031298             4.5305024638
 C17             0.6024580779             0.9992264754             4.5875623336
 C18             1.3121889639             0.7897779464             3.3952890348
 C19             0.7163739556             1.0909637536             2.1659185466
 C20            -0.0963020202             2.9323797901            -0.3941315852
 C21             0.7403129845             3.7203677303             0.4240424150
 C22             1.6510456743             4.6198630292            -0.1445044536
 C23             1.7518296429             4.7370058576            -1.5373220864
 C24             0.9174142506             3.9673085710            -2.3583431956
 C25            -0.0085833040             3.0813025419            -1.7935729751
 H27            -4.3815762941            -1.1448363339             1.4865961330
 H28            -4.1605332792             0.0330350275             0.0528495276
 H26            -1.9750489905            -1.3998459150             1.7060837704
 H29            -0.3349767547            -0.5244650974             0.2671227971
 H30            -0.6231971854             0.2387569820            -1.9607011681
 H31            -3.4240821436            -0.9555931031            -1.7368710825
 H32            -2.5063345801            -2.9831472134            -2.3641879698
 H33            -1.0763432118            -2.3424738775            -1.5587735898
 H34            -0.2597858518            -1.4489595557            -3.7969447000
 H35            -0.4051415606            -3.2065359686            -3.7854153225
 H36            -1.4148137926            -1.8406140076            -5.8348027540
 H37            -2.3353071070            -3.2046880023            -5.1940869962
 H38            -4.0109171822            -1.8425975366            -4.2435369449
 H39            -3.5395820533            -0.8109751932            -5.5956425305
 H40            -1.8989425498             0.3807623690            -4.0182974058
 H41            -3.5796052111             0.5858524255            -3.5294682673
 H42            -3.2790435221             3.2171485821            -0.0903482241
 H43            -3.6020332065             2.1112005560             1.2799616971
 H44            -2.5835912165             3.5711970096             1.5451701105
 H45            -2.3073191360             2.2098853588             3.2847696892
 H46            -1.2634977683             1.6757291475             5.4536256775
 H47             1.0620833793             0.7625632601             5.5520882155
 H48             2.3317757245             0.3918026479             3.4245650287
 H49             1.2925226638             0.9342129658             1.2456843806
 H50             0.6808767187             3.6347045649             1.5114785450
 H51             2.2858849035             5.2285579085             0.5066965754
 H52             2.4720108859             5.4321873809            -1.9800590496
 H53             0.9786586344             4.0618319980            -3.4469580646
 H54            -0.7054213776             2.5174306058            -2.4178613296
&

