&zmat
 C2              0.7444703060            -1.6558045727             1.6984890085
 C1              0.7367398541            -0.8843098492             0.5966872179
 C3             -0.4794295814            -0.3143934242            -0.0341155346
 C4             -0.5456553569            -0.2158383859            -1.5672606770
 C5             -1.3473440753            -1.2850791418            -2.3276257454
 C6             -2.8322407892            -1.3579542538            -1.9332586734
 C7             -3.5313471720            -2.5640653407            -2.6078863334
 C8             -2.9365772531            -2.8844669580            -4.0020602211
 C9             -2.4063953403            -1.6062867952            -4.6671069388
 C10            -1.2326769238            -1.0091082359            -3.8538703890
 O11            -1.1163179989             1.0820465576            -1.7068107775
 P12            -0.9386332700             1.5682567845             0.0709951731
 C13            -2.7363760567             1.9568297625             0.1062260303
 C14            -3.2064142015             3.1451154719            -0.4819823304
 C15            -4.5789519197             3.4232758042            -0.5084042127
 C16            -5.4965631432             2.5183690019             0.0425896134
 C17            -5.0343042848             1.3306283009             0.6256604892
 C18            -3.6618927528             1.0523029474             0.6610710102
 C19            -0.5874149525             1.7519922917             1.9497781867
 C20            -1.5594304991             1.9379818862             2.9504661522
 C21            -1.1971494145             2.0438911177             4.3034567682
 C22             0.1475065380             1.9707174502             4.6835781000
 C23             1.1315555432             1.7921417384             3.7003798466
 C24             0.7636251114             1.6832655862             2.3552700439
 C25             0.0692322670             3.0606012508            -0.4037273675
 C26             0.1324553624             4.1763821859             0.4587078930
 C27             0.8293275248             5.3287322784             0.0776632292
 C28             1.5028126348             5.3713825586            -1.1513537679
 C29             1.4515562566             4.2658733376            -2.0099070096
 C30             0.7246452501             3.1236577258            -1.6485626229
 H32             1.6757163123            -2.0352594654             2.1278725285
 H33            -0.1822790119            -1.9143554055             2.2213630974
 H31             1.6895484587            -0.6389415264             0.1068081148
 H34            -1.3819933442            -0.7946118143             0.3891035302
 H35             0.4980457628            -0.2340428894            -1.9690864084
 H36            -0.8745490910            -2.2617242424            -2.0960936222
 H37            -3.3095738596            -0.4069540161            -2.2264151886
 H38            -2.9578959154            -1.4286004552            -0.8389297765
 H39            -3.4498807859            -3.4560027340            -1.9608807593
 H40            -4.6109019595            -2.3485539863            -2.6999420170
 H41            -2.1025576917            -3.6042338396            -3.9001117361
 H42            -3.6915313639            -3.3793696288            -4.6370572418
 H43            -3.2296520714            -0.8706630046            -4.7320906974
 H44            -2.0899634909            -1.8024743434            -5.7061284834
 H45            -0.2706832584            -1.4116619963            -4.2202875953
 H46            -1.1995950566             0.0848214534            -4.0001051533
 H47            -2.4970796989             3.8505346736            -0.9243109822
 H48            -4.9322006136             4.3525869195            -0.9660088739
 H49            -6.5682921760             2.7372030157             0.0175721093
 H50            -5.7420721427             0.6176863854             1.0595821698
 H51            -3.3146569477             0.1283461940             1.1349258552
 H52            -2.6152872988             2.0245960807             2.6799232915
 H53            -1.9738655103             2.1974222138             5.0599026557
 H54             0.4300864559             2.0597441112             5.7372801458
 H55             2.1883367969             1.7421195139             3.9821605257
 H56             1.5493475710             1.5681395457             1.6004193862
 H57            -0.3715531745             4.1461873348             1.4279958997
 H58             0.8519088841             6.1932077733             0.7483482297
 H59             2.0591296145             6.2683500378            -1.4415189645
 H60             1.9691037997             4.2945180643            -2.9738030684
 H61             0.6242300200             2.2811405394            -2.3349525999
&

