&gen
basis=6-31G**
igeopt=1
dftname=PBE-D3
ifreq=1
&
entry_name: J1_10412_2111.in
&zmat
C1          2.4699110301        -1.4973589724         1.8849952360
O2          1.1558806502        -1.2177381467         1.4187051355
C3          0.9095699605        -0.4702375920         0.2636792706
O4          1.8707145432        -0.0404352768        -0.4315037785
C5         -0.5186392355        -0.1636767071        -0.1048290858
C6         -0.7813278778        -0.0938876282        -1.5904125431
C7         -1.8768692903        -1.0425557579        -2.0841830005
Cl8         -1.3183425465        -2.7331983279        -2.0024260662
O9         -1.2292005508         1.2404451623        -1.6057023284
P10        -1.0122144309         1.5792990686         0.0695199778
C11        -2.7852185107         1.9671262086         0.1509135605
C12        -3.2547580483         3.2484024574        -0.1866798211
C13        -4.6256770434         3.5229573327        -0.1891757364
C14        -5.5430708036         2.5165642319         0.1188580820
C15        -5.0913131974         1.2301340533         0.4182869904
C16        -3.7217830730         0.9516152875         0.4209793523
C17        -0.6560388134         1.6985469364         1.8858026386
C18         0.6859733781         1.8058530108         2.3226538994
C19         1.0055060004         1.8691439989         3.6803653153
C20        -0.0034592101         1.8234778623         4.6385126066
C21        -1.3333215712         1.7119569030         4.2392038832
C22        -1.6609551700         1.6458562477         2.8814160740
C23         0.0867440236         2.9915633287        -0.3088992590
C24        -0.0632786562         4.2186782550         0.3687579634
C25         0.7801256402         5.2964621404         0.0866486399
C26         1.7811357077         5.1681548831        -0.8771056860
C27         1.9384479618         3.9620398861        -1.5615827526
C28         1.0975126165         2.8807900496        -1.2823755006
H29         2.4061156854        -2.0990643886         2.8145950498
H30         3.0034764725        -0.5487553384         2.1067735423
H31         3.0305898880        -2.0742033196         1.1193621660
H32        -1.2210698377        -0.8326563760         0.4363146645
H33         0.1294780492        -0.1934946588        -2.2204483846
H34        -2.1181871513        -0.8031485841        -3.1410693577
H35        -2.8031777944        -0.9358557676        -1.4847091058
H36        -2.5737176620         4.0330415651        -0.4771689483
H37        -4.9776178681         4.5142637429        -0.4440996299
H38        -6.6039864707         2.7306637588         0.1140752911
H39        -5.8026150650         0.4471485494         0.6471938843
H40        -3.3951136190        -0.0488424057         0.6655210955
H41         1.4995331280         1.8417295447         1.6111680427
H42         2.0397501182         1.9517326062         3.9887117943
H43         0.2450097141         1.8723245036         5.6908027053
H44        -2.1165483808         1.6735740765         4.9855529197
H45        -2.7053922703         1.5562843875         2.6489871211
H46        -0.8252073926         4.3395683850         1.1279654359
H47         0.6582448613         6.2315243246         0.6178917237
H48         2.4336932745         6.0037163612        -1.0948548433
H49         2.7118199856         3.8648648894        -2.3125781982
H50         1.2360784678         1.9668301534        -1.8392583446
&

