&gen
basis=6-31G**
igeopt=1
dftname=PBE-D3
ifreq=1
&
entry_name: J1_10002_2111.in
&zmat
C1          2.2818404491        -1.9064890522         2.7727223636
O2          1.6831306302        -0.9577030823         1.8991433118
C3          1.5449478978        -1.1729815739         0.5260767429
O4          1.8474148018        -2.2976205581         0.0433603681
C5          0.8314038716        -0.1523278525        -0.3323100663
C6          1.2808879725         0.0546966502        -1.7690624355
C7          2.4972361883        -0.7192618457        -2.3654524884
C8          3.8385737521        -0.3756876040        -1.6920762630
C9          2.6103200067        -0.4387207550        -3.8765558136
O10         1.4610065800        -0.9263254117        -4.5386431628
C11         1.5210244585        -0.5895425807        -5.9074265365
C12         0.2809855568        -1.0986592196        -6.5827855089
C13         0.2679728135        -2.3692083774        -7.1823413509
C14        -0.9018078878        -2.8560487263        -7.7744244700
C15        -2.0675170528        -2.0850520256        -7.7605308788
C16        -2.0669282798        -0.8278305511        -7.1499727924
C17        -0.8993367697        -0.3371470988        -6.5570242380
O18         1.5642009159         1.4245726865        -1.6471136224
P19         1.1620183528         1.6194808306         0.0167741498
C20         2.8665193996         2.2005038575         0.3025357904
C21         3.7407218906         1.5350352337         1.1815074548
C22         5.0526146144         1.9847584026         1.3550765915
C23         5.5112391630         3.0978655121         0.6489459655
C24         4.6584031022         3.7622273763        -0.2337068884
C25         3.3458934159         3.3157586441        -0.4093108749
C26         0.6093381550         1.7246239957         1.7759632488
C27        -0.5226825384         0.9990990303         2.2105508905
C28        -0.9780322892         1.0946397577         3.5281366751
C29        -0.3419673371         1.9451081332         4.4298986946
C30         0.7354292291         2.7214874431         4.0084915460
C31         1.1960029487         2.6304792908         2.6923837634
C32        -0.1064205513         2.8477208414        -0.3838548800
C33        -1.2884356590         2.4517963620        -1.0318280037
C34        -2.2722059797         3.3942324694        -1.3452528622
C35        -2.0855412378         4.7383923920        -1.0146427314
C36        -0.9144851216         5.1420801468        -0.3692979285
C37         0.0721259701         4.2031148253        -0.0549752149
H38         2.2858690380        -1.4979677522         3.8039843081
H39         3.3289216589        -2.1028638116         2.4588142985
H40         1.7010782705        -2.8529202968         2.7620687215
H41        -0.2543304350        -0.3740510455        -0.3264230578
H42         0.3976560223        -0.0690747851        -2.4349586308
H43         2.3196004583        -1.8096870244        -2.2632585912
H44         3.8221352963        -0.6001194982        -0.6100644488
H45         4.6530294931        -0.9863451528        -2.1365300174
H46         4.0913894852         0.6957544254        -1.8369794274
H47         3.5151866369        -0.9544827001        -4.2735295699
H48         2.7267388635         0.6598839997        -4.0301965828
H49         1.5759304106         0.5152760147        -6.0434827242
H50         2.4183350278        -1.0440866181        -6.3871628073
H51         1.1610476968        -2.9818241374        -7.1906029719
H52        -0.9057237917        -3.8330331278        -8.2402377118
H53        -2.9723963695        -2.4640903946        -8.2176765441
H54        -2.9724346552        -0.2351827219        -7.1323285784
H55        -0.9150123832         0.6337778203        -6.0771407350
H56         3.4157049077         0.6819183958         1.7478533338
H57         5.7142902510         1.4690618260         2.0389551858
H58         6.5279195657         3.4436729695         0.7835718264
H59         5.0160294081         4.6205626968        -0.7875491620
H60         2.7096237320         3.8321872496        -1.1158432124
H61        -1.0770414223         0.3651180404         1.5386090028
H62        -1.8364017849         0.5169433743         3.8461007301
H63        -0.6997070742         2.0210925365         5.4485601731
H64         1.2067197351         3.4088658134         4.6991904820
H65         1.9964440860         3.2944480679         2.4027378104
H66        -1.4527319881         1.4171982556        -1.2981743165
H67        -3.1800000651         3.0819273107        -1.8450803215
H68        -2.8485847450         5.4666058950        -1.2572562933
H69        -0.7718502861         6.1831652174        -0.1100299791
H70         0.9649542137         4.5354429332         0.4557448473
&

