&gen
basis=6-31G**
igeopt=1
dftname=PBE-D3
ifreq=1
&
entry_name: J1_10143_2111.in
&zmat
C1          0.9390327343        -2.2685184473         1.0162686242
C2          1.5438292885        -1.0846128188         0.3231283121
O3          2.7586146751        -0.9623658419         0.3307621585
C4          0.6561231197        -0.0506630894        -0.3491151500
C5          0.9000575170         0.2249141633        -1.8182792383
C6          1.8726041294        -0.6716862237        -2.5984147316
Cl7          1.1890192293        -2.3059964302        -2.7991367453
O8          1.3993993691         1.5311983044        -1.6495627084
P9          1.0736324809         1.6779640021         0.0370628711
C10         2.7650742542         2.2995285919         0.3873554031
C11         3.8873187140         1.7725602356        -0.2800295057
C12         5.1716857106         2.2546367545        -0.0115952714
C13         5.3572128953         3.2745991389         0.9217230417
C14         4.2575042701         3.8170958947         1.5861494489
C15         2.9719391543         3.3384920397         1.3204046422
C16         0.6386567634         1.5302991690         1.8312601317
C17        -0.6353076376         1.8803490347         2.3373942763
C18        -0.9442876285         1.7091930800         3.6901001724
C19        -0.0045272527         1.1655904698         4.5631721900
C20         1.2451336552         0.7810058451         4.0838135092
C21         1.5609781355         0.9500799741         2.7339893179
C22        -0.1417632804         2.9674910290        -0.3740800959
C23        -1.4234094002         2.6039812842        -0.8303110499
C24        -2.3509564054         3.5828421064        -1.1972736509
C25        -2.0023043630         4.9331252897        -1.1409237814
C26        -0.7208595255         5.3048626690        -0.7304665264
C27         0.2098839589         4.3287773253        -0.3616640664
H28        -0.1677870779        -2.2659501842         0.9346717294
H29         1.3252581954        -3.2030002121         0.5582492899
H30         1.2152434860        -2.2485404369         2.0913587440
H31        -0.4201034350        -0.2458197624        -0.1551579598
H32        -0.0668664792         0.2779219018        -2.3670526948
H33         2.0241436707        -0.2381487043        -3.6091566917
H34         2.8653053744        -0.7471739628        -2.1186433125
H35         3.7819349657         0.9947993698        -1.0165026815
H36         6.0245724495         1.8379098765        -0.5317171525
H37         6.3525814164         3.6462852920         1.1278885364
H38         4.4004092841         4.6093767897         2.3095680854
H39         2.1394439986         3.7736069349         1.8577019314
H40        -1.4149239308         2.2761112089         1.7116583323
H41        -1.9217737572         1.9910448313         4.0601519452
H42        -0.2491017781         1.0317867758         5.6089856176
H43         1.9708091646         0.3445595798         4.7579438477
H44         2.5359737161         0.6242905837         2.4006239050
H45        -1.7156398906         1.5650706143        -0.8857715551
H46        -3.3396096148         3.2934455638        -1.5293257582
H47        -2.7201457452         5.6904270662        -1.4283368610
H48        -0.4432207571         6.3508579245        -0.7105775129
H49         1.2040272124         4.6482361791        -0.0969266795
&

