&gen
basis=6-31G**
igeopt=1
dftname=PBE-D3
ifreq=1
&
entry_name: J1_10466_2111.in
&zmat
C1         -2.0947953419        -4.2058700307         0.9070826658
C2         -1.4313217776        -3.1744953085         1.8125021833
O3         -0.7988857902        -2.1544459633         1.0423149658
C4         -1.4972965889        -1.1314445151         0.3917103811
O5         -2.7559394936        -1.0938328792         0.4410107192
C6         -0.7077328087        -0.0870011778        -0.3612892849
C7         -1.0675673192         0.1701061994        -1.8087050948
C8         -2.1755134327        -0.6588663475        -2.4913807924
C9         -1.7591972436        -2.1470171747        -2.6333604521
C10        -2.2631601676        -2.7545294963        -3.9496061111
C11        -3.6342240378        -2.1852241279        -4.3139436121
C12        -3.6014105639        -0.6405295878        -4.3353808673
O13        -2.4155806777        -0.1006385766        -3.7720377989
O14        -1.4876625225         1.4956796781        -1.6222962883
P15        -1.1253023061         1.6425155338         0.0569733691
C16        -2.8663373339         2.0791587168         0.4127988228
C17        -3.5787431735         1.4754309019         1.4694940095
C18        -4.9119428327         1.8147900480         1.7151835988
C19        -5.5550732780         2.7559993435         0.9103199361
C20        -4.8653230101         3.3602352323        -0.1416444216
C21        -3.5315655543         3.0249209633        -0.3907072458
C22        -0.6108319878         1.7317006130         1.8282557346
C23        -1.0146380930         2.8286586688         2.6251638819
C24        -0.6139105723         2.9381611003         3.9586055473
C25         0.2169338912         1.9712693577         4.5206667469
C26         0.6595058200         0.9010728801         3.7452047161
C27         0.2629366404         0.7857206590         2.4095786782
C28         0.0825251920         2.9445527834        -0.2903033777
C29        -0.2872978804         4.2998885922        -0.2550849941
C30         0.6538726617         5.2959459783        -0.5314227058
C31         1.9692010628         4.9488282758        -0.8479392716
C32         2.3456500701         3.6044098033        -0.8871069291
C33         1.4077104572         2.6053877134        -0.6106478084
H34        -2.9450562140        -3.7506640091         0.3585570457
H35        -1.3571170889        -4.6013346484         0.1771384819
H36        -2.4809075301        -5.0467972442         1.5206521098
H37        -2.1789560581        -2.7291672904         2.5044758046
H38        -0.6569466602        -3.6836475015         2.4239128775
H39         0.3810789527        -0.2861531227        -0.2914922569
H40        -0.1518172130         0.1698743184        -2.4427058777
H41        -3.1035158715        -0.5800860342        -1.8810235760
H42        -0.6537261000        -2.2636784684        -2.5948151727
H43        -2.1859729851        -2.7265432693        -1.7884499371
H44        -2.3238926994        -3.8605043042        -3.8574708136
H45        -1.5444755611        -2.5170241701        -4.7649078435
H46        -4.3780982160        -2.5281062976        -3.5613652987
H47        -3.9495997383        -2.5759470491        -5.3057021779
H48        -3.6609410854        -0.2987812323        -5.3904285921
H49        -4.4942372129        -0.2278718614        -3.8146914610
H50        -3.1024396186         0.7543768931         2.1198761198
H51        -5.4460997261         1.3485540789         2.5329559556
H52        -6.5877600982         3.0172639905         1.1018775422
H53        -5.3652075528         4.0882850072        -0.7673650119
H54        -3.0238002513         3.5013112014        -1.2189060264
H55        -1.6456571664         3.6067553334         2.2182652506
H56        -0.9444224874         3.7787889305         4.5549551112
H57         0.5289214681         2.0582948894         5.5533938527
H58         1.3219109982         0.1617920075         4.1770561629
H59         0.6666250122        -0.0409726859         1.8532306835
H60        -1.2946664941         4.5937197899        -0.0003872566
H61         0.3634700320         6.3380568788        -0.4978011025
H62         2.6966761906         5.7212591169        -1.0613152432
H63         3.3652301327         3.3358088983        -1.1315589469
H64         1.7207159942         1.5716321003        -0.6446519737
&

