&gen
basis=6-31G**
igeopt=1
dftname=PBE-D3
ifreq=1
&
entry_name: J1_10534_2111.in
&zmat
C1          5.2092054768        -0.8287678442        -2.8715631425
O2          3.9914193985        -1.2209458772        -2.2806889647
C3          3.8713462709        -2.6281742379        -2.3377217551
O4          2.6665623771        -3.0258576205        -1.7178234276
C5          1.5700268425        -2.7706862744        -2.5714796411
C6          0.2583756515        -3.0584112141        -1.8177727919
O7          0.1246100326        -4.4705842207        -1.7084819402
C8          0.3554680362        -4.9063967767        -0.3858376106
C9         -0.9673102177        -2.4961101346        -2.5954757507
O10        -2.0811749995        -3.3030233540        -2.3459133642
C11        -3.0461488727        -2.5010071632        -1.7012276431
C12        -4.3336982200        -2.5132132972        -2.5304596725
C13        -3.3170938691        -3.0761017561        -0.3082480043
O14        -2.6073942004        -1.1707334072        -1.5629487338
C15        -1.4290788864        -1.0635954787        -2.2956566138
C16        -0.4511508238        -0.0661287036        -1.6184934257
O17        -1.0115119546         1.2225416976        -1.6325607174
P18        -0.9511260547         1.5483579343         0.0582561346
C19        -2.7365371142         1.8389626484         0.1283167017
C20        -3.2749901359         3.1037886325        -0.1605338159
C21        -4.6567378426         3.3115679144        -0.1081762464
C22        -5.5108682821         2.2630216677         0.2414601057
C23        -4.9830923703         1.0081839144         0.5527804081
C24        -3.6025197494         0.7985403467         0.5048553162
C25        -0.9401660167         1.7732125211         1.8894519154
C26        -0.9560635756         0.6774194174         2.7799796671
C27        -0.9668049638         0.8776259381         4.1631103507
C28        -1.0034219703         2.1693892001         4.6857636069
C29        -1.0513210652         3.2649505560         3.8255493853
C30        -1.0372524254         3.0711426294         2.4422987649
C31         0.2236369547         2.9187918026        -0.2372613222
C32         1.4152874673         3.0286132848         0.5065461669
C33         2.3198417739         4.0634977318         0.2559117754
C34         2.0553797895         4.9962647435        -0.7477661522
C35         0.8880465523         4.8915400410        -1.5057029109
C36        -0.0196670298         3.8577487875        -1.2578124424
C37        -0.3145311621        -0.1507872209        -0.1130386919
C38         1.1021651695        -0.3189838146         0.3770950773
O39         2.0688414374         0.1908905246        -0.2522591458
O40         1.3136104822        -1.0532152030         1.5526250234
C41         2.5581915107        -1.2240448231         2.2438545788
C42         2.2622413833        -2.0511339431         3.5035859502
C43         3.1351507888         0.1395571489         2.6679198179
C44         3.5652665486        -1.9908778331         1.3683641097
H45         5.2451028113        -1.1133714265        -3.9466618824
H46         5.2891918745         0.2761661655        -2.8143560161
H47         6.0789215013        -1.2572450433        -2.3254295129
H48         3.9301563818        -3.0045519614        -3.3884093575
H49         4.7021542655        -3.1019644322        -1.7685202826
H50         1.5846872833        -1.7230641943        -2.9333747169
H51         1.6198015526        -3.4357231512        -3.4640551839
H52         0.2996956407        -2.5650231837        -0.8264642805
H53        -0.4165412367        -4.5028120825         0.3045700694
H54         1.3721897212        -4.6212382407        -0.0379752232
H55         0.2868666957        -6.0130224984        -0.3599597210
H56        -0.7519459772        -2.5747322204        -3.6853686551
H57        -4.1341857442        -2.1028501380        -3.5433177488
H58        -4.7163566027        -3.5507242592        -2.6393651709
H59        -5.1140879901        -1.8882842045        -2.0450108307
H60        -3.6336466517        -4.1385855566        -0.3816257734
H61        -4.1145217278        -2.4968321996         0.2047032867
H62        -2.3956660358        -3.0237651472         0.3085123355
H63        -1.7005448104        -0.6048885543        -3.2740926264
H64         0.5115534504        -0.0184500684        -2.1605823539
H65        -2.6353260373         3.9372994824        -0.4044691798
H66        -5.0650824703         4.2883639731        -0.3330839151
H67        -6.5800510445         2.4259690161         0.2820694074
H68        -5.6428720692         0.1990132034         0.8381016728
H69        -3.2108052433        -0.1707704713         0.7774814610
H70        -0.9850115847        -0.3401055726         2.4322104791
H71        -0.9616517039         0.0261623487         4.8314858139
H72        -1.0163938382         2.3204731723         5.7573874650
H73        -1.1078717765         4.2671808199         4.2302807273
H74        -1.1052730681         3.9414093523         1.8031279134
H75         1.6396348314         2.3255342226         1.2949076110
H76         3.2268796762         4.1416496948         0.8412728399
H77         2.7575274971         5.7966491231        -0.9420807327
H78         0.6892711228         5.6078730611        -2.2923693474
H79        -0.9004887659         3.7836685151        -1.8806394652
H80        -0.9964063719        -0.9066487584         0.3230520464
H81         1.5259671126        -1.5218091196         4.1465685262
H82         3.1878872844        -2.2254175792         4.0939413485
H83         1.8294836728        -3.0360379814         3.2242394802
H84         3.4657014690         0.7278825177         1.7877468420
H85         2.3673605344         0.7262517408         3.2169391950
H86         4.0173418624         0.0023150340         3.3297601982
H87         3.1150423859        -2.9404496495         1.0093403862
H88         4.4827656125        -2.2312905697         1.9475585882
H89         3.8717520076        -1.3908758821         0.4884889790
&

