&zmat
 N1             -0.7608423602             2.3665420470             4.3298134411
 C2             -0.5048802365             1.6517113376             3.2861249004
 C3              0.0847162355             0.3000032775             3.2589077449
 C4              0.3628275308            -0.4899658203             2.1955266353
 P5              0.1197025340            -0.1866433017             0.5003843930
 C6             -0.5508127910             1.3526429693            -0.2868977534
 C7             -1.9426235798             1.5221252150            -0.4504684407
 C8             -2.4650149099             2.7622820668            -0.8355095074
 C9             -1.6099287352             3.8524216035            -1.0520610744
 C10            -0.2266370829             3.6976903912            -0.8782901976
 C11             0.3006332306             2.4602231923            -0.4927593699
 C12             1.7555875874            -0.4217045738            -0.2990057412
 C13             2.8094067385            -0.9778063095             0.4484127435
 C14             4.0546527941            -1.1964042457            -0.1542660167
 C15             4.2501662390            -0.8833302962            -1.5071205695
 C16             3.1966414135            -0.3409588209            -2.2578451396
 C17             1.9529466171            -0.1075330138            -1.6582351172
 C18            -0.9953416593            -1.5143125753            -0.0963790825
 C19            -1.4074628731            -1.5557397179            -1.4427866510
 C20            -2.2384180794            -2.5902422198            -1.8890458848
 C21            -2.6647596010            -3.5840864508            -0.9959307402
 C22            -2.2530850775            -3.5454212167             0.3437669618
 C23            -1.4113068933            -2.5204102137             0.7933986632
 H24            -0.4794429815             1.8340353994             5.1758383623
 H25            -0.7537977487             2.0920284899             2.3055010770
 H26             0.3161834330            -0.0938132247             4.2684623384
 H27            -2.6179694024             0.6787728782            -0.2769917355
 H28            -3.5453392364             2.8777546445            -0.9659369962
 H29            -2.0208243429             4.8217508005            -1.3490814592
 H30             0.4451700810             4.5457772976            -1.0416960966
 H31             1.3804013779             2.3496315885            -0.3516399571
 H32             2.6241820544            -1.2347267599             1.4967458033
 H33             4.8735475362            -1.6198479594             0.4350501921
 H34             5.2213261416            -1.0633344083            -1.9777944502
 H35             3.3434821381            -0.0947185993            -3.3137360064
 H36             1.1424467886             0.3370379481            -2.2435857069
 H37            -1.0924378227            -0.7725837455            -2.1390098346
 H38            -2.5554861456            -2.6183037443            -2.9358130781
 H39            -3.3156908408            -4.3907909344            -1.3465315990
 H40            -2.5832260947            -4.3204214505             1.0419789764
 H41            -1.0545962874            -2.4838218308             1.8279848023
&

