&gen
basis=6-31G**
igeopt=1
dftname=PBE-D3
ifreq=1
&
entry_name: J1_10526_2111.in
&zmat
C1         -2.7214906638         1.7822745626         0.0124348261
P2         -0.9148158717         1.4736808800        -0.0663027986
C3         -0.6585009051         1.5402302955         1.7585855391
C4         -1.5772210066         0.9225543976         2.6356640969
C5         -1.3456723937         0.8932277795         4.0135473500
C6         -0.1774279847         1.4423791803         4.5401854539
C7          0.7724767711         2.0026084053         3.6875322259
C8          0.5463368774         2.0358967174         2.3092242494
C9         -0.0171686381         3.0229239140        -0.4047175873
C10        -0.4283203034         4.2148077588         0.2224000412
C11         0.2369936288         5.4177405153        -0.0297541244
C12         1.3036193957         5.4518298198        -0.9293537068
C13         1.6956742997         4.2856351846        -1.5888540666
C14         1.0332514773         3.0803890915        -1.3377222180
O15        -1.0200405315         1.1336991398        -1.7525890177
C16        -0.4913297611        -0.1727790833        -1.7166890199
C17        -1.4652299213        -1.2086864496        -2.2361271409
C18        -1.0362092365        -2.5413643737        -2.3549804874
C19        -1.9131242376        -3.5298927096        -2.8111164691
C20        -3.2268480603        -3.1980461829        -3.1502772135
C21        -3.6659416542        -1.8770909199        -3.0331684527
C22        -2.7928406199        -0.8844293093        -2.5775001627
C23        -0.3181008495        -0.2354007635        -0.2184815606
C24         1.0767942152        -0.5054255170         0.3375688577
C25         1.1730289841        -1.1570944365         1.5833331349
C26         2.4156978763        -1.3852862601         2.1793830482
C27         3.5839972455        -0.9726070928         1.5395647494
C28         3.5104807651        -0.3351809850         0.3008600876
C29         2.2692531530        -0.1019517572        -0.2991877631
H30        -3.0543746154         2.3052825910        -0.9082797161
H31        -3.2657797585         0.8180363466         0.0829359096
H32        -2.9909120327         2.4338562362         0.8692105236
H33        -2.4657718744         0.4348616671         2.2617702770
H34        -2.0664933558         0.4265405092         4.6724475172
H35         0.0031710265         1.4112422489         5.6068526984
H36         1.6961835453         2.3950746860         4.0927803991
H37         1.3354978479         2.4209747681         1.6788351446
H38        -1.2552163838         4.2118515457         0.9203628329
H39        -0.0771355979         6.3245396147         0.4707112705
H40         1.8163326044         6.3843453599        -1.1266941237
H41         2.5050395432         4.3178253656        -2.3067931842
H42         1.3192245001         2.2122524425        -1.9050010146
H43         0.4484756067        -0.2138401587        -2.3014359911
H44        -0.0218303068        -2.8136557184        -2.0895953464
H45        -1.5743306453        -4.5540117571        -2.8996639020
H46        -3.9049143702        -3.9645414333        -3.5026304358
H47        -4.6846725097        -1.6217861392        -3.2949796193
H48        -3.1589794418         0.1300491598        -2.4955359085
H49        -1.0681231661        -0.9154161123         0.2467097533
H50         0.2799052545        -1.4759037297         2.1064796824
H51         2.4714994901        -1.8789916044         3.1409206660
H52         4.5464536350        -1.1490353963         2.0020930029
H53         4.4184889385        -0.0209814904        -0.1976315167
H54         2.2674535733         0.3784774017        -1.2596205320
&

