&gen
basis=6-31G**
igeopt=1
dftname=PBE-D3
ifreq=1
&
entry_name: J1_9695_2111.in
&zmat
F1         -0.3291007677         0.3730769198        -3.3329918110
C2          0.6254642440         0.1397225107        -2.3962069832
P3          0.2217056126         0.0435593236        -0.8198694641
C4         -0.9286037402        -1.3286473828        -0.6071921989
C5         -0.6209014011        -2.4050164924         0.2408454999
C6         -1.5300261723        -3.4552232190         0.4024090004
C7         -2.7514410933        -3.4360132238        -0.2760008296
C8         -3.0670197302        -2.3645951837        -1.1153559475
C9         -2.1603741960        -1.3132327903        -1.2799225779
C10         1.7127941747        -0.2108359815         0.1631231591
C11         2.6730409804        -1.1492203112        -0.2478308851
C12         3.8133880363        -1.3767647139         0.5283434629
C13         3.9970027281        -0.6781103333         1.7243375873
C14         3.0369526182         0.2442622692         2.1486725625
C15         1.8947765447         0.4739284438         1.3753685089
C16        -0.5742346679         1.5840556263        -0.3287284490
C17        -1.6066789301         1.5768602677         0.6223683832
C18        -2.1914318612         2.7780700911         1.0347941062
C19        -1.7389836947         3.9929178482         0.5129208141
C20        -0.6958953863         4.0084452779        -0.4169422751
C21        -0.1090090010         2.8090122420        -0.8316556842
H22         1.6640090567         0.0764037656        -2.7007633644
H23         0.3140872065        -2.4375462997         0.7823939896
H24        -1.2883873756        -4.2833437630         1.0561115220
H25        -3.4542982186        -4.2491418635        -0.1486031487
H26        -4.0154812565        -2.3472090405        -1.6364471532
H27        -2.4229575307        -0.4843679228        -1.9246427938
H28         2.5356730630        -1.7110295921        -1.1628828361
H29         4.5520901649        -2.0988005765         0.2052315264
H30         4.8793648192        -0.8562064821         2.3252806175
H31         3.1755026943         0.7783488044         3.0798175976
H32         1.1578380289         1.1825169696         1.7282475845
H33        -1.9564913983         0.6465923990         1.0503999656
H34        -2.9913186977         2.7675121840         1.7638310901
H35        -2.1910442426         4.9221435661         0.8347701328
H36        -0.3383257811         4.9503627184        -0.8123638729
H37         0.7083151708         2.8375139446        -1.5408668360
&

