&gen
basis=6-31G**
igeopt=1
dftname=PBE-D3
ifreq=1
&
entry_name: J1_10107_2111.in
&zmat
C1         -3.6489607777        -5.2537586521        -4.1360541625
C2         -2.5203032249        -4.4040076615        -3.5597526657
C3         -3.0022835215        -2.9834589284        -3.2448713032
C4         -1.8669678674        -2.1346112617        -2.6619995038
C5         -2.3507752635        -0.7134470492        -2.3424666723
C6         -1.2371737197         0.1379483434        -1.7041211650
O7         -1.6341597200         1.4825137903        -1.5547640083
P8         -1.2389689756         1.6627986633         0.1143847497
C9         -2.8913053917         2.3995723503         0.4919700998
C10        -4.0342866173         2.0753458077        -0.2687635686
C11        -5.2704831929         2.6626578520         0.0050801534
C12        -5.3916121240         3.6017918504         1.0268272332
C13        -4.2759817451         3.9737423387         1.7783074529
O14        -4.4442047134         4.9310325303         2.7901867683
C15        -3.4016567776         5.3913496305         3.6442009735
C16        -3.0295473855         3.3829629008         1.4982052753
C17        -0.7131956245         1.5166434663         1.8827584341
C18         0.6331874118         1.6885558285         2.2718164943
C19         1.0266463449         1.5076466511         3.5989453249
C20         0.0991764785         1.1186249484         4.5628123608
C21        -1.2368553527         0.8893007287         4.1993178444
O22        -2.2066725224         0.4719712836         5.1230620159
C23        -1.9535216132         0.2375172560         6.5042933388
C24        -1.6257124601         1.0755700249         2.8689109726
C25         0.0041034435         2.9118068433        -0.3516739668
C26         1.2062268668         2.5121280764        -0.9635188779
C27         2.1545053161         3.4591200958        -1.3531659793
C28         1.9094961609         4.8188287691        -1.1609828810
C29         0.6981586592         5.2426453724        -0.5863987900
O30         0.3931952693         6.5980281702        -0.3907923011
C31         1.2572858887         7.6750739229        -0.7380115056
C32        -0.2478579968         4.2865248049        -0.1968171396
C33        -0.8673000932        -0.0844816999        -0.2524649775
C34        -1.5931831250        -1.1630872722         0.5514157791
C35        -2.9688347504        -1.1249744754         0.8507308307
C36        -3.5687722203        -2.1469331198         1.5915025800
C37        -2.8076408886        -3.2247114571         2.0434375058
C38        -1.4444524879        -3.2820257694         1.7544451884
C39        -0.8414657636        -2.2612847918         1.0145546906
H40        -4.0262709977        -4.8054506412        -5.0798348155
H41        -4.4837422998        -5.3319912948        -3.4072659365
H42        -3.2712511669        -6.2748925000        -4.3541537626
H43        -2.1451688012        -4.8871480008        -2.6310937548
H44        -1.6884863192        -4.3631481658        -4.2964421819
H45        -3.3781427899        -2.5060368521        -4.1767097371
H46        -3.8369135651        -3.0338303880        -2.5108154445
H47        -1.0324757684        -2.0803908071        -3.3954065065
H48        -1.4870772924        -2.6237674842        -1.7415124950
H49        -3.2558505305        -0.7491078666        -1.7098474810
H50        -2.6492571188        -0.2243386130        -3.2953236302
H51        -0.3297159186         0.1046995185        -2.3480642846
H52        -3.9902620269         1.3638707009        -1.0773943111
H53        -6.1386048107         2.3902882804        -0.5813608944
H54        -6.3559379587         4.0496910658         1.2308495582
H55        -2.9796272555         4.5426221686         4.2233711759
H56        -2.6043401220         5.8794275884         3.0445877367
H57        -3.8168077075         6.1349115864         4.3548231243
H58        -2.1643894353         3.6868611552         2.0684575220
H59         1.4033964353         1.9418676541         1.5635635414
H60         2.0618031022         1.6565287609         3.8785983126
H61         0.4340112202         0.9832918329         5.5820800959
H62        -1.5974665867         1.1701325604         6.9907622386
H63        -2.8948197203        -0.0826768307         6.9959598028
H64        -1.1985415917        -0.5682408591         6.6225073761
H65        -2.6563915880         0.8747989248         2.6163770890
H66         1.4239865513         1.4676396495        -1.1296746757
H67         3.0823770014         3.1372812915        -1.8082871011
H68         2.6612915628         5.5310970198        -1.4721382354
H69         1.4567270394         7.6676222116        -1.8304263792
H70         2.2108811687         7.5963928329        -0.1743789064
H71         0.7660982116         8.6336677312        -0.4731260228
H72        -1.1818856794         4.6384507243         0.2050337586
H73         0.2313101597        -0.2306488664        -0.1700258178
H74        -3.5861987864        -0.3112153153         0.5279059037
H75        -4.6264518722        -2.1011923615         1.8166995952
H76        -3.2740077409        -4.0150757909         2.6171610615
H77        -0.8530695118        -4.1186383714         2.1033941613
H78         0.2179194441        -2.3321095098         0.8015440380
&

