&gen
basis=6-31G**
igeopt=1
dftname=PBE-D3
ifreq=1
&
entry_name: J1_10267_2111.in
&zmat
C1          3.5765182070        -1.3317116956        -0.7897073997
C2          2.4685259276        -1.5918817338         0.2175851441
O3          1.2626381310        -0.9909506776        -0.2393459170
C4          0.0634780671        -1.0528981064         0.4762289318
O5          0.0311439256        -1.6704924100         1.5779435008
C6         -1.1914816894        -0.3579916855        -0.0400021431
C7         -2.4536651695        -0.9843067944         0.6035285504
C8         -1.2172970164        -0.2469980973        -1.5647096708
C9         -2.4665733564        -0.7673487888        -2.3064903079
O10        -2.5772706016        -2.1715133774        -2.2304829558
C11        -2.3666612027        -1.6373889647        -3.5182589748
C12        -1.0337055961        -2.1380059734        -4.1014192357
O13        -1.2782395942        -3.3717514723        -4.7450411023
C14        -0.0487622152        -3.9622435264        -5.1608058309
C15        -0.3059700521        -5.0558558419        -6.1701135033
C16         0.5722686967        -6.1509351617        -6.2496496319
C17         0.3706155487        -7.1518215767        -7.2050173505
C18        -0.7003593383        -7.0629139458        -8.0974738264
C19        -1.5687859952        -5.9702447588        -8.0395697386
C20        -1.3714791300        -4.9667783783        -7.0859822564
O21         0.8946062384        -3.0350877847        -5.6958410401
C22         0.2502836285        -1.9012902411        -6.2369436177
C23        -0.4897382267        -1.1300501951        -5.1374153785
O24         0.3976713921        -0.2322102011        -4.5218863565
O25        -1.2064047077         1.1573641225        -1.6161798465
P26        -1.1171056212         1.4840735869         0.0735344719
C27        -2.5824855916         2.5531983487        -0.1628211798
C28        -2.4221683900         3.7983611148        -0.8022299336
C29        -3.5269086668         4.6040692729        -1.0911517131
C30        -4.8122974383         4.1716664468        -0.7670732667
C31        -4.9939048859         2.9306702712        -0.1575820836
C32        -3.8913785688         2.1210343871         0.1305280222
C33        -0.9801794691         1.5947946711         1.9238308159
C34        -2.0178199198         2.0671460772         2.7628947418
C35        -1.8579540323         2.1148296855         4.1512588248
C36        -0.6623394528         1.7074080675         4.7373845421
C37         0.3835802581         1.2608269756         3.9353065723
C38         0.2305215763         1.2100058384         2.5484989640
C39         0.4461350539         2.4195069332        -0.1373200752
C40         1.4630519161         1.9639000075        -0.9986179615
C41         2.6463255610         2.6916426736        -1.1532654839
C42         2.8266026326         3.8924044366        -0.4660329883
C43         1.8174501739         4.3752954227         0.3673678892
C44         0.6326759868         3.6516706644         0.5246684498
H45         3.7491039480        -0.2394923266        -0.8899120687
H46         4.5156953862        -1.8150391022        -0.4475883810
H47         3.2943119431        -1.7485712380        -1.7798198618
H48         2.3224438033        -2.6881234046         0.3289571273
H49         2.7554751083        -1.1580064306         1.2000038095
H50        -2.5337779861        -0.6925888439         1.6712695558
H51        -2.3897072620        -2.0925806545         0.5557587764
H52        -3.3912920449        -0.7152358854         0.0919397602
H53        -0.2852990180        -0.6074493646        -2.0259279013
H54        -3.4451273948        -0.2658409999        -2.1503533444
H55        -3.2824444458        -1.7264216697        -4.1405600330
H56        -0.2897347733        -2.3070911930        -3.2900102735
H57         0.4147482655        -4.4308678990        -4.2636531579
H58         1.4138488865        -6.2292794961        -5.5724069147
H59         1.0477581510        -7.9946718796        -7.2560446738
H60        -0.8540727997        -7.8377904185        -8.8373378771
H61        -2.3936079534        -5.8985158619        -8.7367382739
H62        -2.0508758931        -4.1241959500        -7.0647492899
H63        -0.4558894831        -2.2033906753        -7.0428092683
H64         1.0113986071        -1.2462470952        -6.7120402033
H65        -1.3248023153        -0.5741368637        -5.6291656375
H66        -0.1422981048         0.5417195933        -4.2143548745
H67        -1.4462010822         4.1426730916        -1.1111868862
H68        -3.3860533331         5.5594456649        -1.5800028341
H69        -5.6673465240         4.7961797032        -0.9913512216
H70        -5.9909639583         2.5972479090         0.0999284012
H71        -4.0723631901         1.2006542810         0.6516025316
H72        -2.9554815492         2.4228982271         2.3879095909
H73        -2.6653900267         2.4766153587         4.7751164109
H74        -0.5428398252         1.7484908521         5.8123167320
H75         1.3194444813         0.9582693049         4.3871963272
H76         1.0776876419         0.8835643256         1.9618976662
H77         1.3448525272         1.0618174534        -1.5759788456
H78         3.4212894069         2.3276637493        -1.8154839502
H79         3.7430859327         4.4547969917        -0.5891391472
H80         1.9507367029         5.3140494034         0.8892832720
H81        -0.1405446273         4.0548727225         1.1659864711
&

