&gen
basis=6-31G**
igeopt=1
dftname=PBE-D3
ifreq=1
&
entry_name: J1_10496_2111.in
&zmat
C1          9.7946129501        -3.9781720123        -0.6873465513
C2          9.7322123823        -3.8095646077         0.6368560985
C3          8.6238743925        -3.0249870510         1.2832364586
C4          8.7583529575        -1.5255661687         0.9834514850
C5          7.7553900384        -0.6663131025         1.7714723109
C6          6.2877812459        -0.8997657939         1.3568536783
C7          5.5302961997        -1.7792149600         2.3688532848
C8          4.1568644841        -2.2357690775         1.8503179305
C9          3.1919089613        -1.0593971252         1.6356600159
C10         1.7659598884        -1.5317490446         1.2998353233
C11         0.8749836282        -0.6333060637         0.3546084391
C12        -0.5776510113        -1.1161543201         0.3714345101
O13        -1.4103479408        -0.6883496492        -0.4747321935
O14        -0.9809587471        -2.0952672969         1.2878956919
C15        -2.3149218756        -2.5833604384         1.3547014077
C16         1.3633659070        -0.5698092814        -1.0942385756
C17         2.4495236654        -1.5287331580        -1.6324731400
C18         1.8917438678        -2.9254069646        -1.9680661519
C19         1.2084902988        -2.9700602058        -3.3434422618
C20         0.6946999861        -4.3809716789        -3.6550395269
C21         0.0194589110        -4.4284621420        -5.0338660545
C22        -0.6279704795        -5.7905337679        -5.3293799928
C23         0.4082797632        -6.8955765132        -5.5812492396
C24        -0.2682168920        -8.1969559318        -6.0026390113
O25         1.8130672654         0.7502865239        -1.0402843350
P26         1.1028219191         1.2292699303         0.4635929008
C27         2.7014264746         2.0122136143         1.0046503701
C28         3.5818646473         2.5748011013         0.0500248977
C29         4.7997982667         3.1441080117         0.4316673478
C30         5.1754711587         3.1665537748         1.7718520927
C31         4.3346084343         2.6167174940         2.7349248709
C32         3.1152096967         2.0465047499         2.3616709261
C33         0.2739631568         1.7066340317         2.0523331908
C34        -0.2683821736         0.7795404839         2.9651069270
C35        -0.8812166226         1.2065058363         4.1471367103
C36        -0.9629302596         2.5648983151         4.4472451668
C37        -0.4292958268         3.5021782130         3.5660903822
C38         0.1830124579         3.0810088964         2.3840861499
C39        -0.0938729122         2.2909122052        -0.4403117538
C40        -1.4864227053         2.1858894740        -0.2275563241
C41        -2.3813943303         3.0019747986        -0.9242140342
C42        -1.9060060112         3.9402392528        -1.8395464604
C43        -0.5338431203         4.0692838392        -2.0525867170
C44         0.3652566598         3.2558374050        -1.3568908635
H45         9.0465350874        -3.5419593503        -1.3423977399
H46        10.5991341829        -4.5616108579        -1.1229819280
H47        10.4844066588        -4.2765029596         1.2658737861
H48         7.6479879092        -3.4079221941         0.9150201393
H49         8.6723088507        -3.1862653562         2.3818871514
H50         9.7842740197        -1.1945797893         1.2582508338
H51         8.6274534832        -1.3421568617        -0.1055582950
H52         8.0069318297         0.3989272979         1.5731850958
H53         7.8962017721        -0.8226879891         2.8638670351
H54         6.2323691008        -1.3468569120         0.3399341546
H55         5.7852862323         0.0901733528         1.3065454482
H56         5.4021580119        -1.2199249229         3.3216397194
H57         6.1254409272        -2.6874650471         2.5982693927
H58         3.7178154630        -2.9304675146         2.5997155617
H59         4.2879263433        -2.8023388177         0.9030807079
H60         3.1505982753        -0.4966278247         2.5863431756
H61         3.5915956433        -0.4089016809         0.8383364266
H62         1.8123386809        -2.5474627291         0.8580592905
H63         1.2644321027        -1.7020598612         2.2717888248
H64        -2.3848802248        -3.3426311682         2.1602258186
H65        -2.5957942349        -3.0550673664         0.3892894366
H66        -3.0123983093        -1.7498655226         1.5836396613
H67         0.5323572777        -0.5752831098        -1.8306261993
H68         2.8862244356        -1.0824572217        -2.5525680041
H69         3.2983843622        -1.6352672560        -0.9397422147
H70         2.7378659461        -3.6472211156        -1.9685055635
H71         1.1697724041        -3.2536185325        -1.1908174423
H72         0.3526314398        -2.2625879148        -3.3625401460
H73         1.9363970680        -2.6649201274        -4.1271817737
H74        -0.0369053113        -4.6847962198        -2.8741488341
H75         1.5514933722        -5.0876145687        -3.6336331003
H76         0.7595410973        -4.1829183942        -5.8269483077
H77        -0.7796827963        -3.6556607588        -5.0686962390
H78        -1.2952279513        -6.0812112142        -4.4883378968
H79        -1.2605561930        -5.6786801367        -6.2373658396
H80         0.9925765083        -7.0889380488        -4.6570948192
H81         1.1092653476        -6.5798177198        -6.3842943896
H82        -0.9634766167        -8.5446116054        -5.2089719014
H83         0.5017925499        -8.9797167734        -6.1682012035
H84        -0.8335549930        -8.0504232548        -6.9476207883
H85         3.3623588171         2.5595993379        -1.0049741486
H86         5.4590188165         3.5616498173        -0.3185417095
H87         6.1220426086         3.6030470451         2.0631303811
H88         4.6309293016         2.6241786381         3.7759563496
H89         2.5178431686         1.6144293936         3.1505975320
H90        -0.2363069881        -0.2719357159         2.7977218048
H91        -1.2937954940         0.4786418592         4.8340682932
H92        -1.4374703283         2.8905628021         5.3638470872
H93        -0.4874044201         4.5575622279         3.7989086757
H94         0.5970276978         3.8321612166         1.7232079730
H95        -1.8880622421         1.4996101176         0.5039512991
H96        -3.4452829440         2.9121480003        -0.7464524779
H97        -2.6001307602         4.5728663368        -2.3775045925
H98        -0.1643903768         4.8029152260        -2.7575082928
H99         1.4155049650         3.3887818950        -1.5457480657
&

