&zmat
 C1             -1.9180706436            -5.2092500900            -4.3367343292
 C2             -0.8607797757            -4.4013124990            -3.5977192031
 C3              0.5709841164            -4.7272253237            -4.0364590815
 O34            -1.1574028674            -3.0102860803            -3.7811217664
 C33            -0.7097327249            -2.3427111631            -2.5970696964
 C8             -1.6333141769            -1.1617378361            -2.2491093716
 C9             -0.8558150028             0.1195579713            -1.9482369657
 O10            -1.7722835870             1.1770927266            -1.5814656291
 P11            -1.1124677225             1.7086129689            -0.0776395115
 C12            -2.6567505702             2.7683320057             0.1216912175
 C13            -3.9275727317             2.2729749473            -0.2318623407
 C14            -5.0795098438             3.0351564267             0.0083638598
 C15            -4.9779806616             4.3016237905             0.5999112313
 C16            -3.7175734504             4.8023782906             0.9536488685
 C17            -2.5665695275             4.0381203615             0.7225790310
 C18            -0.9894919828             1.2104752590             1.7297446608
 C19            -2.0976529009             1.2616775838             2.5961298106
 C20            -1.9726734543             0.8658539675             3.9358245861
 C21            -0.7375997822             0.4374058512             4.4349520724
 C22             0.3736743587             0.3831781253             3.5806333950
 C23             0.2447977809             0.7446983577             2.2352310717
 C24             0.1474373582             3.0045669860            -0.4089226342
 C25             0.2081558517             3.5058137959            -1.7231557899
 C26             1.1407059627             4.4952248070            -2.0554085461
 C27             2.0158892336             4.9964966005            -1.0815127720
 C28             1.9509012937             4.5052818936             0.2289077218
 C29             1.0214679451             3.5128371279             0.5686958928
 C30            -0.0076049115             0.0623750173            -0.6849462191
 C31             1.4166505961             0.1540312693            -0.8159542909
 N32             2.5879556738             0.2640143472            -0.8961300056
 O7             -2.3622065659            -1.5356074575            -1.0601678295
 C6             -2.3651686822            -2.9638714712            -0.9797096387
 C5             -0.9789695776            -3.4001127812            -1.5021337077
 O4             -0.9827188316            -4.6546629413            -2.1713241770
 H35            -1.8519456682            -5.0263066785            -5.4199710809
 H36            -2.9166472155            -4.9163804118            -3.9812098483
 H37            -1.7686143341            -6.2829005749            -4.1485999133
 H38             1.2953997887            -4.1107565781            -3.4820466017
 H39             0.6955321266            -4.5355574963            -5.1135799137
 H40             0.7970777644            -5.7852223192            -3.8334253952
 H62             0.3545783012            -2.0450561663            -2.6736866930
 H44            -2.3344792720            -0.9865851976            -3.0886594439
 H45            -0.2786565303             0.4170807739            -2.8437177084
 H46            -4.0078657162             1.2869001907            -0.6967129371
 H47            -6.0602405481             2.6367359349            -0.2706521203
 H48            -5.8776070692             4.8972890814             0.7835098985
 H49            -3.6284042710             5.7921770440             1.4124051074
 H50            -1.5885264018             4.4392877672             1.0070761860
 H51            -3.0655751137             1.6073429819             2.2264608767
 H52            -2.8485895074             0.9001885075             4.5910145700
 H53            -0.6397229016             0.1399235882             5.4835346116
 H54             1.3447725602             0.0494306399             3.9589698959
 H55             1.1198769061             0.6734543816             1.5820973577
 H56            -0.4874298275             3.1237235153            -2.4770540973
 H57             1.1821106787             4.8772089619            -3.0799158730
 H58             2.7457021609             5.7683017951            -1.3431506949
 H59             2.6276910645             4.8938173754             0.9959598906
 H60             0.9756524169             3.1414810201             1.5959086034
 H61            -0.3040753054            -0.7781201467            -0.0370692185
 H42            -3.1433445770            -3.4147782656            -1.6295620618
 H43            -2.5654546491            -3.2378663334             0.0677225476
 H41            -0.2179466820            -3.3988197846            -0.7021658494
&

