&gen
basis=6-31G**
igeopt=1
dftname=PBE-D3
ifreq=1
&
entry_name: J1_10484_2111.in
&zmat
C1         -1.7441967816        -3.9319253900        -5.1977670804
C2         -1.0481901740        -4.0575163897        -3.8403259259
C3         -0.0754996290        -5.2413844395        -3.8551606136
O4         -2.0270649482        -4.2789178697        -2.8495009860
C5         -1.8365888870        -3.2919871320        -1.8833849385
C6         -3.0305487829        -2.3546470034        -1.8127026112
O7         -2.5580283366        -1.0339601012        -1.7453890416
C8         -1.3047944468        -1.0251887576        -2.3860872222
C9         -0.3709419786         0.0237033156        -1.7510091517
O10        -0.9791310650         1.2883759124        -1.7215117782
P11        -0.8277888196         1.5873029011        -0.0309251847
C12        -2.6131010474         1.8310255982         0.1513871857
C13        -3.4295531909         0.7573427985         0.5459800395
C14        -4.8087302403         0.9317549898         0.6889466276
C15        -5.3841283126         2.1818448410         0.4520222363
C16        -4.5789661071         3.2608339571         0.0803529375
C17        -3.1990942979         3.0893940704        -0.0659116273
C18        -0.6986575213         1.7930502052         1.7966678465
C19        -0.8568688835         3.0756466012         2.3698259832
C20        -0.7970419314         3.2580537889         3.7532456668
C21        -0.5994572149         2.1647482996         4.5947714481
C22        -0.4731699982         0.8857688005         4.0541516230
C23        -0.5320815106         0.6957165670         2.6702788099
C24         0.3075067381         2.9782572572        -0.3663731293
C25        -0.0253948274         3.9538385380        -1.3247740361
C26         0.8514070620         5.0063504293        -1.6029159309
C27         2.0770637675         5.0911771939        -0.9405030799
C28         2.4321796333         4.1178839382        -0.0053267501
C29         1.5593892921         3.0629285021         0.2748910835
C30        -0.1747368407        -0.0955747699        -0.2617762991
C31         1.2444605508        -0.2267013919         0.1025436603
N32         2.3604356810        -0.3375347877         0.3881301623
C33        -0.7121095313        -2.4359283723        -2.3253431549
O34        -0.3263327171        -2.8718836495        -3.5925367727
H35        -0.9977932127        -3.7638097431        -6.0036133660
H36        -2.4460779230        -3.0707833413        -5.1825110060
H37        -2.3214971235        -4.8536009576        -5.4257682069
H38         0.4270604639        -5.3295459757        -2.8683342894
H39         0.7025055954        -5.0953584987        -4.6349700975
H40        -0.6192825149        -6.1886118902        -4.0595469132
H41        -1.6288520963        -3.7538778056        -0.8925233340
H42        -3.6790735761        -2.4611719608        -2.7108674881
H43        -3.6400015491        -2.5753471332        -0.9108034814
H44        -1.4671323420        -0.7316533400        -3.4485281319
H45         0.5846326560         0.0882635935        -2.3208220265
H46        -3.0010864545        -0.2129620138         0.7549547856
H47        -5.4306274172         0.0982977479         0.9889567777
H48        -6.4519191836         2.3168465613         0.5659254466
H49        -5.0234262904         4.2332455446        -0.0880387977
H50        -2.5969136079         3.9461800111        -0.3231699419
H51        -1.0309342050         3.9417384735         1.7452017740
H52        -0.9107908023         4.2491463898         4.1731100025
H53        -0.5558691376         2.3068570513         5.6668436560
H54        -0.3375095785         0.0355168952         4.7102139758
H55        -0.4579601951        -0.3163283456         2.3105175977
H56        -0.9516911995         3.8926582167        -1.8788882943
H57         0.5835314959         5.7521867470        -2.3401198985
H58         2.7550667458         5.9062946206        -1.1579995595
H59         3.3857140005         4.1797897495         0.5030083816
H60         1.8576951897         2.3259908985         1.0071791873
H61        -0.8069238425        -0.8831002124         0.1967659099
H62         0.1473156710        -2.5204936483        -1.6231266915
&

