&gen
basis=6-31G**
igeopt=1
dftname=PBE-D3
ifreq=1
&
entry_name: J1_10038_2111.in
&zmat
C1          0.0502448188        -2.9063154204         1.1045714031
C2         -0.8477271103        -1.7902506871         1.6401290343
C3         -1.6558667412        -1.1028831177         0.5211616098
C4         -0.8254527847        -0.0471716291        -0.2549838737
C5         -1.1868212460         0.2171974731        -1.7060899213
C6         -2.1513147268        -0.6838580227        -2.4748349182
C7         -3.4560763066        -0.9837159809        -2.0311586577
C8         -4.3101821722        -1.7759383867        -2.8037208620
C9         -3.8824510261        -2.2766613838        -4.0345079296
Cl10        -4.9568243418        -3.2707044544        -5.0011347930
C11        -2.5951214968        -1.9889197054        -4.4908100325
C12        -1.7378149972        -1.1986418513        -3.7201262662
O13        -1.6783407367         1.5219668539        -1.5173459874
P14        -1.1898173505         1.7121292867         0.1267853202
C15        -2.8094275878         2.4652332709         0.5990018232
C16        -4.0074316519         2.1169996038        -0.0547827698
C17        -5.2243604567         2.7029239085         0.3058241189
C18        -5.2673697068         3.6711303243         1.3072865082
C19        -4.0892667253         4.0713541160         1.9342174891
C20        -2.8715638444         3.4881987294         1.5752350160
C21        -0.5953461905         1.6025938321         1.8776626809
C22        -1.4738961813         1.1828694419         2.9068641490
C23        -1.0344484065         1.0559793153         4.2265503092
C24         0.2958295592         1.3131808300         4.5485114281
C25         1.1921387244         1.6829359334         3.5480504934
C26         0.7589967552         1.8137075784         2.2253977765
C27         0.0281635098         2.9535548498        -0.4190284915
C28        -0.2697925744         4.3279355896        -0.3836784171
C29         0.6526061866         5.2675052378        -0.8540505696
C30         1.8715474971         4.8476420639        -1.3883620757
C31         2.1650115437         3.4857380459        -1.4653917932
C32         1.2455320309         2.5431778938        -0.9972680011
H33         0.6120363571        -3.3648846322         1.9454323444
H34        -0.5613315049        -3.6960339225         0.6186441569
H35         0.7801642652        -2.5062584170         0.3703798659
H36        -0.2128788322        -1.0645288232         2.1847657805
H37        -1.5565045630        -2.2336554264         2.3724687863
H38        -2.5666613605        -0.6376267731         0.9508496717
H39        -1.9910335398        -1.9131081762        -0.1548895639
H40         0.2637089232        -0.2466002157        -0.1629663318
H41        -0.2383361702         0.3014688980        -2.2831458400
H42        -3.8106743903        -0.6596977470        -1.0690254178
H43        -5.3032035839        -2.0064676247        -2.4391085538
H44        -2.2572523374        -2.3744427383        -5.4443775659
H45        -0.7478640193        -0.9858069898        -4.1041723754
H46        -4.0144886850         1.4362450238        -0.8801622033
H47        -6.1339915079         2.4176896395        -0.2069998364
H48        -6.2101131414         4.1261985015         1.5821957299
H49        -4.1169303206         4.8400430691         2.6957157537
H50        -1.9756793866         3.8388057080         2.0704481831
H51        -2.5057029798         0.9395981741         2.6955379329
H52        -1.7261586855         0.7450268010         4.9987661708
H53         0.6363329864         1.2092550549         5.5705932619
H54         2.2313741138         1.8580584586         3.7952392758
H55         1.5060005001         2.0613882901         1.4929235653
H56        -1.2177471844         4.6878177424        -0.0211978335
H57         0.4157861735         6.3229915572        -0.8155999800
H58         2.5829729987         5.5768124565        -1.7538800956
H59         3.1049614734         3.1589198294        -1.8910220328
H60         1.4996235139         1.4958276249        -1.0683377752
&

