&gen
basis=6-31G**
igeopt=1
dftname=PBE-D3
ifreq=1
&
entry_name: J1_9645_2111.in
&zmat
O1          1.9640385851        -1.0066027495         1.7618075851
C2          0.9303644332        -0.3916136652         1.3840863675
O3          0.3759003373         0.6153610466         2.1825614709
C4          0.9845694927         1.0907038173         3.3798518574
C5          2.1827509800         1.9752005602         3.0534722592
C6          0.3259398081        -0.7138962311         0.0765509332
C7          1.2290942352        -1.0496182784        -1.0880090553
C8          2.2092277449         0.0607888637        -1.3461068936
C9          1.9391249820         1.2731528490        -1.9752810268
N10         3.0298766673         2.0713796843        -1.9560613336
C11         3.9868114201         1.3775717191        -1.3172651709
C12         3.5259358814         0.1447603494        -0.9297381870
C13         4.3408156129        -0.7586931760        -0.2449177253
C14         5.6588386637        -0.3641963844         0.0476806473
C15         6.1300994465         0.9069224744        -0.3475594340
C16         5.2879910494         1.7947942418        -1.0408023869
P17        -1.2955881558        -0.5755165300        -0.1561652742
C18        -1.9717564989        -2.0318157548        -0.9793090235
C19        -3.2456228248        -1.9694513693        -1.5653500117
C20        -3.8085908790        -3.1061619396        -2.1528221473
C21        -3.1158116688        -4.3193021951        -2.1343550757
C22        -1.8652720825        -4.3995217038        -1.5162915898
C23        -1.2997291966        -3.2640935597        -0.9281516112
C24        -2.2188718350        -0.5009780507         1.3942983555
C25        -3.2918333104         0.3913755304         1.5492965907
C26        -4.0291767609         0.4064639226         2.7372017162
C27        -3.7186309201        -0.4860814759         3.7663236144
C28        -2.6797425385        -1.4056160941         3.6026874454
C29        -1.9417495227        -1.4238851047         2.4158010716
C30        -1.5323283118         0.9186904224        -1.1382375353
C31        -1.3822935536         2.1773862159        -0.5352090610
C32        -1.5029437861         3.3432253332        -1.2967282533
C33        -1.7534118485         3.2600745275        -2.6687070784
C34        -1.8715936750         2.0103333058        -3.2823594025
C35        -1.7490440382         0.8422294030        -2.5236835655
H36         0.2380172899         1.6912718904         3.9408296971
H37         1.2953327362         0.2379071796         4.0216487117
H38         1.8641007174         2.8194808730         2.4060563520
H39         2.9653061267         1.3899382892         2.5263802308
H40         2.6131551675         2.3826702664         3.9922472307
H41         0.6416296574        -1.2198811850        -2.0161583556
H42         1.7703793164        -1.9934967057        -0.8698408153
H43         0.9967883254         1.5596235960        -2.4176060039
H44         3.1057766214         3.0349791923        -2.3512034893
H45         3.9796990313        -1.7337700318         0.0529955580
H46         6.3163221361        -1.0400507940         0.5787782847
H47         7.1459751223         1.1996957542        -0.1164449339
H48         5.6399198989         2.7712195947        -1.3476347006
H49        -3.8039897460        -1.0418187288        -1.5656998656
H50        -4.7856858399        -3.0484443669        -2.6146985817
H51        -3.5538012311        -5.1997883246        -2.5863524915
H52        -1.3383198672        -5.3443532246        -1.4837917781
H53        -0.3458365678        -3.3546114560        -0.4268150083
H54        -3.5694455447         1.0689085314         0.7538521741
H55        -4.8479597675         1.1042275647         2.8561519826
H56        -4.2918053591        -0.4745650870         4.6843151164
H57        -2.4511036524        -2.1094714175         4.3924020778
H58        -1.1533580240        -2.1558824422         2.2945162652
H59        -1.1702930381         2.2566595605         0.5232697408
H60        -1.3951697893         4.3109721639        -0.8243529323
H61        -1.8432131975         4.1632334166        -3.2582332323
H62        -2.0449215837         1.9463732223        -4.3487534082
H63        -1.8048868712        -0.1143973354        -3.0243668971
&

