&zmat
 C5              1.8716544624             1.5094583933             3.8553117959
 C4              0.9507216066             0.2992484869             3.9586296364
 O3              0.4502375968            -0.0870308715             2.6623966882
 C2              1.2569487554            -0.9723209417             1.9374140934
 O1              2.3648225643            -1.3227862901             2.3705375197
 C6              0.6662833462            -1.3915932257             0.6916871034
 C7              1.6323499702            -1.9738853225            -0.3450817876
 C8              2.0481528129            -0.9983984521            -1.4171058969
 C9              1.7542439688            -1.0821154156            -2.7661348537
 N10             2.2389132087             0.0394818660            -3.4283863729
 C11             2.8498555369             0.8803396560            -2.5144797456
 C16             3.4654480555             2.1286083823            -2.6923480365
 C15             3.9933501514             2.7521895714            -1.5582009007
 C14             3.9192810509             2.1409576802            -0.2834280682
 C13             3.3087570821             0.8972000667            -0.1100671278
 C12             2.7527274403             0.2501483723            -1.2342420956
 P17            -0.8119401707            -0.6638813542             0.1354229035
 C18            -1.6997131649            -1.7750604535            -1.0266569315
 C19            -2.7613625862            -1.2972122653            -1.8207380026
 C20            -3.5225340784            -2.1873693203            -2.5873966030
 C21            -3.2416024896            -3.5605967257            -2.5573621515
 C22            -2.2090097432            -4.0442383823            -1.7424619354
 C23            -1.4457638308            -3.1578996122            -0.9718997867
 C24            -2.0684689805            -0.4474127173             1.4519586567
 C25            -2.9836813656             0.6175150049             1.4189672725
 C26            -4.0019167634             0.6923516226             2.3803159616
 C27            -4.1128088863            -0.2955172958             3.3663862989
 C28            -3.2043403229            -1.3655206479             3.3913692074
 C29            -2.1868382975            -1.4459427137             2.4363169813
 C30            -0.6505057053             0.9778613621            -0.6829830045
 C31            -0.2585525176             2.0528308396             0.1444264450
 C32             0.0568296600             3.2932481215            -0.4176999161
 C33            -0.0053534831             3.4750979726            -1.8063734501
 C34            -0.3776906262             2.4073051990            -2.6323809991
 C35            -0.6923713285             1.1607791494            -2.0782752903
 H38             1.3630124404             2.3521817092             3.3585947732
 H39             2.7687044736             1.2478748978             3.2742077429
 H40             2.1892964376             1.8403678046             4.8583295342
 H36             0.0481291156             0.5240179347             4.5514954796
 H37             1.4823639222            -0.5543102288             4.4102979904
 H41             1.2339580699            -2.8787699824            -0.8374021467
 H42             2.5100695612            -2.2969739020             0.2425905662
 H43             1.2213810546            -1.8617809035            -3.3092408329
 H44             2.1419201585             0.2224916147            -4.4203032562
 H48             3.5260543983             2.5975585532            -3.6797531559
 H47             4.4782169542             3.7276123433            -1.6619836836
 H46             4.3541764781             2.6531133436             0.5803255519
 H45             3.2704410929             0.4137444825             0.8706577735
 H49            -3.0053960123            -0.2310703083            -1.8275575129
 H50            -4.3447654946            -1.8071008747            -3.2011146825
 H51            -3.8399043483            -4.2546323066            -3.1554012229
 H52            -2.0010576135            -5.1173730500            -1.6974079283
 H53            -0.6683834023            -3.5307090800            -0.2995037020
 H54            -2.8941580079             1.3950800980             0.6550347693
 H55            -4.7069514522             1.5288636316             2.3574057511
 H56            -4.9071177019            -0.2337339461             4.1165203992
 H57            -3.2869281643            -2.1379659726             4.1618255085
 H58            -1.4631240720            -2.2662173897             2.4530782546
 H59            -0.1761842669             1.8972481156             1.2243880685
 H60             0.3692592944             4.1168861094             0.2308497884
 H61             0.2542735142             4.4431106181            -2.2448246605
 H62            -0.4093879286             2.5385315462            -3.7185667738
 H63            -0.9391799306             0.3240378047            -2.7358521293
&

