&zmat
 C10             3.6300265905             0.0975882311            -1.6701470854
 C9              2.1198579776            -0.0762387870            -1.5317916367
 O11             1.8655009648            -1.4792246949            -1.5319983262
 C8              1.5822935563             0.5961916029            -0.2510583499
 C7              0.0601494993             0.6447148992            -0.1932523169
 O6             -0.4755685612            -0.6843200692            -0.2328853843
 C4             -1.7540789940            -0.6485066060             0.4290853048
 C5             -2.8611069354            -0.1833430875            -0.5203984903
 C12            -2.0062671431            -2.0185604146             1.0384642659
 O3             -1.5805163147             0.3031782121             1.4988361245
 C2             -0.5508077370             1.2063696999             1.1409047460
 C1             -1.0502105471             2.6309480994             0.9273664919
 O13            -2.2102036540             2.9318295403             0.7080638572
 H23             3.9863759150            -0.4442731222            -2.5594835291
 H24             4.1429757231            -0.3199452255            -0.7881261977
 H25             3.9024379208             1.1605131999            -1.7720398010
 H22             1.6252600295             0.4140801079            -2.4047837958
 H26             0.9314294415            -1.5896520346            -1.2601279558
 H20             1.9668930487             0.0458296777             0.6267861005
 H21             1.9568312557             1.6349657737            -0.1902715218
 H19            -0.3232613806             1.2267307711            -1.0593153476
 H16            -3.8212970419            -0.1586282091             0.0161528560
 H17            -2.9451657474            -0.8715276398            -1.3758454730
 H18            -2.6652448391             0.8352098250            -0.8852391811
 H27            -2.9283647636            -1.9954693704             1.6375393761
 H28            -1.1604269705            -2.2909225978             1.6856625207
 H29            -2.1185948902            -2.7745907050             0.2467936177
 H15             0.2213584708             1.2167300571             1.9380544110
 H14            -0.2326271011             3.4057795494             0.9581679485
&

