&gen
basis=6-31G**
igeopt=1
dftname=PBE-D3
ifreq=1
&
entry_name: J1_9800_2111.in
&zmat
C1         -0.7534441941         1.3609638545        -1.1658446899
C2         -0.3636154033         2.7964497494        -1.0746071280
C3         -1.0214221288         3.7052572245        -1.9253102805
C4         -0.7151991032         5.0686072427        -1.8924719131
C5          0.2522067747         5.5470627203        -1.0090813516
C6          0.9144372140         4.6623051181        -0.1578797045
C7          0.6120048514         3.2974780843        -0.1869700010
P8         -0.1126368236         0.1073767495        -0.3120418629
C9         -0.3027647283         0.4377536363         1.5083906461
C10        -1.5837253188         1.2574334230         1.8215893613
C11        -2.0999179433         1.0658896723         3.2619580414
C12        -0.9518744095         0.8046736517         4.2424013470
C13        -0.1645004388        -0.4714923957         3.8784498062
C14        -0.2368669146        -0.8294766524         2.3802599625
C15         1.6710750017         0.0412808937        -0.8079741264
C16         1.8311773010        -0.4347678946        -2.2661318259
C17         3.3059949179        -0.4515588674        -2.6834939426
C18         4.1342387475        -1.3161419539        -1.7271689296
C19         4.0024830530        -0.8134606002        -0.2855507991
C20         2.5352068214        -0.7870002106         0.1625696894
C21        -1.0595156837        -1.3784702267        -0.9161224908
C22        -0.4549520375        -2.7368799099        -0.4948908843
C23        -1.2635011992        -3.9049280748        -1.0753168599
C24        -2.7367962880        -3.8164191766        -0.6662781192
C25        -3.3418014631        -2.4788002346        -1.1020465342
C26        -2.5500303825        -1.3037541023        -0.5169980422
H27        -1.5060280096         1.1136029769        -1.9029901649
H28        -1.7780626949         3.3600571703        -2.6196028444
H29        -1.2298741769         5.7544835176        -2.5529662866
H30         0.4886520680         6.6029630251        -0.9839648885
H31         1.6651706937         5.0344147933         0.5274549229
H32         1.1507379438         2.6586228960         0.4873534310
H33         0.5658100135         1.0537265087         1.8154178555
H34        -1.3628311761         2.3352700444         1.6663464371
H35        -2.4059952888         0.9954704574         1.1254679189
H36        -2.6618422677         1.9710548984         3.5786040445
H37        -2.8047568030         0.2057614757         3.2929196243
H38        -1.3571303238         0.7104169835         5.2729981630
H39        -0.2653073699         1.6799574911         4.2312767411
H40        -0.5570872010        -1.3286781423         4.4679946309
H41         0.8987517315        -0.3297168666         4.1716221882
H42         0.6470134884        -1.4455156263         2.1232483195
H43        -1.1446480116        -1.4439045581         2.2213760121
H44         2.0672075123         1.0748999366        -0.7720077955
H45         1.2775341235         0.2505488158        -2.9438435087
H46         1.4147378072        -1.4514340263        -2.4036256697
H47         3.3912710359        -0.8594104672        -3.7137203756
H48         3.7053744472         0.5865907951        -2.6923748411
H49         3.7953962334        -2.3739248046        -1.7879723958
H50         5.2022202886        -1.2794217877        -2.0318497720
H51         4.5799516696        -1.4811471454         0.3895495407
H52         4.4355522281         0.2081484201        -0.2063720233
H53         2.1674484361        -1.8267944852         0.2446911217
H54         2.4982142239        -0.3287433030         1.1730477534
H55        -1.0160346645        -1.3380344124        -2.0271836610
H56         0.5764314976        -2.8388612502        -0.8755098252
H57        -0.4272991428        -2.8453830984         0.6037549985
H58        -1.1831403388        -3.9008697076        -2.1848790559
H59        -0.8391497836        -4.8638835902        -0.7070560987
H60        -3.3006394179        -4.6468947881        -1.1429034220
H61        -2.8271299648        -3.9278300355         0.4368387419
H62        -4.3950815549        -2.4221956677        -0.7520796629
H63        -3.3461439567        -2.4125539083        -2.2124037329
H64        -3.0034820780        -0.3624175320        -0.8909603411
H65        -2.6620714391        -1.3177567235         0.5848645527
&

