&gen
basis=6-31G**
igeopt=1
dftname=PBE-D3
ifreq=1
&
entry_name: J1_9939_2111.in
&zmat
C1          0.6773967531        -1.6708631358        -6.9162130247
C2         -0.7756794166        -2.1377749384        -7.0002294787
C3         -1.7315910851        -1.2580154909        -6.1797857617
C4         -1.5500137557        -1.4414097758        -4.6657485623
C5         -2.6017495860        -0.6361911353        -3.8865793128
C6         -2.4693040395        -0.8129845907        -2.3646278864
C7         -1.3463374217         0.0634083230        -1.7712343630
O8         -1.7749892657         1.3857596922        -1.5779281449
P9         -1.2332745011         1.5902387132         0.0487236347
C10        -2.9085834932         2.1069435334         0.5768919619
C11        -3.5038854815         1.6019905854         1.7522693288
C12        -4.7843967946         2.0098676020         2.1345723879
C13        -5.4897992464         2.9260016218         1.3533945674
C14        -4.9155113872         3.4354016837         0.1878765299
C15        -3.6351590426         3.0299057081        -0.1991731259
C16        -0.5109957954         1.7414876525         1.7429593852
C17        -0.8188813059         2.8641797890         2.5485664248
C18        -0.2569110766         3.0185546229         3.8178530807
C19         0.6502479902         2.0776787753         4.2997523609
C20         1.0125946470         0.9931758472         3.5032998192
C21         0.4539978010         0.8339655818         2.2317285013
C22        -0.0424276251         2.8443794673        -0.4839562663
C23         1.2260373629         2.4566222105        -0.9471229869
C24         2.1489953322         3.4185964441        -1.3676144037
C25         1.8138726430         4.7740107151        -1.3308452853
C26         0.5549950214         5.1692219179        -0.8726554891
C27        -0.3711916793         4.2102886830        -0.4520790171
C28        -0.9017699809        -0.1691497350        -0.3454202591
C29        -1.6590176799        -1.2065572659         0.4764575283
C30        -2.9728653213        -1.2665246478         0.6661157810
C31        -3.3868596013        -2.4501402537         1.4588106891
C32        -2.0784320261        -3.1651155261         1.7934767198
C33        -0.9706491561        -2.3807670194         1.0873743786
H34         1.2964242573        -2.2645854083        -7.6213699452
H35         0.7582490053        -0.5981863348        -7.1929441455
H36         1.0809300827        -1.8211887277        -5.8936521709
H37        -1.0916533829        -2.0997189889        -8.0653193348
H38        -0.8472308255        -3.1958586310        -6.6667215266
H39        -2.7728661877        -1.5367711616        -6.4534835702
H40        -1.5864858010        -0.1893529496        -6.4518868077
H41        -1.6516096971        -2.5192194457        -4.4110108885
H42        -0.5340756908        -1.1058045731        -4.3757646214
H43        -2.5310884412         0.4423585819        -4.1499475326
H44        -3.6118783471        -0.9897094334        -4.1899720194
H45        -3.4414015416        -0.5183401055        -1.9210230049
H46        -2.2872508915        -1.8840475612        -2.1288585163
H47        -0.4566764091         0.0680469783        -2.4378130555
H48        -2.9793946902         0.8920234175         2.3779538980
H49        -5.2298005591         1.6145756387         3.0383161564
H50        -6.4815858683         3.2409661645         1.6509483777
H51        -5.4634955555         4.1452448688        -0.4181698624
H52        -3.2156654253         3.4375385324        -1.1095110151
H53        -1.4972645652         3.6300187254         2.1987362162
H54        -0.5194965467         3.8754960131         4.4246791211
H55         1.0884347497         2.1999915081         5.2818213021
H56         1.7423483413         0.2802151584         3.8651787649
H57         0.8173114826         0.0135351975         1.6428816368
H58         1.5062635967         1.4134054657        -0.9818746708
H59         3.1248940729         3.1127651384        -1.7219117417
H60         2.5298008019         5.5177720143        -1.6558958320
H61         0.2970175909         6.2198919839        -0.8412179714
H62        -1.3336189874         4.5408164782        -0.0904339188
H63         0.1823226415        -0.4002595645        -0.3571619250
H64        -3.6860545033        -0.5561078682         0.2723751804
H65        -4.0495531649        -3.0990004220         0.8469929708
H66        -3.9143643551        -2.1248734873         2.3810672496
H67        -1.9107529075        -3.1618420669         2.8930435306
H68        -2.1034533881        -4.2174143700         1.4349194447
H69        -0.1998436770        -2.0556889941         1.8157765997
H70        -0.5010707212        -2.9964432492         0.2900199590
&

