&gen
basis=6-31G**
igeopt=1
dftname=PBE-D3
ifreq=1
&
entry_name: J1_9962_2111.in
&zmat
Cl1         -5.2355883563        -3.4813677723        -4.3110327885
C2         -4.0554209156        -2.4159615170        -3.5705427082
C3         -2.8181646334        -2.9203372852        -3.1593742924
C4         -1.8781235250        -2.0732193213        -2.5662759200
C5         -2.1720580651        -0.7142018584        -2.3636452509
C6         -1.1328002766         0.1766587140        -1.7143066347
O7         -1.5730708925         1.4965760475        -1.5252515884
P8         -1.1244035523         1.6770067687         0.1312506018
C9         -2.8260886004         2.1901824368         0.5714105629
C10        -3.4885233420         1.6637271181         1.7005755475
C11        -4.7921309107         2.0592642228         2.0107497390
C12        -5.4546964164         2.9831371755         1.2017048004
C13        -4.8146522962         3.5120453924         0.0799697353
C14        -3.5108683445         3.1191577213        -0.2348738102
C15        -0.5091149404         1.8045953658         1.8689474743
C16        -0.8378759167         2.9362537463         2.6530325491
C17        -0.3604881870         3.0742573339         3.9582670596
C18         0.4781178607         2.1038782524         4.5019804689
C19         0.8543735437         1.0036073005         3.7339824152
C20         0.3804204937         0.8603364756         2.4266094632
C21         0.1010039178         2.9325351947        -0.3141147042
C22         1.4019156428         2.5464836571        -0.6783538916
C23         2.3522695657         3.5093376269        -1.0302732949
C24         2.0126529741         4.8640599132        -1.0231798917
C25         0.7218866451         5.2577211290        -0.6630516546
C26        -0.2316539137         4.2979256392        -0.3111814548
C27        -0.7726081256        -0.0781267504        -0.2670111241
C28        -1.6028418251        -1.1107991203         0.4958840397
C29        -3.0133360063        -1.1164029239         0.4905210786
C30        -3.7269203374        -2.0946636513         1.1874110991
C31        -3.0470657090        -3.0896766306         1.8900453381
C32        -1.6519764338        -3.1126919908         1.8887344053
C33        -0.9346498633        -2.1362788507         1.1917460712
C34        -3.4121738100        -0.2098125615        -2.8010692945
C35        -4.3495024287        -1.0605434291        -3.3942817269
H36        -2.5837287957        -3.9679739671        -3.2984023636
H37        -0.9240186837        -2.4777182348        -2.2511637743
H38        -0.2197104950         0.1930504883        -2.3509066561
H39        -3.0002473475         0.9431836150         2.3433615912
H40        -5.2894062877         1.6470417121         2.8791764339
H41        -6.4648009390         3.2878918791         1.4429053451
H42        -5.3302546017         4.2261792478        -0.5489977973
H43        -3.0421384883         3.5383458952        -1.1153420761
H44        -1.4692751315         3.7202139840         2.2580761459
H45        -0.6365643796         3.9401630475         4.5460722999
H46         0.8503008253         2.2129740937         5.5124296510
H47         1.5276621593         0.2638797217         4.1478726797
H48         0.7448276352         0.0185731816         1.8698128048
H49         1.6866775890         1.5040778298        -0.6879493917
H50         3.3529755783         3.2047064993        -1.3081789224
H51         2.7497671453         5.6085028036        -1.2949544587
H52         0.4602813407         6.3079298607        -0.6540664291
H53        -1.2187592642         4.6278898526        -0.0236094832
H54         0.3123172470        -0.3041100699        -0.2202231447
H55        -3.5696951340        -0.3718839053        -0.0579910978
H56        -4.8091367406        -2.0828579223         1.1781487122
H57        -3.6011100985        -3.8476871961         2.4283761619
H58        -1.1244574918        -3.8917217777         2.4237933775
H59         0.1464995945        -2.1893172556         1.1911141095
H60        -3.6652736843         0.8346745671        -2.6733716025
H61        -5.3044918581        -0.6649156768        -3.7158460429
&

