&zmat
 C3              3.0554192840            -1.8077858435             0.4748182319
 C2              1.5987540366            -1.5481037068             0.2313588159
 C1              1.0814343905            -0.3809449804            -0.2016649440
 C4             -0.3625278508            -0.1346574820            -0.4663725956
 C5             -0.7774463665             0.2646337499            -1.9113466303
 C6             -1.3975042850            -0.8743510312            -2.6897029286
 C7             -2.7931282517            -1.0100061478            -2.7604872870
 C8             -3.3614976096            -2.1082874914            -3.4188696575
 C9             -2.5420779748            -3.0821352064            -4.0066469192
 C10            -1.1473282140            -2.9493396369            -3.9386472699
 C11            -0.5783829991            -1.8487521228            -3.2865891604
 O12            -1.6963911130             1.3027070795            -1.6093148891
 P13            -1.1603876989             1.5120186138             0.1369390470
 C14            -2.8904140002             2.1754842799             0.4098890676
 C15            -3.3485379753             3.2859144481            -0.3237355702
 C16            -4.6547889819             3.7581566860            -0.1471814827
 C17            -5.5285710681             3.1077271648             0.7352906497
 C18            -5.0842743609             1.9897509934             1.4529761728
 C19            -3.7675445957             1.5349228241             1.3035202783
 C20            -0.8633537511             1.3295844586             2.0157931350
 C21            -1.0629835209             2.4581204602             2.8433560921
 C22            -0.9155834996             2.3786891132             4.2314139802
 C23            -0.5900443853             1.1527797192             4.8329048289
 C24            -0.4115407124             0.0190839862             4.0331448212
 C25            -0.5450344226             0.1091639501             2.6374004238
 C26             0.0717921815             2.8501776378            -0.2242594903
 C27             1.1213836989             3.1656494324             0.6624006856
 C28             2.0714207082             4.1373034579             0.3213176385
 C29             1.9824607802             4.8154486466            -0.9015127436
 C30             0.9494692806             4.5003717935            -1.7944300291
 C31             0.0102249248             3.5148518942            -1.4665033267
 H34             3.4199106337            -2.6588411329            -0.1285863784
 H35             3.2405095553            -2.0742290842             1.5317985972
 H36             3.6705036012            -0.9262534525             0.2332163867
 H33             0.9118294153            -2.3838882282             0.4313201522
 H32             1.7618477943             0.4555346270            -0.4157133404
 H37            -0.9879961015            -0.9805613498            -0.1283902637
 H38             0.1144821190             0.6479642318            -2.4571333484
 H39            -3.4135071478            -0.2363397225            -2.2986661833
 H40            -4.4507772607            -2.2036343870            -3.4749075950
 H41            -2.9877254210            -3.9400261282            -4.5199666550
 H42            -0.5014122184            -3.7046319692            -4.3978614968
 H43             0.5108025960            -1.7446882746            -3.2295476286
 H44            -2.6811699763             3.7909675497            -1.0260042655
 H45            -4.9920798772             4.6364430257            -0.7067695624
 H46            -6.5519031197             3.4734503309             0.8644193403
 H47            -5.7599654468             1.4752494654             2.1433070745
 H48            -3.4185313639             0.6834634334             1.8957961709
 H49            -1.3405178999             3.4155086875             2.3882892726
 H50            -1.0657986007             3.2711459999             4.8474703242
 H51            -0.4827073821             1.0839940016             5.9200100865
 H52            -0.1672885086            -0.9439955547             4.4928827859
 H53            -0.3918410541            -0.7905111750             2.0387826814
 H54             1.2027623039             2.6482670114             1.6207090928
 H55             2.8843478565             4.3641222466             1.0180194000
 H56             2.7225703309             5.5783704477            -1.1623707952
 H57             0.8809615151             5.0128668224            -2.7590007023
 H58            -0.7661359261             3.2181131929            -2.1774095399
&

