&zmat
 O26             3.7335037241             2.8129109737             0.1196222939
 C2              3.7001556332             2.0375798470            -0.8281435084
 O1              4.0720661730             2.4146522261            -2.0886025098
 C3              3.2059790913             0.6110013119            -0.7827790074
 C4              3.5826252749            -0.1410193129             0.5022475686
 C5              2.5562950992            -1.2467929833             0.8631850364
 C6              1.2638679844            -0.7595779932             1.4750961513
 P7             -0.1624171223            -0.3800647847             0.6401249009
 C8             -0.4425953178             1.2601040251            -0.2238818446
 C9             -1.3543977206             1.4527401327            -1.2822392653
 C10            -1.4738587700             2.7101398450            -1.8906875779
 C11            -0.6843835029             3.7828660544            -1.4498756372
 C12             0.2278718654             3.5973900864            -0.4010978435
 C13             0.3469362580             2.3414512359             0.2076631903
 C14            -0.4565815284            -1.5892895618            -0.7112737781
 C15            -1.1660542153            -2.7732987969            -0.4363699392
 C16            -1.3240630153            -3.7463475468            -1.4303731289
 C17            -0.7621138123            -3.5525470118            -2.7009798562
 C18            -0.0491316717            -2.3789284689            -2.9792749228
 C19             0.0963738781            -1.3942884267            -1.9921810509
 C20            -1.5722450349            -0.4479031988             1.8219923524
 C21            -1.4767362232            -1.3425597004             2.9056795610
 C22            -2.5421013724            -1.4747431165             3.8051430019
 C23            -3.7135025693            -0.7263455222             3.6230703351
 C24            -3.8127725726             0.1652544902             2.5456740182
 C25            -2.7466525841             0.3097498260             1.6492446449
 H27             4.3179549158             3.3611990586            -1.9999870923
 H28             2.1031594458             0.7030513655            -0.8244470724
 H29             3.5160396864             0.0715506048            -1.6918192326
 H30             4.5945733429            -0.5730925243             0.3880792438
 H31             3.6350113467             0.5849963675             1.3317116366
 H32             3.0418833428            -1.9377878122             1.5792262430
 H33             2.3475833262            -1.8577234212            -0.0367997075
 H34             1.3204265755            -0.2934178792             2.4668919570
 H35            -1.9633606362             0.6150705280            -1.6389464767
 H36            -2.1791359719             2.8511398272            -2.7161666923
 H37            -0.7728148853             4.7604266259            -1.9341009291
 H38             0.8640714561             4.4219294744            -0.0657852835
 H39             1.0919662538             2.1799436609             0.9961514952
 H40            -1.5953211340            -2.9285297996             0.5582297597
 H41            -1.8868956539            -4.6590425285            -1.2125153785
 H42            -0.8825895907            -4.3165020738            -3.4751387311
 H43             0.3916981526            -2.2242511972            -3.9687843695
 H44             0.6315396474            -0.4684026445            -2.2219610047
 H45            -0.5525252264            -1.9184406336             3.0225154825
 H46            -2.4583732099            -2.1670544874             4.6485666548
 H47            -4.5489037568            -0.8354332440             4.3217185215
 H48            -4.7227793412             0.7567687350             2.4049142480
 H49            -2.8238612653             1.0198124272             0.8213226715
&

