&zmat
 C1              2.8557492001            -0.0759251472            -0.4175656934
 C2              1.9605559593            -0.3242513804             0.7902029576
 O9              2.4339117682            -0.4996436990             1.9089244114
 C3              0.4478627470            -0.3241651793             0.5673072095
 C4             -0.0234339817            -1.0446585967            -0.7111561833
 C5             -1.5657871731            -1.1887870860            -0.7114772922
 C6             -2.2665535234             0.0054428824            -0.0142235777
 C7             -1.4324931422             1.2865733752            -0.1585804704
 C8             -0.0735418636             1.1485394457             0.5694401047
 H10             2.4970482633             0.7666743338            -1.0318909941
 H11             3.8834158193             0.1115977976            -0.0788525686
 H12             2.8496561697            -0.9666155781            -1.0704106422
 H13             0.0281605809            -0.8455440739             1.4461386291
 H14             0.3022989221            -0.4653895521            -1.5948545888
 H15             0.4500353139            -2.0378331473            -0.8010501723
 H16            -1.8505925627            -2.1285609430            -0.2070670695
 H17            -1.9183058840            -1.2778494192            -1.7540883661
 H18            -2.4012046773            -0.2116161087             1.0616081237
 H19            -3.2796452799             0.1474478367            -0.4266820326
 H20            -1.2656453758             1.4864725986            -1.2331766173
 H21            -1.9783544934             2.1612795544             0.2339711247
 H22             0.6680709198             1.8141582446             0.0907171431
 H23            -0.1555831042             1.4835672610             1.6170776989
&

