&zmat
 O21            -1.4631148509             2.0454736709            -2.9834320231
 C1             -0.6201778729             1.1977747430            -2.7458383885
 C2             -0.8386442508            -0.0282408789            -1.8686318750
 O3             -2.1925309281            -0.2694163082            -1.5391335263
 C4             -2.3745241505             0.0532667174            -0.1457195637
 C5             -2.7939724658             1.5332807342             0.0177075031
 C6             -3.5750317178             1.7331311688             1.3236076731
 C7             -4.9135684229             0.9513857916             1.2958378179
 C8             -4.8136570431            -0.3287086466             0.4284499472
 C9             -3.3958195123            -0.9137390224             0.4702599897
 O10            -1.0961243858            -0.2116924205             0.4622413893
 C11            -0.1069748203             0.1525644811            -0.4908527293
 C12             1.1091581115            -0.7505565022            -0.3362083834
 O13             1.9790159454            -0.4242056761            -1.4210306547
 C14             3.2780242540            -1.0062229212            -1.2903684239
 C15             4.1010393355            -0.3841178555            -0.1758121019
 C16             4.0268881563             1.0018708522             0.0545954689
 C17             4.7895086136             1.5947395015             1.0669314805
 C18             5.6414816969             0.8095337875             1.8578959414
 C19             5.7205034044            -0.5715051368             1.6347432097
 C20             4.9478501846            -1.1651080964             0.6268022313
 H22             0.4292972292             1.2652900592            -3.1460928081
 H23            -0.4265713951            -0.9067342880            -2.4054818394
 H24            -1.8991247102             2.1761231676            -0.0212138174
 H25            -3.4073955785             1.8067941706            -0.8569415327
 H26            -3.7577429323             2.8053383012             1.5048022993
 H27            -2.9463451953             1.3825808029             2.1625490624
 H28            -5.2046389363             0.6861991497             2.3274685461
 H29            -5.7196003131             1.5951941181             0.9027706727
 H30            -5.5483328679            -1.0806978683             0.7611581045
 H31            -5.0659703612            -0.0968324409            -0.6218078100
 H32            -3.0890727720            -1.0998236378             1.5143022889
 H33            -3.3206427832            -1.8698684442            -0.0712890129
 H34             0.2145177178             1.2078279270            -0.3580124460
 H35             0.7900905614            -1.8131782265            -0.3830112365
 H36             1.5945871573            -0.5741128391             0.6431517110
 H37             3.7623470831            -0.8322961294            -2.2677809216
 H38             3.2072574272            -2.1052074003            -1.1463033990
 H39             3.3511017194             1.6041661713            -0.5609683453
 H40             4.7191598384             2.6729082879             1.2417068327
 H41             6.2368838116             1.2728657159             2.6506055585
 H42             6.3754619831            -1.1908145642             2.2553840669
 H43             4.9994730021            -2.2478166669             0.4643284519
&

