&gen
basis=6-31G**
igeopt=1
dftname=PBE-D3
ifreq=1
&
entry_name: J1_10014_2111.in
&zmat
C1          1.9818605058        -2.2990955994         3.3633390250
C2          1.6325834193        -2.9835565453         2.0468808006
O3          0.9651542981        -2.0751624877         1.1746759759
C4          1.6204825419        -1.0511391379         0.4829594963
O5          2.8785446057        -0.9768228968         0.5046759811
C6          0.7879696044        -0.0525849827        -0.2813445454
C7          1.1340401136         0.2031162905        -1.7311865396
C8          2.2458002748        -0.6133031429        -2.4273433995
O9          2.4979103093        -0.0304854342        -3.6835175101
C10         2.8980015020        -1.0638403413        -4.5496531228
O11         2.3109319590        -0.8784069806        -5.7986790697
C12         1.3157687523        -1.8702513459        -5.9196320767
C13        -0.0645897213        -1.2083670479        -5.8353969418
C14         1.4805386135        -2.5681028568        -7.2718082623
O15         1.4257256960        -2.8349386910        -4.8968799957
C16         2.4152814185        -2.3764101830        -4.0272133021
C17         1.8399621821        -2.0724173717        -2.6585873910
O18         2.4294883297        -2.9044144655        -1.6746436142
C19         1.6899430347        -4.0981587717        -1.5389957314
O20         1.5310683217         1.5369913367        -1.5541375187
P21         1.1507942552         1.6927247306         0.1203270662
C22         2.8743940885         2.1883766786         0.4832420636
C23         3.5141750436         3.1485121534        -0.3237362955
C24         4.8342160763         3.5298529642        -0.0676676442
C25         5.5355075386         2.9574971153         0.9945178498
C26         4.9177730282         2.0020196506         1.8024784996
C27         3.5984312543         1.6169864879         1.5499057027
C28         0.6246770561         1.7846323779         1.8885459735
C29         0.9860618788         2.9045937923         2.6736330257
C30         0.5850610740         3.0107336400         4.0072729320
C31        -0.2036880009         2.0161698748         4.5815353238
C32        -0.6052852871         0.9218677381         3.8176974386
C33        -0.2093448879         0.8104164324         2.4816825772
C34        -0.0961710737         2.9508652560        -0.2497191240
C35         0.2291969640         4.3178423375        -0.2295697963
C36        -0.7419765219         5.2791525108        -0.5245419808
C37        -2.0431823773         4.8854356635        -0.8448712707
C38        -2.3755105286         3.5290987274        -0.8691155995
C39        -1.4075128580         2.5647522180        -0.5738919039
H40         2.4472454711        -3.0330672786         4.0541545875
H41         1.0619862897        -1.8927308127         3.8346662442
H42         2.6977217316        -1.4689960593         3.1898746034
H43         0.9531462793        -3.8362840445         2.2560647581
H44         2.5500409352        -3.3836378546         1.5630958761
H45        -0.2924505923        -0.2910100996        -0.2046362812
H46         0.2120447821         0.1896727962        -2.3560735914
H47         3.1910936766        -0.5534571752        -1.8465743880
H48         4.0053160925        -1.0563000878        -4.6532609200
H49        -0.1813988849        -0.4496292314        -6.6386616469
H50        -0.8673395115        -1.9698441547        -5.9370460455
H51        -0.1833691289        -0.7020713892        -4.8538872869
H52         1.3925025890        -1.8342897630        -8.1016388049
H53         0.7058077647        -3.3542455698        -7.4007977429
H54         2.4814110278        -3.0468337503        -7.3291628386
H55         3.2473272667        -3.1146713836        -3.9822415902
H56         0.7236353819        -2.1476708124        -2.6783273506
H57         0.6815361906        -3.8922164259        -1.1173208988
H58         2.2211146708        -4.7643410104        -0.8289257541
H59         1.6029401629        -4.6369558518        -2.5086629039
H60         2.9973542271         3.6004528243        -1.1599864253
H61         5.3146002248         4.2687517828        -0.6959411152
H62         6.5575248508         3.2543243340         1.1914160172
H63         5.4607627429         1.5601505991         2.6279312578
H64         3.1411861272         0.8858406196         2.2022137005
H65         1.5864360597         3.7020633247         2.2580171280
H66         0.8837904231         3.8693157134         4.5947302498
H67        -0.5148748776         2.0998390213         5.6147685227
H68        -1.2345990858         0.1596949462         4.2591245472
H69        -0.5808668656        -0.0376846578         1.9357216245
H70         1.2247176449         4.6476264622         0.0274975029
H71        -0.4857956242         6.3305058823        -0.5025212391
H72        -2.7938832091         5.6310235411        -1.0727827609
H73        -3.3841382021         3.2243518585        -1.1165988181
H74        -1.6865187046         1.5209793485        -0.5967706341
&

