&gen
basis=6-31G**
igeopt=1
dftname=PBE-D3
ifreq=1
&
entry_name: J1_9867_2111.in
&zmat
C1          2.8615240860        -0.9811709465         2.0366654356
O2          1.5456167594        -0.8908128397         1.5055688793
C3          1.2764347422        -0.3440855651         0.2482858556
O4          2.2229353665         0.0615993358        -0.4827370400
C5         -0.1579631937        -0.2147196681        -0.1967935762
C6         -0.3453101437        -0.1627030081        -1.6950291892
C7         -1.3643103336        -1.1398391677        -2.2219663556
C8         -1.8054347262        -1.0464624469        -3.4821738131
C9         -2.8291375065        -1.9451452745        -4.0691359023
C10        -3.5270643282        -1.5134627111        -5.2104837453
C11        -4.4974250016        -2.3285950390        -5.8009798114
C12        -4.7751668762        -3.5874934497        -5.2649883040
C13        -4.0786104607        -4.0361204154        -4.1410198841
C14        -3.1072899138        -3.2250311271        -3.5453960377
O15        -0.8572073744         1.1435059108        -1.7372606884
P16        -0.8119751307         1.4820128337        -0.0491649108
C17        -2.5991597281         1.7555265883        -0.0209250023
C18        -3.1331945730         3.0534711395        -0.0885950661
C19        -4.5175262046         3.2481665847        -0.0764633656
C20        -5.3789063010         2.1512818719         0.0017231706
C21        -4.8567169077         0.8577090111         0.0719217982
C22        -3.4731986107         0.6590990971         0.0621407203
C23        -0.8173443926         1.7174505812         1.7823933175
C24        -0.9155515274         0.6255289421         2.6732338915
C25        -0.9576384464         0.8272110785         4.0558532536
C26        -0.9384656294         2.1187356510         4.5787865250
C27        -0.8968445821         3.2140452791         3.7189399143
C28        -0.8534610696         3.0192818459         2.3364414395
C29         0.3410296780         2.8614176603        -0.3554291814
C30         0.0312960322         3.8392220896        -1.3180669198
C31         0.9163681395         4.8907851784        -1.5723899727
C32         2.1231819481         4.9750155664        -0.8753306208
C33         2.4484210566         4.0056051071         0.0752427146
C34         1.5669614474         2.9519615294         0.3321226316
H35         2.8166151024        -1.4437230682         3.0438247669
H36         3.4952671968        -1.6117477592         1.3778293437
H37         3.3046971975         0.0333592491         2.1261187125
H38        -0.8049140548        -0.9778672391         0.2784517084
H39         0.5954112552        -0.2254899321        -2.2837800446
H40        -1.7525799969        -1.9018006612        -1.5608016303
H41        -1.4324191530        -0.2363743301        -4.0994871415
H42        -3.3270482418        -0.5394609843        -5.6405975261
H43        -5.0338731647        -1.9836155448        -6.6754882269
H44        -5.5255794920        -4.2179314267        -5.7242427355
H45        -4.2864591908        -5.0174060826        -3.7341489858
H46        -2.5668858315        -3.6166681340        -2.6952669306
H47        -2.4868289573         3.9173830080        -0.1358677048
H48        -4.9226341619         4.2506248306        -0.1255457638
H49        -6.4503683632         2.3038244276         0.0107085815
H50        -5.5242144995         0.0080623410         0.1350177140
H51        -3.0891330560        -0.3494139163         0.1219463867
H52        -0.9820125346        -0.3903835147         2.3273956399
H53        -1.0193715418        -0.0225953263         4.7235345217
H54        -0.9756820596         2.2709626988         5.6497097834
H55        -0.9083833389         4.2180745008         4.1231128905
H56        -0.8552838385         3.8956425498         1.7035596324
H57        -0.8894277961         3.7838237957        -1.8836342057
H58         0.6679786472         5.6385537265        -2.3144050645
H59         2.8072654488         5.7899611856        -1.0735358026
H60         3.3838267362         4.0713425293         0.6157211507
H61         1.8346383914         2.2225870218         1.0842244151
&

