&gen
basis=6-31G**
igeopt=1
dftname=PBE-D3
ifreq=1
&
entry_name: J1_10017_2111.in
&zmat
C1          4.5967848378        -2.0296020229         2.2015965241
C2          3.0817816279        -2.0887220931         2.0950351270
O3          2.6275141226        -1.0814738685         1.1980104354
C4          1.2949105282        -0.9762719787         0.7925025807
O5          0.4243895176        -1.7361527245         1.2984118802
C6          0.8648534874         0.0242172843        -0.2564557702
C7          1.6301866730         0.0658309083        -1.5649179104
C8          2.7447699437        -0.9612957531        -1.8755175075
C9          2.2392126984        -2.2497358584        -2.5783354085
C10         1.2740882029        -3.0679194068        -1.6927703709
C11         0.7495940006        -4.2481178974        -2.3937617425
N12         0.3368531135        -5.1778116030        -2.9454855959
C13         3.4286630247        -3.0864545617        -3.1343615731
C14         4.3280003945        -3.7685866172        -2.0661547389
O15         3.7020404126        -4.8879256571        -1.4886354171
C16         5.7080157423        -4.1551154980        -2.6297973025
S17         5.5902233330        -5.3222145725        -4.0342353938
C18         7.3645508651        -5.3877290436        -4.2849631871
C19         7.9839527255        -4.4818156321        -5.1554689314
C20         9.3678151837        -4.5341509107        -5.3514744274
C21        10.1340396561        -5.4928452306        -4.6807633412
C22         9.5166770469        -6.4004437606        -3.8140486113
C23         8.1329233757        -6.3495893455        -3.6167624440
O24         2.1798774694         1.3414698509        -1.3663865770
P25         1.3652395976         1.7449291058         0.0981933242
C26         2.9637597767         2.0582399519         0.9313270753
C27         3.2383800066         1.5488505990         2.2171346113
C28         4.4634519123         1.8057554276         2.8383523204
C29         5.4362722509         2.5615812809         2.1832841435
C30         5.1838389310         3.0653535619         0.9065979663
C31         3.9575878876         2.8166476042         0.2837421657
C32         0.3697752364         2.1242632922         1.6072824281
C33        -0.7430666519         1.3456067309         1.9966016170
C34        -1.4951409103         1.6830276640         3.1258904279
C35        -1.1713751521         2.8125464617         3.8754190710
C36        -0.1010205113         3.6168511374         3.4904049565
C37         0.6546660899         3.2856030951         2.3636182110
C38         0.4932221318         3.0963725331        -0.7318989066
C39        -0.7211115818         2.8463395405        -1.3927993509
C40        -1.3979881315         3.8822029353        -2.0431488483
C41        -0.8686711645         5.1746872517        -2.0409240869
C42         0.3383362309         5.4330232184        -1.3873394412
C43         1.0187715769         4.3997088595        -0.7365045862
H44         5.0530627640        -2.1755085610         1.1996254150
H45         4.9129623986        -1.0460143335         2.6055375692
H46         4.9560223913        -2.8299486376         2.8820430553
H47         2.6306755124        -1.9279596562         3.0978661509
H48         2.7859344790        -3.0910968943         1.7156586598
H49        -0.2185161288        -0.0633328596        -0.4793871230
H50         0.9240741242         0.1243132521        -2.4237692478
H51         3.3568622441        -1.1908860404        -0.9914216489
H52         3.4428105461        -0.4576042074        -2.5799971658
H53         1.6581344142        -1.9186055677        -3.4692229935
H54         1.7728478029        -3.3864465465        -0.7547189655
H55         0.3974965048        -2.4452510925        -1.4250244244
H56         4.0570752918        -2.4138121590        -3.7589920951
H57         3.0359361075        -3.8554027419        -3.8341995433
H58         4.5286482928        -3.0480184329        -1.2493010959
H59         3.4622875787        -5.5164124321        -2.2176400788
H60         6.2379713440        -3.2359629382        -2.9619612191
H61         6.3094453400        -4.6227524598        -1.8204065060
H62         7.3957760831        -3.7370134880        -5.6764130008
H63         9.8459626313        -3.8323928338        -6.0225378405
H64        11.2048816245        -5.5327151470        -4.8328543108
H65        10.1100044754        -7.1425523097        -3.2957320705
H66         7.6603798400        -7.0539924962        -2.9440538534
H67         2.5014462672         0.9642726442         2.7513478680
H68         4.6591769329         1.4149828006         3.8285161268
H69         6.3858820957         2.7563235038         2.6645970094
H70         5.9396339864         3.6494330450         0.3976029411
H71         3.7909052098         3.2140149272        -0.7086834028
H72        -1.0638733847         0.4831200082         1.4411971512
H73        -2.3394353855         1.0701638560         3.4146541119
H74        -1.7581046009         3.0714157346         4.7472981333
H75         0.1414708933         4.5031861296         4.0623590605
H76         1.4678921958         3.9418590206         2.0856442560
H77        -1.1493930737         1.8541752488        -1.4047701886
H78        -2.3338538502         3.6825472421        -2.5488511769
H79        -1.3942892482         5.9759295872        -2.5440484757
H80         0.7462763596         6.4355321299        -1.3828089085
H81         1.9432327482         4.6270775119        -0.2270921194
&

