&gen
basis=6-31G**
igeopt=1
dftname=PBE-D3
ifreq=1
&
entry_name: J1_10015_2111.in
&zmat
C1          3.1384594916         1.5520555113        -2.2727025380
O2          2.1117766149         0.9329247737        -1.5044301858
C3          2.3244613289         0.0776014775        -0.4105380909
C4          3.6323730623        -0.2072689129         0.0337166236
C5          3.8484527654        -1.0639277562         1.1109494638
C6          2.7693334734        -1.6590556817         1.7550383302
C7          1.4680780087        -1.3913893571         1.3328367998
C8          1.2141055783        -0.5084993658         0.2643151138
C9         -0.2512249994        -0.2737377193        -0.1173404106
C10        -0.5261482113        -0.2440552458        -1.6016874289
C11        -1.6602700490        -1.1578547053        -2.0261619193
C12        -2.8182481186        -0.6596183117        -2.6555163510
C13        -3.8406419678        -1.5302652743        -3.0442036323
C14        -3.7115023108        -2.9042287390        -2.8289740174
C15        -2.5562972049        -3.4116287286        -2.2300215742
C16        -1.5321618784        -2.5452038333        -1.8370738979
O17        -0.8999386869         1.1118787040        -1.6464115388
P18        -0.8513589275         1.4481701936         0.0463977285
C19        -2.6337170996         1.7622088052         0.0671958734
C20        -3.1409988244         3.0558454394        -0.1398234052
C21        -4.5206181268         3.2818567311        -0.1357921603
C22        -5.4042173913         2.2209850000         0.0759913239
C23        -4.9089652951         0.9331307540         0.2916574359
C24        -3.5304541457         0.7038756461         0.2919931664
C25        -0.8879454155         1.6796097261         1.8798666218
C26        -0.9615293682         0.5901260227         2.7745224524
C27        -1.0259492862         0.7958778488         4.1557449809
C28        -1.0580446431         2.0892809004         4.6732148087
C29        -1.0497053253         3.1814694600         3.8087192839
C30        -0.9845959620         2.9816556424         2.4279579302
C31         0.3251392898         2.8231873043        -0.2124854402
C32         0.1010064046         3.7620786768        -1.2361880077
C33         1.0021749172         4.8086836253        -1.4512346860
C34         2.1399856256         4.9300019767        -0.6516550761
C35         2.3822188340         4.0012445922         0.3615159641
C36         1.4867695944         2.9507748029         0.5777299169
H37         3.7746602274         0.7790250056        -2.7526227132
H38         2.6710946333         2.1718711401        -3.0649045124
H39         3.7556667378         2.2114895393        -1.6273215493
H40         4.4948905634         0.2294080461        -0.4499842382
H41         4.8576027533        -1.2743695920         1.4411296449
H42         2.9408277129        -2.3360995838         2.5819942566
H43         0.6557757895        -1.8927842446         1.8416442712
H44        -0.9315409366        -0.9934824706         0.3807306892
H45         0.3496263546        -0.4400370919        -2.2514196473
H46        -2.9407192017         0.3995809516        -2.8409013266
H47        -4.7329150525        -1.1391121795        -3.5157140063
H48        -4.5039022174        -3.5762973551        -3.1320072187
H49        -2.4532217625        -4.4773033770        -2.0715167750
H50        -0.6399173260        -2.9536375397        -1.3782575471
H51        -2.4779165283         3.8947838989        -0.2874988576
H52        -4.9048301332         4.2812103406        -0.2942145321
H53        -6.4719734257         2.3977286629         0.0776934393
H54        -5.5933440522         0.1117020052         0.4597356067
H55        -3.1677996767        -0.2995022336         0.4655817671
H56        -1.0079695023        -0.4258074825         2.4346088411
H57        -1.0695140838        -0.0528419579         4.8262629181
H58        -1.1131754350         2.2444952928         5.7429335266
H59        -1.1045386849         4.1861897356         4.2075454623
H60        -1.0143064315         3.8531005492         1.7881817878
H61        -0.7644134098         3.6813273104        -1.8802686908
H62         0.8197165755         5.5244008843        -2.2423174462
H63         2.8370991383         5.7402708617        -0.8212216544
H64         3.2689894851         4.0900827519         0.9754968426
H65         1.7035440515         2.2364080173         1.3611538002
&

