&gen
basis=6-31G**
igeopt=1
dftname=PBE-D3
ifreq=1
&
entry_name: J1_9830_2111.in
&zmat
C1          1.9935265713        -0.9741719689         0.7350459608
C2          1.1975694203        -0.0826318632        -0.2343969688
C3          1.8264366916         0.1837281981        -1.5977697036
C4          0.8948185031        -0.2147126554        -2.7574597267
C5          3.2607836356        -0.3501882392        -1.8209813241
O6          3.7497529443         0.0758012165        -3.0637035512
O7          1.8666096506         1.5816157615        -1.4650617096
P8          1.2397989365         1.7066594251         0.1373254239
C9          2.8288111595         2.3967103408         0.7180668500
C10         3.4521501952         3.4351780582         0.0009870070
C11         4.6810750320         3.9520572660         0.4205900705
C12         5.3077177041         3.4353716675         1.5557109137
C13         4.7076101808         2.3983671228         2.2715896948
C14         3.4795411277         1.8773581169         1.8550956095
C15         0.4457880691         1.7642935740         1.8021901754
C16        -0.4803394334         0.7821136158         2.2178524575
C17        -1.1161574041         0.8743109890         3.4593706760
C18        -0.8722307440         1.9630548177         4.2947525943
C19        -0.0072185142         2.9742514748         3.8814221202
C20         0.6313261350         2.8877550300         2.6420834677
C21        -0.0905019323         2.7942201791        -0.4285155465
C22         0.0644961552         4.1905994213        -0.4097393195
C23        -0.9707725603         5.0217207950        -0.8477959115
C24        -2.1695100948         4.4676227826        -1.3026905648
C25        -2.3374711510         3.0811173391        -1.3128136838
C26        -1.3049291430         2.2469418089        -0.8748458225
H27         3.0345902038        -0.6323590624         0.8796383725
H28         2.0171330883        -2.0113702782         0.3405696204
H29         1.5031458848        -1.0052398314         1.7276555200
H30         0.1595577710        -0.4592811198        -0.3382103563
H31         1.2936280773         0.1526897719        -3.7262355709
H32         0.7975852115        -1.3202316795        -2.8039063082
H33        -0.1150165908         0.2256402819        -2.6274565677
H34         3.2547265139        -1.4625846696        -1.7847045499
H35         3.9400530562         0.0379835067        -1.0307291233
H36         4.6558788253        -0.3188661797        -3.1545650989
H37         2.9977890821         3.8390835297        -0.8938398162
H38         5.1504845801         4.7509468361        -0.1387736710
H39         6.2593461434         3.8368761142         1.8791182263
H40         5.1933762157         1.9984149051         3.1522187692
H41         3.0296712144         1.0859447757         2.4383997556
H42        -0.7421672820        -0.0542187367         1.5927303836
H43        -1.8121598917         0.1047685539         3.7677739666
H44        -1.3700768305         2.0334738260         5.2532036769
H45         0.1600516225         3.8345227431         4.5166363313
H46         1.2629949901         3.7114129267         2.3386903804
H47         0.9720156293         4.6429737856        -0.0391648857
H48        -0.8454364189         6.0966165837        -0.8291010886
H49        -2.9705869339         5.1125663918        -1.6399094628
H50        -3.2701872787         2.6522521046        -1.6556409686
H51        -1.4620933218         1.1777513404        -0.8720974775
&

