&gen
basis=6-31G**
igeopt=1
dftname=PBE-D3
ifreq=1
&
entry_name: J1_10476_2111.in
&zmat
C1          3.8613081175        -1.4419823875         2.5235742605
O2          3.1827925267        -0.6386547082         1.5665299364
C3          1.9946863187        -1.0376358131         0.9514291467
O4          1.4882925557        -2.1584029894         1.2317733427
C5          1.3045738521        -0.1641465130        -0.0715585686
C6          2.0130487359         0.0675492034        -1.4069331099
C7          1.1018634789        -0.2648519730        -2.6123244744
C8          0.9091693435        -1.7843207611        -2.7868364449
C9          2.1301491153        -2.6135042160        -2.3424959944
C10         3.4374610031        -1.8311573600        -2.4937550579
C11         3.4482383856        -0.5425933402        -1.6297666253
O12         4.3103963827         0.4048429570        -2.2127901623
O13         2.0999161994         1.4638165809        -1.2627697203
P14         1.3232044654         1.6343686083         0.2686189127
C15         2.8288008514         2.4186911775         0.9725358133
C16         3.5615470673         3.3489396856         0.2070014616
C17         4.7170269474         3.9461228006         0.7182763671
C18         5.1628249962         3.6263665479         2.0005006150
C19         4.4527314874         2.7093506416         2.7747885407
C20         3.2966646935         2.1096069380         2.2687056827
C21         0.3821410579         1.7367931726         1.8539658574
C22        -0.3759752827         0.6582411428         2.3618611330
C23        -1.1024578939         0.7898819633         3.5491719730
C24        -1.1088494439         2.0006112472         4.2400869277
C25        -0.3986536333         3.0895190424         3.7386766652
C26         0.3294294293         2.9650664623         2.5535075105
C27         0.0307131801         2.6684085450        -0.4678895658
C28        -1.1960968611         2.0995164905        -0.8515922698
C29        -2.1952026197         2.8920929840        -1.4234964562
C30        -1.9820375692         4.2592577872        -1.6121942196
C31        -0.7711359677         4.8364327359        -1.2234788696
C32         0.2310895856         4.0468251315        -0.6521016001
H33         3.2030106773        -1.6266817321         3.3986893855
H34         4.7718244858        -0.9083403030         2.8651038244
H35         4.1598137242        -2.4083239125         2.0649262115
H36         0.2633374695        -0.5158050386        -0.2275734727
H37         0.1100777807         0.2245166406        -2.5144402549
H38         1.5638427885         0.1477454245        -3.5359241409
H39         0.6924876294        -1.9924848575        -3.8572931564
H40         0.0227429556        -2.1142702585        -2.2026383953
H41         2.1838264172        -3.5440046320        -2.9479952512
H42         2.0109606569        -2.9185878663        -1.2816256605
H43         4.2912780390        -2.4811331078        -2.2026351051
H44         3.5693126526        -1.5790267455        -3.5692769198
H45         3.9161592782        -0.8107103893        -0.6698250172
H46         3.9102579109         0.6881727311        -3.0760862903
H47         3.2499715975         3.6135829139        -0.7943083415
H48         5.2690119747         4.6568744430         0.1168797760
H49         6.0581047269         4.0897883562         2.3943589335
H50         4.7968094746         2.4633061921         3.7710737764
H51         2.7655126620         1.4147194224         2.9040285244
H52        -0.4396106785        -0.2885719626         1.8559747844
H53        -1.6715186521        -0.0489018232         3.9291743592
H54        -1.6750540314         2.0985147923         5.1572839502
H55        -0.4162175660         4.0348093325         4.2655404760
H56         0.8567364897         3.8337217930         2.1818062164
H57        -1.3881266304         1.0467834369        -0.6996189320
H58        -3.1368764252         2.4464286831        -1.7168239887
H59        -2.7572395632         4.8723696502        -2.0532564803
H60        -0.6103848617         5.8979743909        -1.3604231677
H61         1.1487223701         4.5207654077        -0.3395111795
&

