&gen
basis=6-31G**
igeopt=1
dftname=PBE-D3
ifreq=1
&
entry_name: J1_10308_2111.in
&zmat
C1         -1.6052694536        -1.0865759795         0.3489598259
C2         -1.2237447416        -2.3727628390         0.5007577145
C3          0.0837814680        -2.8863522690        -0.0522463829
C4         -2.1465901245        -3.3166010380         1.2270575059
C5         -0.8004855264        -0.0573266016        -0.4240121309
C6         -1.2885595772         0.2271372339        -1.8246363178
C7         -2.5588827549        -0.5113802399        -2.2873113454
C8         -2.9772862983        -0.0653619841        -3.6918343878
C9         -4.2458431249        -0.7601305108        -4.1069252841
C10        -4.1929871607        -1.9934367118        -4.7776267687
C11        -5.3740928162        -2.6548998826        -5.1284413219
C12        -6.6132787529        -2.0960067876        -4.8034234686
C13        -6.6735726311        -0.8765849916        -4.1230987556
C14        -5.4950381905        -0.2116910691        -3.7706069926
O15        -1.5668477506         1.5854561427        -1.6136718900
P16        -1.1294422477         1.6754282483         0.0497551991
C17        -2.8395760055         2.1598794299         0.4872768369
C18        -3.5319714532         1.5510453929         1.5547207962
C19        -4.8478971354         1.9167689419         1.8508159228
C20        -5.4943057177         2.8887048905         1.0862947274
C21        -4.8245085606         3.4991542148         0.0253352395
C22        -3.5078726688         3.1385664606        -0.2737107118
C23        -0.5423502880         1.6951312753         1.7988512560
C24         0.2973047769         0.6877676200         2.3245409809
C25         0.7507947343         0.7499076802         3.6454605358
C26         0.3973788002         1.8237961989         4.4608865724
C27        -0.4024639657         2.8461023657         3.9541228982
C28        -0.8595882712         2.7902123318         2.6355460785
C29         0.1088031238         2.9428268896        -0.3170033723
C30        -0.2150654287         4.3083682790        -0.2445588985
C31         0.7477728631         5.2789214194        -0.5364673011
C32         2.0391854289         4.8960256944        -0.9056887614
C33         2.3700111757         3.5412559156        -0.9820194922
C34         1.4102759188         2.5675817494        -0.6902145700
H35        -2.5877559420        -0.8074009647         0.7046216001
H36         0.1329007712        -2.6969321030        -1.1455226767
H37         0.1935867515        -3.9786804409         0.1094774105
H38         0.9331830226        -2.3798630769         0.4518134446
H39        -1.7208168264        -4.3393627197         1.2926805835
H40        -2.3231391752        -2.9470213892         2.2594943982
H41        -3.1180038551        -3.3768059355         0.6918530528
H42         0.2874179053        -0.2658000413        -0.4379358154
H43        -0.4653920846         0.1154091602        -2.5651331041
H44        -2.3601236928        -1.6055935190        -2.2981406301
H45        -3.3924880296        -0.3053248991        -1.5793779734
H46        -2.1647555479        -0.2950635185        -4.4158457737
H47        -3.1341345241         1.0357045576        -3.7079732280
H48        -3.2390786971        -2.4422031192        -5.0258052808
H49        -5.3286361813        -3.6028549530        -5.6488057054
H50        -7.5263944839        -2.6101245475        -5.0742437721
H51        -7.6335966868        -0.4484091283        -3.8652603568
H52        -5.5548469948         0.7271880727        -3.2336884429
H53        -3.0532335358         0.8109371031         2.1804919487
H54        -5.3659746431         1.4473882979         2.6771074194
H55        -6.5137999278         3.1696283946         1.3167307820
H56        -5.3269996726         4.2511241565        -0.5692277399
H57        -3.0172680270         3.6193613920        -1.1096421089
H58         0.6273349908        -0.1494458277         1.7351988228
H59         1.3866174623        -0.0347995804         4.0350190641
H60         0.7528063820         1.8691304685         5.4821866367
H61        -0.6656357647         3.6874535897         4.5821253113
H62        -1.4666869426         3.6075443462         2.2712423935
H63        -1.2028610694         4.6292334691         0.0510696250
H64         0.4928217363         6.3289466114        -0.4740147946
H65         2.7835463860         5.6487226787        -1.1310240927
H66         3.3711858926         3.2449271554        -1.2671440804
H67         1.6889246370         1.5255924685        -0.7533053703
&

