&gen
basis=6-31G**
igeopt=1
dftname=PBE-D3
ifreq=1
&
entry_name: J1_10514_2111.in
&zmat
C1          0.7328313165        -2.1315419258        -0.4442541652
C2          0.3389511273        -0.8041975175         0.1394176104
O3          1.1109252977        -0.2826442245         0.9239645582
C4         -1.0190251137        -0.1700224402        -0.1700806029
C5         -2.1082390030        -0.9359637002         0.6104318791
C6         -1.1971543927         0.0031920178        -1.6859299343
C7         -2.4307448171        -0.5532519492        -2.4589643333
C8         -2.4405412067        -2.0838844125        -2.5649797583
C9         -2.4364112966         0.0237841516        -3.8628966482
C10        -3.5324804158         0.7381770902        -4.0776465548
C11        -3.9214431442         1.3773760710        -5.3707130030
C12        -4.3300475327         0.6590908024        -2.8808353508
O13        -5.4684115171         1.1704008874        -2.7173909086
O14        -3.6683645422        -0.0852065205        -1.9234170786
O15        -1.2265495969         1.4095829227        -1.6778383063
P16        -1.0622772437         1.6806429561         0.0145818207
C17        -2.5674505085         2.7259979362        -0.1351640081
C18        -3.8669541244         2.2195247534         0.0693074340
C19        -4.9936005230         3.0279255667        -0.1067802917
C20        -4.8508379364         4.3422845524        -0.5450024932
C21        -3.5817172042         4.8416389176        -0.8279843286
C22        -2.4539201456         4.0366847150        -0.6450244575
C23        -0.9362074788         1.7796003235         1.8784905341
C24        -2.0828739937         1.6937183466         2.7039631852
C25        -1.9914607846         1.7727286692         4.0962890541
C26        -0.7531592684         1.9208736518         4.7115302320
C27         0.3992899841         1.9730894903         3.9354074956
C28         0.3146092104         1.8936028945         2.5432539875
C29         0.4804603325         2.6296111902        -0.2757042951
C30         1.5133163989         2.0999612342        -1.0735207362
C31         2.6865216516         2.8264368691        -1.2964001831
C32         2.8477772144         4.0906424835        -0.7281026248
C33         1.8363776870         4.6306912151         0.0667516558
C34         0.6616626804         3.9086674927         0.2922759350
H35        -0.0828848672        -2.5668216315        -1.0521636817
H36         0.9717545708        -2.8417500032         0.3748744988
H37         1.6288017735        -2.0020849608        -1.0865021944
H38        -3.1348165160        -0.7006768691         0.3067429986
H39        -1.9775588150        -2.0295240764         0.4867540130
H40        -2.0067463933        -0.7517511779         1.6968960131
H41        -0.2866086647        -0.3124504629        -2.2434279504
H42        -1.4917533865        -2.4489718230        -3.0127035209
H43        -3.2805845801        -2.4169287994        -3.2123630564
H44        -2.5843616419        -2.5591141366        -1.5785768512
H45        -1.6622693916        -0.1390647639        -4.6027893577
H46        -4.5748806253         2.2539110543        -5.1784046484
H47        -4.4704593404         0.6430963566        -5.9960472655
H48        -3.0177155124         1.7210759488        -5.9171667018
H49        -4.0346929908         1.2055358007         0.3710884870
H50        -5.9812400990         2.6264675907         0.0804638631
H51        -5.7245187235         4.9641220587        -0.6912066034
H52        -3.4713243831         5.8482314563        -1.2104184463
H53        -1.5040005453         4.4386184928        -0.9538378759
H54        -3.0607527365         1.5224620477         2.3076026276
H55        -2.8869499114         1.7048047233         4.7008614448
H56        -0.6853457191         1.9788327794         5.7902008006
H57         1.3658602900         2.0698280491         4.4131697022
H58         1.2497685590         1.9204964392         2.0061552246
H59         1.4220108505         1.1262504006        -1.5289186820
H60         3.4723417312         2.4074333605        -1.9115867030
H61         3.7577267868         4.6504338554        -0.9013687109
H62         1.9640311730         5.6082247070         0.5134322082
H63        -0.0982339725         4.3393777008         0.9315729659
&

