&gen
basis=6-31G**
igeopt=1
dftname=PBE-D3
ifreq=1
&
entry_name: J1_10377_2111.in
&zmat
C1         -6.3958468524        -2.9624476009        -6.2000596505
O2         -5.7097812802        -2.5147598123        -5.0509566775
C3         -4.5502028953        -3.2996836013        -4.8226733078
C4         -3.4780349592        -2.4076506556        -4.1541487722
C5         -3.6188912808        -2.4135164096        -2.6195772360
C6         -2.7464070026        -1.3447722474        -1.9183704746
C7         -1.2427422941        -1.4032684269        -2.2617053162
C8         -0.3936716673        -0.2945959252        -1.6066892019
O9         -0.9887869937         0.9721212623        -1.7056944065
P10        -0.8993843323         1.4024640635        -0.0383314173
C11        -2.6797906923         1.7323102982         0.0419128833
C12        -3.2175080093         2.9342519641        -0.4472781011
C13        -4.5943218161         3.1698711739        -0.3848677539
C14        -5.4447409848         2.2144079592         0.1757228212
C15        -4.9176529919         1.0272576944         0.6878073697
C16        -3.5419056105         0.7898593510         0.6290954882
C17        -0.8425602686         1.7560862604         1.7702939703
C18        -0.7186032948         0.7355363328         2.7387443851
C19        -0.7008090311         1.0431077761         4.1023313059
C20        -0.8292040884         2.3650923875         4.5270887117
C21        -0.9884759430         3.3840085700         3.5891866331
C22        -1.0057704285         3.0841099631         2.2252174579
C23         0.3206458841         2.7118938384        -0.4212455700
C24         1.5249139412         2.8163091668         0.3050729508
C25         2.4677055828         3.7969891680        -0.0138978724
C26         2.2335708703         4.6751028537        -1.0724377378
C27         1.0596764682         4.5677037744        -1.8193018126
C28         0.1130407021         3.5888599225        -1.5032618148
C29        -0.3025906362        -0.3179587149        -0.1047426895
C30         1.0823968646        -0.4650154176         0.3652035569
C31         2.2149958119        -0.5789242754         0.7578992762
Si32         3.9176704668        -0.7184870670         1.3603369072
C33         4.8627637931        -1.9120298113         0.2810006581
C34         4.7315671935         0.9601210116         1.3005346263
C35         3.8989095543        -1.3396319848         3.1200158854
C36        -3.4103137678        -3.8369909586        -2.0363758282
C37        -3.7632704184        -4.9659958505        -3.0323890225
O38        -4.1466424561        -6.1164250972        -2.2961939290
C39        -3.6415248217        -7.2880002572        -2.8987285694
C40        -4.9175455330        -4.5338808425        -3.9548904009
H41        -6.6710895976        -4.0370448673        -6.1191904386
H42        -7.3358048562        -2.3819260016        -6.2990563348
H43        -5.7913224600        -2.7834329105        -7.1163131571
H44        -4.0950365819        -3.6606333681        -5.7778684763
H45        -3.5571901398        -1.3687110487        -4.5437616532
H46        -2.4727595419        -2.7924453879        -4.4335899508
H47        -4.6734614483        -2.1282151416        -2.3989971328
H48        -2.8799925726        -1.4714168173        -0.8270548908
H49        -3.1412138280        -0.3424349606        -2.1931061392
H50        -0.8140267053        -2.3844632764        -1.9728901738
H51        -1.1173358543        -1.2917213618        -3.3584841931
H52         0.6082144022        -0.2611574676        -2.0944679805
H53        -2.5822882396         3.7018013566        -0.8571082438
H54        -5.0014601889         4.0975741642        -0.7657737306
H55        -6.5100357882         2.3992349544         0.2241257329
H56        -5.5741735761         0.2933741224         1.1369619700
H57        -3.1488726902        -0.1220741992         1.0570571811
H58        -0.6482288854        -0.3044944828         2.4680979080
H59        -0.5959616867         0.2510615038         4.8326615507
H60        -0.8176789718         2.5983116787         5.5839141771
H61        -1.1043003329         4.4083929427         3.9188257497
H62        -1.1486062777         3.8931755088         1.5205945745
H63         1.7329941009         2.1533172871         1.1323656367
H64         3.3819919605         3.8747911030         0.5600603943
H65         2.9660266146         5.4324276434        -1.3201316046
H66         0.8873229819         5.2367261913        -2.6525050725
H67        -0.7640035767         3.5028433054        -2.1282632332
H68        -0.9912749626        -1.0439020077         0.3710280344
H69         4.3752941741        -2.9078900616         0.3163167452
H70         4.8688822284        -1.5396816667        -0.7639745012
H71         5.9055171225        -1.9970469575         0.6497427284
H72         5.7860318798         0.8715702649         1.6330797571
H73         4.1901738676         1.6573095070         1.9722925278
H74         4.7016372302         1.3488128693         0.2618917398
H75         4.9398771184        -1.4188024401         3.4950075222
H76         3.3290879365        -0.6307190786         3.7553547256
H77         3.4158101117        -2.3376240793         3.1545503211
H78        -4.0420481505        -3.9323134335        -1.1251780259
H79        -2.3615765844        -3.9891156415        -1.7088407091
H80        -2.8574427934        -5.1389509886        -3.6662436677
H81        -2.5316221713        -7.3168376615        -2.8321532900
H82        -4.0358206626        -8.1673147493        -2.3494666472
H83        -3.9692565670        -7.3758725463        -3.9581738606
H84        -5.1961290347        -5.3762672622        -4.6236017388
H85        -5.8072410211        -4.3036779120        -3.3269827211
&

