&gen
basis=6-31G**
igeopt=1
dftname=PBE-D3
ifreq=1
&
entry_name: J1_9810_2111.in
&zmat
C1         -1.4279638088        -2.9271082233         3.1030098377
C2         -1.6267350387        -3.3344456715         1.6471785878
O3         -1.0523494758        -2.3645837493         0.7748029822
C4         -1.6315473296        -1.1154356624         0.5269204065
O5         -2.7588827079        -0.8363671491         1.0105411848
C6         -0.8563629690        -0.1173016913        -0.2926477967
C7         -1.2731840827         0.1350168967        -1.7274422672
C8         -2.3666539313        -0.6917044086        -2.4955893082
C9         -3.7566152322        -0.6397337183        -1.8132796954
C10        -2.5074197955        -0.0410776098        -3.8963318347
C11        -1.8722948558        -2.1636002167        -2.6573573882
C12        -2.7874691560        -3.0489881106        -3.4752330270
C13        -2.5959710324        -3.1814961629        -4.8619162492
C14        -3.4450400481        -3.9957498832        -5.6174066070
C15        -4.4863027144        -4.6895172951        -4.9957403786
C16        -4.6777241304        -4.5734051294        -3.6166369394
C17        -3.8313374158        -3.7599814201        -2.8572377071
O18        -1.6560643969         1.4713947742        -1.5325719276
P19        -1.1529237362         1.6474056264         0.1082673547
C20        -2.8255221556         2.2431578173         0.5787729817
C21        -3.4711335902         1.8149068101         1.7595217601
C22        -4.7498755862         2.2764123067         2.0829783986
C23        -5.4067661424         3.1711102265         1.2385240516
C24        -4.7839281437         3.6096764775         0.0702731053
C25        -3.5047916755         3.1524760718        -0.2575431634
C26        -0.4971587728         1.7547150000         1.8319745493
C27        -0.6845842253         2.9425060302         2.5766929532
C28        -0.1872325926         3.0661547983         3.8758171491
C29         0.5218734367         2.0164023583         4.4557822398
C30         0.7434416774         0.8455039137         3.7329165936
C31         0.2505588640         0.7153446273         2.4312054808
C32         0.1083602866         2.8512063423        -0.3828350756
C33         1.4047478861         2.4189798458        -0.7105739029
C34         2.3800478898         3.3413283711        -1.1006549124
C35         2.0706250626         4.7014628030        -1.1685179507
C36         0.7852564001         5.1411976255        -0.8447524172
C37        -0.1931774385         4.2219982202        -0.4549494901
H38        -1.9611705772        -1.9771572913         3.3166087028
H39        -0.3460723691        -2.7900912663         3.3133912766
H40        -1.8281169090        -3.7188732222         3.7705312934
H41        -2.7084164415        -3.4632270295         1.4246380152
H42        -1.1209215406        -4.3077766250         1.4757589165
H43         0.2249888183        -0.3652375682        -0.2650781147
H44        -0.3485229678         0.1398616941        -2.3510089688
H45        -4.5648813930        -0.8705099736        -2.5401608315
H46        -3.8520103864        -1.4007623751        -1.0183780075
H47        -3.9662755151         0.3647927163        -1.3919531763
H48        -1.5498237219        -0.0980020372        -4.4578039279
H49        -2.7954701543         1.0286368304        -3.8072226183
H50        -3.2926935235        -0.5393784601        -4.5027262414
H51        -0.8615055337        -2.1641169368        -3.1227737257
H52        -1.7390752640        -2.6331783578        -1.6638901742
H53        -1.7926477570        -2.6508704656        -5.3577113210
H54        -3.2951539327        -4.0893207384        -6.6852156951
H55        -5.1424138782        -5.3198325075        -5.5819528470
H56        -5.4809163016        -5.1160335617        -3.1350890435
H57        -3.9870752990        -3.6899519641        -1.7882855366
H58        -2.9862557921         1.1389046526         2.4496203778
H59        -5.2304584066         1.9418281080         2.9932622348
H60        -6.3971770962         3.5270652936         1.4910805092
H61        -5.2931638470         4.3051420677        -0.5843242262
H62        -3.0519475700         3.5087943778        -1.1731426147
H63        -1.2269660319         3.7780274662         2.1556605389
H64        -0.3511561710         3.9797313642         4.4325873570
H65         0.9073218074         2.1133164435         5.4624897891
H66         1.3062912854         0.0359774813         4.1798439884
H67         0.4779793616        -0.2022453289         1.9188396204
H68         1.6681205394         1.3724119782        -0.6611158603
H69         3.3768473233         3.0010430277        -1.3497569529
H70         2.8270629343         5.4145400470        -1.4697130820
H71         0.5471014645         6.1958973800        -0.8932379243
H72        -1.1748751664         4.5887170653        -0.1956123529
&

