&gen
basis=6-31G**
igeopt=1
dftname=PBE-D3
ifreq=1
&
entry_name: J1_6177_2111.in
&zmat
I1         -1.9523138555         1.1383723197        -3.3051701189
C2         -0.1223794494         0.5624149749        -2.4224985526
P3         -0.0408682252         0.2093102348        -0.8319358727
C4         -1.0597314653        -1.2183829375        -0.4197547153
C5         -1.3736463910        -1.4826816233         0.9220963871
C6         -2.1239318847        -2.6125406344         1.2609857497
C7         -2.5476781687        -3.4959029856         0.2646421931
C8         -2.2134499437        -3.2547579251        -1.0706716502
C9         -1.4632455331        -2.1253656372        -1.4127766066
C10         1.6400858121        -0.2362576050        -0.3571383106
C11         2.4605632622        -0.9563692412        -1.2403808929
C12         3.7429538082        -1.3513573174        -0.8469805897
C13         4.2050647068        -1.0520037872         0.4372015404
C14         3.3801439642        -0.3684253146         1.3340367306
C15         2.0973023523         0.0274250467         0.9438450403
C16        -0.5847975073         1.6830597791         0.0531315839
C17        -1.9158329578         1.8083787470         0.4816615945
C18        -2.3412835912         2.9750098696         1.1242185566
C19        -1.4474398369         4.0303931073         1.3241986945
C20        -0.1294978583         3.9243923041         0.8720285253
C21         0.2985713036         2.7593469847         0.2285484822
H22         0.7767670867         0.5886007575        -3.0267979026
H23        -1.0382510700        -0.8144340244         1.7052370895
H24        -2.3717452540        -2.8063184078         2.2965640959
H25        -3.1265473212        -4.3716290899         0.5281113633
H26        -2.5299192535        -3.9468548488        -1.8402781135
H27        -1.1967509512        -1.9662504741        -2.4491309423
H28         2.1092342165        -1.2227569052        -2.2283987960
H29         4.3750795688        -1.8979005077        -1.5348571236
H30         5.1967136613        -1.3610006941         0.7414522806
H31         3.7313978544        -0.1528504989         2.3348275922
H32         1.4622602345         0.5331555879         1.6594383217
H33        -2.6277886275         1.0113865129         0.3131860178
H34        -3.3662908580         3.0639225528         1.4601810764
H35        -1.7787071690         4.9337965446         1.8196990698
H36         0.5586979200         4.7475434623         1.0141602684
H37         1.3172614210         2.6975316734        -0.1326820660
&

