&gen
basis=6-31G**
igeopt=1
dftname=PBE-D3
ifreq=1
&
entry_name: J1_10348_2111.in
&zmat
C1         -0.5549391796         0.1906001229        -2.9834878295
C2          0.7424350913        -0.5911351236        -2.6980410446
C3          1.5927257745        -0.5909296356        -3.9849068215
C4          1.5385035165        -0.0691494609        -1.4408012496
C5          2.9666203090        -0.6738399007        -1.3678376760
O6          1.6758213269         1.3308593573        -1.4525393525
P7          1.0366563537         1.6685320872         0.1171048642
C8          2.7009921890         2.1143988834         0.7305429493
C9          3.2022952531         1.5697137580         1.9302741536
C10         4.4911716894         1.8821013585         2.3704053388
C11         5.3044148277         2.7262202054         1.6132769326
C12         4.8322073406         3.2534084308         0.4105274328
C13         3.5432708576         2.9448308413        -0.0332520754
C14         0.2108566312         1.9782240773         1.7383878903
C15        -0.8871623875         1.2016310732         2.1706537683
C16        -1.5430165925         1.4911217999         3.3703828466
C17        -1.1470797582         2.5830067490         4.1413270609
C18        -0.1081862102         3.4021098264         3.7027113254
C19         0.5516510327         3.1171473960         2.5048601056
C20        -0.0840532635         2.9243863554        -0.5558071988
C21        -1.4259723032         2.6047567776        -0.8263056340
C22        -2.2952982014         3.5703163893        -1.3408412677
C23        -1.8386082490         4.8686269081        -1.5755633351
C24        -0.5151831315         5.2051816757        -1.2835164582
C25         0.3573033794         4.2410594827        -0.7697258027
C26         0.7440101230        -0.1211922014        -0.1277321871
C27         1.2573945533        -1.0558497819         0.9992745636
C28         0.8251930967        -2.5054531195         0.7476888779
C29         1.3890588810        -3.4144400622         1.8057027411
C30         2.6567247735        -3.9957282300         1.6362089638
C31         3.1979237697        -4.8080119326         2.6375078858
C32         2.4833249040        -5.0363751458         3.8168241753
C33         1.2281268131        -4.4490254357         3.9987811443
C34         0.6832588955        -3.6360104145         3.0000078599
H35        -1.3168982379         0.0117460976        -2.2032160452
H36        -1.0185859908        -0.1555290273        -3.9318457329
H37        -0.3496203415         1.2769554332        -3.0803284066
H38         0.4538950938        -1.6469759838        -2.4995667516
H39         2.0442291291         0.4101597339        -4.1538252026
H40         0.9758096323        -0.8550186036        -4.8704084762
H41         2.3925667267        -1.3582817010        -3.9296105639
H42         3.5394911440        -0.2759415630        -0.5069164732
H43         3.5666913849        -0.3745808335        -2.2507091047
H44         2.9328972240        -1.7810022875        -1.3182272926
H45         2.5940660497         0.9168905100         2.5400841861
H46         4.8600858101         1.4672818211         3.2995269388
H47         6.3034553289         2.9650164962         1.9542758140
H48         5.4695207914         3.8943106169        -0.1849138117
H49         3.2197456684         3.3360726571        -0.9876771601
H50        -1.2613398689         0.3763389050         1.5869423237
H51        -2.3712468576         0.8745093970         3.6951461596
H52        -1.6605966656         2.8076440016         5.0672070740
H53         0.1781232351         4.2688288986         4.2843740250
H54         1.3212359093         3.8006802005         2.1721733604
H55        -1.8073876358         1.6154246826        -0.6208483045
H56        -3.3257296762         3.3135471503        -1.5497413840
H57        -2.5132422906         5.6169178574        -1.9709135922
H58        -0.1667465078         6.2167480237        -1.4472601462
H59         1.3631583090         4.5376712157        -0.5198281768
H60        -0.3317887297        -0.3044159000        -0.2977065328
H61         0.8262777045        -0.7469797234         1.9707313715
H62         2.3531911715        -1.0088976567         1.1353125000
H63         1.1625801564        -2.8440264418        -0.2542900793
H64        -0.2854214135        -2.5677889706         0.7518476643
H65         3.2251550124        -3.8168126650         0.7317408871
H66         4.1732079196        -5.2570434202         2.5009744381
H67         2.9043569653        -5.6640137845         4.5915741018
H68         0.6791064264        -4.6203000114         4.9156739541
H69        -0.2851091659        -3.1772438876         3.1576949534
&

