&gen
basis=6-31G**
igeopt=1
dftname=PBE-D3
ifreq=1
&
entry_name: J1_10513_2111.in
&zmat
C1          1.3344665937        -3.2990563502         1.6079482696
O2          0.5418690838        -2.2818958689         1.0047543866
C3         -0.8569330590        -2.1894631623         1.1032921904
C4         -1.6034942029        -3.1623774042         1.7990744501
C5         -2.9946761774        -3.0905183418         1.8450274909
C6         -3.6604796650        -2.0603425692         1.1889031925
C7         -2.9369095606        -1.0854998765         0.5040212165
C8         -1.5267160822        -1.1075589602         0.4778775714
C9         -0.7193737630        -0.0423894245        -0.2769193344
C10        -1.0937119829         0.2083942677        -1.7211462815
C11        -2.1173253840        -0.7048428976        -2.3649612939
C12        -3.3768253918        -0.2310401625        -2.7816109541
C13        -4.2975654703        -1.1026074909        -3.3709298431
C14        -3.9681093409        -2.4465953364        -3.5625039642
C15        -2.7142766451        -2.9213374160        -3.1705665425
C16        -1.7897476172        -2.0543648592        -2.5814801503
O17        -1.5626894301         1.5175983082        -1.5262843561
P18        -1.1048689928         1.7078025320         0.1268565470
C19        -2.8099053191         2.2017711647         0.5814797228
C20        -3.5184261003         3.1094901358        -0.2288399658
C21        -4.8232442025         3.4892611460         0.0975365696
C22        -5.4414493639         2.9681651045         1.2349472104
C23        -4.7562078840         2.0647424649         2.0480033418
C24        -3.4514396599         1.6823558915         1.7265726962
C25        -0.4814291346         1.8509933631         1.8605475773
C26        -0.8048094090         2.9912512749         2.6344452766
C27        -0.3248850078         3.1397967022         3.9376560657
C28         0.5095052133         2.1704513337         4.4898067092
C29         0.8782164753         1.0603275146         3.7323834416
C30         0.4015997781         0.9072352507         2.4272194112
C31         0.0976999638         2.9823780307        -0.3301040479
C32         1.4084762753         2.6189671191        -0.6829941659
C33         2.3401854869         3.5965691918        -1.0439698680
C34         1.9724418541         4.9437854253        -1.0572806505
C35         0.6721912800         5.3152548021        -0.7082524153
C36        -0.2628141777         4.3406974651        -0.3473957765
H37         1.2063583111        -3.2785913466         2.7108320636
H38         1.0499765801        -4.2941700324         1.2056857032
H39         2.4020608841        -3.1130063482         1.3716971124
H40        -1.1173300521        -3.9886277929         2.2988283825
H41        -3.5586930302        -3.8462023502         2.3764609345
H42        -4.7419602786        -2.0192878227         1.2043593067
H43        -3.4891894663        -0.3227413654        -0.0219217704
H44         0.3714010470        -0.2286374442        -0.2385128142
H45        -0.1854966991         0.2466045260        -2.3638472531
H46        -3.6568940382         0.8049483962        -2.6416071105
H47        -5.2679026155        -0.7354168873        -3.6792533231
H48        -4.6831494119        -3.1193257704        -4.0180477029
H49        -2.4581910777        -3.9617132311        -3.3234783120
H50        -0.8214299755        -2.4357433003        -2.2810652435
H51        -3.0676296727         3.5227718760        -1.1213263235
H52        -5.3566364519         4.1872648482        -0.5347029803
H53        -6.4524594542         3.2626838563         1.4849069620
H54        -5.2370202968         1.6576056116         2.9280282891
H55        -2.9471845607         0.9747547775         2.3714361844
H56        -1.4356756784         3.7724973252         2.2332302890
H57        -0.5965131296         4.0123973929         4.5175700192
H58         0.8834282832         2.2873401084         5.4987363457
H59         1.5472091109         0.3202563650         4.1526633852
H60         0.7583792746         0.0590135197         1.8786242296
H61         1.7162322427         1.5833275393        -0.6763465410
H62         3.3484072226         3.3091576912        -1.3129224308
H63         2.6951941384         5.6996600962        -1.3359945787
H64         0.3888209248         6.3598245232        -0.7146689761
H65        -1.2573215135         4.6546040583        -0.0680450885
&

