&zmat
 C4              3.8451647410            -1.8626074801             0.9414966371
 C3              2.8805413207            -0.6711943484             0.8866191087
 C5              3.3145804516             0.3600027043            -0.1793887571
 C2              1.4635129654            -1.1398338909             0.5250081856
 O1              1.2642437458            -1.9965680171            -0.3298159347
 C6              0.3299070560            -0.4168416776             1.2556814736
 O7             -0.9808931320            -0.7475193844             0.8687478953
 C8             -1.3363323361            -0.4619965716            -0.5075288659
 C13            -1.0569295246             1.0093033313            -0.8973235046
 C12            -2.1121111602             1.4652861802            -1.9162005396
 C11            -3.5147437432             1.4170568504            -1.2681928252
 C10            -3.5619694840             0.2729909346            -0.2307436233
 O9             -2.6941378646            -0.8002428204            -0.6341378100
 H15             3.8008639076            -2.4190507815            -0.0078467710
 H16             3.5783864277            -2.5596621337             1.7520227433
 H17             4.8797814227            -1.5218630074             1.1066388038
 H14             2.8475547451            -0.1633556616             1.8701161938
 H18             3.3332051638            -0.1142806516            -1.1742318493
 H19             4.3244824624             0.7417300574             0.0421302193
 H20             2.6279785754             1.2224111498            -0.2234611471
 H21             0.4159231816            -0.6770286419             2.3287830950
 H22             0.5444168923             0.6760909590             1.2003804448
 H23            -0.7940826702            -1.1618069092            -1.1657890814
 H30            -0.0347520455             1.1044091051            -1.3009626326
 H31            -1.1144560210             1.6483367739             0.0041300371
 H28            -2.0813859174             0.7868840904            -2.7864408619
 H29            -1.8863377608             2.4764274233            -2.2924809016
 H26            -3.7412329833             2.3729476713            -0.7621774681
 H27            -4.2848880908             1.2728665222            -2.0439436852
 H24            -3.2671852546             0.6301327266             0.7745587984
 H25            -4.5669128890            -0.1680373736            -0.1456181566
&

