&gen
basis=6-31G**
igeopt=1
dftname=PBE-D3
ifreq=1
&
entry_name: J1_10269_2111.in
&zmat
C1         -1.8591956539        -1.2069180570         0.4455172144
C2         -3.1903646797        -1.1701588641         0.6066219354
C3         -3.8899131381        -2.1935395739         1.4448246470
C4         -1.0427932798        -0.2262869258        -0.3808105661
C5         -1.4489044835         0.0309188545        -1.8132231057
C6         -2.5347141537        -0.8184238677        -2.5079676388
C7         -2.1565837168        -2.3016731563        -2.6644830626
C8         -0.8792763385        -2.4847857751        -3.4433524560
C9          0.3320278726        -2.7299230132        -2.7740659731
C10         1.5215909551        -2.8611907887        -3.4967994693
C11         1.5114301468        -2.7459816418        -4.8895597141
C12         0.3117144726        -2.4968621685        -5.5618714400
C13        -0.8801391323        -2.3633985023        -4.8428504565
O14        -1.8726358216         1.3521992483        -1.6060994851
P15        -1.2968888753         1.5433810074         0.0116070654
C16        -2.9309635641         2.1553643098         0.5699771660
C17        -3.5231994855         1.7001129966         1.7678348322
C18        -4.7725839351         2.1774386571         2.1720362282
C19        -5.4518106313         3.1118928341         1.3896866514
C20        -4.8840679583         3.5676683810         0.1992383478
C21        -3.6349968091         3.0925489971        -0.2102298335
C22        -0.5634162104         1.6649522851         1.7032059128
C23         0.1816132663         0.6176298196         2.2912446502
C24         0.7393225598         0.7623156002         3.5652237809
C25         0.5801986785         1.9525212879         4.2727692422
C26        -0.1328064774         3.0064977490         3.7058024142
C27        -0.6928524338         2.8694173812         2.4339341107
C28        -0.0398560595         2.7214180039        -0.5505830286
C29         1.2318798689         2.2613947829        -0.9331044564
C30         2.2045420954         3.1606349105        -1.3794034379
C31         1.9172434993         4.5254864350        -1.4490509495
C32         0.6567134318         4.9929541636        -1.0709900399
C33        -0.3192540597         4.0968198022        -0.6251613419
H34        -1.3054362987        -2.0064007640         0.9304431598
H35        -3.7880520924        -0.3968957669         0.1428474417
H36        -3.5058283387        -2.1558108587         2.4861136978
H37        -3.7215650016        -3.2069721583         1.0231953841
H38        -4.9802522802        -1.9856055631         1.4572198802
H39         0.0297953296        -0.5084264201        -0.3595570386
H40        -0.5444979704         0.0605365848        -2.4622262204
H41        -3.5116607012        -0.7335541416        -1.9988361586
H42        -2.6969382611        -0.3926953887        -3.5222046114
H43        -2.9818434948        -2.8217456492        -3.1976944203
H44        -2.0769375083        -2.7904589330        -1.6719782475
H45         0.3559783840        -2.8126666229        -1.6945253287
H46         2.4519584032        -3.0492769981        -2.9767450633
H47         2.4333716802        -2.8469209127        -5.4474552484
H48         0.3057973795        -2.4036610625        -6.6401613067
H49        -1.8020194225        -2.1620453432        -5.3743281623
H50        -3.0243725891         0.9704826878         2.3917117447
H51        -5.2152629313         1.8199925282         3.0927359512
H52        -6.4197905487         3.4801377779         1.7040020992
H53        -5.4139132389         4.2885055631        -0.4099749837
H54        -3.2253631863         3.4551351011        -1.1434944846
H55         0.3564167487        -0.3180962758         1.7920140084
H56         1.3025644240        -0.0518604224         4.0030881284
H57         1.0149595912         2.0599815160         5.2580968878
H58        -0.2510338478         3.9338061534         4.2513557205
H59        -1.2375494338         3.7084056561         2.0231315971
H60         1.4775463611         1.2102702366        -0.8840321913
H61         3.1820668412         2.7987470173        -1.6708531193
H62         2.6716758420         5.2207728234        -1.7937326801
H63         0.4360466916         6.0513963430        -1.1207752481
H64        -1.2801335609         4.4855134912        -0.3242375323
&

