&gen
basis=6-31G**
igeopt=1
dftname=PBE-D3
ifreq=1
&
entry_name: J1_9995_2111.in
&zmat
O1          0.0454044408        -2.7124516690         2.5542382735
C2         -0.1962002111        -2.8541785053         1.1813647455
C3          1.0709455471        -2.5286785470         0.3823682624
C4          1.5427059330        -1.0737854509         0.5588536585
C5          0.7015058486        -0.0662096823        -0.2630452203
C6          1.0738201108         0.1499332014        -1.7160487945
C7          2.1977710936        -0.6838606516        -2.3032896236
C8          1.8838844375        -1.8434555352        -3.0330859134
C9          2.8988927283        -2.6370916176        -3.5753622260
C10         4.2372129901        -2.2784244623        -3.4005883047
C11         4.5625361315        -1.1236291772        -2.6858308062
C12         3.5510004073        -0.3269214623        -2.1418768892
O13         1.4376514616         1.4992989011        -1.5840512115
P14         1.0818723521         1.6878404504         0.0916788529
C15         2.8159479179         2.1630639727         0.3941574340
C16         3.3989894897         3.1986248965        -0.3591019695
C17         4.7376174754         3.5508664702        -0.1666156106
C18         5.5118580388         2.8716552595         0.7755637977
C19         4.9483027566         1.8386564461         1.5264935860
C20         3.6103304117         1.4822059706         1.3366517126
C21         0.5807172411         1.8068375471         1.8663454005
C22         1.1072323842         2.8209409675         2.7018439143
C23         0.7009415491         2.9418969074         4.0329659740
C24        -0.2615084071         2.0790057537         4.5525399181
C25        -0.8347487802         1.1070477789         3.7351513116
C26        -0.4342446127         0.9819953916         2.4020806878
C27        -0.1528464099         2.9594504047        -0.2709847159
C28        -1.4230427201         2.5885459971        -0.7425819301
C29        -2.3835450475         3.5635785147        -1.0271407664
C30        -2.0847256514         4.9156563422        -0.8443869586
C31        -0.8245280385         5.2944862379        -0.3762113936
C32         0.1390315645         4.3226284722        -0.0912300548
H33        -0.8174821736        -2.9007428429         3.0067544274
H34        -0.4897968498        -3.9057069646         0.9671604623
H35        -1.0335945932        -2.1935844157         0.8691522473
H36         0.8836000897        -2.7466652172        -0.6877958168
H37         1.8824921547        -3.2094713215         0.7199938014
H38         1.4854324254        -0.8192304476         1.6355317681
H39         2.6150968841        -1.0072659265         0.2877730820
H40        -0.3835659970        -0.2721066944        -0.1982309058
H41         0.1706784335         0.0888918786        -2.3642736856
H42         0.8512260405        -2.1367039245        -3.1769141591
H43         2.6472612428        -3.5310253039        -4.1312196543
H44         5.0219716751        -2.8941820285        -3.8205875930
H45         5.5999188801        -0.8449853015        -2.5526966450
H46         3.8296906258         0.5604020616        -1.5936910009
H47         2.8243288731         3.7235460220        -1.1107384198
H48         5.1764892110         4.3474787787        -0.7532823656
H49         6.5485490850         3.1452007070         0.9231972904
H50         5.5481300112         1.3146058971         2.2592914245
H51         3.1964677022         0.6942260191         1.9465412119
H52         1.8285922531         3.5351637449         2.3314048636
H53         1.1267383224         3.7149386377         4.6596246097
H54        -0.5774775680         2.1762291233         5.5831414999
H55        -1.6026593073         0.4549933778         4.1313051085
H56        -0.9422463901         0.2439447677         1.8071096874
H57        -1.6748682701         1.5481295910        -0.8918770307
H58        -3.3602915025         3.2704125976        -1.3897211997
H59        -2.8296883024         5.6693557100        -1.0643152473
H60        -0.5945673458         6.3421628508        -0.2315117937
H61         1.1020711783         4.6391197907         0.2817423138
&

