&gen
basis=6-31G**
igeopt=1
dftname=PBE-D3
ifreq=1
&
entry_name: J1_9823_2111.in
&zmat
C1          2.9114714705        -1.0920118454         4.0471589474
C2          2.6188272714        -1.7299458900         2.6995421748
O3          1.8957016734        -0.8163687813         1.8806253093
C4          1.5125678865        -1.1228114128         0.5724694866
O5          1.6975869166        -2.2913692073         0.1342606946
C6          0.7228790799        -0.1273759168        -0.2640614385
C7         -0.7657854298        -0.5221481284        -0.2194904718
C8          1.1956443249         0.0805257666        -1.7076819199
C9          2.4620086211        -0.6719468926        -2.1908799163
O10         2.1060463145        -1.9991726590        -2.5103782230
C11         2.8150983640        -2.3824711699        -3.6676910595
O12         3.6878839166        -3.4222786779        -3.3562397839
C13         4.9880151519        -2.8798727068        -3.4167161557
C14         5.6318646305        -2.9805930137        -2.0306180145
C15         5.8101049037        -3.6737294492        -4.4364404994
O16         4.9610640125        -1.5255916138        -3.8065191583
C17         3.6417843960        -1.2459757181        -4.1686413183
C18         3.0874131047        -0.0402884262        -3.4389287108
C19         4.1451579455         1.0434769110        -3.1182956629
C20         4.7272747944         1.6178284196        -4.3721408225
O21         5.8887724261         1.2858246355        -4.7353846179
O22         3.9623905691         2.4972263489        -5.1434872540
C23         4.4384758525         3.0614425988        -6.3589720556
O24         1.4545824516         1.4560765896        -1.5929906772
P25         1.0565293598         1.6653406995         0.0652232849
C26         2.7601538315         2.2855612667         0.2670364254
C27         3.8322910220         1.4084792365         0.5223654602
C28         5.1421919239         1.8876197415         0.6047355409
C29         5.4054263270         3.2433454340         0.4101691114
C30         4.3594253517         4.1194623895         0.1200851974
C31         3.0477852175         3.6437405102         0.0364919432
C32         0.5671684008         1.7092185241         1.8536940784
C33        -0.7959208050         1.5810151847         2.2056460751
C34        -1.2082496026         1.6238997975         3.5392268037
C35        -0.2738273857         1.8097739824         4.5546965630
C36         1.0736555514         1.9613399655         4.2367364150
C37         1.4946078887         1.9145532599         2.9045638224
C38        -0.1740413519         2.9623202869        -0.3534736415
C39        -1.0327503212         2.8162942644        -1.4618373117
C40        -1.9641052875         3.8088912829        -1.7799062532
C41        -2.0480376811         4.9664731392        -1.0059318574
C42        -1.1952458295         5.1375345357         0.0844137934
C43        -0.2620645596         4.1488742791         0.4065712134
H44         1.9601235809        -0.8377635924         4.5600997610
H45         3.4831932811        -1.8017047298         4.6812622587
H46         3.5131720271        -0.1691281347         3.9074557563
H47         3.5783637512        -1.9963044996         2.2051778105
H48         2.0183490086        -2.6526187184         2.8531895331
H49        -1.0877531074        -0.7337238723         0.8213614101
H50        -0.9214304784        -1.4549726288        -0.8030245918
H51        -1.4257627483         0.2555230726        -0.6448023925
H52         0.3781200131        -0.0683702773        -2.4488672482
H53         3.2260226025        -0.6991863737        -1.3864582736
H54         2.0953057192        -2.7185092619        -4.4449679375
H55         5.6787972881        -4.0402854378        -1.6998125518
H56         5.0329214181        -2.4083940814        -1.2909502226
H57         6.6606761150        -2.5612172626        -2.0488827136
H58         5.8568524658        -4.7458631069        -4.1481983528
H59         5.3401380696        -3.5988618943        -5.4402799733
H60         6.8437433085        -3.2708661394        -4.5003474534
H61         3.5698279098        -1.1292719766        -5.2731122476
H62         2.2841393994         0.4073394302        -4.0691181882
H63         3.6799462688         1.8760780607        -2.5549529136
H64         4.9541817290         0.6308551146        -2.4760798353
H65         5.3526577749         3.6621418076        -6.1668887884
H66         3.6562829930         3.7227386562        -6.7847696974
H67         4.6649602078         2.2554236556        -7.0887482105
H68         3.6745616560         0.3551630974         0.6568399110
H69         5.9554521681         1.2037660335         0.8107940717
H70         6.4211572376         3.6122689547         0.4693009209
H71         4.5663776750         5.1672284552        -0.0555689097
H72         2.2724713519         4.3395069717        -0.2405177366
H73        -1.5572575637         1.4803497941         1.4460204700
H74        -2.2578904394         1.5237503779         3.7836558094
H75        -0.5947762286         1.8447999392         5.5877147919
H76         1.7988618118         2.1103128977         5.0264786658
H77         2.5500345763         2.0309924873         2.7316698578
H78        -0.9828341004         1.9449013047        -2.0973744917
H79        -2.6186793677         3.6818013397        -2.6325243180
H80        -2.7695249010         5.7337920368        -1.2551188849
H81        -1.2552967341         6.0387298328         0.6808207710
H82         0.3889311997         4.3119304168         1.2555611341
&

