&zmat
 C1             -3.4571268699             0.6582351368             1.3451378250
 C2             -2.7704674294             0.0830818578             0.1017742457
 C3             -1.2716938534            -0.1785557196             0.3075375098
 C4             -0.5859708118            -0.7521461792            -0.9408705040
 C5              0.9093951015            -1.0763891204            -0.7598746091
 C6              1.7464145872             0.1586086296            -0.5038750380
 O10             1.9422220059             1.0492894734            -1.6117075077
 C7              3.0937951134             0.3206013370            -1.1228879123
 C8              4.1116530182             1.1486893104            -0.4077562500
 O9              5.2877485696             0.8362447804            -0.3032692848
 H11            -3.3688378605            -0.0294392961             2.2038018983
 H12            -3.0022090328             1.6185371214             1.6431877879
 H13            -4.5303112128             0.8377096798             1.1700118271
 H14            -3.2659809159            -0.8606431758            -0.1954976967
 H15            -2.9022425496             0.7757931743            -0.7507465000
 H16            -1.1335614437            -0.8755805181             1.1577401831
 H17            -0.7835727017             0.7683588763             0.6080902621
 H18            -1.1091868306            -1.6761756133            -1.2486232103
 H19            -0.6897642070            -0.0422633744            -1.7821440887
 H20             1.2911079859            -1.5812792486            -1.6638795760
 H21             1.0483008224            -1.7759189482             0.0859878889
 H22             1.5700928504             0.6775484949             0.4523980453
 H23             3.4812079370            -0.4787338011            -1.7693885960
 H24             3.6890805385             2.0900945332             0.0402500014
&

