&zmat
 C1              2.1265753297             3.1176445506             1.8388836573
 S2              0.2794744328             3.0269607157             1.7573408195
 C3             -0.1151146535             1.3330270841             1.9406539681
 P4             -0.1735092622             0.2729433406             0.6001961298
 C5             -1.0763172976            -1.2418675521             1.0972544091
 C6             -2.1639332831            -1.1054124916             1.9838236249
 C7             -2.9117056742            -2.2308052465             2.3523045848
 C8             -2.5876205444            -3.4927474546             1.8342982113
 C9             -1.5067913105            -3.6309697209             0.9521752229
 C10            -0.7497250233            -2.5118506224             0.5842520610
 C11             1.4147876186            -0.3597338464            -0.1372229040
 C12             2.5280771429            -0.4543500947             0.7161536192
 C13             3.7456347615            -0.9556196122             0.2382189077
 C14             3.8606670955            -1.3598402703            -1.1001691522
 C15             2.7562058507            -1.2600433608            -1.9594056813
 C16             1.5359353231            -0.7615842631            -1.4821520820
 C17            -1.0212969882             0.9922093752            -0.8570159224
 C18            -0.3849200443             2.0098345507            -1.5968608004
 C19            -1.0489275717             2.6110160095            -2.6732975341
 C20            -2.3404783740             2.1956336036            -3.0264134596
 C21            -2.9733897982             1.1796749222            -2.2966863910
 C22            -2.3200176936             0.5814752021            -1.2118545968
 H23             2.5890021293             2.5412876811             1.0221663647
 H24             2.4087071459             4.1786648015             1.7390393756
 H25             2.4907759807             2.7391173316             2.8070035401
 H26            -0.1717383632             0.8694622813             2.9306425812
 H27            -2.4081687460            -0.1123567919             2.3731877697
 H28            -3.7537744694            -2.1199719778             3.0421480311
 H29            -3.1778159446            -4.3696748493             2.1178370867
 H30            -1.2494856755            -4.6154055283             0.5495067358
 H31             0.0964576087            -2.6249063683            -0.0994318758
 H32             2.4263182017            -0.1153074007             1.7538339455
 H33             4.6075296776            -1.0263193314             0.9088679789
 H34             4.8130357717            -1.7455980563            -1.4762909454
 H35             2.8462387732            -1.5672791313            -3.0061109958
 H36             0.6768192643            -0.6782207833            -2.1555260455
 H37             0.6261857087             2.3283040100            -1.3304667257
 H38            -0.5529399830             3.4044851777            -3.2402733893
 H39            -2.8528770160             2.6617341202            -3.8735983754
 H40            -3.9790029270             0.8487416467            -2.5734332022
 H41            -2.8182110940            -0.2083356023            -0.6419579953
&

