&zmat
 C22            -5.1271320861             4.5326685517             0.0567185004
 C21            -4.8755897860             3.4788153160             1.1419486549
 C20            -3.3977887796             3.0694006861             1.3036365662
 C19            -2.8347295056             2.3784542660             0.0545185067
 P18            -1.0753555654             1.7361120258             0.0193649369
 C23            -0.7860226996             1.6203945810             1.9092716142
 C24             0.5833070190             1.1012832987             2.3653175999
 C25             0.6973957426             1.0143364741             3.8968197574
 C26             2.0566847635             0.4939819951             4.3761814395
 C27             0.1659183178             3.0911158511            -0.3012253997
 C28             1.4772583678             2.5795369843            -0.9233144421
 C29             2.5211083909             3.6871333786            -1.1548778345
 C30             2.0804396357             4.7648865089            -2.1526555473
 O17            -1.2615600990             1.5643075616            -1.8556490290
 C10            -1.2064237257             0.1499403178            -1.8709632282
 C11            -2.5523422406            -0.5232780456            -2.1984048898
 C12            -3.2020204243             0.1584542170            -3.4244151054
 C13            -4.3437312177            -0.7063068718            -3.9766963138
 C14            -3.8095565446            -2.0562396276            -4.5304351294
 C15            -2.4513790583            -2.4404711363            -3.9004770756
 C16            -2.3957609005            -2.0600079411            -2.4126111519
 C9             -0.6688735302            -0.0771592550            -0.4175017928
 C1             -1.1065207071            -1.2178223609             0.4417275142
 C2             -2.2993459543            -1.3013644836             1.0781594500
 C3             -2.7923265335            -2.4079750861             1.9041425991
 C4             -3.9386144360            -2.1981243594             2.7036683583
 C5             -4.4453968123            -3.2100976563             3.5248413837
 C6             -3.8191767580            -4.4629726108             3.5608134925
 C7             -2.6865133532            -4.6928138425             2.7636979891
 C8             -2.1805815170            -3.6820343756             1.9431463255
 H57            -4.8693455863             4.1591118020            -0.9478347898
 H58            -4.5254527002             5.4402142359             0.2388270918
 H59            -6.1866844131             4.8344548276             0.0328361792
 H55            -5.4776469131             2.5747922405             0.9275022867
 H56            -5.2390166587             3.8623009238             2.1128172950
 H53            -2.7977946177             3.9677956095             1.5435082080
 H54            -3.3156842888             2.4011908857             2.1775068588
 H51            -2.8719701390             3.0312451088            -0.8326041997
 H52            -3.4608541712             1.5086022084            -0.2151005620
 H60            -1.5675637089             0.9708851299             2.3428545066
 H61            -0.9519079033             2.6277903768             2.3344264178
 H62             0.7676710252             0.0953081981             1.9417888608
 H63             1.3928311956             1.7514817229             1.9803501917
 H64             0.5046169409             2.0137249845             4.3314362045
 H65            -0.1087572352             0.3580828749             4.2760393341
 H66             2.8778251395             1.1484921338             4.0358594240
 H67             2.2562237292            -0.5178408755             3.9829620436
 H68             2.1069350225             0.4400168006             5.4762108311
 H69            -0.3378283806             3.7716746716            -1.0079858013
 H70             0.3652683517             3.6398525832             0.6362051055
 H71             1.9265565115             1.8075880293            -0.2713617511
 H72             1.2281854515             2.0874230067            -1.8802062089
 H73             3.4528820058             3.2151294439            -1.5168294611
 H74             2.7761243225             4.1579192052            -0.1859686238
 H75             2.8871605964             5.4932589462            -2.3352903463
 H76             1.2053757092             5.3283790896            -1.7884862039
 H77             1.8044575284             4.3164585709            -3.1224727085
 H39            -0.4625872183            -0.2048711583            -2.6225076439
 H40            -3.2348161801            -0.3682723454            -1.3405740636
 H41            -3.5492220430             1.1632273895            -3.1359036985
 H42            -2.4406661311             0.3230877605            -4.2108813159
 H43            -5.0654228826            -0.8951991185            -3.1592071940
 H44            -4.9048427678            -0.1650566062            -4.7579423639
 H45            -4.5478875696            -2.8550299471            -4.3369139584
 H46            -3.6982169401            -2.0011089950            -5.6278720751
 H47            -1.6331867595            -1.9214122820            -4.4333773183
 H48            -2.2612153412            -3.5199970318            -4.0314770195
 H49            -1.4467145949            -2.4104698700            -1.9676045183
 H50            -3.1921587258            -2.5975097516            -1.8667456210
 H38             0.4355943734            -0.0750586288            -0.4725429778
 H31            -0.3978150777            -2.0509369463             0.5425951288
 H32            -2.9844350756            -0.4460444411             1.0063932576
 H33            -4.4288946687            -1.2182311679             2.6787764166
 H34            -5.3324279910            -3.0207200565             4.1372117324
 H35            -4.2139114653            -5.2590394684             4.1991968694
 H36            -2.1998587939            -5.6730622528             2.7765364816
 H37            -1.3109530695            -3.8861205160             1.3108519024
&

