&gen
basis=6-31G**
igeopt=1
dftname=PBE-D3
ifreq=1
&
entry_name: J1_4982_2111.in
&zmat
C1          3.2027401703         3.0705557641         1.9969790152
C2          3.1770675922         3.4507281623         0.5216148499
C3          2.1338066747         2.6968232646        -0.1792024363
C4          1.2713082104         2.0679476156        -0.7380754771
C5          0.2382864039         1.3049736411        -1.3793405402
P6         -0.3732520749        -0.0194542582        -0.6533281700
C7         -1.0359126804         0.4695152492         0.9527690117
C8         -2.4206518808         0.5724122957         1.1609606123
C9         -2.9169666803         0.9805431474         2.4030920761
C10        -2.0362732243         1.2954973492         3.4412891533
C11        -0.6570528949         1.2035181814         3.2387688409
C12        -0.1576289399         0.7944929732         1.9992247793
C13         0.9470354519        -1.2290555579        -0.4300846260
C14         0.9191986859        -2.1146527175         0.6588777714
C15         1.9222278123        -3.0768170121         0.8096293420
C16         2.9488813513        -3.1719560911        -0.1335121708
C17         2.9688026239        -2.3102858922        -1.2334172079
C18         1.9670231398        -1.3471596583        -1.3873408812
C19        -1.6672277014        -0.7398346784        -1.6854751919
C20        -2.5711813675         0.0904372114        -2.3686618414
C21        -3.5961446257        -0.4663976103        -3.1393674827
C22        -3.7338226274        -1.8540773994        -3.2237725429
C23        -2.8509730797        -2.6864884603        -2.5312071739
C24        -1.8252033602        -2.1332065319        -1.7586523794
H25         3.9942773214         3.6508704870         2.5160788879
H26         2.2244073847         3.2988231567         2.4727246255
H27         3.4220854610         1.9871804054         2.1133117659
H28         2.9717482006         4.5371261117         0.4193089051
H29         4.1614618385         3.2246834538         0.0603342198
H30        -0.0944313260         1.5917708603        -2.3669599631
H31        -3.1206203793         0.3387906367         0.3714404032
H32        -3.9852832825         1.0552261841         2.5599778699
H33        -2.4224324361         1.6125232094         4.4013765272
H34         0.0255390477         1.4503483997         4.0416457875
H35         0.9134405174         0.7277163538         1.8577008666
H36         0.1203269713        -2.0674001063         1.3873439835
H37         1.9000443010        -3.7529531225         1.6544631818
H38         3.7237341331        -3.9185109227        -0.0166680112
H39         3.7577330287        -2.3921216204        -1.9698307571
H40         1.9883953392        -0.6970162665        -2.2524372045
H41        -2.4924941591         1.1674086393        -2.2966595166
H42        -4.2876934792         0.1783287492        -3.6661732618
H43        -4.5287410962        -2.2840075521        -3.8193243341
H44        -2.9643365734        -3.7613329439        -2.5890072292
H45        -1.1612477921        -2.7955131004        -1.2204140767
&

