&zmat
 C1              2.9589616610             3.3779487085             1.9915361935
 C2              3.0746031904             3.6533331980             0.4765536130
 C3              2.1416595376             2.8454241603            -0.3063032485
 C4              1.3005788593             2.1861118671            -0.9207430440
 C5              0.3390522433             1.3848011925            -1.5622443760
 P6             -0.2966123673             0.0292571644            -0.7340218919
 C7             -0.9262107019             0.4014240643             0.9512361458
 C8             -2.2956259226             0.3253997345             1.2681676419
 C9             -2.7400379266             0.6955890223             2.5440920170
 C10            -1.8262456516             1.1556928012             3.5033730052
 C11            -0.4620915305             1.2398456655             3.1877459702
 C12            -0.0073863180             0.8570582145             1.9207533977
 C13             0.8972369560            -1.3431214546            -0.3926922971
 C14             0.6844161806            -2.2963269088             0.6225874768
 C15             1.6078804587            -3.3320932783             0.8135307040
 C16             2.7524405036            -3.4091775732             0.0053185970
 C17             2.9756452649            -2.4496878566            -0.9924734786
 C18             2.0492746137            -1.4181097507            -1.1929174922
 C19            -1.6547062433            -0.6837377205            -1.7210661629
 C20            -2.5556195977             0.1930815839            -2.3608895536
 C21            -3.6265328872            -0.3213277215            -3.1017284911
 C22            -3.8166426240            -1.7077907540            -3.1990424697
 C23            -2.9257152015            -2.5808875768            -2.5590789325
 C24            -1.8469303716            -2.0752118423            -1.8227272128
 H25             3.6547340041             4.0148331014             2.5624791898
 H26             1.9333463153             3.5733691784             2.3436165112
 H27             3.1981777927             2.3248150894             2.2142495146
 H28             2.8887519516             4.7304994211             0.2940126317
 H29             4.1230771203             3.4754293844             0.1607228759
 H30             0.0110669971             1.5472693035            -2.5910217195
 H31            -3.0114792501            -0.0271189487             0.5191263098
 H32            -3.8037631292             0.6219325696             2.7905767229
 H33            -2.1772413760             1.4460311415             4.4983482672
 H34             0.2544685261             1.5986906179             3.9332261634
 H35             1.0572958965             0.9148200540             1.6776780865
 H36            -0.1973527098            -2.2190494822             1.2675600445
 H37             1.4399304058            -4.0753289927             1.5992771621
 H38             3.4771461694            -4.2142649399             0.1620328402
 H39             3.8762940832            -2.5022351405            -1.6118563688
 H40             2.2087901304            -0.6460760358            -1.9542812413
 H41            -2.4071007969             1.2732371536            -2.2692984981
 H42            -4.3193721110             0.3644539038            -3.5984585019
 H43            -4.6590527788            -2.1072078902            -3.7716478096
 H44            -3.0678060748            -3.6631589933            -2.6354960746
 H45            -1.1494227081            -2.7605268876            -1.3326302578
&

