&gen
basis=6-31G**
igeopt=1
dftname=PBE-D3
ifreq=1
&
entry_name: J1_10262_2111.in
&zmat
C1          5.3889478976        -3.9601132185        -4.1864465850
O2          4.1578397138        -4.1940732872        -3.5103989651
C3          3.2882829246        -3.1824411679        -3.0765901561
C4          2.1107271415        -3.5542788314        -2.4193285827
C5          1.2149778001        -2.5839716203        -1.9628898263
C6          1.4893194403        -1.2191187267        -2.1443859912
C7          0.4944794834        -0.1910183299        -1.6469458375
O8          1.0176650489         1.1189160470        -1.6826470877
P9          0.8984417434         1.4698229444        -0.0007752407
C10         2.6967003043         1.7422034028         0.0192445417
C11         3.5774186846         0.6440572159         0.0592850643
C12         4.9601139081         0.8394831568         0.0118626368
C13         5.4808836882         2.1296843741        -0.0961141211
C14         4.6183456141         3.2248380117        -0.1687703302
C15         3.2340456514         3.0334934816        -0.1237491930
C16         0.6468113039         1.5533157681         1.8311141498
C17         1.6672770933         1.2259163897         2.7535348413
C18         1.4241913989         1.2427018276         4.1302158722
C19         0.1575423302         1.5590879855         4.6174434844
C20        -0.8746008234         1.8489426665         3.7283557189
C21        -0.6380982562         1.8366446485         2.3522907718
C22        -0.0882804078         2.9882836571        -0.3293569437
C23         0.0820489076         4.1442944903         0.4648220269
C24        -0.6602412342         5.3016943133         0.2172239939
C25        -1.5707558331         5.3365665111        -0.8379502735
C26        -1.7298118579         4.2180849657        -1.6553530151
C27        -0.9896213334         3.0575986288        -1.4118723153
C28         0.2866374341        -0.2374897959        -0.1501784098
C29        -1.1307704336        -0.4945606722         0.3470129375
C30        -1.2921099731        -1.2328117324         1.5334505418
C31        -2.5606032795        -1.4566787322         2.0733616138
C32        -3.7047771056        -0.9504246398         1.4383743811
N33        -5.0106532097        -1.1777643703         1.9993287215
O34        -6.0318524398        -0.7282853371         1.4388042633
O35        -5.1557055218        -1.8933913044         3.1658429478
C36        -3.5514052195        -0.2193688054         0.2487977714
C37        -2.2819266382         0.0058866808        -0.2902563634
C38         2.6608314960        -0.8447124173        -2.8274879883
C39         3.5573128017        -1.8163180444        -3.2813002341
H40         5.8716602225        -4.9338910847        -4.4079966157
H41         6.0701462465        -3.3634714973        -3.5435634957
H42         5.2037974798        -3.4289757479        -5.1439605953
H43         1.8883570578        -4.6020786850        -2.2617687124
H44         0.3079113206        -2.8960570161        -1.4595822447
H45        -0.4347847770        -0.2483878248        -2.2486761557
H46         3.2015683883        -0.3651382969         0.1391750619
H47         5.6278857898        -0.0112173653         0.0548155090
H48         6.5519784254         2.2800109488        -0.1352665402
H49         5.0224232032         4.2234895281        -0.2735337895
H50         2.5972502215         3.8964615321        -0.2270011270
H51         2.6549494058         0.9387851376         2.4393255447
H52         2.2201300679         0.9972122925         4.8215969145
H53        -0.0275086235         1.5653805700         5.6837947167
H54        -1.8643551111         2.0736248461         4.1043727179
H55        -1.4724906627         2.0356966629         1.6934248287
H56         0.7855907993         4.1534515156         1.2869411674
H57        -0.5260523161         6.1740528954         0.8436980708
H58        -2.1436375847         6.2344872354        -1.0302160632
H59        -2.4206494017         4.2530262896        -2.4879165422
H60        -1.1106928300         2.2338609865        -2.0964766574
H61         1.0047311076        -0.9265548733         0.3454167011
H62        -0.4284653190        -1.6227983538         2.0581329404
H63        -2.6437684958        -2.0216916305         2.9926163840
H64        -4.4149133918         0.1816955960        -0.2662918310
H65        -2.2207430561         0.5666261048        -1.2043839994
H66         2.8919818430         0.1975182668        -3.0057674610
H67         4.4547024771        -1.4945638546        -3.7917740905
&

