&gen
basis=6-31G**
igeopt=1
dftname=PBE-D3
ifreq=1
&
entry_name: J1_10529_2111.in
&zmat
O1          3.4848368055        -0.1501145351         1.9356659709
C2          2.9713216958        -1.3644654068         1.4592575812
C3          1.5169205288        -1.2201518395         1.1148797380
C4          1.1129214902        -0.3768462559         0.1554777283
C5         -0.3472546579        -0.1989903744        -0.1762951590
C6         -0.5848535921        -0.1187930755        -1.6622110284
C7         -1.6109505738        -1.1166732809        -2.1576417763
C8         -1.2962586813        -2.4861059938        -2.1336336229
C9         -2.2222400864        -3.4337003501        -2.5795085682
C10        -3.4682479016        -3.0233786802        -3.0592388047
C11        -3.7886901602        -1.6643379417        -3.0980152635
C12        -2.8655249603        -0.7123467540        -2.6551401272
O13        -1.0724594900         1.1984328872        -1.6663939612
P14        -0.9260956193         1.5186501421         0.0189861873
C15        -2.6970872812         1.8573537458         0.1533920422
C16        -3.1879802026         3.1725138092         0.0960894171
C17        -4.5610544240         3.4175899221         0.1913352146
C18        -5.4538947891         2.3542632245         0.3445165295
C19        -4.9741196693         1.0441022605         0.4084390019
C20        -3.6019067221         0.7953921627         0.3167964692
C21        -0.8204811671         1.7355436029         1.8486755768
C22        -0.8942094651         0.6376180963         2.7335573137
C23        -0.8452987717         0.8257129391         4.1177871985
C24        -0.7580755885         2.1108815286         4.6497648171
C25        -0.7402072901         3.2137636716         3.7985397391
C26        -0.7875238240         3.0321578036         2.4143544250
C27         0.2631457020         2.8556071858        -0.3367819219
C28         1.5241462995         2.8945320165         0.2901567467
C29         2.4328629390         3.9140755321        -0.0060058436
C30         2.1003844200         4.9001749390        -0.9366111568
C31         0.8590026866         4.8665585998        -1.5746623602
C32        -0.0534553682         3.8492174291        -1.2809554620
H33         3.1054116451        -0.0183387086         2.8439471995
H34         3.5372109952        -1.6673057121         0.5529371642
H35         3.0999946747        -2.1622733362         2.2246554485
H36         0.7928286684        -1.8187485295         1.6595768582
H37         1.8543321558         0.1970079355        -0.3942755622
H38        -1.0115985564        -0.9452468050         0.3074669628
H39         0.3429053621        -0.1767273522        -2.2745712283
H40        -0.3342370528        -2.8184454602        -1.7627857156
H41        -1.9735833997        -4.4867330776        -2.5525508988
H42        -4.1845252921        -3.7582856646        -3.4031537357
H43        -4.7534487259        -1.3475843731        -3.4727471914
H44        -3.1385102265         0.3339184152        -2.6987648696
H45        -2.5157817764         4.0115231467        -0.0055411737
H46        -4.9328515914         4.4331709584         0.1489620028
H47        -6.5166214229         2.5457829705         0.4172879168
H48        -5.6656256663         0.2204184622         0.5299039756
H49        -3.2505996902        -0.2254766214         0.3713924123
H50        -1.0159096677        -0.3707668597         2.3821377602
H51        -0.8904122105        -0.0290304093         4.7804593510
H52        -0.7250170778         2.2529026166         5.7222218680
H53        -0.6993710327         4.2135047110         4.2113361156
H54        -0.8038576979         3.9139291573         1.7889694864
H55         1.7994640625         2.1522139512         1.0266770058
H56         3.3951932941         3.9404263137         0.4886352342
H57         2.8056346433         5.6886473999        -1.1653600335
H58         0.6049011380         5.6267928670        -2.3019318237
H59        -1.0009292165         3.8320449647        -1.8030155192
&

