&gen
basis=6-31G**
igeopt=1
dftname=PBE-D3
ifreq=1
&
entry_name: J1_9835_2111.in
&zmat
C1          3.3582973086        -3.7121008525         1.3979091015
C2          1.9745445666        -3.2573459415         1.8467792032
O3          1.4023956634        -2.3414396197         0.9136989756
C4          1.7775352793        -0.9959418540         0.8327143203
O5          2.7753826596        -0.5778411871         1.4793172281
C6          0.9469984141        -0.0635782173        -0.0116239009
C7          1.3867664584         0.1464901959        -1.4425823296
C8          2.3323592061        -0.8172555627        -2.2001780600
O9          1.7885806735        -2.1113025645        -2.2319490533
C10         2.8448270969        -2.9493093785        -2.6478050411
O11         2.6985512324        -4.2357717674        -2.0796896188
C12         1.6455288921        -4.9280027844        -2.7134906743
C13         4.1530002160        -2.3202966414        -2.1615261305
O14         5.0714869436        -2.1872193167        -3.2023718852
C15         5.4743463613        -0.8355115370        -3.1930291922
C16         6.8972895723        -0.7358768534        -2.6310305866
C17         5.4378945901        -0.3044740021        -4.6276943049
O18         4.6097461753        -0.0524781534        -2.4004406398
C19         3.7763684489        -0.9494284256        -1.7319308710
O20         1.8784805068         1.4543933067        -1.2685326868
P21         1.1968825416         1.7219432798         0.2973908182
C22         2.7269564291         2.5285963611         0.9201366931
C23         2.6520919755         3.6600915772         1.7624209125
C24         3.8113000450         4.2837535104         2.2313883890
C25         5.0650345985         3.7987816713         1.8603461282
C26         5.1593872141         2.6930420716         1.0156257331
C27         4.0010781165         2.0673591826         0.5463742199
C28         0.3900015005         1.6794825215         1.9686101657
C29        -1.0094451955         1.8146583906         2.1256285583
C30        -1.6086801403         1.7248704783         3.3853496505
C31        -0.8355668101         1.4691611482         4.5148191513
C32         0.5385108825         1.2878553740         4.3854512544
C33         1.1435456507         1.3763663690         3.1295722391
C34         0.0232656643         2.8915085610        -0.4661401074
C35         0.3185841889         4.2645347114        -0.5511673484
C36        -0.5563813298         5.1416869072        -1.1992998401
C37        -1.7201397236         4.6571919099        -1.7978631219
C38        -2.0029217953         3.2914277733        -1.7633857947
C39        -1.1302004798         2.4115619795        -1.1176483950
H40         3.2843578255        -4.2508231881         0.4327613772
H41         3.7855382814        -4.4023709611         2.1552117748
H42         4.0411453848        -2.8453509379         1.2834771875
H43         1.3142497945        -4.1469851295         1.9193781035
H44         2.0330167831        -2.7907719932         2.8543908059
H45        -0.1284067052        -0.3374629408         0.0519006421
H46         0.4695800979         0.2139208348        -2.0706505161
H47         2.3525384405        -0.4415064309        -3.2519609565
H48         2.8551299920        -2.9987591492        -3.7648523522
H49         1.5257285971        -5.9145802661        -2.2208290079
H50         0.6802688693        -4.3842915843        -2.6121706301
H51         1.8770330165        -5.1143028920        -3.7854661866
H52         4.6122364295        -2.8940789313        -1.3252183556
H53         6.9199668631        -1.1181883014        -1.5881744146
H54         7.6001365115        -1.3403347243        -3.2435888569
H55         7.2390635554         0.3214283148        -2.6249591588
H56         5.7488621324         0.7619723784        -4.6556244181
H57         4.4058460495        -0.3814623526        -5.0317070291
H58         6.1162855214        -0.8964473241        -5.2789217285
H59         3.9073725514        -0.8636752172        -0.6433191671
H60         1.6935387351         4.0567760674         2.0709243350
H61         3.7361680446         5.1445127345         2.8832184900
H62         5.9627747635         4.2827266768         2.2226358410
H63         6.1318481846         2.3221362490         0.7181645565
H64         4.1105332593         1.2356261961        -0.1181655044
H65        -1.6673858504         1.9705753532         1.2918405506
H66        -2.6804682450         1.8417940924         3.4828235515
H67        -1.3034502065         1.3969402189         5.4881309875
H68         1.1383946384         1.0714153855         5.2600858464
H69         2.2097191253         1.2147268457         3.0831471852
H70         1.2339762484         4.6679981292        -0.1527571009
H71        -0.3228137563         6.1973334648        -1.2511790007
H72        -2.3943949147         5.3377312491        -2.3015156128
H73        -2.8973348110         2.9125775853        -2.2408373356
H74        -1.3733472928         1.3585031654        -1.1051375210
&

