&zmat
 C1              1.2437977236            -4.1163495478             1.5449234723
 C2              0.9189610292            -2.7859077378             2.2078198903
 O3              0.4245892156            -1.8275257225             1.2267170802
 C4              1.3785926193            -1.1168975378             0.5748904943
 O5              2.5836506194            -1.2503807151             0.7699835081
 C6              0.7408029990            -0.0972533683            -0.3348179703
 C7              1.1795414800             0.0897456989            -1.7937035527
 C8              2.3084379461            -0.7780128606            -2.3645524969
 O9              1.9461937009            -2.1573349686            -2.1892755355
 C10             3.1535872277            -2.9382374306            -2.2281992061
 O11             2.9896658658            -4.1026560129            -1.4756453397
 C12             2.0213836425            -4.9929801894            -2.0357067702
 C13             4.2588855939            -2.0527721894            -1.6205040556
 O14             5.4640308939            -2.1035323180            -2.3859718026
 C15             5.8331976574            -0.7400253111            -2.6761064858
 C16             6.7166144812            -0.1788378914            -1.5525636653
 C17             6.4985747041            -0.7044105327            -4.0434842099
 O18             4.5963240877            -0.0181450255            -2.7592321246
 C19             3.7276774998            -0.6100536367            -1.7806730872
 O20             1.5558378227             1.4656697137            -1.7560400092
 P21             1.1906256381             1.7534890037             0.0231691478
 C22             2.7879348514             2.6941880513             0.2389764585
 C23             2.9417587701             3.5470807212             1.3532816819
 C24             4.0889426986             4.3345864366             1.4992953535
 C25             5.1123067923             4.2718772308             0.5434989331
 C26             4.9649480387             3.4365001640            -0.5698627214
 C27             3.8071532061             2.6636293871            -0.7333879853
 C28             0.8236490246             1.4566449534             1.8900028066
 C29            -0.5098923483             1.2935874454             2.3239538669
 C30            -0.8087807387             0.7709814316             3.5897292973
 C31             0.2233540904             0.3785649085             4.4529282459
 C32             1.5537710045             0.5159011188             4.0346205599
 C33             1.8480641110             1.0420735392             2.7682808969
 C34            -0.1507336820             2.9865918150            -0.3296098205
 C35            -0.5292205720             3.9361148123             0.6413284162
 C36            -1.4967452361             4.9049839151             0.3506997423
 C37            -2.1152072337             4.9292164686            -0.9076041786
 C38            -1.7444134132             3.9895155332            -1.8780666394
 C39            -0.7583987256             3.0339049996            -1.5979825386
 H40             0.3533285419            -4.5314378376             1.0457247921
 H41             1.5824754015            -4.8405139588             2.3044535130
 H42             2.0406903410            -3.9912443337             0.7955153864
 H43             0.0981686826            -2.8673750290             2.9369317421
 H44             1.8028696971            -2.3520561837             2.7017920040
 H45            -0.3538412247            -0.1724001342            -0.2335031768
 H46             0.2978658998            -0.0617372311            -2.4523768061
 H47             2.3984663276            -0.5300941164            -3.4436836139
 H48             3.4078778037            -3.1824755115            -3.2869692298
 H49             2.0286765460            -5.8979369505            -1.4110970851
 H50             1.0111792626            -4.5473067478            -2.0269293259
 H51             2.2852310225            -5.2658838072            -3.0769980077
 H52             4.4196856209            -2.3356051096            -0.5669617697
 H53             6.1878947596            -0.2197057163            -0.5873603403
 H54             7.6433018594            -0.7666342298            -1.4657432942
 H55             6.9764234724             0.8716761463            -1.7581288521
 H56             6.7527185501             0.3311314600            -4.3154463487
 H57             5.8058567140            -1.1162448556            -4.7914982995
 H58             7.4202320620            -1.3052567468            -4.0324634121
 H59             3.7441255249            -0.0510101746            -0.8353649161
 H60             2.1659666575             3.5928950256             2.1212099822
 H61             4.1845376738             4.9924712591             2.3685684705
 H62             6.0166435263             4.8760502598             0.6662353747
 H63             5.7506892127             3.3856307826            -1.3300918691
 H64             3.6876953723             2.0491097782            -1.6255325213
 H65            -1.3355492517             1.5786803787             1.6629440608
 H66            -1.8538294717             0.6654496949             3.8983255175
 H67            -0.0072049038            -0.0334140235             5.4401089956
 H68             2.3719052607             0.2056150038             4.6925814226
 H69             2.8934344395             1.1123715238             2.4545347157
 H70            -0.0740930520             3.9145000869             1.6348343916
 H71            -1.7707058404             5.6399901492             1.1137344692
 H72            -2.8777421549             5.6814790335            -1.1310910302
 H73            -2.2134876100             4.0061275902            -2.8665858597
 H74            -0.4247588231             2.3370698134            -2.3694551831
&

