&zmat
 C6             -2.3343256630            -0.0452496143             0.3598559640
 C5             -0.9940153310             0.0126193291            -0.3722704771
 C4             -0.2723703705             1.3635708610            -0.2779384934
 O3              1.1085582567             1.1050326955            -0.5821257885
 C2              1.3929925667            -0.2871259553            -0.3572387920
 C1              2.5267286443            -0.4101299802             0.6513990047
 O8              3.3779248717            -1.2826156033             0.6306853385
 C7              0.0939428957            -0.9199072924             0.1936471547
 H14            -2.7875068403            -1.0468456475             0.2858649112
 H15            -2.2069417129             0.1895598744             1.4309038141
 H16            -3.0527216469             0.6774493463            -0.0612682624
 H13            -1.1411988027            -0.2289558120            -1.4417800132
 H11            -0.6453258336             2.1154037055            -0.9943327069
 H12            -0.3747972462             1.7826063176             0.7468112615
 H10             1.7065693210            -0.7635373678            -1.3056443001
 H9              2.4914868908             0.3869542743             1.4466357255
 H17             0.0776302360            -0.8744184910             1.2998356974
 H18            -0.0118500193            -1.9744457776            -0.1014096655
&

