&zmat
 C7              5.6688182954            -2.5451597815             1.6654523014
 C6              4.1430774995            -2.3832541464             1.6743506345
 C5              3.4947058666            -2.4007806369             0.2800951865
 C4              3.9319142554            -1.2407911910            -0.6299769044
 C3              3.0964649840            -1.1261696709            -1.9260718258
 C2              1.6164681219            -0.8692150534            -1.5999385708
 O1              0.8396131246            -1.8643533429            -1.5362059776
 C8              1.2713456306             0.4796023424            -1.2860839979
 P9             -0.2516125710             0.9063450837            -0.5784405626
 C10            -0.7561464602            -0.4083012254             0.6150668032
 C11            -2.1064658271            -0.3147125355             1.3363941328
 C12            -2.4917732546            -1.6338545096             2.0332738334
 C13            -1.5096488533            -2.0689099924             3.1277344866
 C14             0.0502958056             2.4983012396             0.3414724660
 C15            -1.0420195519             3.5787515576             0.4346878970
 C16            -2.2694283667             3.2281094789             1.2846855136
 C17            -3.2387605602             4.4058203177             1.4327676429
 C18            -1.6560559549             1.2302082192            -1.7632282420
 C19            -1.6563517368             0.3641539272            -3.0389240522
 C20            -2.0250619278            -1.1188797095            -2.8655772462
 C21            -3.4243568475            -1.3653623990            -2.2906653354
 H30             6.1642827654            -1.7145556564             1.1357060174
 H31             6.0789421096            -2.5755733331             2.6886692872
 H32             5.9631332903            -3.4811770528             1.1591264143
 H28             3.6971611883            -3.1893099829             2.2860261665
 H29             3.8776885617            -1.4353238658             2.1823004747
 H26             2.3958965562            -2.3776136775             0.3856984478
 H27             3.7214644301            -3.3610225794            -0.2229113807
 H24             3.8443145279            -0.2881101625            -0.0718719271
 H25             4.9990909614            -1.3485561783            -0.8983039407
 H22             3.5062452671            -0.3159485255            -2.5558709181
 H23             3.1504481817            -2.0680032152            -2.4980040303
 H33             1.9985019913             1.2869280661            -1.4059576106
 H34             0.0844442398            -0.4381011755             1.3309539041
 H35            -0.6605390910            -1.3317180983             0.0146734390
 H36            -2.0828564636             0.4976342586             2.0852312895
 H37            -2.9067097370            -0.0525475099             0.6210044985
 H38            -3.5004871581            -1.5168236760             2.4695869375
 H39            -2.5751381678            -2.4292627017             1.2693861553
 H40            -1.3899866423            -1.2800103160             3.8912919810
 H41            -0.5111769967            -2.2911752780             2.7163542899
 H42            -1.8627349160            -2.9780548585             3.6404637111
 H43             0.9381291393             2.9233407584            -0.1573910074
 H44             0.3817738388             2.1942213461             1.3508433014
 H45            -0.5656049340             4.4816665175             0.8619527354
 H46            -1.3691792267             3.8760084883            -0.5788509714
 H47            -2.8022956253             2.3696621908             0.8390661151
 H48            -1.9345187664             2.8931425340             2.2848992123
 H49            -2.7475681090             5.2696988723             1.9124932303
 H50            -4.1123194503             4.1338476514             2.0467212002
 H51            -3.6121566666             4.7407520502             0.4499226917
 H52            -1.5368457129             2.2892933147            -2.0537412142
 H53            -2.6147674559             1.1646142883            -1.2185673000
 H54            -0.6530899914             0.4318083055            -3.4961388378
 H55            -2.3626947043             0.8369154253            -3.7482875485
 H56            -1.9596755630            -1.5911884437            -3.8626427144
 H57            -1.2478733607            -1.6139981570            -2.2558552611
 H58            -4.2060462752            -0.8658753573            -2.8907202556
 H59            -3.6587223975            -2.4422226746            -2.2689255394
 H60            -3.5216599155            -0.9978944665            -1.2544431922
&

