&gen
basis=6-31G**
igeopt=1
dftname=PBE-D3
ifreq=1
&
entry_name: J1_10570_2111.in
&zmat
C1          1.3723438320        -1.5043827559         1.3158479155
C2          1.0655716020        -0.4879568585         0.2565829198
O3          1.9938852989         0.0906723532        -0.2871300723
C4         -0.3686755866        -0.2045416659        -0.1433555308
C5         -0.5747250885        -0.1151205082        -1.6377430191
C6         -1.5521284654        -1.1344829645        -2.2554385258
C7         -1.0184058959        -2.5402831745        -2.2377978635
O8         -2.1289499927        -3.3655681538        -2.0844983222
C9         -3.1643419733        -2.5352357237        -1.5995017315
C10        -4.3838473465        -2.6748527300        -2.5159526723
C11        -3.5269981964        -2.9749432348        -0.1777129050
O12        -2.7646008895        -1.1807768608        -1.5739752109
O13        -1.1158699748         1.1841629345        -1.6398598706
P14        -0.9415677876         1.5169290991         0.0431624798
C15        -2.7332350427         1.8086237180         0.1034786957
C16        -3.2720791325         3.0228273596        -0.3558026272
C17        -4.6565714172         3.2152766107        -0.3907564410
C18        -5.5173855207         2.1905339461         0.0080997405
C19        -4.9949058758         0.9687262279         0.4359336660
C20        -3.6118229439         0.7741032349         0.4734180876
C21        -0.6024159589         1.6601744507         1.8631643683
C22         0.7362196324         1.7826159615         2.3054470898
C23         1.0496943362         1.8743829884         3.6629485779
C24         0.0364305739         1.8552281579         4.6168334172
C25        -1.2922596553         1.7531896435         4.2127135755
C26        -1.6138321853         1.6604478599         2.8550302049
C27         0.0775483139         2.9917824391        -0.3076642601
C28        -0.1898506376         4.2128423529         0.3430023202
C29         0.5885473947         5.3437333073         0.0827950566
C30         1.6390524641         5.2743583883        -0.8333987892
C31         1.9099821377         4.0744261448        -1.4931337505
C32         1.1342466193         2.9403011211        -1.2355963978
H33         1.9471663033        -1.0248335268         2.1355398239
H34         1.9791481117        -2.3241384242         0.8778968905
H35         0.4442266605        -1.9377902420         1.7434555189
H36        -1.0781426157        -0.8990793739         0.3500834365
H37         0.3754309368        -0.1168090456        -2.2162677098
H38        -1.7536485073        -0.8342671726        -3.3085002879
H39        -0.3230326986        -2.7143526357        -1.3876865717
H40        -0.4969886898        -2.7782629203        -3.1894187280
H41        -4.1184288291        -2.3624068442        -3.5483996981
H42        -4.7298149517        -3.7303849979        -2.5452353559
H43        -5.2151077036        -2.0310244274        -2.1559668780
H44        -4.3582066876        -2.3554665404         0.2218940297
H45        -3.8382284087        -4.0415211434        -0.1693411671
H46        -2.6472832991        -2.8610766070         0.4905560573
H47        -2.6312212280         3.8139437543        -0.7158053297
H48        -5.0626179535         4.1552238975        -0.7416179933
H49        -6.5888277640         2.3401744431        -0.0230897976
H50        -5.6612070747         0.1712977792         0.7385561690
H51        -3.2270521437        -0.1717187221         0.8251635060
H52         1.5520429735         1.8219705686         1.5984383783
H53         2.0824265412         1.9647561179         3.9741669109
H54         0.2799183634         1.9278686566         5.6689210483
H55        -2.0802065660         1.7503453763         4.9551074241
H56        -2.6600043513         1.6067044413         2.6236551062
H57        -0.9958595380         4.2884285334         1.0616127462
H58         0.3770631686         6.2744955713         0.5930475300
H59         2.2410490678         6.1510157595        -1.0345725790
H60         2.7205698250         4.0232113669        -2.2085679447
H61         1.3585686575         2.0325510932        -1.7737642207
&

