&gen
basis=6-31G**
igeopt=1
dftname=PBE-D3
ifreq=1
&
entry_name: J1_6659_2111.in
&zmat
C1          4.0697152847        -0.9359654847         0.7011457925
C2          3.0796250147         0.1503402305         0.3811982540
C3          1.7964054544        -0.4650915244        -0.1925339302
O4          0.9321537701         0.5655616240        -0.6109714346
Si5         -0.6365812939        -0.0631720549        -1.0211008896
C6         -1.2064318567         0.8322599825        -2.5610720194
C7         -0.6158846002        -1.8949853174        -1.4429473299
C8         -1.8342845203         0.2843444676         0.4174222544
C9         -1.9078322083         1.8017421493         0.6606235492
C10        -1.3227793562        -0.4081513892         1.6922554942
C11        -3.2348856230        -0.2498943289         0.0714595314
C12         2.7864734314         0.9691195975         1.6434212641
O13         5.1553022722        -0.9679824391         0.1438050712
H14         3.8217145864        -1.6999545022         1.4317317075
H15         3.5180338464         0.8307089457        -0.3835197062
H16         1.3310938920        -1.1051168108         0.5924914922
H17         2.0711869505        -1.0966476393        -1.0674913849
H18        -1.2203261423         1.9256536497        -2.3778501883
H19        -2.2216823871         0.4878914222        -2.8439918040
H20        -0.5033376099         0.6124891799        -3.3903590172
H21        -1.6227520673        -2.2050002858        -1.7888726453
H22        -0.3367884766        -2.4945888705        -0.5533220238
H23         0.1137459437        -2.0790815725        -2.2577535110
H24        -2.5703720339         2.0263337640         1.5243275115
H25        -2.3171976527         2.3267143861        -0.2283640576
H26        -0.8995209686         2.2144830673         0.8812143208
H27        -1.2309214243        -1.5043437631         1.5386244414
H28        -0.3308122302        -0.0055922750         1.9885827769
H29        -2.0249115970        -0.2373743714         2.5367312868
H30        -3.2104988307        -1.3486430297        -0.0891595508
H31        -3.9461630879        -0.0406637352         0.8994909408
H32        -3.6281739849         0.2338145615        -0.8476059390
H33         2.3324346601         0.3297965139         2.4312690076
H34         3.7267534551         1.4103611147         2.0381662204
H35         2.0874993902         1.8006347376         1.4112508933
&

