&zmat
 C12             2.6287986116             1.2623333432             1.4077900817
 C2              3.0821820990             0.2283684468             0.3674350841
 C1              4.0632949291            -0.7609934115             0.9730828930
 O13             5.0696628075            -1.1756215357             0.4217732788
 C3              1.8849015922            -0.5756559474            -0.1909089493
 O4              0.9453779693             0.3276755828            -0.7591735507
 Si5            -0.6679926545            -0.0865370789            -1.1007953427
 C6             -1.1443002963             1.0363552022            -2.5366761442
 C7             -0.7649961210            -1.9088737997            -1.6048157850
 C8             -1.7694602066             0.2554864957             0.4365846568
 C9             -1.7333113827             1.7627133308             0.7657316854
 C10            -1.2582589456            -0.5389275003             1.6573935782
 C11            -3.2213328627            -0.1691317558             0.1263927289
 H33             2.1855038340             0.7680634094             2.2909763218
 H34             3.4706402416             1.8835879997             1.7526277619
 H35             1.8643141271             1.9184170669             0.9663964501
 H15             3.5856329130             0.7187707773            -0.4833510567
 H14             3.7743414762            -1.1235964144             2.0024377748
 H16             1.4349765740            -1.1752154247             0.6290775735
 H17             2.2537186312            -1.2861977036            -0.9565457603
 H18            -0.9429361911             2.0919324804            -2.2946534788
 H19            -2.2135660006             0.9413968175            -2.7876370946
 H20            -0.5597251084             0.7786814033            -3.4341231841
 H21            -1.7889864387            -2.1735422832            -1.9156346746
 H22            -0.4812109677            -2.5863375812            -0.7827831169
 H23            -0.0944622359            -2.1130188106            -2.4557502329
 H24            -2.3413366284             1.9768561503             1.6655819210
 H25            -2.1393521523             2.3746815995            -0.0577244296
 H26            -0.7054427022             2.1091491472             0.9681578170
 H27            -1.2341027898            -1.6265327094             1.4682630316
 H28            -0.2445006894            -0.2210154638             1.9547417602
 H29            -1.9205795954            -0.3738892414             2.5291069145
 H30            -3.3023215809            -1.2508604245            -0.0769274870
 H31            -3.8785607499             0.0512192972             0.9895647978
 H32            -3.6358787188             0.3705925161            -0.7429501703
&

