&gen
basis=6-31G**
igeopt=1
dftname=PBE-D3
ifreq=1
&
entry_name: J1_3325_2111.in
&zmat
O1          1.5490614011         1.5484099964         0.9875581343
C2          1.9374391403         0.5548014487         0.3138493587
C3          0.9420782082        -0.3004302111        -0.3694613925
P4         -0.6671613649        -0.0997820375        -0.1662851358
C5         -1.5735345385        -1.3570538122        -1.0865715943
C6         -2.8251529332        -1.0579808149        -1.6479951085
C7         -3.5535065647        -2.0484357359        -2.3137738479
C8         -3.0490140776        -3.3483869570        -2.4025653640
C9         -1.8206733540        -3.6620727818        -1.8151063557
C10        -1.0896873639        -2.6737330859        -1.1488563956
C11        -1.0772784643         1.5450440218        -0.7828984129
C12        -1.0957583856         1.7830932902        -2.1657111271
C13        -1.3743668735         3.0618733833        -2.6571337356
C14        -1.6179676364         4.1143963124        -1.7709383768
C15        -1.5749640852         3.8905276701        -0.3922497669
C16        -1.2973965317         2.6124677219         0.1022654573
C17        -1.1554933467        -0.3125556692         1.5559108589
C18        -2.4522751353         0.0439587362         1.9560926872
C19        -2.8615887366        -0.1536524702         3.2780631027
C20        -1.9854146717        -0.7262201349         4.2037411179
C21        -0.7019824363        -1.1098254486         3.8057237358
C22        -0.2894206192        -0.9133972241         2.4841840416
C23         3.3907777288         0.2765539939         0.2134735819
C24         3.8725393836        -1.0260031007        -0.0242266456
C25         5.2473100453        -1.2682412270        -0.1067027134
C26         6.1554183515        -0.2195415817         0.0525301297
C27         5.6910806182         1.0736927611         0.3004902707
C28         4.3177059524         1.3219538927         0.3850874358
H29         1.2802871147        -1.0406898745        -1.0803225353
H30        -3.2430151938        -0.0631578008        -1.5671192195
H31        -4.5132810417        -1.8100189219        -2.7535748626
H32        -3.6153101007        -4.1149909119        -2.9154380410
H33        -1.4387905297        -4.6733982914        -1.8683713065
H34        -0.1532365215        -2.9404579343        -0.6764120969
H35        -0.8958250797         0.9788864999        -2.8625900787
H36        -1.3962966777         3.2378908969        -3.7248033378
H37        -1.8311465534         5.1046601107        -2.1521554262
H38        -1.7499195734         4.7091937525         0.2937571366
H39        -1.2456673185         2.4643047939         1.1723208540
H40        -3.1453691003         0.4759437681         1.2451115518
H41        -3.8597910098         0.1322053254         3.5834403624
H42        -2.3038302989        -0.8808615094         5.2265296024
H43        -0.0286557222        -1.5659034171         4.5199252164
H44         0.7005416854        -1.2364254097         2.1916547323
H45         3.1946987242        -1.8633292872        -0.1227568495
H46         5.6090089207        -2.2722333728        -0.2877744058
H47         7.2189803835        -0.4099968698        -0.0110473366
H48         6.3958425230         1.8853318144         0.4274338278
H49         3.9800016599         2.3335857033         0.5736982729
&

