&gen
basis=6-31G**
igeopt=1
dftname=PBE-D3
ifreq=1
&
entry_name: J1_10553_2111.in
&zmat
C1          2.6065738315         6.6232172429         0.7180477172
C2          2.5730352792         5.8225558548         1.8629267774
C3          2.6873183488         4.4338681333         1.7506115864
C4          2.8390700541         3.8361887258         0.4879381985
C5          2.8839497620         2.3386515220         0.3528659326
P6          1.2092090203         1.6842192120        -0.0562453012
O7          1.6484315902         1.3920583714        -1.6950002495
C8          1.1680517538         0.0721461275        -1.7822685099
C9          2.1854034597        -0.8971692048        -2.3501699636
C10         3.4558071778        -0.4712997941        -2.7846308176
C11         4.3707392906        -1.3949637992        -3.2990411309
C12         4.0254720793        -2.7450857161        -3.3959594306
C13         2.7618405728        -3.1742859289        -2.9836895556
C14         1.8431261370        -2.2550890873        -2.4693206060
C15         0.8060185221        -0.0666493811        -0.3160028257
C16         1.6196726108        -1.0548857022         0.5112289864
C17         0.9379673842        -2.0452988780         1.2412611490
C18         1.6430520015        -2.9714749530         2.0150441601
C19         3.0371731089        -2.9242670347         2.0669708335
C20         3.7290825469        -1.9511396701         1.3442727171
C21         3.0287936905        -1.0213687764         0.5713310143
C22         0.6320298892         1.8138935603         1.6722469099
C23         1.1810623129         1.1311295926         2.7717876868
C24         0.6399462273         1.3224843072         4.0490798680
C25        -0.4399842369         2.1950173995         4.2349727616
C26        -0.9810660884         2.8847293515         3.1448732877
C27        -0.4334114596         2.6819422527         1.8716600206
C28        -0.8371542927         3.3325810047         0.6426109844
C29        -1.8384907053         4.3012109858         0.4967655904
C30        -2.0603229914         4.8642312782        -0.7647892954
C31        -1.2823041865         4.4655269328        -1.8598567635
C32        -0.2822428296         3.4975733455        -1.7008468530
C33        -0.0679960984         2.9222197728        -0.4370209066
C34         2.8697719165         4.6481420443        -0.6583503325
C35         2.7548240666         6.0363759152        -0.5414920911
H36         2.5144598053         7.6979264973         0.8066382272
H37         2.4528019858         6.2776750994         2.8374716756
H38         2.6462127001         3.8254796202         2.6453836001
H39         3.6076864058         2.0742421087        -0.4475189656
H40         3.2876914394         1.8800277648         1.2779374429
H41         0.2526018038         0.0619536789        -2.4149269365
H42         3.7480768438         0.5684847870        -2.7184077734
H43         5.3488537905        -1.0634017766        -3.6227946890
H44         4.7360021127        -3.4581126739        -3.7935948662
H45         2.4937173524        -4.2198625837        -3.0626754379
H46         0.8673401022        -2.6016382413        -2.1515617748
H47        -0.2896761333        -0.2187107121        -0.1965286259
H48        -0.1431608530        -2.1004201304         1.2157623862
H49         1.1072086419        -3.7271789187         2.5746582311
H50         3.5813922450        -3.6430454538         2.6657363938
H51         4.8102048442        -1.9173758308         1.3815738112
H52         3.5910536507        -0.2867036500         0.0166727397
H53         2.0273814972         0.4719395342         2.6600395767
H54         1.0617719648         0.7986278850         4.8970042668
H55        -0.8517475592         2.3413410216         5.2250997358
H56        -1.8075855335         3.5642770918         3.3000353479
H57        -2.4340516161         4.6259792577         1.3386951013
H58        -2.8288958653         5.6152867246        -0.8934160857
H59        -1.4513326998         4.9112788755        -2.8315014220
H60         0.3147199582         3.2192366918        -2.5575666847
H61         2.9661117796         4.2037608795        -1.6413398872
H62         2.7740524801         6.6567514708        -1.4280950919
&

