&gen
basis=6-31G**
igeopt=1
dftname=PBE-D3
ifreq=1
&
entry_name: J1_10175_2111.in
&zmat
C1          2.3761234063        -2.0538447894        -2.5960587551
C2          2.4456335880        -0.5541051907        -2.2591091754
C3          3.0618262606         0.1935133776        -3.4587985564
C4          1.0679953847         0.0708218407        -1.8165106821
C5         -0.0717803108        -0.2172356806        -2.8159365249
O6          1.2498298477         1.4626645402        -1.7004770645
P7          1.0235300306         1.6234071576        -0.0019763829
C8          2.7938858015         2.0183387075         0.1750845800
C9          3.6325858553         1.2541352762         1.0080661116
C10         4.9978618944         1.5402631851         1.0945699014
C11         5.5448158438         2.5813475415         0.3424011754
C12         4.7271292999         3.3368388938        -0.4997606199
C13         3.3611381668         3.0552841065        -0.5877769879
C14         0.6239138434         1.7191381668         1.7957925029
C15        -0.5007369850         1.0394053092         2.3117391803
C16        -0.8486176692         1.1430759066         3.6608130444
C17        -0.1074338557         1.9574437723         4.5147940087
C18         0.9659125009         2.6923765022         4.0142088410
C19         1.3169611688         2.5941293004         2.6651197618
C20        -0.1760857312         2.9558759356        -0.2444424876
C21         0.1919761437         4.2972095562        -0.0422149231
C22        -0.7416747208         5.3212232311        -0.2258244794
C23        -2.0504012821         5.0160194157        -0.6063295032
C24        -2.4291733028         3.6851824773        -0.7963307625
C25        -1.4985777348         2.6583452836        -0.6132479705
C26         0.6016368504        -0.1172606359        -0.3643699426
C27         1.2728463107        -1.1880964414         0.5378519373
C28         0.4823052172        -2.5108062459         0.5436451452
C29        -0.7272116948        -2.4388492945         1.4418830754
C30        -0.5760230465        -2.5248693611         2.8363551073
C31        -1.6904126071        -2.4201709525         3.6739523644
C32        -2.9615008788        -2.2249803402         3.1273537495
C33        -3.1209260029        -2.1380772490         1.7417990882
C34        -2.0097763605        -2.2456335092         0.9000434474
H35         3.3896234308        -2.4303570614        -2.8517803857
H36         1.7123769762        -2.2396125792        -3.4661980626
H37         2.0228735154        -2.6491718808        -1.7387081390
H38         3.1824545087        -0.4175516038        -1.4413103129
H39         2.4414632080         0.0820846350        -4.3714112205
H40         3.1867098833         1.2736497363        -3.2347871533
H41         4.0725573462        -0.2119085303        -3.6800573264
H42        -0.9604815294         0.4075615636        -2.5909215163
H43        -0.3772373621        -1.2828734788        -2.7544178684
H44         0.2332486180         0.0138420895        -3.8555610197
H45         3.2354675823         0.4535810052         1.6116045817
H46         5.6323813403         0.9539220117         1.7465013994
H47         6.6027017813         2.7999579928         0.4090938048
H48         5.1531852020         4.1368134308        -1.0912845012
H49         2.7518939144         3.6351458962        -1.2683496093
H50        -1.1338025535         0.4431987306         1.6762655108
H51        -1.7063113753         0.6032537509         4.0406165733
H52        -0.3815828137         2.0400746085         5.5585324868
H53         1.5180861942         3.3540373864         4.6691186011
H54         2.1186604733         3.2253497640         2.3104115222
H55         1.1913396901         4.5548602556         0.2776266315
H56        -0.4517011208         6.3518011373        -0.0668870718
H57        -2.7726898273         5.8098128881        -0.7462559230
H58        -3.4461691897         3.4483129393        -1.0810298819
H59        -1.8189131578         1.6358142972        -0.7470422787
H60        -0.4996951323        -0.2247991028        -0.3210928199
H61         1.3312979910        -0.8284070874         1.5834187419
H62         2.3184871207        -1.3956960683         0.2538487399
H63         0.1699964834        -2.7830942995        -0.4868517471
H64         1.1468716249        -3.3257572408         0.9047457305
H65         0.4052639429        -2.6637556028         3.2729468640
H66        -1.5674568012        -2.4824569673         4.7473935804
H67        -3.8224166175        -2.1388045371         3.7774853154
H68        -4.1055757794        -1.9840750587         1.3198167443
H69        -2.1481390029        -2.1683702122        -0.1712926090
&

