&zmat
 C18            -0.7268256808             6.1022148180            -0.5662848509
 C17            -0.4109410708             5.0579113640            -1.6441054763
 C16            -0.1876778202             3.6357304440            -1.0998837219
 C15             1.0427978452             3.5231151695            -0.1831864425
 P14             1.4464521182             1.7852872360             0.3347518974
 C19             0.7573544997             1.8566583563             2.1270432199
 C20            -0.6791132985             2.3905519577             2.2864700908
 C21            -1.3530091412             1.9762275955             3.6080778663
 C22            -0.6305351846             2.4762712168             4.8644087095
 C23             3.2431951964             1.6440808272             0.8023898078
 C24             3.7048902690             0.1904212317             0.9896802016
 C25             5.2129773979             0.0746346758             1.2579015191
 C26             5.6756047288            -1.3821658334             1.3727323996
 O13             1.9344376633             1.4201577534            -1.4742050588
 C6              1.0245214097             0.3558520349            -1.6402373375
 C7              1.6478602120            -0.9125044175            -2.2012327237
 C8              2.9952471814            -0.9340120060            -2.5928375070
 C9              3.5789899289            -2.1196984002            -3.0634234192
 C10             2.8204973454            -3.2950902676            -3.1505082819
 C11             1.4701106439            -3.2769019325            -2.7671943700
 C12             0.8878138502            -2.0932741478            -2.2979020457
 C5              0.5240661690             0.1847739893            -0.1851029463
 C1             -0.9253730094            -0.0186265989             0.0643830732
 C2             -1.5042697378            -0.8907546107             0.9275954290
 C3             -3.0047524199            -0.9393497204             1.0773774581
 C4             -0.7463616193            -1.8415694837             1.8189550702
 H47            -0.9433311508             7.0861740004            -1.0130446853
 H48             0.1151978809             6.2382393571             0.1328422526
 H49            -1.6072109085             5.8035037311             0.0293529839
 H45             0.4849126636             5.3688393089            -2.2142288174
 H46            -1.2398248989             5.0253518796            -2.3745298007
 H43            -0.0411381579             2.9438850193            -1.9459989776
 H44            -1.0956126986             3.3072650409            -0.5598649645
 H41             0.9378920694             4.1505779998             0.7177796530
 H42             1.9347642852             3.8553636048            -0.7428041889
 H50             1.4499581643             2.4570441604             2.7447273993
 H51             0.8128719200             0.8226681124             2.5217226046
 H52            -0.6744026108             3.4951135405             2.2140151605
 H53            -1.3129462144             2.0313714868             1.4582240746
 H54            -2.3951823854             2.3462338421             3.6112095974
 H55            -1.4213986183             0.8713864532             3.6352104108
 H56            -0.5481368422             3.5772621788             4.8617597704
 H57            -1.1668536923             2.1835764413             5.7819306152
 H58             0.3915804756             2.0680929008             4.9324924340
 H59             3.4309617736             2.2317843834             1.7183045150
 H60             3.7979574814             2.1011864794            -0.0335627467
 H61             3.4626985451            -0.3827041759             0.0766384659
 H62             3.1496116607            -0.2835367475             1.8230008650
 H63             5.4715718810             0.6286768004             2.1801498047
 H64             5.7604271175             0.5744529741             0.4366703498
 H65             5.4491381955            -1.9405464065             0.4481699485
 H66             6.7609011321            -1.4511506584             1.5515697873
 H67             5.1661095817            -1.8988629828             2.2042959016
 H35             0.1623888846             0.6366541520            -2.2946964030
 H36             3.5655460849            -0.0038272824            -2.5129277677
 H37             4.6316794339            -2.1247710021            -3.3651404445
 H38             3.2760602984            -4.2208398585            -3.5157581547
 H39             0.8704994778            -4.1910350625            -2.8304881806
 H40            -0.1638366118            -2.0827248658            -1.9877161070
 H34             1.1201567765            -0.5981028061             0.3184103399
 H27            -1.5939398224             0.6137055306            -0.5376042963
 H28            -3.3050564872            -0.6697816067             2.1077648499
 H29            -3.3942227457            -1.9582804996             0.8969099519
 H30            -3.5115672082            -0.2482557025             0.3858660391
 H31            -0.8777971326            -1.5689742780             2.8825855882
 H32            -1.1370644400            -2.8695688463             1.7112838632
 H33             0.3336036669            -1.8672448686             1.6121828118
&

