&gen
basis=6-31G**
igeopt=1
dftname=PBE-D3
ifreq=1
&
entry_name: J1_10144_2111.in
&zmat
C1          1.9114034556        -3.1227609578         1.9456809376
O2          1.2227763352        -2.1879122233         1.1248186770
C3          1.8273193959        -1.0258034649         0.6384913378
O4          3.0293519474        -0.7718943379         0.9228106432
C5          1.0070568488        -0.0897333407        -0.2165917992
C6          1.4762603423         0.1675076131        -1.6355159019
C7          2.6577675302        -0.6440309789        -2.2109760095
C8          2.2062172806        -1.9973517241        -2.7969608261
O9          1.6060499526        -2.7659512728        -1.7847980497
C10         3.4110807079        -2.7662554435        -3.3883390495
O11         4.0262668181        -1.9720248360        -4.4072535949
C12         5.3773242449        -2.0644562762        -4.7646741416
O13         6.1633124749        -2.7913559089        -4.0964291410
C14         5.8781711360        -1.3067988354        -5.9310073585
C15         7.2294074742        -1.3893907966        -6.3163115507
C16         7.6925389258        -0.6766578924        -7.4266901488
C17         6.8148213412         0.1225850559        -8.1626599631
C18         5.4715998039         0.2105217770        -7.7900695281
C19         5.0029023021        -0.4999241856        -6.6806496893
C20         2.9992349952        -4.1447714594        -3.9611570424
C21         2.0341318990        -4.0647661037        -5.1172636269
O22         2.3760739028        -5.1084747171        -5.9707565467
C23         3.7072501500        -5.4472385582        -5.6451741846
C24         3.8011129009        -6.9651404743        -5.4679725436
C25         4.6301545223        -4.9939455307        -6.7819812231
O26         4.1161941309        -4.8234714678        -4.4457489171
O27         1.8220051857         1.5187934393        -1.4374538102
P28         1.2192996522         1.6754053498         0.1686791249
C29         2.7869378388         2.4326637982         0.7507029663
C30         2.7738238242         3.5066281959         1.6664200554
C31         3.9662654613         4.0884066329         2.1046681191
C32         5.1905784539         3.6152956093         1.6328644210
C33         5.2235337116         2.5607211744         0.7203349177
C34         4.0332606033         1.9752650723         0.2795981753
C35         0.5082625029         1.5375066672         1.8736011459
C36         1.3161558049         1.0880348344         2.9452393906
C37         0.7919159747         0.9266104331         4.2296506690
C38        -0.5546197899         1.1850617925         4.4732292552
C39        -1.3817857418         1.5923929218         3.4289101091
C40        -0.8639330346         1.7548786413         2.1405546899
C41        -0.0090567863         2.8525730057        -0.4753963553
C42         0.2196678560         4.2392714594        -0.4352258723
C43        -0.7115263656         5.1276029747        -0.9818937532
C44        -1.8666628923         4.6425227900        -1.5975977159
C45        -2.0858824347         3.2666779538        -1.6806489404
C46        -1.1573026579         2.3753710329        -1.1362379199
H47         2.2471934543        -2.6297265336         2.8826543606
H48         2.7882715507        -3.5324673674         1.4008283545
H49         1.2260304332        -3.9560484855         2.2029237453
H50        -0.0663665580        -0.3753799617        -0.1907242164
H51         0.6153127598         0.1272210005        -2.3400096087
H52         3.4638595828        -0.7995788339        -1.4696102959
H53         3.1005822270        -0.0385037883        -3.0315251626
H54         1.4760590078        -1.7832465747        -3.6142934950
H55         0.8229961786        -3.2250518541        -2.1866028431
H56         4.1355405093        -2.9381289780        -2.5599382904
H57         7.9272577817        -2.0045795372        -5.7621987106
H58         8.7329859417        -0.7449463580        -7.7171363813
H59         7.1753182087         0.6730917892        -9.0219894751
H60         4.7921123642         0.8292628805        -8.3619156094
H61         3.9569825273        -0.4181512697        -6.4124425045
H62         2.5529763598        -4.7644200880        -3.1515044263
H63         2.1201031748        -3.1061574726        -5.6740500895
H64         0.9871005386        -4.1901530386        -4.7678863528
H65         3.1329831961        -7.2903498978        -4.6421240676
H66         4.8419244859        -7.2633827566        -5.2177915941
H67         3.4896245037        -7.4856819348        -6.3989939219
H68         4.5356579499        -3.8978632031        -6.9330278409
H69         4.3563879279        -5.5018009593        -7.7315323568
H70         5.6891935509        -5.2262303411        -6.5387505762
H71         1.8403276788         3.8880085932         2.0589008129
H72         3.9400508433         4.9065168274         2.8128146364
H73         6.1135524727         4.0668955672         1.9728496148
H74         6.1735316033         2.1969280886         0.3505350333
H75         4.0976167204         1.1705322385        -0.4342293895
H76         2.3618342159         0.8598853318         2.7982791975
H77         1.4319240674         0.5933822647         5.0364621002
H78        -0.9602848500         1.0569047023         5.4684482801
H79        -2.4328481399         1.7729046430         3.6147665221
H80        -1.5614420078         2.0361166105         1.3720155149
H81         1.1221168262         4.6465050637        -0.0114768551
H82        -0.5301700753         6.1938663821        -0.9396533055
H83        -2.5846526383         5.3321173541        -2.0222870311
H84        -2.9741290230         2.8896076087        -2.1708300522
H85        -1.3470243980         1.3144212899        -1.2164113426
&

