&gen
basis=6-31G**
igeopt=1
dftname=PBE-D3
ifreq=1
&
entry_name: J1_10334_2111.in
&zmat
C1          3.0798567107        -2.5128025603         1.1397321403
Si2          1.2863974381        -2.3238437468         0.6592530177
C3          0.2227947927        -2.9977060071         2.0390303416
C4          0.9765743936        -3.3097832203        -0.8922711750
C5          0.9357032072        -0.4955256585         0.4180666259
C6         -0.5114908193        -0.2230366026        -0.0481924750
C7         -0.6607021227        -0.1554163981        -1.5522423830
C8         -1.5687637325        -1.1873688429        -2.1902298756
C9         -1.0866328333        -1.9656214524        -3.2591385964
C10        -1.9065895414        -2.9181073024        -3.8713119654
C11        -3.2209040626        -3.0944914065        -3.4347401791
C12        -3.7185464286        -2.3135794311        -2.3898663815
C13        -2.9005483144        -1.3612763806        -1.7749830508
O14        -1.2274770513         1.1263816917        -1.5925002176
P15        -1.0192171991         1.5321999810         0.0698164028
C16        -2.7652579689         1.9863658419         0.2542466647
C17        -3.2235631158         3.2585430257        -0.1276208226
C18        -4.5683705310         3.6047347777         0.0353114435
C19        -5.4649719108         2.6913975582         0.5937685150
C20        -5.0149930237         1.4346696550         1.0027720002
C21        -3.6712828669         1.0860532681         0.8425811761
C22        -0.8672401787         1.8518396185         1.8801851202
C23        -0.8138309511         3.1797079613         2.3627445826
C24        -0.7525848911         3.4446888300         3.7329394386
C25        -0.7780871242         2.3954080933         4.6503458551
C26        -0.8856200028         1.0805781704         4.1990905932
C27        -0.9485500020         0.8092953745         2.8296090290
C28         0.2457775771         2.7762880291        -0.3839314451
C29         1.4960859903         2.8184001845         0.2668347979
C30         2.4646253029         3.7531762921        -0.1087950168
C31         2.2095777630         4.6468953741        -1.1492690251
C32         0.9877116202         4.6018941639        -1.8212683307
C33         0.0153021194         3.6697201601        -1.4483810629
H34         3.7230803583        -2.1208526695         0.3253784861
H35         3.2741034569        -1.9429105981         2.0714438426
H36         3.3069734421        -3.5855325934         1.3075580700
H37         0.3946172168        -2.4045496592         2.9605653029
H38        -0.8466595447        -2.9351925129         1.7522482330
H39         0.4910963363        -4.0575069009         2.2263810369
H40        -0.1152950095        -3.4012371152        -1.0562931948
H41         1.4531987839        -2.8027329050        -1.7556722926
H42         1.4089627717        -4.3243269298        -0.7746348927
H43         1.6850224802        -0.0721314137        -0.2833606387
H44         1.1176853246        -0.0370904468         1.4070229397
H45        -1.2605714028        -0.8919499005         0.4225669537
H46         0.3215642885        -0.1176332890        -2.0742737913
H47        -0.0721306926        -1.8418408129        -3.6167926766
H48        -1.5228078499        -3.5181026442        -4.6862698398
H49        -3.8553886066        -3.8312650380        -3.9101329831
H50        -4.7406923420        -2.4429337010        -2.0581542191
H51        -3.3113641572        -0.7622302033        -0.9830605082
H52        -2.5473415513         3.9971230755        -0.5258072093
H53        -4.9135853382         4.5861546057        -0.2632637479
H54        -6.5050618202         2.9621897710         0.7212935205
H55        -5.7058707627         0.7325037561         1.4511271325
H56        -3.3371127799         0.1179357309         1.1903439490
H57        -0.8308109059         4.0182724928         1.6792620225
H58        -0.6970824537         4.4671562829         4.0835962223
H59        -0.7344081656         2.6023086747         5.7118021349
H60        -0.9338441746         0.2681901637         4.9127987010
H61        -1.0748857767        -0.2185711831         2.5328271176
H62         1.7231091245         2.1474122609         1.0811856612
H63         3.4150399782         3.7837423984         0.4082074539
H64         2.9617968559         5.3686345305        -1.4402574576
H65         0.7965769108         5.2839259415        -2.6396992842
H66        -0.9050597965         3.6342098402        -2.0140325097
&

