&gen
basis=6-31G**
igeopt=1
dftname=PBE-D3
ifreq=1
&
entry_name: J1_10464_2111.in
&zmat
C1         -3.3112089648        -1.8341449982         0.2974923981
C2         -1.8398888153        -1.7423275840        -0.0963996504
C3         -1.3026643497        -0.3205441434         0.1010107115
C4          0.2112936149        -0.2380077900        -0.1808164949
C5          0.5452560996        -0.2319214176        -1.6543494994
C6          1.6113383262        -1.2420545529        -2.0425269120
C7          2.8332485457        -0.8383727229        -2.6158903092
C8          3.7997344943        -1.7847507280        -2.9667839979
C9          3.5530236901        -3.1517337086        -2.7801240157
C10         4.6073490143        -4.1634431372        -3.1186352831
C11         2.3371740038        -3.5598859154        -2.2146914429
C12         1.3705994822        -2.6145163447        -1.8611832260
O13         1.0443354737         1.0804224650        -1.6859506412
P14         0.8863999462         1.4506293263        -0.0125984161
C15         2.6758926804         1.6662465717         0.1482818302
C16         3.2681364561         2.9329177184         0.0104755962
C17         4.6540744715         3.0796803375         0.1205796680
C18         5.4595248921         1.9657453260         0.3683594931
C19         4.8792292574         0.7037116963         0.5128829146
C20         3.4938382000         0.5535679313         0.4072857354
C21         0.7634483656         1.7313552077         1.8078333994
C22         0.8836094925         3.0409939702         2.3291508579
C23         0.8364183076         3.2771647130         3.7049045226
C24         0.6946089224         2.2128878713         4.5927129578
C25         0.6141682603         0.9094158660         4.1059832806
C26         0.6613326940         0.6656195704         2.7301935502
C27        -0.1988346923         2.8605777666        -0.4238757984
C28         0.1935683211         3.7896785648        -1.4054337433
C29        -0.6358652422         4.8635240708        -1.7408627904
C30        -1.8701902150         5.0197332671        -1.1081020575
C31        -2.2790028138         4.0995390795        -0.1414967225
C32        -1.4534540962         3.0237135922         0.1965606860
H33        -3.9201079822        -1.1410429540        -0.3213834016
H34        -3.6757450453        -2.8701409359         0.1339559756
H35        -3.4404869804        -1.5778279634         1.3706550052
H36        -1.2565750709        -2.4555530773         0.5258821376
H37        -1.7423821766        -2.0358349220        -1.1631647289
H38        -1.4928753011        -0.0179551526         1.1513519396
H39        -1.8609381356         0.3721552684        -0.5658996839
H40         0.7968183406        -0.9971384205         0.3767678895
H41        -0.3402979811        -0.3164407368        -2.3215131799
H42         3.0520266076         0.2079497521        -2.7848061030
H43         4.7404591919        -1.4503813955        -3.3867183988
H44         5.2614216361        -4.3237743003        -2.2362893695
H45         4.1440904789        -5.1310422102        -3.4070876672
H46         5.2277582075        -3.8126706451        -3.9707613300
H47         2.1361778503        -4.6109669560        -2.0476577092
H48         0.4389999708        -2.9567598674        -1.4338564793
H49         2.6657659126         3.8113099263        -0.1653772878
H50         5.1037211320         4.0585960695         0.0157992563
H51         6.5323958631         2.0811158344         0.4519885296
H52         5.5029621228        -0.1591404004         0.7074077932
H53         3.0650328462        -0.4315943583         0.5251294434
H54         1.0191524592         3.8896145716         1.6728906243
H55         0.9182324412         4.2881280281         4.0827966410
H56         0.6609795051         2.3967890022         5.6587771582
H57         0.5243958926         0.0817181053         4.7978338723
H58         0.6253604469        -0.3627889736         2.4177631165
H59         1.1355688946         3.6787440174        -1.9256566530
H60        -0.3229633332         5.5723886673        -2.4965546057
H61        -2.5112536464         5.8517503936        -1.3692292516
H62        -3.2365737652         4.2204037483         0.3483082179
H63        -1.7899055410         2.3345658437         0.9576926766
&

