&gen
basis=6-31G**
igeopt=1
dftname=PBE-D3
ifreq=1
&
entry_name: J1_9774_2111.in
&zmat
C1         -0.8274539599         1.0625778680        -1.4212730376
C2          0.2487992127         1.9749215989        -0.9718498244
P3          1.7764450866         1.5057546955        -0.6142652519
C4          2.7092267559         1.2167705959        -2.1510811271
C5          1.7056959086         0.0448307561         0.4413304518
C6          2.3697400102        -1.1389399425         0.0844213652
C7          2.2817582928        -2.2678625154         0.9051582993
C8          1.5365482116        -2.2197509205         2.0866219811
C9          0.8803751064        -1.0411362938         2.4508452363
C10         0.9674794875         0.0890987855         1.6333080206
C11         2.6264917767         2.8415954714         0.2471407920
C12         3.4197921485         2.5766960268         1.3753869643
C13         4.1020335122         3.6158558032         2.0157897605
C14         4.0103602351         4.9212223554         1.5258771405
C15         3.2422708725         5.1880699520         0.3896490653
C16         2.5584779735         4.1515789563        -0.2530131787
C17        -0.6310175420        -0.1961370355        -1.8413734549
C18        -1.7281123418        -1.1298838949        -2.2131417289
C19        -1.3977843711        -2.2055860684        -2.9580964526
C20        -2.3580276370        -3.2851716683        -3.3602520776
C21        -3.1245098605        -0.9592226760        -1.6401216580
Si22        -3.1866674902        -1.4675412226         0.1709302896
C23        -1.9111501977        -2.7802829620         0.5542580777
C24        -2.8844492088         0.0133597501         1.2669178073
C25        -4.8842809698        -2.1460084199         0.5466667179
H26        -1.8247219899         1.4743384487        -1.3953544987
H27        -0.0467969054         2.9821421899        -0.7111572981
H28         2.2619240294         0.3905877636        -2.7368394120
H29         2.6998940317         2.1404543236        -2.7654463423
H30         3.7594050976         0.9608955638        -1.9015256680
H31         2.9468461016        -1.1975393228        -0.8279530283
H32         2.7893576934        -3.1813503837         0.6237500612
H33         1.4663677589        -3.0955455018         2.7185035265
H34         0.3021217282        -1.0039563504         3.3648817648
H35         0.4572519052         0.9979158595         1.9265008616
H36         3.5185002628         1.5710857303         1.7610471080
H37         4.7067393232         3.4079141069         2.8890497638
H38         4.5407375730         5.7239794129         2.0215672769
H39         3.1808800078         6.1973266160         0.0035384532
H40         1.9805731192         4.3711829504        -1.1416828630
H41         0.3763059359        -0.5737020396        -1.9226463250
H42        -0.3754347937        -2.3205229389        -3.3017188328
H43        -3.1521384104        -2.8664211272        -4.0133048233
H44        -1.8180174985        -4.0708671176        -3.9289620390
H45        -2.8121852618        -3.7533375853        -2.4621601508
H46        -3.8753391180        -1.5627555976        -2.1867120885
H47        -3.4750208087         0.0860257679        -1.7386289894
H48        -0.8998377805        -2.4003850136         0.3044943344
H49        -2.1217025894        -3.6906580003        -0.0423244715
H50        -1.9521767156        -3.0296616130         1.6342449973
H51        -3.6188484538         0.8085739796         1.0251348244
H52        -2.9975792943        -0.2854255041         2.3290775980
H53        -1.8591035217         0.3960437961         1.1039720910
H54        -5.0750483312        -3.0347882681        -0.0892088492
H55        -4.9376179778        -2.4373113125         1.6156860792
H56        -5.6473761295        -1.3690478280         0.3357008317
&

