&zmat
 C20             -2.4611502964            -3.4697836298            -3.1377840106
 C19             -1.5352297935            -2.3500876258            -2.7663716066
 C18             -1.8420305453            -1.1639624532            -2.1541068879
 C17             -0.7674099694            -0.2460926974            -1.8080727094
 C1              -0.8948455243             1.0043825441            -1.2465840544
 C2               0.1306625482             1.8836182986            -0.7652444023
 P3               1.7817991845             1.4506849163            -0.5994519090
 C4               2.7106953448             1.1631860841            -2.1785962411
 C5               2.0808392789            -0.0938357230             0.3638236411
 C6               3.3186572161            -0.7655504018             0.3842420985
 C7               3.4885825421            -1.8993861815             1.1907173664
 C8               2.4190653776            -2.3811855359             1.9581792896
 C9               1.1802408407            -1.7251415403             1.9274444657
 C10              1.0122956347            -0.5798220399             1.1397385840
 C11              2.6338892936             2.8177108709             0.2530138253
 C12              3.4177007471             2.6044988917             1.4027001409
 C13              4.0422722556             3.6871018751             2.0347445948
 C14              3.8899435810             4.9852327957             1.5278185620
 C15              3.1102015211             5.2017589638             0.3826288058
 C16              2.4886589143             4.1241507342            -0.2593969252
 C21             -3.2525805492            -0.8206430948            -1.7238891100
 Si22            -3.5836899471            -1.2289712131             0.1272599603
 C23             -2.4486585542            -2.6456190795             0.6732013459
 C24             -3.2934888705             0.2742174975             1.2547400620
 C25             -5.4008883109            -1.7612049947             0.3013584178
 H43             -3.5237330470            -3.2195944534            -2.9897961093
 H44             -2.3375916604            -3.7670228765            -4.1964830061
 H45             -2.2591568733            -4.3814845727            -2.5405250078
 H42             -0.4744149864            -2.5286774406            -2.9913138124
 H41              0.2430448597            -0.6393200451            -1.9922416827
 H26             -1.9119858951             1.3931421320            -1.1087498932
 H27             -0.1290277381             2.8448271600            -0.3195183442
 H28              2.1891655155             0.3897168196            -2.7614598679
 H29              2.7016190896             2.1051217729            -2.7465002625
 H30              3.7523254702             0.8562467409            -2.0005628471
 H31              4.1604648272            -0.4019263055            -0.2133796597
 H32              4.4574363555            -2.4075108468             1.2178687899
 H33              2.5521561828            -3.2717291856             2.5801677316
 H34              0.3387884475            -2.1073875641             2.5128160270
 H35              0.0545370868            -0.0524232183             1.1041283386
 H36              3.5295243831             1.5947330257             1.8076878261
 H37              4.6454031857             3.5150974462             2.9313090995
 H38              4.3788459194             5.8284776193             2.0248836981
 H39              2.9877505736             6.2135061031            -0.0154199546
 H40              1.8740297064             4.2930258574            -1.1492111729
 H46             -3.9920758511            -1.3812618450            -2.3200123721
 H47             -3.4753755384             0.2470612099            -1.9012920083
 H48             -1.3953672929            -2.3736182463             0.4967158471
 H49             -2.6502800522            -3.5650685498             0.0997792216
 H50             -2.5811364454            -2.8734207712             1.7444923176
 H51             -3.9265298125             1.1268022787             0.9548565038
 H52             -3.5402740833             0.0282585906             2.3018360006
 H53             -2.2452876963             0.6119235110             1.2192704041
 H54             -5.6086306649            -2.6594796218            -0.3041119463
 H55             -5.6521726428            -1.9968447668             1.3492417029
 H56             -6.0854249688            -0.9645207405            -0.0357393164
&

