&zmat
 C8             -1.4230309974            -0.9443768866            -1.3591904207
 C7             -1.6967463391             0.1252643203            -0.2973706956
 C9             -3.1370810064             0.6143137087            -0.2935030595
 O10            -1.3931512594            -0.3800477620             1.0277922477
 C4             -0.0671612983            -0.0716221422             1.3056606991
 O3              0.8329070477            -1.1502107200             0.9439184307
 C2              2.0414347239            -0.5645154665             0.4757224202
 C1              2.7732657142            -1.5610134634            -0.4029982185
 O13             3.9846679404            -1.5945740325            -0.5260283857
 C11             1.6121393624             0.6992390610            -0.3421137673
 O12             2.6106802722             1.6849948246            -0.4628387552
 C5              0.2976108290             1.1183680833             0.3809423132
 O6             -0.8308983796             1.2665290977            -0.4712987171
 H18            -0.3932311412            -1.3181290576            -1.2718467123
 H19            -2.1054463015            -1.7968240811            -1.2199072245
 H20            -1.5770767074            -0.5240337784            -2.3648254116
 H21            -3.2642172323             1.3715739024             0.4930449728
 H22            -3.3834172232             1.0608895396            -1.2683377323
 H23            -3.8228866114            -0.2251339307            -0.1048584136
 H16             0.0220627114             0.1169847474             2.3910569845
 H15             2.7166727702            -0.2529632106             1.3042550732
 H14             2.0820556331            -2.2396700684            -0.9748216485
 H24             1.3432865483             0.4134541582            -1.3739929386
 H25             2.9613576400             1.8625496332             0.4305173832
 H17             0.4598673937             2.0691300635             0.9202937889
&

