&zmat
 C8             -4.4379596687             1.0112180136             0.9608166537
 C7             -3.8045924189            -0.2738546238             0.4305013260
 C9             -4.6717350597            -1.5126042964             0.6314909199
 O10            -3.5226720087            -0.1560897785            -0.9796255909
 C4             -2.1504486593             0.0907840945            -1.1448586626
 O3             -1.8072397778             1.4875906327            -1.1388554598
 C2             -0.9644395702             1.7945858685            -0.0215102662
 C1              0.1393167719             2.7528744670            -0.4644058676
 O20             0.8345283955             3.3700974208             0.3245850194
 C11            -0.3700567551             0.4525658634             0.4626993871
 O12             0.7966464009             0.1903677056            -0.3111106346
 C13             1.6699610254            -0.7969523848             0.2516573474
 C14             3.0594579466            -0.5915007150            -0.3026185527
 C15             3.5989315561             0.7063998274            -0.3731330603
 C16             4.9003809858             0.9014896879            -0.8477813477
 C17             5.6775036984            -0.1946180907            -1.2520640276
 C18             5.1441269204            -1.4881002529            -1.1849774111
 C19             3.8371743192            -1.6837101023            -0.7171094775
 C5             -1.4945632632            -0.5245864449             0.1047687872
 O6             -2.5253826658            -0.4632560592             1.0869358332
 H25            -5.4359434143             1.1537589741             0.5186395216
 H26            -3.8113487144             1.8728567979             0.6896944106
 H27            -4.5381935234             0.9609210003             2.0558425490
 H28            -5.6212569509            -1.4067035692             0.0849357735
 H29            -4.8912389182            -1.6527598804             1.7008456803
 H30            -4.1417669748            -2.3998675124             0.2546744127
 H23            -1.8560714887            -0.3296326649            -2.1191232320
 H22            -1.5384926624             2.2592025156             0.8043528639
 H21             0.2574172541             2.8253950898            -1.5766638813
 H31            -0.1476716750             0.4650652192             1.5465492380
 H32             1.6803977670            -0.6851772812             1.3575798155
 H33             1.3114544846            -1.8241246389             0.0333034594
 H34             2.9866014555             1.5594931029            -0.0652707072
 H35             5.3111432095             1.9143637961            -0.9028749168
 H36             6.6953573782            -0.0390268518            -1.6226888596
 H37             5.7417299970            -2.3466871228            -1.5063042452
 H38             3.4165475175            -2.6948176442            -0.6760648780
 H24            -1.1288485393            -1.5576195636            -0.0503328642
&

