&gen
basis=6-31G**
igeopt=1
dftname=PBE-D3
ifreq=1
&
entry_name: J1_10459_2111.in
&zmat
C1          4.2033945971         0.5213792230         0.7918531652
C2          3.5884323587        -0.1987763775        -0.4023586066
O3          2.2195281819         0.1647050403        -0.5753427028
C4          1.1776700957        -0.3682637670         0.1963728697
O5          1.4358441388        -1.0829125448         1.2025083635
C6         -0.2628043808        -0.1394764487        -0.1884294550
C7         -0.4771835073        -0.0381882458        -1.6791163975
C8         -1.5061212505        -1.0521391605        -2.2314500718
O9         -1.0423848835        -2.3437835509        -1.9695451163
C10        -0.5685600531        -2.8524400967        -3.2020818973
C11        -1.2833679806        -4.1753816102        -3.4997278939
C12         0.9415964215        -3.0906111522        -3.0969974938
O13        -0.8180188480        -1.9451902771        -4.2561377676
C14        -1.7276607397        -1.0265931879        -3.7367364864
C15        -1.6118294616         0.3427721096        -4.4476947410
O16        -0.2649810917         0.7406565163        -4.5144552360
C17        -2.1811281610         0.2588159678        -5.8706290033
Br18        -2.1967753732         2.0043936904        -6.7177557488
O19        -0.9972452946         1.2647965492        -1.6639972282
P20        -0.8531816961         1.5723572716         0.0233549883
C21        -2.6269413020         1.9016276560         0.1529380614
C22        -3.1302481647         3.2061282166         0.0150475295
C23        -4.5041799907         3.4462283907         0.1099861235
C24        -5.3857680438         2.3888454287         0.3459015861
C25        -4.8935974102         1.0901918986         0.4939495744
C26        -3.5204432041         0.8463902665         0.4009231630
C27        -0.7614155057         1.7770804035         1.8541215500
C28        -0.7710470815         0.6715319392         2.7326072718
C29        -0.7414027723         0.8560856063         4.1180479464
C30        -0.7329891903         2.1419247925         4.6561623133
C31        -0.7724509707         3.2483161049         3.8099644100
C32        -0.8018513726         3.0706982580         2.4248756432
C33         0.3268708919         2.9228345463        -0.3148805780
C34         0.0360008493         3.8892167368        -1.2959472023
C35         0.9432732811         4.9153719798        -1.5739957369
C36         2.1536157904         4.9867836315        -0.8822628643
C37         2.4610362163         4.0283208164         0.0846944061
C38         1.5587121253         2.9976572209         0.3622414870
H39         4.2038812878         1.6162637429         0.6149892058
H40         5.2528661604         0.1855683743         0.9275719911
H41         3.6358478174         0.2992873355         1.7191123371
H42         4.1484896837         0.0878417223        -1.3171578196
H43         3.6800652386        -1.2996228863        -0.2760582032
H44        -0.9428644575        -0.8855528173         0.2721718676
H45         0.4658685311        -0.0632918623        -2.2634705267
H46        -2.4804564969        -0.9057634829        -1.7167280827
H47        -1.0888071816        -4.9124598965        -2.6912730436
H48        -2.3795365757        -4.0083307064        -3.5654720269
H49        -0.9329761043        -4.5973954130        -4.4660697654
H50         1.4693291865        -2.1347920339        -2.8983352771
H51         1.1663551789        -3.7933925088        -2.2662124418
H52         1.3344946402        -3.5150348635        -4.0457190036
H53        -2.7546039550        -1.4214541594        -3.9198131288
H54        -2.2235100434         1.0829142556        -3.8798660752
H55        -0.2467256508         1.7298852683        -4.4329194131
H56        -1.5720985123        -0.4344977647        -6.4893422732
H57        -3.2282928363        -0.1112391149        -5.8454502154
H58        -2.4671519826         4.0425518923        -0.1465405811
H59        -4.8851532332         4.4538289369         0.0048791140
H60        -6.4490780880         2.5766280234         0.4199562127
H61        -5.5760972010         0.2720208661         0.6842163799
H62        -3.1589413601        -0.1636181807         0.5319697903
H63        -0.8230754328        -0.3416779694         2.3751706243
H64        -0.7381797480        -0.0027909914         4.7768954084
H65        -0.7139471774         2.2805314934         5.7294049996
H66        -0.7896435121         4.2468517419         4.2272772555
H67        -0.8611591184         3.9514235906         1.7999901295
H68        -0.8863244643         3.8445808289        -1.8597016893
H69         0.7089344287         5.6536005720        -2.3300049715
H70         2.8545336393         5.7827891972        -1.0978005507
H71         3.3995200187         4.0844042710         0.6207007155
H72         1.8144270798         2.2709649703         1.1208633183
&

