&zmat
 Cl1            -1.6358911182             0.6231390594            -3.3653251324
 C2             -0.0463784870             0.2677846388            -2.6175169397
 P3             -0.0521853235             0.1983405711            -0.8896876642
 C4             -1.1250821141            -1.1799018435            -0.3295894502
 C5             -1.5055310320            -1.3075661878             1.0203301298
 C6             -2.2443672136            -2.4218318836             1.4374522917
 C7             -2.6118415686            -3.4083415632             0.5104867762
 C8             -2.2286289098            -3.2842095784            -0.8331237766
 C9             -1.4766390943            -2.1801014054            -1.2534974524
 C10             1.6648234143            -0.1733445766            -0.3891710303
 C11             2.5664788357            -0.6872820723            -1.3410175297
 C12             3.8733967919            -1.0128724802            -0.9599699080
 C13             4.2797671583            -0.8601751194             0.3735594478
 C14             3.3751014333            -0.3763163772             1.3292232895
 C15             2.0710570710            -0.0327643682             0.9526280033
 C16            -0.5943185571             1.6404171111             0.1312667069
 C17            -1.9729274641             1.8533474043             0.3507002028
 C18            -2.4236641258             3.0520909763             0.9175744593
 C19            -1.5098003560             4.0551976859             1.2679256630
 C20            -0.1398096579             3.8619999823             1.0320456487
 C21             0.3146145023             2.6710279276             0.4563806970
 H22             0.7365894320             0.9137460534            -3.0325781374
 H23            -1.2340474848            -0.5313006006             1.7425163217
 H24            -2.5366891523            -2.5172764741             2.4875369005
 H25            -3.1933617583            -4.2757930275             0.8370796660
 H26            -2.5132104678            -4.0526430728            -1.5580404556
 H27            -1.1492151527            -2.0743773672            -2.2922073934
 H28             2.2205286558            -0.8385661557            -2.3678613611
 H29             4.5731306189            -1.4000930723            -1.7066209725
 H30             5.2983218357            -1.1277343420             0.6705240775
 H31             3.6846529828            -0.2647025136             2.3726283123
 H32             1.3720511717             0.3553358889             1.6995521290
 H33            -2.6933063209             1.0753818070             0.0810500333
 H34            -3.4943448128             3.2009617597             1.0878671800
 H35            -1.8633726513             4.9885945453             1.7160477114
 H36             0.5783283659             4.6440695483             1.2972884746
 H37             1.3832659234             2.5367321542             0.2616339507
&

