&gen
basis=6-31G**
igeopt=1
dftname=PBE-D3
ifreq=1
&
entry_name: J1_6278_2111.in
&zmat
Cl1         -1.6791373036         0.9367610046        -3.1651237442
C2         -0.1402593987         0.5084932420        -2.4365642835
P3         -0.0470029365         0.1912073239        -0.8397084988
C4         -1.0499729271        -1.2373164090        -0.3932781921
C5         -1.3513276740        -1.4785485967         0.9557391826
C6         -2.0910457379        -2.6069352395         1.3216819372
C7         -2.5178342524        -3.5108498672         0.3452531105
C8         -2.1979352075        -3.2912456767        -0.9972980452
C9         -1.4584157669        -2.1633094205        -1.3665863884
C10         1.6406165289        -0.2216155928        -0.3589282662
C11         2.4722849028        -0.9419408980        -1.2314645062
C12         3.7604824765        -1.3113868606        -0.8322081495
C13         4.2175745335        -0.9861894495         0.4474808418
C14         3.3820029292        -0.3022735902         1.3341351048
C15         2.0933635126         0.0680723337         0.9380668526
C16        -0.6127011841         1.6758981494         0.0120665701
C17        -1.9505099100         1.7974896323         0.4196635788
C18        -2.3941760681         2.9712876876         1.0364153268
C19        -1.5117720334         4.0374530199         1.2301652471
C20        -0.1870493170         3.9349452520         0.7973188776
C21         0.2592582330         2.7626641227         0.1798319893
H22         0.7558977247         0.5376775994        -3.0451291692
H23        -1.0145744125        -0.7932406801         1.7234194357
H24        -2.3286665137        -2.7833706745         2.3627367795
H25        -3.0885846575        -4.3853533541         0.6296698698
H26        -2.5176225802        -3.9986576731        -1.7515037668
H27        -1.2041184704        -2.0203344806        -2.4083393188
H28         2.1254719058        -1.2282467624        -2.2154637959
H29         4.4011251157        -1.8582039429        -1.5119411010
H30         5.2137587634        -1.2754405557         0.7562961730
H31         3.7296126452        -0.0666523465         2.3316725559
H32         1.4503681318         0.5745974036         1.6459817191
H33        -2.6530472566         0.9910610742         0.2561007708
H34        -3.4242709855         3.0572038815         1.3572714127
H35        -1.8570875563         4.9463497353         1.7056294794
H36         0.4922881730         4.7663180159         0.9341409458
H37         1.2830065736         2.7036325927        -0.1672005349
&

