&gen
basis=6-31G**
igeopt=1
dftname=PBE-D3
ifreq=1
&
entry_name: J1_10205_2111.in
&zmat
C1         -0.7824661278        -0.7078839087         0.4946567852
C2         -2.0971841464        -0.5788157374         0.1819229691
C3         -3.0935634680        -1.2646283112         1.0867525215
C4         -2.6301415653         0.2129238216        -0.9774387263
C5          0.4919723260        -0.1617263297        -0.1524894494
C6          0.6401916680        -0.0594000245        -1.6455316770
C7          1.5082581817        -1.1315434808        -2.3779035253
C8          1.4850827783        -0.8197246949        -3.8897096580
C9          2.9811190799        -1.1415812169        -1.9121782377
C10         0.8940413256        -2.5285007485        -2.1562209196
O11         1.2425277336         1.2169069762        -1.6326520923
P12         0.9710347361         1.5936155645         0.0326498775
C13         2.7447274843         1.9573583723         0.2188916437
C14         3.6498122625         0.9625335789         0.6364276413
C15         5.0201570304         1.2290341713         0.7006385426
C16         5.5077358814         2.4824111408         0.3283288298
C17         4.6254264580         3.4690110972        -0.1144518818
C18         3.2539189175         3.2065086437        -0.1797033918
C19         0.4904797701         1.7293070210         1.8172018326
C20        -0.8786980859         1.8638178872         2.1436921036
C21        -1.3049612653         1.9429247971         3.4707135344
C22        -0.3758078962         1.8926634801         4.5065004499
C23         0.9806840587         1.7655974399         4.2148858615
C24         1.4143802964         1.6836396419         2.8878909179
C25         0.0125597179         3.1028071878        -0.4208772944
C26        -0.7230121743         3.1883434285        -1.6233140879
C27        -1.4045892077         4.3594808307        -1.9664045276
C28        -1.3388081963         5.4785651851        -1.1376953459
C29        -0.5759197841         5.4349667784         0.0279318170
C30         0.1061772606         4.2666277550         0.3762021107
H31        -0.5645670524        -1.3245548340         1.3649276190
H32        -4.1392977142        -1.1244884947         0.7422913572
H33        -2.8874985025        -2.3558268611         1.1139800867
H34        -3.0093334275        -0.8536047758         2.1154429492
H35        -2.1889410952         1.2164972712        -0.9731896884
H36        -3.7274909408         0.3567307682        -0.8973575865
H37        -2.4480975034        -0.3213639907        -1.9308780047
H38         1.3180544052        -0.7608638186         0.2697537298
H39        -0.3322431753         0.0230888062        -2.1531091308
H40         2.0715539255        -1.5728038172        -4.4595936312
H41         0.4442757681        -0.8299101114        -4.2801748629
H42         1.9215434686         0.1830237321        -4.0885192807
H43         3.0791402747        -1.5065950036        -0.8710430039
H44         3.5828541186        -1.8277139497        -2.5466416800
H45         3.4294835279        -0.1290296385        -1.9919238251
H46         0.9281677542        -2.8110014849        -1.0825675603
H47        -0.1673335643        -2.5459152948        -2.4862524301
H48         1.4520817933        -3.2989461640        -2.7311139722
H49         3.2997524010        -0.0077380366         0.9529205975
H50         5.7043154662         0.4624678189         1.0408309118
H51         6.5694719614         2.6868514610         0.3762551311
H52         5.0056291348         4.4353639304        -0.4196332024
H53         2.6027051166         3.9761859614        -0.5658408247
H54        -1.6270031535         1.9147493663         1.3654891454
H55        -2.3590376143         2.0444348557         3.6945826073
H56        -0.7062692281         1.9548754129         5.5352658276
H57         1.7021308261         1.7306425608         5.0212557056
H58         2.4730731133         1.5950509305         2.7398661790
H59        -0.7771690559         2.3606168780        -2.3137380098
H60        -1.9768799804         4.4017572076        -2.8842020845
H61        -1.8642983637         6.3852687009        -1.4081986481
H62        -0.5028957407         6.3116848087         0.6584433095
H63         0.7193239777         4.2801336944         1.2676293562
&

