&zmat
 C3             -3.2111900178            -1.1911462115             1.0419783566
 C2             -2.1248873242            -0.4816340045             0.2718991834
 C4             -2.6246140598             0.4943576191            -0.7625345414
 C1             -0.8214638496            -0.7306545850             0.5537208725
 C5              0.4143148193            -0.2001407881            -0.0957523032
 C6              0.6435288628            -0.1146219979            -1.6140651475
 C7              1.1832302995            -1.3569156680            -2.3684428296
 C8              1.3336752767            -0.9562493210            -3.8507423405
 C9              2.5542270217            -1.8055886548            -1.8349869897
 C10             0.1612503343            -2.5006756139            -2.2356750936
 O11             1.5706303845             0.9693564148            -1.6144269447
 P12             1.0832393091             1.6184830133             0.0519809270
 C13             2.8260382737             2.2348612039             0.2597868946
 C14             3.9288391089             1.4227996634            -0.0533352340
 C15             5.2334048518             1.8994499931             0.1354794389
 C16             5.4470999523             3.1989807460             0.6131370178
 C17             4.3499679126             4.0183615249             0.9145989222
 C18             3.0464798384             3.5343102354             0.7536224675
 C19             0.6302861393             1.7595374243             1.9105928081
 C20            -0.7212959584             1.8151885559             2.3238663762
 C21            -1.0793559631             1.7141900401             3.6745983724
 C22            -0.0932614994             1.5304921878             4.6542515334
 C23             1.2495412195             1.4492138303             4.2647725205
 C24             1.6033444919             1.5609473188             2.9113718320
 C25             0.0819129116             3.0292078489            -0.6307982780
 C26            -0.0829491576             3.1420566430            -2.0276146132
 C27            -0.7825816978             4.2223752096            -2.5795322005
 C28            -1.3098382195             5.2221752814            -1.7519603914
 C29            -1.1237364457             5.1384963902            -0.3660255122
 C30            -0.4373530340             4.0519335859             0.1911947377
 H32            -3.8941277199            -1.7320985198             0.3607958643
 H33            -2.8044876118            -1.9136647742             1.7661307830
 H34            -3.8371831806            -0.4651745948             1.5946348743
 H35            -1.8457413227             1.1672466328            -1.1426929548
 H36            -3.4298573294             1.1218690702            -0.3382108971
 H37            -3.0705716245            -0.0365666955            -1.6245980884
 H31            -0.6376022487            -1.4355595037             1.3744687294
 H38             1.2815978720            -0.7374721221             0.3352876986
 H39            -0.3063205036             0.1661180976            -2.1229015338
 H40             1.7197836882            -1.7971047246            -4.4522712978
 H41             0.3616258337            -0.6536251711            -4.2783361596
 H42             2.0280971882            -0.1064970935            -3.9470291755
 H43             2.5164780411            -2.0885428965            -0.7687944132
 H44             2.9106610836            -2.6877685828            -2.3929015070
 H45             3.2964809351            -1.0017223662            -1.9582175034
 H46             0.0572987953            -2.8321022373            -1.1889991082
 H47            -0.8379282413            -2.1850283903            -2.5831915555
 H48             0.4705562231            -3.3695184127            -2.8411627723
 H49             3.7601691793             0.4215634133            -0.4538132930
 H50             6.0849818649             1.2540903475            -0.1017687150
 H51             6.4659606993             3.5752058940             0.7478730227
 H52             4.5083117145             5.0373534478             1.2814075448
 H53             2.1956205201             4.1745954112             1.0054577146
 H54            -1.5099404471             1.9555785073             1.5799557403
 H55            -2.1346217950             1.7766501748             3.9604503299
 H56            -0.3702296308             1.4501257723             5.7099100042
 H57             2.0316161567             1.3032447967             5.0169841897
 H58             2.6604947333             1.4970379455             2.6358847506
 H59             0.3781824466             2.3841568751            -2.6648549490
 H60            -0.9045997336             4.2865524032            -3.6652445670
 H61            -1.8528466482             6.0681245732            -2.1848689525
 H62            -1.5138169922             5.9224765042             0.2904324512
 H63            -0.3049307642             4.0054363652             1.2743363385
&

