&gen
basis=6-31G**
igeopt=1
dftname=PBE-D3
ifreq=1
&
entry_name: J1_10475_2111.in
&zmat
C1          0.7229740985        -2.7468857680         2.8893302755
C2          1.2573935216        -1.4039634936         2.4073217185
O3          0.2417302828        -0.6802820256         1.7182554747
C4         -0.1512368738        -0.9546974767         0.4040035891
O5          0.3896362616        -1.9036299484        -0.2287735185
C6         -1.3010876849        -0.1839183208        -0.2158428923
C7         -2.6224219266        -0.6769911213         0.4029655886
C8         -1.2204762807        -0.1272807638        -1.7453762824
C9         -2.1065114205        -0.9555993975        -2.7254479808
C10        -1.8639868996        -2.4675504862        -2.5888284118
C11        -3.6012073214        -0.6042277633        -2.7548580919
O12        -4.2172848023        -1.2700558011        -3.8329311696
Si13        -5.8635507776        -0.7409264471        -4.0303290898
C14        -6.8784517471        -2.2505474750        -4.4645014720
C15        -6.6091260907        -0.0307547752        -2.4578135800
C16        -5.9487479742         0.5324792254        -5.4444130503
C17        -5.4608482709        -0.1232690888        -6.7477648052
C18        -5.0478341514         1.7355515322        -5.1145267851
C19        -7.3986928211         1.0149495283        -5.6233839241
O20        -1.3960666913         1.2621275049        -1.8611188771
P21        -1.1161871518         1.6664477609        -0.2064182880
C22        -2.4812748721         2.8934737777        -0.1840566159
C23        -3.7573057232         2.5925016769        -0.6894776964
C24        -4.7799480101         3.5452615100        -0.6727180770
C25        -4.5448520782         4.8165662445        -0.1494793052
C26        -3.2854019836         5.1369661292         0.3564626411
C27        -2.2612397197         4.1866620213         0.3384559439
C28        -0.8943834590         1.8995171936         1.6205672264
C29         0.3314008364         2.2854234366         2.2171856219
C30         0.4433779624         2.4265610832         3.6035504190
C31        -0.6595056539         2.2060558877         4.4251363705
C32        -1.8836796925         1.8562920510         3.8616472116
C33        -2.0028662024         1.7117390071         2.4779305770
C34         0.4755799195         2.3786527510        -0.7513266066
C35         0.5036699430         3.6384595385        -1.3788631604
C36         1.7030379132         4.1682165718        -1.8631520621
C37         2.8857332505         3.4360815324        -1.7568360802
C38         2.8672782779         2.1659077654        -1.1803865865
C39         1.6697337196         1.6320278304        -0.6963393501
H40        -0.1642492593        -2.5894246641         3.5385424137
H41         0.4337318709        -3.3813714209         2.0258450179
H42         1.5075336101        -3.2734242258         3.4723464757
H43         1.5759010320        -0.8092240610         3.2892511690
H44         2.1429791868        -1.5502614989         1.7514029419
H45        -2.5304242491        -0.7389686146         1.5065931592
H46        -3.4771522012        -0.0207929123         0.1831908907
H47        -2.8613153514        -1.7031669109         0.0745201892
H48        -0.1700798854        -0.3244126464        -2.0647391298
H49        -1.7289024774        -0.6883611956        -3.7391719451
H50        -0.7750278527        -2.6847407862        -2.5914079856
H51        -2.3081967668        -2.8801930982        -1.6647865502
H52        -2.3114616697        -3.0055263336        -3.4513711230
H53        -4.0794916762        -0.9164823716        -1.8074734219
H54        -3.6769527485         0.4914383503        -2.9001385785
H55        -6.4702123192        -2.7288947291        -5.3776492368
H56        -7.9345238972        -1.9592960583        -4.6353870775
H57        -6.8314471620        -2.9735813296        -3.6246161864
H58        -6.0941345116         0.9093588926        -2.1790862251
H59        -7.6852228160         0.1800142785        -2.6220897740
H60        -6.5117194670        -0.7666764134        -1.6337508141
H61        -5.4598376881         0.6148741772        -7.5787601589
H62        -4.4266106097        -0.5129056025        -6.6291380267
H63        -6.1234515579        -0.9651400939        -7.0405815895
H64        -5.3440053713         2.2019239203        -4.1506717508
H65        -3.9832936363         1.4252123806        -5.0492913143
H66        -5.1255226686         2.5093016099        -5.9085918810
H67        -7.4655668656         1.7439427952        -6.4597048954
H68        -7.7648820003         1.5168072705        -4.7026684390
H69        -8.0741420744         0.1647350442        -5.8562093245
H70        -3.9761157990         1.6305049707        -1.0995117895
H71        -5.7567342219         3.2966057255        -1.0673385969
H72        -5.3379418737         5.5529265844        -0.1366611045
H73        -3.1010764961         6.1229416564         0.7630439265
H74        -1.2943795342         4.4615163364         0.7398483645
H75         1.2189795090         2.4866119172         1.6471078250
H76         1.3910864659         2.7121346415         4.0418837625
H77        -0.5682111068         2.3183333178         5.4977266475
H78        -2.7463764139         1.7034682175         4.4971815972
H79        -2.9778468086         1.4740775445         2.0772257858
H80        -0.4016674451         4.2062140715        -1.5294251746
H81         1.7117875498         5.1417691881        -2.3361008288
H82         3.8132018248         3.8464615997        -2.1347234429
H83         3.7819614913         1.5913387864        -1.1111642111
H84         1.6958799455         0.6512269580        -0.2562426904
&

