&zmat
 C2              4.6081129395            -0.4183294165             1.2392392113
 C1              3.5362163147            -0.4830576803             0.4052697175
 C3              2.3360950925             0.3147510231             0.4789300947
 P4              0.8996526897            -0.0692025347            -0.3606370097
 C5              1.2619227482            -0.7422551990            -2.0383679461
 C6             -0.4837746349            -1.1925184503             0.1780792322
 C7             -0.4219041269            -2.5469092813             0.5193297970
 C8             -1.5866089642            -3.2011673357             0.9492181345
 C9             -2.7987573460            -2.4970088923             1.0428035488
 C10            -2.8626335295            -1.1366706375             0.7121475291
 C11            -1.7025955846            -0.4748690340             0.2784165989
 C12            -1.5766467739             0.9514647410            -0.0895965173
 C13            -2.5935524287             1.9195258237            -0.1134612708
 C14            -2.2794436206             3.2464484687            -0.4396659048
 C15            -0.9597294216             3.6247283316            -0.7360231654
 C16             0.0646269828             2.6653778352            -0.7258875677
 C17            -0.2523542091             1.3415643258            -0.4119923974
 H19             5.5077134977            -1.0091494884             1.0540374124
 H20             4.6174812851             0.2455911311             2.1094942521
 H18             3.6053097384            -1.1820211787            -0.4427446984
 H21             2.1932867097             0.9853251747             1.3336861954
 H22             1.9937089091            -0.0947703081            -2.5416368939
 H23             0.3259304232            -0.7852353247            -2.6139761635
 H24             1.6689988370            -1.7612183680            -1.9512132673
 H25             0.5271732719            -3.0909321881             0.4598166265
 H26            -1.5514158122            -4.2620264798             1.2150923690
 H27            -3.7014536414            -3.0133798294             1.3828106935
 H28            -3.8120788862            -0.5987153633             0.7961725459
 H29            -3.6256684816             1.6462250768             0.1268685115
 H30            -3.0742085891             3.9985369797            -0.4568536179
 H31            -0.7306219256             4.6676090209            -0.9736939576
 H32             1.1017424815             2.9380216709            -0.9457831307
&

