&gen
basis=6-31G**
igeopt=1
dftname=PBE-D3
ifreq=1
&
entry_name: J1_5833_2111.in
&zmat
C1          4.8467159990         2.0408060792        -0.6482354643
C2          3.9142764767         1.3606260224        -1.3208591914
C3          3.0431064441         0.3435340606        -0.6308895088
C4          1.9649809230        -0.1814417242        -1.5933178804
C5          0.9872430850        -1.0757264746        -0.8812488490
P6         -0.3482995987        -0.5137725442        -0.1135903479
C7         -1.7901368468        -1.4142298243        -0.7208986474
C8         -2.9546438822        -1.4935073894         0.0591396326
C9         -4.0861243459        -2.1552363442        -0.4274960469
C10        -4.0687971352        -2.7288396667        -1.7011640712
C11        -2.9217587485        -2.6352306220        -2.4929767330
C12        -1.7882750911        -1.9747627662        -2.0095269402
C13        -0.1882621349        -0.8144915945         1.6615536847
C14        -0.9246823648        -0.0437457371         2.5762736187
C15        -0.8288280456        -0.2925126541         3.9484430593
C16        -0.0091365152        -1.3215647287         4.4176514988
C17         0.7094140260        -2.1081409172         3.5141128537
C18         0.6154009307        -1.8626027814         2.1408074446
C19        -0.5838962839         1.2479940223        -0.4372626117
C20        -1.3381636853         1.6661857775        -1.5451436407
C21        -1.4791082874         3.0280409200        -1.8283960408
C22        -0.8577245922         3.9803804360        -1.0166819818
C23        -0.0907413474         3.5715384318         0.0770387538
C24         0.0515306452         2.2108021430         0.3634145072
O25         3.8481922079        -0.7186226064        -0.1862741422
H26         5.0036325896         1.8724314938         0.4130534646
H27         5.4597293824         2.7748463023        -1.1610136372
H28         3.7826017817         1.5648252648        -2.3803743496
H29         2.5544456839         0.8460298864         0.2345885750
H30         1.4315917768         0.6604727142        -2.0839247207
H31         2.4534299931        -0.7684613724        -2.4013274863
H32         1.1521829057        -2.1477637013        -0.9176553149
H33        -2.9950040184        -1.0430894274         1.0405333933
H34        -4.9788401048        -2.2183761728         0.1812346733
H35        -4.9462739864        -3.2386779863        -2.0773527159
H36        -2.9126922921        -3.0694447238        -3.4843579548
H37        -0.9162812108        -1.8968135409        -2.6454709008
H38        -1.5774938011         0.7468401993         2.2295937945
H39        -1.3944226409         0.3095307407         4.6477646446
H40         0.0632467447        -1.5143548748         5.4801943613
H41         1.3361157893        -2.9122428566         3.8776374965
H42         1.1698034022        -2.4935491366         1.4601341863
H43        -1.8122713933         0.9433765052        -2.1952974534
H44        -2.0653015034         3.3448486196        -2.6812934653
H45        -0.9657053180         5.0341857358        -1.2385199080
H46         0.3971580981         4.3090495125         0.7010667705
H47         0.6559701946         1.9129494304         1.2095612195
H48         3.3820960950        -1.1320921293         0.5867523717
&

