&gen
basis=6-31G**
igeopt=1
dftname=PBE-D3
ifreq=1
&
entry_name: J1_10298_2111.in
&zmat
C1         -1.1687544131        -0.3818213348         0.2481337615
C2         -1.5138181822        -1.1432903648         1.2894348443
C3          0.2689584841        -0.2286130505        -0.1890544301
C4          0.4068963799        -0.1938488550        -1.6934156756
C5          1.4159984393        -1.2222861106        -2.2988397293
C6          0.7783835088        -2.6405315201        -2.4047426809
C7          0.6518859820        -3.3721642791        -1.0595991266
C8          0.2923269908        -4.8423472142        -1.2598296552
C9          1.9675038815        -0.7940771185        -3.7061246190
C10         0.8655554255        -0.3961003095        -4.7021661236
C11         3.0439220184         0.3024253357        -3.6312029620
O12         0.9050958492         1.1160709507        -1.7541247733
P13         0.8758447731         1.4840055009        -0.0729144576
C14         2.6816736937         1.7959971844        -0.0337572165
C15         0.8442526851         1.7508053322         1.7562459723
C16         0.9934611924         0.6775553641         2.6622229942
C17         0.9978035141         0.8956410853         4.0429545174
C18         0.8956953913         2.1894149480         4.5501014591
C19         0.8156855209         3.2714951058         3.6763981437
C20         0.8102793827         3.0597006920         2.2954490144
C21        -0.2337893763         2.8748152921        -0.4303752734
C22         0.2108231709         3.9128086181        -1.2661130215
C23        -0.6271088923         4.9923481181        -1.5599869413
C24        -1.9131853688         5.0482068024        -1.0177189966
C25        -2.3609616167         4.0270983359        -0.1762067306
C26        -1.5268269304         2.9448170173         0.1188924280
H27        -1.9531256543         0.1316758161        -0.2998357379
H28        -0.7708368471        -1.6950121381         1.8555950351
H29        -2.5571474381        -1.2301368903         1.5741097597
H30         0.9705451253        -0.9490617260         0.2765400949
H31        -0.5704867492        -0.2364635915        -2.2248348701
H32         2.2964670447        -1.3001998762        -1.6222082050
H33        -0.2258859824        -2.5745928574        -2.8768935739
H34         1.4081152224        -3.2764692505        -3.0647336550
H35         1.6093087956        -3.3128864723        -0.4981885651
H36        -0.1519388556        -2.9112323534        -0.4549603461
H37         1.0958878654        -5.3646889526        -1.8214509554
H38        -0.6643245335        -4.9328192747        -1.8173834830
H39         0.1753400904        -5.3343285868        -0.2711913974
H40         2.4927535736        -1.6707409820        -4.1466036703
H41         1.3082324954        -0.2255982152        -5.7067827572
H42         0.3571098782         0.5385260236        -4.3852415451
H43         0.1116729935        -1.2043100725        -4.7973308516
H44         3.5958432415         0.3483996685        -4.5945464456
H45         3.7805977653         0.0771911763        -2.8314824418
H46         2.6052711270         1.3052441364        -3.4580847123
H47         3.1123626594         1.8025042241        -1.0545997428
H48         3.1894389913         0.9997650897         0.5500072359
H49         2.8988125643         2.7863069995         0.4183958500
H50         1.1383782132        -0.3336620214         2.3276821002
H51         1.0981451546         0.0581159282         4.7213918405
H52         0.9048530321         2.3552159628         5.6196277066
H53         0.7719561683         4.2793650549         4.0687379653
H54         0.7975768353         3.9303253865         1.6549540585
H55         1.2059335766         3.8845250228        -1.6919051634
H56        -0.2785857556         5.7864990890        -2.2074800985
H57        -2.5601301792         5.8858353191        -1.2440550369
H58        -3.3524895844         4.0781867565         0.2547040724
H59        -1.8801097236         2.1870452421         0.8029420951
&

