&zmat
 C4              1.1561886200            -0.3695700454             2.3782387948
 C3              0.7961134935            -0.1250580239             0.9301187741
 C2              1.7469101986            -0.0794436550            -0.1350449050
 O1              1.4487193271             0.1876027828            -1.3290776961
 O24             3.0249370054            -0.3945309051             0.2707239077
 C25             4.0841686669            -0.6050539297            -0.7244991129
 C26             4.3729031484             0.6927033235            -1.4929759022
 C27             5.2834736698            -0.9958094394             0.1477640879
 C28             3.6988488507            -1.7578207500            -1.6644087427
 P5             -0.8147699542             0.0991830071             0.3207755211
 C6             -1.3480902891             1.7674205555            -0.2666408240
 C7             -2.6649888394             2.2237192969            -0.0517537246
 C8             -3.0531026670             3.4912200492            -0.5067916328
 C9             -2.1329169105             4.3092687187            -1.1753030788
 C10            -0.8227592284             3.8569410865            -1.3901172144
 C11            -0.4258681013             2.5914486581            -0.9426200895
 C12            -1.9861891483            -0.2683887020             1.6816189637
 C13            -2.7869474969            -1.4241810544             1.6650980384
 C14            -3.6602525623            -1.6879165262             2.7293294942
 C15            -3.7384735296            -0.8031237792             3.8125749599
 C16            -2.9398715832             0.3500456418             3.8351575231
 C17            -2.0679902545             0.6197897946             2.7742037204
 C18            -1.2530807444            -1.0548518896            -1.0412855310
 C19            -2.2778262118            -0.7644064952            -1.9587714089
 C20            -2.6315231523            -1.7096068089            -2.9306227196
 C21            -1.9632676010            -2.9399753450            -2.9929833978
 C22            -0.9348419450            -3.2259239169            -2.0827686733
 C23            -0.5789848060            -2.2873449232            -1.1078869324
 H29             1.9922831260            -1.0867121217             2.4253511494
 H30             1.4875992447             0.5451879753             2.9059708662
 H31             0.3186315334            -0.7945178295             2.9535338619
 H47             3.5099955590             0.9713593045            -2.1118192883
 H48             4.5853904141             1.5105108097            -0.7852500670
 H49             5.2570043042             0.5563230312            -2.1383318963
 H50             6.1665430932            -1.1932617563            -0.4811774222
 H51             5.0564642035            -1.9028918461             0.7304840736
 H52             5.5274490446            -0.1849660263             0.8525100618
 H53             4.5392009023            -1.9906716154            -2.3394183585
 H54             3.4685517426            -2.6621999254            -1.0769279902
 H55             2.8182810504            -1.4873358669            -2.2633534427
 H32            -3.3871071957             1.5930440295             0.4753520154
 H33            -4.0770903557             3.8379869284            -0.3362736622
 H34            -2.4373148363             5.2988337702            -1.5301198422
 H35            -0.1037286266             4.4914534760            -1.9172473268
 H36             0.5812751868             2.2118313238            -1.1350788134
 H37            -2.7286788519            -2.1142025209             0.8186018935
 H38            -4.2835531377            -2.5868712894             2.7079928530
 H39            -4.4241567330            -1.0096298640             4.6399627559
 H40            -2.9995662606             1.0437905598             4.6790248137
 H41            -1.4536516201             1.5253995405             2.7861575132
 H42            -2.7920812910             0.2003782903            -1.9198915119
 H43            -3.4286464379            -1.4808150299            -3.6446462871
 H44            -2.2399247726            -3.6748793332            -3.7553266596
 H45            -0.4031282901            -4.1808711366            -2.1368116248
 H46             0.2287277415            -2.4885842619            -0.3965111006
&

