&gen
basis=6-31G**
igeopt=1
dftname=PBE-D3
ifreq=1
&
entry_name: J1_8458_2111.in
&zmat
O1          1.5633063727         0.5003479917        -1.3078457182
C2          1.6946681318        -0.0997418532        -0.2082790274
C3          0.5335590048        -0.7449430668         0.4404117705
C4          0.8071098702        -1.8400792381         1.4355987335
P5         -1.0195178704        -0.3001961653         0.1088967015
C6         -1.0837648226         1.3620777052        -0.6100335393
C7         -1.0333604575         2.4970789855         0.2159734430
C8         -1.0469672194         3.7790015819        -0.3419285933
C9         -1.0964738365         3.9396556889        -1.7283058969
C10        -1.1238918302         2.8178906112        -2.5594698638
C11        -1.1103303343         1.5346632445        -2.0053413922
C12        -1.9570032188        -0.2712454556         1.6605794746
C13        -3.2964668782        -0.6933167395         1.7066497982
C14        -4.0120789189        -0.6448347128         2.9070726959
C15        -3.4013556325        -0.1688871744         4.0692851955
C16        -2.0737059708         0.2617503229         4.0325784279
C17        -1.3552143144         0.2144964554         2.8347404396
C18        -1.7735792068        -1.4783301008        -1.0435149514
C19        -2.9736812907        -1.1459982847        -1.6949743454
C20        -3.5749101634        -2.0480588179        -2.5770701384
C21        -2.9860975194        -3.2917335217        -2.8146951953
C22        -1.7959014400        -3.6344800053        -2.1692106346
C23        -1.1915575335        -2.7346157689        -1.2857826771
O24         2.9534174214        -0.2022772447         0.4040987474
C25         4.1778524633         0.3785119817        -0.0679745707
C26         4.0562070608         1.9128022571        -0.1430873890
C27         5.2720789483         0.0164039105         0.9475315301
C28         4.5609293356        -0.2048305803        -1.4414835285
H29         1.4621316981        -2.6084101556         0.9737987616
H30         1.3230683080        -1.4169926494         2.3226600042
H31        -0.1245673258        -2.3424354851         1.7718494106
H32        -0.9786693673         2.4004840224         1.2896548361
H33        -1.0135870459         4.6486973356         0.3015068829
H34        -1.1042065508         4.9327624181        -2.1585053753
H35        -1.1470143709         2.9422769623        -3.6343744706
H36        -1.1016118910         0.6803402226        -2.6686095689
H37        -3.7958663940        -1.0657787524         0.8262794180
H38        -5.0422034309        -0.9758797391         2.9356444984
H39        -3.9574368939        -0.1315143507         4.9970737534
H40        -1.6013395722         0.6349689871         4.9320186465
H41        -0.3294923310         0.5600821736         2.8244427280
H42        -3.4464402097        -0.1882502985        -1.5175281913
H43        -4.4986040269        -1.7831123930        -3.0750441983
H44        -3.4522781774        -3.9899713857        -3.4977388082
H45        -1.3404543677        -4.5989211015        -2.3534974957
H46        -0.2704645450        -3.0257013343        -0.8041023250
H47         3.3379567289         2.2246519546        -0.9285450497
H48         3.7052733658         2.3172299745         0.8304740387
H49         5.0395360263         2.3713146892        -0.3842989205
H50         6.2547239324         0.4378328408         0.6431238987
H51         5.3707517983        -1.0875186390         1.0301062552
H52         5.0122481214         0.4147268550         1.9520325614
H53         5.5722701924         0.1423523175        -1.7448917082
H54         4.5652827401        -1.3150530921        -1.3981653296
H55         3.8477234381         0.1107066162        -2.2297837488
&

