&zmat
 O1             -1.6721644212            -2.7103646725            -1.0689382824
 C2             -1.7226511260            -1.5706917925            -0.6160755324
 C3             -2.0081637208            -1.2542190416             0.8453042105
 C4             -3.1013393573            -0.1683063815             0.9786219425
 C5             -2.7500622560             1.0831899986             0.1589993294
 C6             -2.5244249018             0.7312815577            -1.3212917546
 C7             -1.4304437138            -0.3307762867            -1.4866507426
 O8             -0.2025228128             0.2526852608            -1.0157039925
 C9              0.9632554633            -0.5087825848            -1.3922370424
 C10             2.1077052868            -0.0538108993            -0.5236841035
 C11             2.9887060567             0.9521598901            -0.9521383623
 C12             4.0174305548             1.4026166553            -0.1137712158
 C13             4.1706550222             0.8520303699             1.1657912266
 C14             3.2937324087            -0.1513122866             1.6040755843
 C15             2.2691669417            -0.5993553835             0.7627046228
 H16            -1.0678875230            -0.8649947158             1.2808395305
 H17            -2.2720951710            -2.1884703074             1.3643220794
 H18            -4.0650773860            -0.5829697937             0.6265346743
 H19            -3.2401464708             0.0879775658             2.0429709323
 H20            -3.5534197376             1.8345742302             0.2468128824
 H21            -1.8299390671             1.5434539256             0.5600925644
 H22            -2.2370130861             1.6234781870            -1.9039745185
 H23            -3.4583848535             0.3364161319            -1.7635942835
 H24            -1.3361613560            -0.6588499136            -2.5415397495
 H25             1.1836156574            -0.3468400701            -2.4677685668
 H26             0.7821214936            -1.5921796640            -1.2493907793
 H27             2.8641131389             1.3850166652            -1.9505226806
 H28             4.7002022131             2.1849462630            -0.4591358844
 H29             4.9746546279             1.2016328968             1.8207765798
 H30             3.4130537816            -0.5872753578             2.6007199271
 H31             1.5851528206            -1.3863273138             1.0999673698
&

