&gen
basis=6-31G**
igeopt=1
dftname=PBE-D3
ifreq=1
&
entry_name: J1_10229_2111.in
&zmat
C1          3.4425099650         3.5155925459         0.4732283342
C2          2.6675595193         2.5445353811         1.3629620851
P3          1.3086782114         1.6730768871         0.4559607709
O4          2.2551924655         1.4096740394        -0.9607046763
C5          2.0104801464         0.0290423347        -1.1148723752
C6          1.0759191364        -0.1815480658        -2.3353517937
C7          1.7252617157         0.2636459606        -3.6588495263
C8          3.2444022695         0.0305508881        -3.7019961619
C9          3.6628185746        -1.1113069994        -2.7738966904
C10         3.3593251256        -0.7841423387        -1.2833451974
C11         4.5766338378        -0.0726591816        -0.6323133333
C12         5.7485197541        -1.0022292179        -0.4305405656
C13         5.7065683882        -1.9833096311         0.5749158584
C14         6.7884398981        -2.8491720906         0.7608386360
C15         7.9194596395        -2.7417734557        -0.0527568569
C16         7.9709013543        -1.7674132409        -1.0531409290
C17         6.8913899818        -0.8990916976        -1.2424143272
C18         1.2169454512        -0.1267321184         0.1878638825
C19         1.8302356556        -0.9842388448         1.3059485689
C20         0.2065990904         1.7475636222         1.9103588980
C21         0.5258205187         1.2796048394         3.1963580007
C22        -0.4133403861         1.3942688567         4.2291938165
C23        -1.6560924966         1.9960762360         3.9891614044
C24        -1.9567984736         2.5054444947         2.7207437728
C25        -1.0108295638         2.3781399649         1.6953699072
C26        -1.0904120118         2.9478080215         0.3664147895
C27        -2.1357437046         3.7218777814        -0.1535074522
C28        -1.9982133918         4.2787740796        -1.4300979141
C29        -0.8203376935         4.0775082845        -2.1626105966
C30         0.2203406760         3.3067094369        -1.6285485860
C31         0.0701481353         2.7222312777        -0.3604436705
H32         4.1332236593         4.1187027485         1.0995151149
H33         4.0539788353         2.9716087953        -0.2749671197
H34         2.7445560071         4.2061448361        -0.0455088000
H35         3.3635326454         1.8055350207         1.8060834678
H36         2.2595428295         3.1522376084         2.1990349077
H37         0.1229199489         0.3782147204        -2.2093983423
H38         0.8125349407        -1.2604149689        -2.4005518154
H39         1.5242772626         1.3434980990        -3.8274783773
H40         1.2429825688        -0.2927437224        -4.4919373797
H41         3.5522361006        -0.2063806061        -4.7434261304
H42         3.7736906630         0.9612664415        -3.4028982023
H43         3.1096672255        -2.0302196079        -3.0709162581
H44         4.7374266976        -1.3368381656        -2.9339128883
H45         3.2375851156        -1.7726476674        -0.7992837912
H46         4.3064121092         0.3343369758         0.3563868299
H47         4.8779339818         0.8007372237        -1.2500588778
H48         4.8369709888        -2.0771138540         1.2130546276
H49         6.7499404210        -3.6035557300         1.5359923945
H50         8.7559931106        -3.4130533903         0.0922496574
H51         8.8475138953        -1.6850942295        -1.6826085145
H52         6.9451733699        -0.1506543508        -2.0232933149
H53         0.1604813934        -0.4344730007         0.0208325821
H54         2.7792460118        -0.5685736653         1.6925092672
H55         1.9839839617        -2.0249192218         0.9585583144
H56         1.1111901824        -1.0706342337         2.1433714152
H57         1.4949179335         0.8488338307         3.4068223146
H58        -0.1742180450         1.0267567369         5.2186679985
H59        -2.3753455710         2.0884447237         4.7925897445
H60        -2.9024017692         3.0029314989         2.5547156732
H61        -3.0365591441         3.9053198144         0.4157953004
H62        -2.7966240393         4.8794990754        -1.8460604191
H63        -0.7122312177         4.5238458107        -3.1426433545
H64         1.1268477236         3.1806708209        -2.2028169840
&

