&gen
basis=6-31G**
igeopt=1
dftname=PBE-D3
ifreq=1
&
entry_name: J1_10016_2111.in
&zmat
C1          1.8636644665        -4.0684429542         1.3194077227
C2          1.1582622690        -3.1009221983         2.2891603823
C3          2.1592768687        -2.5268541038         3.3094092312
C4          0.0640912684        -3.8677680123         3.0468079527
O5          0.5095404332        -2.0450296166         1.5658551989
C6          1.1264814729        -1.1154449632         0.7115962695
O7          2.3770963694        -1.1267239985         0.5697186119
C8          0.2691276608        -0.0908891875        -0.0272296889
C9         -1.2239890828        -0.2572888963         0.3425495030
C10         0.4684994379        -0.0379514081        -1.5362508515
C11         1.2743274685        -1.1591967377        -2.2113372995
Cl12         1.2891617521        -0.9209115203        -3.9771223046
O13         1.1383480628         1.1990140443        -1.5639470235
P14         0.9152842023         1.6401586829         0.0914343933
C15         2.6895739030         2.0671002383         0.3101493970
C16         3.0578169147         3.2164832952         1.0442461851
C17         4.4009785081         3.5672564478         1.2015944760
C18         5.3993402743         2.7945460667         0.6094688769
C19         5.0537840110         1.6800100279        -0.1545408021
C20         3.7109748245         1.3258841618        -0.3144283255
C21         0.5993864619         1.8541184748         1.9102208297
C22         1.3942062882         1.1374322817         2.8351941634
C23         1.1854771734         1.2438596537         4.2116992627
C24         0.1845652844         2.0757292823         4.7042542116
C25        -0.5972454232         2.8147716447         3.8203261552
C26        -0.3917471039         2.7149417505         2.4408394956
C27        -0.0217905651         3.0854518273        -0.5261513001
C28         0.6831784612         4.1652614643        -1.0939621347
C29         0.0035866916         5.2470394909        -1.6605985872
C30        -1.3904183320         5.2601527519        -1.6897538896
C31        -2.1057806776         4.1887168379        -1.1559906159
C32        -1.4292395107         3.1036397311        -0.5910460112
H33         2.2467617775        -4.9580203064         1.8645972682
H34         1.1536297019        -4.4105971462         0.5362440358
H35         2.7268684472        -3.5840325543         0.8193593191
H36         3.0090432802        -2.0227690115         2.8062716162
H37         2.5768999563        -3.3377054169         3.9444778919
H38         1.6535924800        -1.7889518650         3.9674284798
H39        -0.4717204215        -3.1866636044         3.7427371888
H40         0.4977520216        -4.7054514762         3.6350705152
H41        -0.6790451379        -4.2839497821         2.3328501130
H42        -1.4230819257         0.1074405892         1.3711227071
H43        -1.5109859894        -1.3292046817         0.2927397271
H44        -1.9040902200         0.2438269603        -0.3682679384
H45        -0.4943409826         0.0760456417        -2.0827020786
H46         2.3253778136        -1.1888419761        -1.8724041198
H47         0.7987925005        -2.1389390351        -1.9944196738
H48         2.3041235972         3.8505502701         1.4927219546
H49         4.6667233528         4.4445535901         1.7770768347
H50         6.4395473558         3.0685574131         0.7290416079
H51         5.8274385021         1.0944910514        -0.6343814200
H52         3.4843045812         0.4855404238        -0.9455705499
H53         2.2074624620         0.5131234720         2.5002248748
H54         1.8092715416         0.6857109185         4.8979140392
H55         0.0242463421         2.1591755313         5.7713824805
H56        -1.3631858228         3.4759542264         4.2052681915
H57        -1.0119595646         3.3383646493         1.8293125786
H58         1.7626417736         4.1671058098        -1.1301337181
H59         0.5601703088         6.0703792799        -2.0894380424
H60        -1.9159441093         6.0984259566        -2.1285601556
H61        -3.1880118560         4.2014719176        -1.1723372610
H62        -2.0186146801         2.3290482988        -0.1409133737
&

