&gen
basis=6-31G**
igeopt=1
dftname=PBE-D3
ifreq=1
&
entry_name: J1_10032_2111.in
&zmat
C1         -1.6192346066        -1.0549455009         0.5800099981
C2         -1.3683059400        -2.3655493411         0.5409002147
C3         -0.7915149303        -0.0809518397        -0.2256976962
C4         -1.2161094211         0.1619526799        -1.6624194531
C5         -2.3281809188        -0.7291674842        -2.3138283241
C6         -2.1977984514        -0.6361849567        -3.8665430330
C7         -2.9932250055        -1.6700444524        -4.6848412933
C8         -2.5848131760        -3.1146617146        -4.3946151006
C9         -3.7662389960        -0.4228839548        -1.7525530494
C10        -4.5311214661         0.6838210051        -2.4989795803
C11        -4.6319147905        -1.6850228735        -1.6124588010
O12        -1.6154623762         1.4991080793        -1.4827077404
P13        -1.1330902650         1.6589987323         0.1641613499
C14        -2.8042271622         2.2913367700         0.6041261180
C15        -0.4932002680         1.5511109083         1.8941365017
C16        -1.3411750941         1.3438248513         3.0085537033
C17        -0.8157084441         1.2164827935         4.2977172499
C18         0.5620459204         1.2554202906         4.5020424068
C19         1.4200675905         1.3985105273         3.4139659100
C20         0.9015099739         1.5260415447         2.1230121198
C21         0.0245587002         2.9797081961        -0.2821528528
C22        -0.1814452676         4.2910164791         0.1779634373
C23         0.7071570789         5.3107422939        -0.1760145918
C24         1.8048305564         5.0314417928        -0.9936575153
C25         2.0162827906         3.7311535976        -1.4580943729
C26         1.1302593436         2.7086846605        -1.1066493180
H27        -2.4042650473        -0.6985261005         1.2382101058
H28        -1.9602497495        -3.0500786626         1.1394223852
H29        -0.5779917855        -2.7633207445        -0.0885446300
H30         0.2968420695        -0.2953088003        -0.1387223463
H31        -0.2976429388         0.1454406716        -2.2898003151
H32        -2.0559061526        -1.7689728753        -2.0436005975
H33        -2.4730047903         0.3837639799        -4.2088450942
H34        -1.1308467149        -0.7696268911        -4.1515291379
H35        -2.7945629534        -1.4723188322        -5.7606934954
H36        -4.0830030986        -1.5456282914        -4.5486653888
H37        -2.9180835197        -3.4262320019        -3.3839104623
H38        -1.4831054634        -3.2313758584        -4.4737733932
H39        -3.0650060281        -3.7887295110        -5.1348281830
H40        -3.6577094221        -0.0548860820        -0.7190854012
H41        -4.8524708719         0.3505972990        -3.5057873164
H42        -3.9068230128         1.5943614522        -2.6035113535
H43        -5.4412531962         0.9635309730        -1.9263785837
H44        -4.9250090220        -2.1024719971        -2.5929633384
H45        -5.5622554282        -1.4437993445        -1.0547995705
H46        -4.0887735917        -2.4648372463        -1.0375908133
H47        -3.4699581770         1.4681513309         0.9267734342
H48        -3.2727757643         2.7923722693        -0.2684465603
H49        -2.7437252330         3.0507903806         1.4099079368
H50        -2.4101276129         1.2517116844         2.9070785326
H51        -1.4804120738         1.0714518622         5.1397069499
H52         0.9654889544         1.1513656264         5.5009827571
H53         2.4914539080         1.3963827541         3.5681076355
H54         1.6022070921         1.5856390830         1.3034281770
H55        -1.0215997368         4.5281054666         0.8151347314
H56         0.5447764327         6.3182779131         0.1844870785
H57         2.4920185419         5.8220000942        -1.2660325938
H58         2.8685764605         3.5146233728        -2.0890660859
H59         1.3174360930         1.7063814482        -1.4656139198
&

