&zmat
 C3             -2.5288280571            -2.3708202830             2.2505817116
 C2             -2.1710983792            -1.3107589363             1.2535670604
 C1             -0.9821060506            -1.2080719639             0.6294070298
 C4             -0.5869104051            -0.1505911056            -0.3510982136
 C5             -1.0684821166            -0.1338866151            -1.8321243654
 C6             -2.3662329518            -0.9159921964            -2.1224896885
 C7             -2.1055260299            -2.4539191349            -2.1670069744
 C8             -2.2085292995            -3.0434644170            -3.5890048112
 C9             -1.4918727108            -2.1443669018            -4.6087086443
 C10            -2.1377813088            -0.7311405250            -4.6727943332
 C11            -3.0079975738            -0.4239980745            -3.4350345909
 O12            -1.2231090712             1.2696822311            -1.9881287819
 P13            -1.0969594741             1.6965997850            -0.1744638024
 C14            -2.8293861764             2.4680094691            -0.2646389780
 C15            -2.9148060301             3.8555487655             0.2947158959
 C16            -2.6497819971             4.9949984200            -0.3895474478
 C17            -2.2220118182             5.0363169779            -1.8344939294
 C18            -2.7307730735             6.3376503814             0.2922166895
 C19            -0.9043215781             1.7095781911             1.7387103839
 C20            -1.9779143075             1.7176569115             2.6488025164
 C21            -1.7744599040             1.5509407550             4.0285251399
 C22            -0.4827151552             1.3613506449             4.5334105883
 C23             0.6021845090             1.3414345747             3.6442835977
 C24             0.3886279501             1.5113830570             2.2713396499
 C25             0.1983795773             2.9855902421            -0.5027121121
 C26             0.3991161309             4.0523648314             0.3988360267
 C27             1.3301085827             5.0584830777             0.1132098683
 C28             2.0964844110             4.9978582112            -1.0600754066
 C29             1.9168041989             3.9322774959            -1.9517926064
 C30             0.9631627092             2.9408142650            -1.6836111088
 H33            -3.4343773874            -2.9264317179             1.9465407135
 H34            -1.7091373613            -3.0954175490             2.3822066737
 H35            -2.7488545720            -1.9204744668             3.2359219382
 H32            -2.9399926891            -0.5501127435             1.0603626381
 H31            -0.2164075443            -1.9608210459             0.8645467768
 H36             0.5169752707            -0.0655250931            -0.3514646169
 H37            -0.2685160648            -0.5115073932            -2.5074357153
 H38            -3.0702859190            -0.6900450919            -1.2999511127
 H39            -2.7974189573            -2.9790748972            -1.4867828134
 H40            -1.0929588316            -2.6616148899            -1.7725379853
 H41            -3.2705825694            -3.1522225179            -3.8787207080
 H42            -1.7828650235            -4.0622949121            -3.6027222953
 H43            -1.4886220726            -2.6156694155            -5.6067603499
 H44            -0.4296121791            -2.0610755453            -4.3094799868
 H45            -1.3509032692             0.0379686388            -4.7593894782
 H46            -2.7605758429            -0.6362405415            -5.5795514078
 H47            -3.1839952407             0.6616357504            -3.3631658345
 H48            -3.9976353357            -0.9044650498            -3.5416665424
 H49            -3.5166415218             1.7753730835             0.2510451878
 H50            -3.0720397518             2.4238209772            -1.3332702942
 H51            -3.1731106280             3.9478294008             1.3564302376
 H52            -2.8993121963             5.6790157231            -2.4264651877
 H53            -2.1754116597             4.0450113732            -2.3073134886
 H54            -1.2129527961             5.4810123366            -1.9139140334
 H55            -3.4266406479             7.0161300447            -0.2348958963
 H56            -1.7422717978             6.8345780443             0.2801504575
 H57            -3.0587451261             6.2529841568             1.3402313368
 H58            -3.0048148115             1.8460519376             2.2928467185
 H59            -2.6330030106             1.5680832897             4.7079227317
 H60            -0.3210524551             1.2305292493             5.6076242890
 H61             1.6195127456             1.1962547306             4.0222985929
 H62             1.2531560926             1.5051223184             1.5971213369
 H63            -0.1808524190             4.0991724782             1.3228218313
 H64             1.4614065781             5.8882335551             0.8147863829
 H65             2.8303728180             5.7803141246            -1.2777319483
 H66             2.5098784445             3.8782852621            -2.8700245231
 H67             0.7668991325             2.1397500060            -2.3995759958
&

