&gen
basis=6-31G**
igeopt=1
dftname=PBE-D3
ifreq=1
&
entry_name: J1_9850_2111.in
&zmat
C1         -1.4512320127        -1.1328639695         0.5773135988
C2         -2.7454365087        -1.1425598094         0.9304275464
C3         -3.2829391516        -2.2117851591         1.8296267188
C4         -0.7693807947        -0.0978680586        -0.3044752578
C5         -1.1999942886         0.0954550133        -1.7425087108
C6         -2.4202533399        -0.6937118516        -2.2894284401
C7         -2.1326010357        -2.2238315703        -2.3657892741
C8         -2.0082628046        -2.7694152819        -3.7989012859
C9         -1.2046534736        -1.8120681384        -4.6819877236
C10        -1.8655229547        -0.4228573056        -4.7879846351
C11        -2.8708485666        -0.1313896022        -3.6576400720
O12        -1.4920937923         1.4666816508        -1.6157302348
P13        -1.1205735343         1.6537714259         0.0589596746
C14        -2.8822602195         2.2043909744         0.3086391479
C15        -3.0522666143         3.7041734325         0.3986758082
C16        -3.0768632770         4.5603002511        -0.6488141578
C17        -2.8992930225         4.1095356658        -2.0778166658
C18        -3.2927272951         6.0251611189        -0.3656390310
C19        -0.5610044500         1.6187013589         1.8265024178
C20        -1.2976261214         2.1562666574         2.9107090770
C21        -0.8025283066         2.0978002610         4.2171357335
C22         0.4432711600         1.5312908043         4.4738634724
C23         1.2088384145         1.0391267738         3.4209190248
C24         0.7205207173         1.0931410646         2.1137000743
C25         0.1439481338         2.9141242518        -0.2922345800
C26         0.1281185668         4.1688055312         0.3469478403
C27         1.1054474087         5.1248119701         0.0574984073
C28         2.1158680235         4.8375044167        -0.8618150793
C29         2.1555772756         3.5894970537        -1.4861804740
C30         1.1794695788         2.6307584657        -1.2003083154
H31        -0.8085658242        -1.9133945767         0.9762753927
H32        -3.4351147344        -0.3964298023         0.5714478358
H33        -4.3684503430        -2.0508260632         1.9971835102
H34        -3.1359858212        -3.2084101049         1.3622030091
H35        -2.7601470532        -2.1805222827         2.8089043635
H36         0.3228971903        -0.2905646718        -0.2996023070
H37        -0.3300869779        -0.0305988026        -2.4234572802
H38        -3.2804653857        -0.5310440330        -1.6134217256
H39        -2.9512678355        -2.7756350000        -1.8543393339
H40        -1.1963113955        -2.4753198826        -1.8218848336
H41        -3.0202641601        -2.9159369127        -4.2363577933
H42        -1.5068408794        -3.7611292276        -3.7744879222
H43        -1.0980746801        -2.2507644876        -5.6976858180
H44        -0.1814412551        -1.7069010815        -4.2589942598
H45        -1.0730084371         0.3569183870        -4.7867034815
H46        -2.3987019136        -0.3420935668        -5.7602869103
H47        -3.0484632926         0.9638508015        -3.5926491289
H48        -3.8487412212        -0.5911109001        -3.9228650039
H49        -3.3127317815         1.7357002666         1.2119741390
H50        -3.5395530176         1.8192272986        -0.4985642608
H51        -3.2364716357         4.1135225679         1.3878047382
H52        -3.1551353626         4.9216985325        -2.7893468382
H53        -3.5650253004         3.2527843078        -2.3080322246
H54        -1.8405872550         3.8371600123        -2.2564926441
H55        -3.2678861391         6.6331258709        -1.2938484239
H56        -2.4936722229         6.3973445841         0.3103971008
H57        -4.2794451903         6.1721537088         0.1224166727
H58        -2.2407966148         2.6508841894         2.7921773591
H59        -1.3844090993         2.5066214982         5.0334258314
H60         0.8240322538         1.4927917702         5.4862913469
H61         2.1900710711         0.6253017256         3.6147741748
H62         1.3692082025         0.7460044623         1.3235073139
H63        -0.6203601389         4.4060772955         1.0879913112
H64         1.0834822913         6.0868195651         0.5529929091
H65         2.8731688898         5.5783108987        -1.0833482295
H66         2.9451796992         3.3631512575        -2.1909820583
H67         1.2378013400         1.6685759650        -1.6888915479
&

