&gen
basis=6-31G**
igeopt=1
dftname=PBE-D3
ifreq=1
&
entry_name: J1_10460_2111.in
&zmat
C1          3.5362146130        -5.5490764153        -4.0548101957
O2          3.8766367084        -4.1799945054        -3.8621014453
C3          2.9986985292        -3.2093657527        -3.3572203217
C4          3.4658783494        -1.8979729700        -3.2180943882
C5          2.6314608303        -0.8938143045        -2.7192387850
C6          1.3059957881        -1.1889765886        -2.3519182268
C7          0.3743364124        -0.1392916293        -1.7846559767
O8          0.9379690968         1.1528660312        -1.8042448259
P9          0.8843123807         1.4558055977        -0.1084982592
C10         2.7002812185         1.7131173577        -0.0689705903
C11         0.6755383599         1.4862112590         1.7233819627
C12        -0.5009515004         2.0013269654         2.3158684911
C13        -0.6935421766         1.9415466360         3.6983732250
C14         0.2613352696         1.3355861425         4.5133663610
C15         1.4003663284         0.7674476631         3.9445640817
C16         1.5982643639         0.8231174228         2.5622601350
C17         0.0219694655         3.0364730151        -0.3883274304
C18        -1.0491736793         3.1445800419        -1.2928515557
C19        -1.6837836200         4.3730308717        -1.4994047456
C20        -1.2432401534         5.5121995270        -0.8234776488
C21        -0.1560911807         5.4278004032         0.0477945107
C22         0.4815119264         4.2015602298         0.2553372003
C23         0.2366778620        -0.2323050262        -0.2843356445
C24        -1.1509450633        -0.4772922487         0.3007000789
C25        -1.2343501109        -1.1555617704         1.5331171499
C26        -2.4677307741        -1.3639774277         2.1551315583
C27        -3.6395966083        -0.9044965800         1.5549592517
C28        -3.5790991112        -0.2399629723         0.3298703404
C29        -2.3471211596        -0.0264315342        -0.2960160636
C30         0.8384698811        -2.5050091926        -2.4889185602
C31         1.6739871616        -3.5081801867        -2.9878976369
H32         2.6979087159        -5.6359326146        -4.7779579928
H33         4.4155980013        -6.0871799346        -4.4640574014
H34         3.2549624544        -6.0126468358        -3.0856619042
H35         4.4834600419        -1.6557977208        -3.4976584150
H36         3.0270861488         0.1084171227        -2.6243375829
H37        -0.5804876600        -0.1411341893        -2.3460698769
H38         3.0090154946         2.3367262947         0.7953284211
H39         3.0245187865         2.2484297451        -0.9856919703
H40         3.2191170390         0.7330099591        -0.0345249907
H41        -1.2945386821         2.4225835947         1.7148594405
H42        -1.5955961847         2.3493046201         4.1360074823
H43         0.1065549411         1.2840930014         5.5832983128
H44         2.1240902057         0.2657890808         4.5739210421
H45         2.4633031771         0.3203842809         2.1546694887
H46        -1.3731330639         2.2982175768        -1.8724882725
H47        -2.5094179572         4.4442195371        -2.1956847634
H48        -1.7344937760         6.4627524794        -0.9863370724
H49         0.1954322410         6.3136284710         0.5607934114
H50         1.3250216646         4.1595806117         0.9318363692
H51         0.9788205574        -0.9432056112         0.1460297106
H52        -0.3377424628        -1.5109500007         2.0258532274
H53        -2.5133983312        -1.8787752634         3.1060825734
H54        -4.5948277528        -1.0656283362         2.0376074892
H55        -4.4900849612         0.1106621246        -0.1379486751
H56        -2.3557339934         0.4764728463        -1.2448364315
H57        -0.1764565300        -2.7544575335        -2.2035720338
H58         1.2811304952        -4.5114389994        -3.0801893332
&

