&gen
basis=6-31G**
igeopt=1
dftname=PBE-D3
ifreq=1
&
entry_name: J1_9930_2111.in
&zmat
C1         -1.4895277451        -4.9236335912         0.2286091290
C2         -1.9418504778        -3.6107261616         0.8463245555
O3         -1.2531919363        -2.5312000148         0.2255338301
C4         -1.4894995335        -1.1953484403         0.5592112796
O5         -2.2850887771        -0.9080515066         1.4951282295
C6         -0.7470499117        -0.1175314675        -0.1958202082
C7         -1.2102952638         0.1372165865        -1.6136103568
C8         -2.2539714311        -0.8039855736        -2.2858788961
C9         -2.2633257448        -0.5487428036        -3.8168948917
C10        -3.5437102675        -1.0763040515        -4.4713926279
C11        -4.7937245583        -0.3526722769        -3.9328018996
C12        -4.6240394107         0.1675817624        -2.4922548970
C13        -3.6856667271        -0.7288121570        -1.6761559575
O14        -1.7105273706         1.4292873513        -1.3857026285
P15        -1.1719527064         1.6063482492         0.2431039833
C16        -2.8713254588         2.0388739542         0.8084529789
C17        -0.5138878219         1.7264681172         1.9655670580
C18        -0.6936390051         2.9228529918         2.6985249520
C19        -0.1891584842         3.0595955303         3.9938448818
C20         0.5209801164         2.0152956344         4.5817398488
C21         0.7393307563         0.8376803575         3.8693837535
C22         0.2387600596         0.6939901150         2.5718366355
C23        -0.0431360404         2.9224926234        -0.2612220554
C24        -0.5401596935         4.1932300784        -0.5906028748
C25         0.3335437195         5.2075536155        -0.9938335315
C26         1.7058627796         4.9575861261        -1.0786816866
C27         2.2061484593         3.6912689574        -0.7641873387
C28         1.3356533158         2.6744137201        -0.3610651304
H29        -2.0264004117        -5.7687430393         0.7086707405
H30        -0.3972844908        -5.0571307859         0.3789781072
H31        -1.7112196484        -4.9261062196        -0.8597679878
H32        -1.7215465237        -3.6198324116         1.9358184705
H33        -3.0370100187        -3.4929269448         0.6948347715
H34         0.3491570459        -0.2948272882        -0.1735116956
H35        -0.3106291474         0.2141962165        -2.2670017759
H36        -1.8912393468        -1.8459865016        -2.1496959896
H37        -2.1833185875         0.5409475696        -4.0300635398
H38        -1.3831043912        -1.0446357181        -4.2815877518
H39        -3.4824543587        -0.9414226202        -5.5729496394
H40        -3.6287320202        -2.1671496008        -4.2704212709
H41        -5.0362605181         0.5076641951        -4.5939956528
H42        -5.6557022685        -1.0538223107        -3.9727707064
H43        -5.6177222089         0.2159208269        -1.9966876490
H44        -4.2117380575         1.1999827410        -2.5154483999
H45        -4.1199943473        -1.7528643277        -1.6497239678
H46        -3.6735636513        -0.3767565101        -0.6307601609
H47        -2.9600618420         3.1308325430         0.9687253849
H48        -3.6331651603         1.7721030192         0.0510234619
H49        -3.1296173019         1.5145491713         1.7514873334
H50        -1.2105293485         3.7668688915         2.2644357936
H51        -0.3425368500         3.9820118721         4.5390269602
H52         0.9135429845         2.1233286295         5.5845827092
H53         1.3067086383         0.0338533203         4.3208464683
H54         0.4660628387        -0.2281921756         2.0669494137
H55        -1.6007160212         4.3996380467        -0.5404799146
H56        -0.0537716355         6.1868428482        -1.2435988673
H57         2.3808255042         5.7437603294        -1.3913231361
H58         3.2686790954         3.4973233016        -0.8334476331
H59         1.7376557800         1.6994172671        -0.1195089026
&

