&gen
basis=6-31G**
igeopt=1
dftname=PBE-D3
ifreq=1
&
entry_name: J1_6476_2111.in
&zmat
C1          0.7737981318         0.0409571124         0.7237809710
C2          1.4074996023         1.3898123871         0.9393930134
C3          2.2885397155         1.8004783620        -0.2474122209
C4          3.4293673415         0.8400417967        -0.4664393159
C5          4.5770639111         0.9086115587         0.3404674929
C6          5.6212470282        -0.0034498625         0.1581145380
C7          5.5240645467        -0.9924759593        -0.8247007601
C8          4.3815955417        -1.0724214981        -1.6257531379
C9          3.3356940547        -0.1619217200        -1.4475561588
P10        -0.8083867621        -0.1098815083         0.3443657000
C11        -1.0422744864         0.7782595881        -1.2059911690
C12        -0.6502267889         0.1847413389        -2.4156484553
C13        -0.7598361356         0.8929752538        -3.6157369350
C14        -1.2419297422         2.2045055431        -3.6127409122
C15        -1.6052062082         2.8122735483        -2.4079482628
C16        -1.4960091190         2.1065069012        -1.2060123624
C17        -1.8684075765         0.5439554150         1.6457835799
C18        -3.2246045843         0.7852099136         1.3794810291
C19        -4.0689802024         1.2521655808         2.3910705222
C20        -3.5685501774         1.4628645171         3.6786624809
C21        -2.2248926039         1.1986464068         3.9576433510
C22        -1.3777549505         0.7316345568         2.9479103879
C23        -1.2596590494        -1.8447892260         0.1598639711
C24        -0.6814633335        -2.8205900046         0.9875410407
C25        -1.0739609450        -4.1582722213         0.8792868130
C26        -2.0618983120        -4.5264011280        -0.0376845304
C27        -2.6674784665        -3.5549531847        -0.8388013284
C28        -2.2774271976        -2.2165906506        -0.7326766029
H29         1.4064007670        -0.8398887869         0.7318512535
H30         0.6262966762         2.1679637743         1.0819997296
H31         2.0134758752         1.3572351078         1.8699050363
H32         2.6982448865         2.8155792604        -0.0538075800
H33         1.6663284944         1.8797378778        -1.1654766266
H34         4.6603848616         1.6655202418         1.1105669167
H35         6.5045035384         0.0544954651         0.7809634827
H36         6.3324180609        -1.6987199814        -0.9632906973
H37         4.3050024283        -1.8420629173        -2.3828630198
H38         2.4520262103        -0.2413426029        -2.0686025093
H39        -0.2532584917        -0.8223699237        -2.4292889282
H40        -0.4631208979         0.4279570995        -4.5468865317
H41        -1.3233048856         2.7533621427        -4.5419820823
H42        -1.9622552025         3.8339734851        -2.4042189224
H43        -1.7539515780         2.6022175880        -0.2796869185
H44        -3.6275353358         0.6129754877         0.3893327820
H45        -5.1123298633         1.4456086295         2.1780465695
H46        -4.2234267001         1.8224225214         4.4617682470
H47        -1.8410275086         1.3497461999         4.9582729498
H48        -0.3452743574         0.5148977375         3.1873947649
H49         0.0648152318        -2.5499844905         1.7227776773
H50        -0.6183894350        -4.9082712894         1.5128564860
H51        -2.3668759441        -5.5617175492        -0.1184076138
H52        -3.4452346641        -3.8376584924        -1.5363652794
H53        -2.7738353986        -1.4735694018        -1.3431219253
&

