&zmat
 C7              3.2709371099             0.5194092422            -0.7265115485
 C6              2.6886177574            -0.8044125532            -0.2771932618
 C5              1.1594364258            -0.8782994464            -0.3280106931
 C4              0.4765965283            -0.0340163673             0.7608320912
 C3             -1.0567851489            -0.1479388855             0.7719010354
 C2             -1.7477289549             0.4153773072            -0.4799975686
 C1             -3.2768660341             0.3571004276            -0.3903708375
 O8              2.6215947554             1.4550242215            -1.1686434738
 H20             3.0804327206            -1.0125282628             0.7394720064
 H21             3.1590831923            -1.5796010038            -0.9165996051
 H22             4.3914469113             0.5895861388            -0.6405461704
 H18             0.8435476778            -1.9328449673            -0.2285150785
 H19             0.8304571784            -0.5385265472            -1.3252551056
 H16             0.8685240163            -0.3426981859             1.7489951130
 H17             0.7655603907             1.0235137959             0.6242655616
 H14            -1.3474031065            -1.2094379497             0.9027594482
 H15            -1.4473733346             0.3829902568             1.6607671363
 H12            -1.4201287410             1.4610058724            -0.6329325727
 H13            -1.4137381500            -0.1394037421            -1.3757313635
 H10            -3.6294637670            -0.6815026187            -0.2658451115
 H11            -3.6478622141             0.9359998691             0.4731242754
 H9             -3.7541708510             0.7650512294            -1.2963586998
&

