&gen
basis=6-31G**
igeopt=1
dftname=PBE-D3
ifreq=1
&
entry_name: J1_10185_2111.in
&zmat
C1          4.7931776614         0.7856158531         3.9716095884
C2          4.5519872370         0.7489871964         2.4628773662
C3          3.5570044184        -0.3468924690         2.0514639236
C4          2.1330409866        -0.0803423311         2.6024874824
N5          1.0368366340        -0.6919015658         1.8165342194
C6          0.6618357629        -2.0740929745         2.1949453122
C7          1.8076032989        -3.0915848448         2.0556217223
C8          1.2729418970        -4.5285335523         2.0673688361
C9          2.4108455265        -5.5412434538         1.9767294508
C10         1.0080444733        -0.4058080856         0.3656097988
C11        -0.4296036523        -0.0774369775        -0.1152145877
C12        -0.6216485535         0.0038990405        -1.6270113183
C13        -1.7377290610        -0.9135959709        -2.1818571215
O14         0.5913450469        -0.0009999118        -2.3800733032
C15         1.0497979195        -1.2897088485        -2.7559444011
C16         0.7833914419        -1.5266641889        -4.2168606890
C17         0.0161718873        -2.7263412975        -4.6887065154
O18         1.2093075817        -0.7312235310        -5.0401649629
O19        -1.1113463378         1.3197546419        -1.6319322559
P20        -0.9520527798         1.6783489177         0.0433929824
C21        -2.7076908026         2.0982477164         0.1829345830
C22        -3.1261320832         3.4400901383         0.1713403966
C23        -4.4822232285         3.7585167212         0.2884123520
C24        -5.4308586257         2.7429861502         0.4272419563
C25        -5.0232493614         1.4076039307         0.4591039515
C26        -3.6681010773         1.0853210540         0.3428920654
C27        -0.8568201494         1.9138058579         1.8703507659
C28        -0.5844539991         3.1787529586         2.4434414343
C29        -0.5594978088         3.3494176765         3.8301558115
C30        -0.8591822122         2.2811196690         4.6732263093
C31        -1.2199601397         1.0500159553         4.1296565576
C32        -1.2477728256         0.8756031697         2.7438126391
C33         0.2271411378         3.0067140813        -0.4063868661
C34         1.5061105950         3.1007316357         0.1758808031
C35         2.3968672299         4.1049418263        -0.2124125024
C36         2.0286645904         5.0273870745        -1.1920866363
C37         0.7672187989         4.9480593464        -1.7827806485
C38        -0.1263870553         3.9454955197        -1.3959477386
H39         5.5806572342         1.5337395917         4.2017688494
H40         3.8671443388         1.0785413804         4.5092473194
H41         5.1317106866        -0.2082384549         4.3340905993
H42         5.5225044659         0.5544351522         1.9569367226
H43         4.1882197168         1.7419079299         2.1192274529
H44         3.5645174090        -0.4024629653         0.9452880898
H45         3.9372617982        -1.3203841727         2.4202246051
H46         2.0833650441        -0.4358296311         3.6550650524
H47         1.9446319460         1.0096470903         2.6594660160
H48         0.3036263953        -2.0757988367         3.2474939907
H49        -0.2014850849        -2.4055560574         1.5791626280
H50         2.3669800830        -2.9218803643         1.1115799136
H51         2.5005224189        -2.9716003277         2.9148247003
H52         0.5889534420        -4.6812120312         1.2040458437
H53         0.7032944473        -4.7088583048         3.0051757912
H54         3.0969232563        -5.4296835275         2.8432800799
H55         1.9939868173        -6.5703606407         1.9841923934
H56         2.9822100344        -5.3961165817         1.0351327863
H57         1.3890653528        -1.2930106678        -0.1697641987
H58         1.6808072152         0.4244966345         0.0911625138
H59        -1.1742628188        -0.7689366944         0.3238816021
H60        -2.7230788845        -0.6295268294        -1.7609816749
H61        -1.8064616387        -0.8047107673        -3.2839067209
H62        -1.5620482874        -1.9770654530        -1.9205020090
H63         0.6475890058        -2.1143674909        -2.1293950820
H64         2.1500372303        -1.3132795868        -2.6094503290
H65         0.6547015405        -3.3325573178        -5.3647199935
H66        -0.3042152545        -3.3634466630        -3.8382006975
H67        -0.8865352133        -2.3948535056        -5.2432220110
H68        -2.4081757469         4.2436913134         0.0951150907
H69        -4.7969492680         4.7940337281         0.2787558022
H70        -6.4802150591         2.9912097178         0.5200985741
H71        -5.7571832218         0.6214503618         0.5804739243
H72        -3.3733714631         0.0475065854         0.3954864763
H73        -0.4118235235         4.0518232271         1.8316425594
H74        -0.3251411127         4.3187287170         4.2509642047
H75        -0.8435713671         2.4163542298         5.7469116448
H76        -1.4951051784         0.2317123409         4.7824878001
H77        -1.5894494604        -0.0748206270         2.3672647014
H78         1.8077400105         2.4325754047         0.9607859134
H79         3.3718802960         4.1713350213         0.2530280867
H80         2.7196410615         5.8046581593        -1.4917309962
H81         0.4820230430         5.6615301921        -2.5450707741
H82        -1.0919180632         3.8969270702        -1.8821721146
&

