&gen
basis=6-31G**
igeopt=1
dftname=PBE-D3
ifreq=1
&
entry_name: J1_2596_2111.in
&zmat
C1          5.0385778992        -0.9811613736        -1.5009888995
O2          3.7065882785        -0.6149125256        -1.1557333358
C3          3.3656840130         0.3829982212        -0.2261822260
C4          4.3560061637         1.1179419865         0.4570792451
C5          3.9989560186         2.1015001693         1.3790282798
C6          2.6556074077         2.3687781867         1.6292419978
C7          1.6624220244         1.6525175700         0.9610880122
C8          1.9997284628         0.6473418819         0.0300522712
C9          0.9588656201        -0.1317843364        -0.6982305480
P10        -0.6128116729        -0.2162472483        -0.2443759794
C11        -1.4586758269        -1.4477093400        -1.2536176057
C12        -1.2573850900        -1.4738708785        -2.6428050413
C13        -1.9474781649        -2.3938713578        -3.4378670327
C14        -2.8575130224        -3.2792325334        -2.8546405012
C15        -3.0862790841        -3.2381028206        -1.4768559753
C16        -2.3979769279        -2.3191407061        -0.6788859487
C17        -0.6473914415        -0.7194092987         1.4889777807
C18        -0.1236391931        -1.9697367425         1.8516952103
C19        -0.1194038069        -2.3713757021         3.1905567072
C20        -0.6294215705        -1.5234164992         4.1768946624
C21        -1.1404830445        -0.2713707501         3.8252357663
C22        -1.1473194776         0.1329526441         2.4867818303
C23        -1.4936508189         1.3287721542        -0.5458919557
C24        -0.8847011006         2.3874064698        -1.2399603894
C25        -1.5978394286         3.5623234469        -1.4969337416
C26        -2.9264289291         3.6811196343        -1.0805913700
C27        -3.5464349980         2.6215066992        -0.4134641602
C28        -2.8360757852         1.4457286192        -0.1546193461
H29         5.5731376110        -0.1110232869        -1.9371432286
H30         5.0064687262        -1.7926817613        -2.2564343085
H31         5.5773518716        -1.3524838262        -0.6037866163
H32         5.4074448030         0.9356091529         0.2832004013
H33         4.7666828613         2.6602267224         1.8987357268
H34         2.3816456885         3.1370667093         2.3408433745
H35         0.6342540407         1.9025731987         1.1716241263
H36         1.2734477678        -0.7856461033        -1.4998794951
H37        -0.5729694291        -0.7791779247        -3.1126926305
H38        -1.7822440860        -2.4152354815        -4.5072946034
H39        -3.3932057345        -3.9892074612        -3.4713896598
H40        -3.8031704419        -3.9133258931        -1.0278615653
H41        -2.6071129837        -2.2870394058         0.3818958789
H42         0.2795749900        -2.6332433166         1.0968327360
H43         0.2817028593        -3.3388041911         3.4635961459
H44        -0.6240788295        -1.8341925280         5.2136051305
H45        -1.5272393602         0.3885640342         4.5909650084
H46        -1.5305238312         1.1129288479         2.2407584243
H47         0.1371364679         2.3097488335        -1.5856334737
H48        -1.1219364123         4.3789083265        -2.0243254059
H49        -3.4775721159         4.5905450499        -1.2820347848
H50        -4.5789043506         2.7093039892        -0.1009493077
H51        -3.3314166168         0.6270407446         0.3523804204
&

