&gen
basis=6-31G**
igeopt=1
dftname=PBE-D3
ifreq=1
&
entry_name: J1_9918_2111.in
&zmat
C1          1.3672887703        -1.2417269401         0.6999154706
C2          0.6526313273        -0.1907166833        -0.1614105523
C3          0.9830929977        -0.1548880571        -1.6557921934
C4          2.0875604896        -1.1277182405        -2.1608772530
C5          2.1906490884        -1.2006230747        -3.7009798691
C6          1.5447179062        -0.0015179616        -4.4004223778
C7          0.0545609248         0.1442946721        -4.0355453198
C8         -0.2836107623        -0.2250202433        -2.5598462878
C9         -0.9830896495        -1.6089193484        -2.4632243470
C10        -2.4175729465        -1.5430575806        -2.9254018708
C11        -2.7935095829        -2.0650209958        -4.1749900920
C12        -4.1230813769        -1.9846392883        -4.6006146628
C13        -5.0853351987        -1.3840153022        -3.7842599541
C14        -4.7199609429        -0.8630427985        -2.5401131476
C15        -3.3918955642        -0.9415203371        -2.1103654340
O16         1.4827238128         1.1672330537        -1.6503464821
P17         1.2065168069         1.5320655244         0.0061710360
C18         2.8840050219         2.1870589080         0.2035540000
C19         4.0170619349         1.3580330406         0.1684982703
C20         5.2966245660         1.9019314744         0.3169118667
C21         5.4580292654         3.2774057101         0.4951265867
C22         4.3393535458         4.1121820659         0.5213675200
C23         3.0591156353         3.5717080456         0.3725930280
C24         0.8685720567         1.7509703047         1.7794585542
C25         1.6322037548         1.1985778285         2.8196963267
C26         1.2766704567         1.4558061105         4.1499086760
C27         0.1791796814         2.2786309388         4.4406832023
C28        -0.5579114344         2.8614504409         3.4027039563
C29        -0.1951192366         2.5908424877         2.0772733412
C30        -0.7633743378         3.1807492072         0.8811607953
C31        -1.8043161238         4.1154244703         0.8177544917
C32        -2.1737580954         4.6361329292        -0.4280336513
C33        -1.4962667563         4.2352927750        -1.5882117744
C34        -0.4523078084         3.3042680403        -1.5105827195
C35        -0.0982210416         2.7650836761        -0.2641173531
H36         2.4661390506        -1.1598834751         0.6598097949
H37         1.0731311783        -2.2564854662         0.3614172661
H38         1.0312496902        -1.1610752093         1.7522668997
H39        -0.4408834670        -0.2305842125         0.0368427739
H40         3.0714488742        -0.8182377351        -1.7550432273
H41         1.8888210358        -2.1558935636        -1.7929224680
H42         1.7035066569        -2.1304902649        -4.0668555905
H43         3.2605857620        -1.2602897099        -3.9967230828
H44         1.6429969491        -0.1211915466        -5.5011268474
H45         2.0947454027         0.9240317488        -4.1235759412
H46        -0.5437583542        -0.4677222064        -4.7428793023
H47        -0.2399409597         1.2001285145        -4.2216843569
H48        -1.0006910869         0.5406306272        -2.1865128593
H49        -0.4238242488        -2.3673900146        -3.0506610811
H50        -0.9824462137        -1.9767227730        -1.4157464213
H51        -2.0591554071        -2.5319885832        -4.8194904014
H52        -4.4073488414        -2.3874484145        -5.5641443790
H53        -6.1137837078        -1.3222016117        -4.1157701878
H54        -5.4657432891        -0.3974730033        -1.9088413937
H55        -3.1207329165        -0.5319651232        -1.1448472875
H56         3.9289938522         0.2980054639         0.0242603052
H57         6.1645748948         1.2557383744         0.2912152583
H58         6.4494109447         3.6962699960         0.6096626452
H59         4.4637396696         5.1788418992         0.6562399171
H60         2.2043183527         4.2351409601         0.3957449137
H61         2.4953044252         0.5823448675         2.6071102278
H62         1.8560064743         1.0244228261         4.9558345583
H63        -0.0871304395         2.4790524408         5.4703551814
H64        -1.3822753260         3.5211741098         3.6361030571
H65        -2.3184901024         4.4452836314         1.7100040475
H66        -2.9767190278         5.3587439644        -0.4944216257
H67        -1.7785640317         4.6495103632        -2.5474159242
H68         0.0647803762         3.0177013875        -2.4151866759
&

