&gen
basis=6-31G**
igeopt=1
dftname=PBE-D3
ifreq=1
&
entry_name: J1_9994_2111.in
&zmat
C1          3.0779528341        -1.1625565464         0.9307195078
C2          1.6176144133        -1.1656396721         0.5865475651
O3          0.9502315455        -2.0965231612         1.0117873822
C4          0.9034668898        -0.1190334686        -0.2652520235
C5          1.3016979680         0.0825028732        -1.7142009785
C6          2.4498895556        -0.7645827735        -2.3210030894
C7          2.9172269809        -0.1432664992        -3.6482131386
C8          1.9906448608        -2.2143915913        -2.5629389350
O9          3.0996621084        -3.0009325096        -2.9530147510
C10         2.6679206318        -4.2507169119        -3.4536616297
C11         2.3643206410        -4.1478679681        -4.9248374428
C12         1.0506243442        -4.3057698613        -5.3970650673
C13         0.7744410730        -4.1826146930        -6.7624319669
C14         1.8047792681        -3.8980330808        -7.6629578801
C15         3.1131540588        -3.7346487021        -7.1994389108
C16         3.3935641007        -3.8571232971        -5.8350127676
O17         1.6553231458         1.4420440503        -1.5803958893
P18         1.2152207226         1.6453973227         0.0735807798
C19         2.8363430398         2.4403649363         0.4647944984
C20         2.9228050264         3.4665951017         1.4336819623
C21         4.1370237263         4.1017717788         1.7058851550
C22         5.2866567294         3.7443786479         1.0041244702
C23         5.2211703552         2.7575706576         0.0220984920
C24         4.0089117709         2.1194111906        -0.2544427894
C25         0.6541344235         1.5307074056         1.8321038946
C26        -0.7092661289         1.6576723118         2.1845604141
C27        -1.1281012068         1.5034917759         3.5092412909
C28        -0.2062885037         1.1871665343         4.5050631136
C29         1.1352204208         1.0077835012         4.1755496036
C30         1.5595344510         1.1609043840         2.8535870719
C31        -0.0554154006         2.8423351014        -0.4524220455
C32         0.1532639221         4.2288472271        -0.3374644134
C33        -0.8161268164         5.1330623508        -0.7819759880
C34        -1.9943234775         4.6676264569        -1.3671353285
C35        -2.1998099371         3.2962725827        -1.5207405486
C36        -1.2334003407         2.3888495130        -1.0784068715
H37         3.2019416550        -1.2612579530         2.0292366907
H38         3.5791122482        -0.2418509991         0.6098584174
H39         3.5733870538        -2.0295205447         0.4457768142
H40        -0.1910637509        -0.3051842989        -0.2060827780
H41         0.4048265033         0.0128091722        -2.3708472341
H42         3.3248768419        -0.7736470020        -1.6460575014
H43         3.3093813983         0.8821127077        -3.4812438034
H44         3.7370918897        -0.7462017063        -4.0934408872
H45         2.0780495910        -0.0910560905        -4.3750073123
H46         1.5589131872        -2.6359931412        -1.6313149810
H47         1.1925689199        -2.2095796576        -3.3421000385
H48         3.4962430218        -4.9783572460        -3.3210336278
H49         1.8061217548        -4.6682939561        -2.8806208981
H50         0.2411468416        -4.5189988609        -4.7100515974
H51        -0.2389971618        -4.3052627172        -7.1221184768
H52         1.5890169550        -3.8019059241        -8.7191987267
H53         3.9097720107        -3.5108169751        -7.8971088353
H54         4.4100677295        -3.7221281014        -5.4863426879
H55         2.0501652608         3.7811219084         1.9902637138
H56         4.1841115586         4.8769340216         2.4598376015
H57         6.2263460919         4.2383159319         1.2149374337
H58         6.1114308789         2.4887015867        -0.5318191589
H59         4.0059777014         1.3724597226        -1.0313353454
H60        -1.4714342053         1.8540991028         1.4500074339
H61        -2.1748801751         1.6158970539         3.7610163099
H62        -0.5344944835         1.0644234605         5.5291006561
H63         1.8488013416         0.7412332887         4.9445212270
H64         2.6043745112         0.9945229377         2.6389164856
H65         1.0648368808         4.6286981887         0.0702505526
H66        -0.6477764581         6.1976683313        -0.6823863637
H67        -2.7421295147         5.3697348490        -1.7124635458
H68        -3.1074581447         2.9350179488        -1.9867564008
H69        -1.4178033134         1.3339751801        -1.2163409261
&

