&zmat
 C20             3.4103136775             5.1610561813             0.2720950821
 C19             3.5789243711             4.2869793130            -0.9450537350
 C21             3.9563191380             5.0271545155            -2.2054099368
 C18             3.3986631554             2.9458953924            -0.9698555623
 C17             2.9825779592             2.0768110318             0.1758740876
 P16             1.1675480962             1.5489461682             0.0419103815
 C22             0.8324708723             1.4590061174             1.9315953016
 C23            -0.4758774212             1.6274350747             2.4409171043
 C24            -0.7750689701             1.3690765844             3.7857170842
 C25             0.2246781015             0.9128833383             4.6586589056
 C26             1.5242104315             0.7221209041             4.1709161588
 C27             1.8173330063             0.9858428321             2.8236934059
 C28             0.1696681200             3.0570347736            -0.3406938593
 C29             0.0376611107             4.0936597441             0.6051808384
 C30            -0.6505063858             5.2693041405             0.2815710109
 C31            -1.2318658910             5.4184894621            -0.9854090887
 C32            -1.1008245819             4.3953962404            -1.9336424638
 C33            -0.3907877188             3.2292128822            -1.6201144890
 O15             1.4856048370             1.1202644604            -1.7296909547
 C6              0.6932133061            -0.0642599999            -1.7533067731
 C7              1.4402758542            -1.2335981569            -2.4107863067
 C8              2.8383127558            -1.4914621042            -1.8135817393
 C9              3.5924738670            -2.5533910712            -2.5784770157
 C10             3.5830133012            -3.8967282942            -2.1618064642
 C11             4.2398807685            -4.8862400036            -2.9050209722
 C12             4.9184871387            -4.5462295250            -4.0829652787
 C13             4.9364357464            -3.2107793166            -4.5098804884
 C14             4.2791415054            -2.2256085982            -3.7630823597
 C5              0.3754329991            -0.2059627537            -0.2575292323
 C1             -1.0281232922            -0.4490885840             0.1466485037
 C2             -1.4744367911            -1.2064630344             1.1803194519
 C3             -0.5851076371            -1.9659201513             2.1285910107
 C4             -2.9480471706            -1.2896993600             1.4877756971
 H55             4.3117080906             5.7784623022             0.4416230193
 H56             3.2089772558             4.5949664806             1.1930891609
 H57             2.5684056440             5.8625977699             0.1272755885
 H58             3.1877821601             5.7806560638            -2.4612907658
 H59             4.9055468127             5.5812162560            -2.0800697574
 H60             4.0647859923             4.3475385852            -3.0648304723
 H54             3.5103255346             2.4266230689            -1.9266472130
 H52             3.5662982487             1.1381636258             0.1862794294
 H53             3.1152666488             2.5697515955             1.1494639308
 H61            -1.2719328973             1.9811936434             1.7791604124
 H62            -1.7962178406             1.5202425192             4.1516884527
 H63            -0.0075924178             0.7110344219             5.7087820474
 H64             2.3151210339             0.3651336715             4.8385073343
 H65             2.8392076994             0.8081474880             2.4723290712
 H66             0.4779862158             3.9828933872             1.5995308663
 H67            -0.7334279744             6.0693175727             1.0237606892
 H68            -1.7782108566             6.3335852366            -1.2346645131
 H69            -1.5402049229             4.5098108083            -2.9294267149
 H70            -0.2249410513             2.4570504582            -2.3738868751
 H42            -0.2554627446             0.0962485276            -2.3173252022
 H43             1.5554991846            -1.0109891698            -3.4869011117
 H44             0.8194548416            -2.1462468770            -2.3443082920
 H45             2.7514193396            -1.7944381112            -0.7540840470
 H46             3.3920894422            -0.5369081359            -1.8320641404
 H47             3.0523190355            -4.1668604362            -1.2414886989
 H48             4.2231498980            -5.9257800967            -2.5622486674
 H49             5.4331009470            -5.3173841696            -4.6644290988
 H50             5.4677299511            -2.9352183479            -5.4265050296
 H51             4.2966688862            -1.1820334438            -4.0977959313
 H41             1.0712203712            -0.8971807044             0.2499853690
 H34            -1.7798082781             0.0803648531            -0.4562290492
 H35             0.4577666164            -2.0347519620             1.7860758200
 H36            -0.5706158742            -1.4670652161             3.1156068020
 H37            -0.9659234006            -2.9903818827             2.2895424112
 H38            -3.2990905415            -2.3380613325             1.4966036946
 H39            -3.1538072133            -0.8844647201             2.4965770349
 H40            -3.5565715652            -0.7260279763             0.7633762968
&

