&gen
basis=6-31G**
igeopt=1
dftname=PBE-D3
ifreq=1
&
entry_name: J1_10281_2111.in
&zmat
C1         -1.0165589396        -0.4030127413         0.5109939398
C2         -1.6524348803        -1.5902890029         0.6001595901
C3         -1.0086072201        -2.8785490387         0.1524077757
C4         -3.0499776798        -1.6165981192         1.1635467127
C5          0.4077279289        -0.2359944192         0.0135066593
C6          0.5278226676        -0.2388856846        -1.4896765188
C7          1.4818192025        -1.2928339561        -2.0927846842
C8          2.9606337655        -1.1098962368        -1.7243698504
C9          3.8005852506        -2.1708334205        -2.3833403108
C10         3.9953613790        -3.4119169285        -1.7539559260
C11         4.7488275843        -4.4089230585        -2.3813488929
C12         5.3039270440        -4.1780244210        -3.6430671198
C13         5.1028974770        -2.9510820209        -4.2815224360
C14         4.3499417820        -1.9513117558        -3.6578109124
O15         1.0349677594         1.0664198673        -1.6121196887
P16         0.9776736208         1.4937798164         0.0564297558
C17         2.7797799580         1.9474971195         0.1057906931
C18         3.1966768686         2.8107705978        -1.0702054399
C19         3.9917306201         3.9019677007        -0.9832824076
C20         4.5359537415         4.4037846981         0.3333882886
C21         4.3492498163         4.6298478673        -2.2540947863
C22         0.8132383324         1.6293776647         1.8927205558
C23        -0.2405677973         2.3314806239         2.5257182404
C24        -0.3495034207         2.3547548530         3.9191961767
C25         0.5645704654         1.6578598104         4.7078746366
C26         1.5810798203         0.9197968624         4.1045174299
C27         1.6960728125         0.8922167918         2.7127297134
C28        -0.0902401409         2.9040711654        -0.3490696572
C29         0.3360162757         4.2135101385        -0.0663885369
C30        -0.4729196697         5.3062577359        -0.3897768972
C31        -1.7110961379         5.1033546172        -1.0031827103
C32        -2.1409968788         3.8069428341        -1.2955770970
C33        -1.3348155472         2.7110781950        -0.9739957074
H34        -1.5455936626         0.4791453924         0.8585527496
H35        -0.0106113444        -3.0008242824         0.6223880129
H36        -1.6227359697        -3.7578990924         0.4370884254
H37        -0.9126234026        -2.8786181279        -0.9516342618
H38        -3.4724556580        -2.6428829284         1.1689482652
H39        -3.0404123965        -1.2370683712         2.2073498958
H40        -3.7141186394        -0.9721541522         0.5492346656
H41         1.1223287416        -0.9071028668         0.5330535284
H42        -0.4636353852        -0.3010738052        -1.9918572618
H43         1.3859083105        -1.2419226000        -3.1995639139
H44         1.1537780491        -2.3052546479        -1.7802514444
H45         3.0929779265        -1.1761446860        -0.6246095480
H46         3.3102234003        -0.1081292496        -2.0531489163
H47         3.5624612247        -3.6065872193        -0.7803817823
H48         4.8994542205        -5.3619003302        -1.8908357506
H49         5.8858100411        -4.9512275154        -4.1278475149
H50         5.5276717440        -2.7758695335        -5.2614878765
H51         4.1938636443        -1.0084120822        -4.1673006847
H52         3.3917569592         1.0262190695         0.0997081622
H53         3.0120468883         2.4741331936         1.0505606360
H54         2.9080708145         2.4842216172        -2.0642751854
H55         5.2033372020         5.2790158319         0.1920210046
H56         5.1269199458         3.6043802500         0.8282776935
H57         3.7024706607         4.7181288139         0.9955750994
H58         3.4236843660         4.9874888244        -2.7533362397
H59         4.9983267989         5.5084959829        -2.0583222728
H60         4.8900241731         3.9440169617        -2.9402631197
H61        -1.0068074589         2.8452221202         1.9668178088
H62        -1.1558574091         2.9038677881         4.3882609907
H63         0.4738558185         1.6748752717         5.7862614397
H64         2.2767029250         0.3590944820         4.7154512636
H65         2.4782546290         0.2865990213         2.2742063776
H66         1.2840753493         4.3895784537         0.4218940229
H67        -0.1404348969         6.3107749431        -0.1622280997
H68        -2.3366686402         5.9504438174        -1.2531201769
H69        -3.0985219111         3.6508569354        -1.7753885303
H70        -1.6827196766         1.7188339234        -1.2222425312
&

