&gen
basis=6-31G**
igeopt=1
dftname=PBE-D3
ifreq=1
&
entry_name: J1_10480_2111.in
&zmat
C1          1.3674251737        -0.5185769431        -4.1655313763
C2          1.9440523054        -1.3477967524        -3.0546340758
C3          1.5846464341        -1.2115119523        -1.7673338177
C4          0.5527759168        -0.2093151559        -1.3010958007
O5          1.0067847358         1.1091703545        -1.5016980211
P6          0.9408280839         1.6384655977         0.1362908853
C7          2.7238056883         2.0064698207         0.0329157328
C8          3.1871319283         3.3110174829        -0.2179734817
C9          4.5553310249         3.5672148833        -0.3499918842
C10         5.4766734102         2.5231269581        -0.2609810021
C11         5.0300255934         1.2179238774        -0.0537696059
C12         3.6634817572         0.9577735399         0.0784289846
C13         0.8025613905         1.9005188622         1.9637467858
C14         1.8495646392         1.5255078344         2.8368398084
C15         1.7208930151         1.6647043993         4.2215792491
C16         0.5354926829         2.1467007434         4.7715067068
C17        -0.5312963997         2.4733541163         3.9381918163
C18        -0.4084512856         2.3370405656         2.5533614829
C19        -0.1396546824         3.0540488430        -0.3334526639
C20         0.0097923892         4.3155372378         0.2834274378
C21        -0.7859880825         5.3995364456        -0.0958797897
C22        -1.7355213182         5.2515731078        -1.1061200448
C23        -1.8879169255         4.0197796092        -1.7416653026
C24        -1.0940089773         2.9324144576        -1.3669183296
C25         0.4256980018        -0.1101326603         0.1992522438
C26        -0.9493624342        -0.4969690722         0.8049326062
C27        -2.2063065820         0.1871897571         0.2380830870
C28        -3.4854654289        -0.1876817875         1.0093580501
C29        -3.8517423981        -1.6833059314         0.9890317184
C30        -4.0886388500        -2.2242738270        -0.4315542225
C31        -4.5638055819        -3.6863546078        -0.4340334207
C32        -6.0390636631        -3.8313390528        -0.0304098539
C33        -6.5022780238        -5.2886008878        -0.1634864658
C34        -7.9603901773        -5.4621095566         0.2647141127
O35        -8.8056452127        -4.7625362614        -0.6064073409
H36         0.2658619293        -0.6492494399        -4.2100393435
H37         1.8009465803        -0.8426316647        -5.1346126702
H38         1.6125804449         0.5528689028        -4.0118496380
H39         2.6837397917        -2.1012495751        -3.3094580171
H40         2.0481504572        -1.8746461613        -1.0424163272
H41        -0.4090264279        -0.3714738117        -1.8256575759
H42         2.5076182350         4.1352149095        -0.3433111120
H43         4.9004560952         4.5761724172        -0.5358446418
H44         6.5350209658         2.7235388411        -0.3665692547
H45         5.7427744382         0.4051893697         0.0004192234
H46         3.3477137173        -0.0625523828         0.2337803311
H47         2.7678348031         1.0994489474         2.4726005423
H48         2.5396497469         1.3824260992         4.8709979173
H49         0.4370133672         2.2487789917         5.8445052248
H50        -1.4617035054         2.8241272009         4.3659420617
H51        -1.2730989046         2.5764947056         1.9558830010
H52         0.7338582454         4.4637581628         1.0735911441
H53        -0.6648055520         6.3565055063         0.3950452836
H54        -2.3512311897         6.0922631095        -1.3986196597
H55        -2.6220496996         3.9063424003        -2.5289100823
H56        -1.2429126380         1.9958729293        -1.8843193508
H57         1.2082948379        -0.6908190607         0.7324893670
H58        -0.9085777448        -0.3311888128         1.9021318997
H59        -1.0527408434        -1.5919822515         0.6560442637
H60        -2.1008677037         1.2773220100         0.3342481220
H61        -2.3446675860        -0.0400749550        -0.8362950797
H62        -3.3729789428         0.1339038412         2.0680707574
H63        -4.3343170993         0.3924904804         0.5856283087
H64        -3.0653883216        -2.2795276074         1.4978870105
H65        -4.7793375979        -1.7983724066         1.5870552814
H66        -3.1318180017        -2.1874136931        -0.9943069250
H67        -4.8235083668        -1.5851263211        -0.9682754094
H68        -4.4370203505        -4.0857713865        -1.4644244688
H69        -3.9224549945        -4.2933445313         0.2423013364
H70        -6.6644396877        -3.1847254862        -0.6841130946
H71        -6.1754543819        -3.5072237838         1.0227747736
H72        -6.3897094888        -5.6265077662        -1.2171175304
H73        -5.8655320550        -5.9365439133         0.4779448356
H74        -8.0947261984        -5.0935475959         1.3066289186
H75        -8.2148937129        -6.5450719423         0.2379409668
H76        -9.7281334093        -4.9096956471        -0.2714374597
&

