&gen
basis=6-31G**
igeopt=1
dftname=PBE-D3
ifreq=1
&
entry_name: J1_10483_2111.in
&zmat
C1         -5.9079502510         2.5005605007         0.4043929003
C2         -5.0905158450         1.4722702218         1.1860135669
C3         -3.8465004987         1.0018475811         0.4143549436
C4         -2.8077041770         2.1208446272         0.2244179826
P5         -1.0501817058         1.5494359472         0.0587899772
C6         -0.7034395519         1.7854499570         1.8834498873
C7         -1.5820366827         0.9551191510         2.8377431793
C8         -1.0037778053         0.9549947862         4.2589609936
C9         -1.8705020911         0.1308482073         5.2064775506
C10        -0.0372153107         3.0401921360        -0.4025754558
C11         1.3984203540         2.7868310927        -0.8895322832
C12         2.4443659084         2.5872315121         0.2208637281
C13         2.6480208973         3.8281474932         1.0897173576
O14        -1.2776341562         1.1496778216        -1.6104910784
C15        -0.6402992643        -0.1054216458        -1.6047498108
C16        -1.4190492086        -1.2188375492        -2.3832832110
C17        -1.2904336970        -0.9360368196        -3.8965597930
C18        -0.7959383441        -2.6008613485        -2.0963790235
C19        -2.9165640500        -1.2648084330        -2.0371193825
C20        -0.5187316344        -0.2108144308        -0.1001573742
C21         0.8727407599        -0.5877021173         0.4158266382
C22         1.0772878758        -1.0112842844         1.6598357775
C23         2.4611881109        -1.4927301434         1.8971554821
C24         3.1857273830        -1.2091333982         0.5865589182
C25         2.0907647571        -0.8614154654        -0.4200722665
H26        -6.2094662968         2.0873972745        -0.5815909310
H27        -5.3220049506         3.4307304289         0.2499130539
H28        -6.8248090353         2.7559592520         0.9761974031
H29        -4.7993733454         1.9023270041         2.1678389535
H30        -5.7363950158         0.5900883908         1.3864053728
H31        -4.1846257580         0.6472244048        -0.5737512375
H32        -3.4087738212         0.1382001197         0.9501986649
H33        -3.0736669421         2.6868584778        -0.6942566543
H34        -2.8861998656         2.8678541112         1.0421883708
H35        -0.8401158522         2.8493591889         2.1716695974
H36         0.3582022817         1.5566097126         2.0811457492
H37        -1.6816858837        -0.0880423951         2.4831930157
H38        -2.5953210337         1.3993679695         2.8883946503
H39        -0.9464528650         1.9986018658         4.6383713471
H40         0.0228796688         0.5292778890         4.2530355799
H41        -1.4311874559         0.1526165735         6.2259842803
H42        -2.8981234831         0.5502828426         5.2531127965
H43        -1.9199091463        -0.9246045206         4.8633316319
H44        -0.0477707041         3.8189715584         0.3832757261
H45        -0.5742932476         3.5276825827        -1.2448168106
H46         1.7147567680         3.6658260289        -1.4932941491
H47         1.4140369342         1.9351198020        -1.5899138140
H48         2.1869773458         1.7288732113         0.8638368709
H49         3.4147067101         2.3448958836        -0.2640633877
H50         2.8189056622         4.7252693949         0.4576915938
H51         3.5364882430         3.6800550969         1.7390768155
H52         1.7711588063         3.9966955678         1.7480165280
H53         0.3475708147         0.0206695412        -2.0893035289
H54        -1.8315156774        -1.7043384030        -4.4907760668
H55        -0.2248066372        -0.9461892313        -4.2129873366
H56        -1.7153971143         0.0602196221        -4.1464662978
H57        -1.3365736500        -3.3986229906        -2.6504164700
H58         0.2642996866        -2.6283389818        -2.4222774167
H59        -0.8431226369        -2.8455321520        -1.0143729885
H60        -3.4161747225        -2.0964759178        -2.5797618322
H61        -3.0781122351        -1.4355189640        -0.9546393293
H62        -3.4096841720        -0.3263710203        -2.3621130071
H63        -1.2879609210        -0.8848062240         0.3254065974
H64         0.3076540066        -1.0824216230         2.4141226548
H65         2.9242545588        -0.9417556652         2.7435513646
H66         2.4444185585        -2.5830769345         2.1104535319
H67         3.7746000587        -2.0910971885         0.2526467320
H68         3.8702281820        -0.3415345018         0.7152417654
H69         1.9050148377        -1.7337967375        -1.0782614288
H70         2.3964237724         0.0066014540        -1.0323803582
&

