&gen
basis=6-31G**
igeopt=1
dftname=PBE-D3
ifreq=1
&
entry_name: J1_10542_2111.in
&zmat
C1         -1.0601685229        -0.4381659369         0.1741560936
C2         -1.4446334819        -1.3671870663         1.0566903262
C3         -2.8540378954        -1.5814578432         1.4640095168
C4         -3.2080704197        -2.8137156189         2.0399941876
C5         -4.5223553501        -3.0540316387         2.4519243960
C6         -5.4951175481        -2.0634401290         2.3036254829
C7         -5.1540256694        -0.8283497479         1.7485962778
C8         -3.8414398393        -0.5823726449         1.3336452004
C9          0.3919901071        -0.2476927530        -0.1759248778
C10         0.6125800039        -0.1509583370        -1.6609683998
C11         1.6526907532        -1.1274530781        -2.1680321345
C12         1.3440128225        -2.4984430647        -2.1870301326
C13         2.2812465434        -3.4295944481        -2.6438123436
C14         3.5335107225        -3.0011628472        -3.0900441703
C15         3.8495599157        -1.6405089785        -3.0824987513
C16         2.9156602883        -0.7048687056        -2.6267052416
O17         1.0706732997         1.1766603666        -1.6567176101
P18         0.9341604407         1.4718979401         0.0377023319
C19         2.7559531529         1.8910048661         0.0447352479
C20         3.2900562446         2.9684223770         1.0196377006
C21         2.7143926623         4.3820148255         0.8408053446
C22         3.0212955204         4.9851229107        -0.5299881045
C23         0.7336887162         1.5065672693         1.8985287048
C24         1.5545265485         0.4462436178         2.6628804883
C25         1.5721777333         0.7507004670         4.1658655822
C26         2.3429514858        -0.3167088338         4.9373993556
C27        -0.2678309608         2.8443376477        -0.3692212342
C28        -1.3322999155         3.2145908967         0.6784396610
C29        -2.3086692330         4.2577030831         0.1203136316
C30        -3.3713284743         4.6252208195         1.1521814070
H31        -1.7887059292         0.1940684323        -0.3148919641
H32        -0.6938763355        -2.0250598407         1.4794502128
H33        -2.4674244150        -3.5945246808         2.1643127239
H34        -4.7860635160        -4.0089371430         2.8879970935
H35        -6.5116136150        -2.2504215230         2.6249451982
H36        -5.9063112357        -0.0568003526         1.6463154900
H37        -3.6066628111         0.3952090485         0.9372176918
H38         1.0822057331        -0.9697728601         0.3122174347
H39        -0.3205723461        -0.2241122693        -2.2637232987
H40         0.3772223808        -2.8448239974        -1.8422116731
H41         2.0363529955        -4.4838338924        -2.6514997227
H42         4.2582353985        -3.7231838182        -3.4434617785
H43         4.8191815696        -1.3097729848        -3.4317864037
H44         3.1845148723         0.3425436042        -2.6378438368
H45         3.3150376189         0.9499298648         0.2268043463
H46         3.0692427190         2.2032969296        -0.9731371551
H47         3.1723613941         2.6540187968         2.0739103859
H48         4.3904248820         3.0316191439         0.8707414821
H49         3.1743921408         5.0374312137         1.6117713920
H50         1.6254597325         4.3943731505         1.0329439261
H51         2.4980577231         4.4309782494        -1.3355560540
H52         2.6735890515         6.0392777824        -0.5546757810
H53         4.1148397980         4.9688922365        -0.7235759270
H54        -0.3233209606         1.3066432108         2.1622175520
H55         0.9632746894         2.5155067819         2.2899852786
H56         1.0942399199        -0.5531823098         2.5215147164
H57         2.5980109931         0.3955223157         2.2980724957
H58         2.0528407816         1.7374831702         4.3432055178
H59         0.5302215825         0.7919534147         4.5520895550
H60         1.8673250253        -1.3112108483         4.8001268125
H61         2.3397993094        -0.0680833404         6.0195551022
H62         3.3959148545        -0.3615765231         4.5862014476
H63        -0.8255877319         2.5461697971        -1.2840988040
H64         0.3003138417         3.7502093124        -0.6525465895
H65        -1.9127717356         2.3108409150         0.9575963774
H66        -0.8497194933         3.6484281257         1.5782087622
H67        -2.8144769295         3.8549649137        -0.7843492346
H68        -1.7520247573         5.1765236081        -0.1667629717
H69        -2.8961367435         5.0564527597         2.0589763463
H70        -3.9587032264         3.7263956217         1.4377171145
H71        -4.0630283343         5.3792731371         0.7210827059
&

