&zmat
 C22             2.9824170348             5.3580386615            -0.1125827993
 C21             2.5577382930             4.6762503432             1.1939176399
 C20             3.2074789992             3.3005625112             1.4293468881
 C19             2.8985983542             2.2299625320             0.3708222566
 P18             1.1337333539             1.6378557917             0.1212825794
 C23             0.6029058144             1.6169036395             1.9555910014
 C24             1.3346679502             0.5926841863             2.8370101716
 C25             0.6609247197             0.4049375497             4.2063914814
 C26             1.3748759506            -0.6181812460             5.0962659175
 C27            -0.0469843592             2.9099303577            -0.5655106135
 C28            -1.1509776799             3.5188107958             0.3064105234
 C29            -1.9971157315             4.5311009543            -0.4827049445
 C30            -3.1329243002             5.1376105991             0.3478488081
 O17             1.6789667786             1.2375739635            -1.6506875829
 C10             0.8107586127             0.1323229332            -1.7783259861
 C11             1.4076100336            -1.0547057866            -2.5058361289
 C12             0.5961484133            -2.1557750592            -2.8344420918
 C13             1.1477255050            -3.2855349341            -3.4489295059
 C14             2.5179528898            -3.3230812907            -3.7490765805
 C15             3.3285068966            -2.2254427000            -3.4288901040
 C16             2.7769263028            -1.0966228175            -2.8069449743
 C9              0.5273594442            -0.1466088446            -0.2829827516
 C1             -0.8221401163            -0.5404353520             0.1763392603
 C2             -1.0586827179            -1.4710007195             1.1331847664
 C3             -2.3415500600            -1.8311665470             1.7421953251
 C4             -2.3515003474            -2.8055879732             2.7669201933
 C5             -3.5395307015            -3.1796127257             3.4025279884
 C6             -4.7519515479            -2.5870463866             3.0261752269
 C7             -4.7613406286            -1.6167099205             2.0108388202
 C8             -3.5747161467            -1.2405255389             1.3778346176
 H51             2.6909809427             4.7718174987            -1.0001222867
 H52             2.5219589083             6.3545636971            -0.2105516688
 H53             4.0775810245             5.4897540223            -0.1533508226
 H49             2.8153071065             5.3318374535             2.0454412963
 H50             1.4567045341             4.5770184762             1.2184396270
 H47             2.9333930180             2.9377728810             2.4346569462
 H48             4.3071095275             3.4312095699             1.4519878332
 H45             3.4594813561             1.3038970600             0.5951033558
 H46             3.2324419497             2.5347309180            -0.6324685755
 H54            -0.4744408303             1.3739223405             1.9593504916
 H55             0.6955171156             2.6254690525             2.3965273088
 H56             1.3743214703            -0.3902388772             2.3323574304
 H57             2.3901798987             0.8912039420             2.9850260085
 H58             0.6089508768             1.3816854330             4.7237788570
 H59            -0.3869042096             0.0884380190             4.0435263696
 H60             1.4013485389            -1.6119160454             4.6157538315
 H61             0.8705514874            -0.7326528083             6.0698017226
 H62             2.4191761632            -0.3197516303             5.2936787267
 H63            -0.4968001271             2.4198819080            -1.4457939917
 H64             0.6044769265             3.6953786368            -0.9869550338
 H65            -1.8116607859             2.7211069858             0.6943132918
 H66            -0.7253704006             4.0184775464             1.1957412364
 H67            -2.4141281443             4.0342255909            -1.3793246139
 H68            -1.3386481530             5.3352231217            -0.8625152325
 H69            -2.7409140859             5.6694377446             1.2317475223
 H70            -3.8215405962             4.3556954330             0.7117662193
 H71            -3.7252479616             5.8573276903            -0.2402784585
 H39            -0.1515706464             0.3976709120            -2.2861459623
 H40            -0.4733853825            -2.1273977873            -2.5950693314
 H41             0.5082517591            -4.1392438265            -3.6958973222
 H42             2.9496792314            -4.2046324266            -4.2335298124
 H43             4.3971681422            -2.2480689560            -3.6665377161
 H44             3.3871877247            -0.2262884026            -2.5492325314
 H38             1.2997334375            -0.8322989806             0.1094796139
 H31            -1.6610413916             0.0133240760            -0.2671916627
 H32            -0.1909449294            -2.0129620537             1.5349020931
 H33            -1.4040308235            -3.2688907187             3.0646187884
 H34            -3.5183403685            -3.9350292238             4.1941901601
 H35            -5.6842432567            -2.8754463226             3.5209568965
 H36            -5.7045926259            -1.1475876472             1.7139042368
 H37            -3.6032357370            -0.4777727649             0.5943288209
&

