&gen
basis=6-31G**
igeopt=1
dftname=PBE-D3
ifreq=1
&
entry_name: J1_10560_2111.in
&zmat
C1          3.2080450815        -4.0480871851         1.2575678869
C2          2.0449526486        -3.3109728868         1.9113313568
O3          1.4933554576        -2.3488124931         1.0154771478
C4          2.1070253740        -1.1255828957         0.7244665893
O5          3.1834686109        -0.8069285736         1.2948580632
C6          1.4659824030        -0.2310752141        -0.3095332292
C7          2.2509757439         0.0259398538        -1.5922211153
C8          1.4284223101        -0.3119293073        -2.8329901079
C9          1.1901792239         0.6486024882        -3.8369771567
C10         0.4417084321         0.3178831826        -4.9702539485
C11        -0.0633140460        -0.9746878043        -5.1247830247
C12         0.1833992188        -1.9418495776        -4.1484375048
C13         0.9292952313        -1.6166598504        -3.0121391014
C14         3.6820524059        -0.5587849032        -1.7136168898
F15         3.6655119753        -1.9329673691        -1.5515558154
F16         4.1996045724        -0.2721236272        -2.9654068425
F17         4.5284858490         0.0025997674        -0.7740375859
O18         2.3349743205         1.4194477155        -1.4121519812
P19         1.4468688564         1.5581758166         0.0603953484
C20         2.8892790893         2.3303209915         0.8845260966
C21         3.3043144488         1.9390646092         2.1748555493
C22         4.4154495421         2.5345895591         2.7779066406
C23         5.1315516570         3.5247345836         2.1046009892
C24         4.7367908263         3.9219933373         0.8267051235
C25         3.6256981400         3.3302768499         0.2196255653
C26         0.3964235069         1.6221550519         1.5775112209
C27         0.3077608370         2.8253596119         2.3158689489
C28        -0.5003841871         2.9177122089         3.4510981533
C29        -1.2534338773         1.8207351153         3.8641866021
C30        -1.2075423387         0.6334415187         3.1355284336
C31        -0.4011600702         0.5338889893         1.9977508625
C32         0.2114952279         2.5955186664        -0.7623277263
C33        -0.8965944411         2.0045481692        -1.3933848076
C34        -1.8390924640         2.7964931731        -2.0549653967
C35        -1.6870094441         4.1841946738        -2.0896750905
C36        -0.5922480166         4.7817356687        -1.4612237334
C37         0.3546059481         3.9928338723        -0.8014246537
H38         2.8719992608        -4.5214752819         0.3108081912
H39         4.0383847578        -3.3451340316         1.0378646754
H40         3.5819562290        -4.8377177567         1.9426800680
H41         1.2549767214        -4.0476355494         2.1681817509
H42         2.3773968778        -2.8194099319         2.8514880893
H43         0.4397212798        -0.5897696389        -0.5290886164
H44         1.5768411710         1.6554506835        -3.7474328736
H45         0.2557576896         1.0645958232        -5.7313837961
H46        -0.6416304252        -1.2282513396        -6.0037938728
H47        -0.2029595018        -2.9452571758        -4.2722240617
H48         1.1114766029        -2.3802158924        -2.2661615535
H49         2.7610940386         1.1873133252         2.7306026983
H50         4.7195726132         2.2292046761         3.7707451883
H51         5.9919926771         3.9845159268         2.5732651724
H52         5.2938677830         4.6884860142         0.3036007309
H53         3.3495456422         3.6517563425        -0.7757843629
H54         0.8694503012         3.6998491802         2.0169922233
H55        -0.5454995983         3.8444263681         4.0084805490
H56        -1.8810310439         1.8938166960         4.7429453356
H57        -1.8062254220        -0.2125625888         3.4480751274
H58        -0.4320914822        -0.3982827282         1.4629175539
H59        -1.0362520460         0.9334431275        -1.3789605229
H60        -2.6879878527         2.3334943303        -2.5411943625
H61        -2.4182924978         4.7964035239        -2.6013231933
H62        -0.4773421166         5.8576990307        -1.4843690643
H63         1.1855962609         4.4794100252        -0.3133960847
&

