&gen
basis=6-31G**
igeopt=1
dftname=PBE-D3
ifreq=1
&
entry_name: J1_9894_2111.in
&zmat
C1         -3.5477335800        -1.3388187768        -2.1848556905
C2         -2.2262596968        -0.7640594379        -2.7255253822
C3         -2.6106680641         0.1716291221        -3.9020611514
C4         -1.3591090039        -1.9073189956        -3.3435421319
C5         -0.7550872264        -2.8817057485        -2.3598558494
C6          0.5736389155        -2.7184027185        -1.9296026215
C7          1.1704137540        -3.6731200298        -1.1005085058
C8          0.4449946481        -4.7938836551        -0.6878699277
C9         -0.8757244268        -4.9654182480        -1.1103105620
C10        -1.4717998719        -4.0197628390        -1.9502187631
C11        -1.3849284348         0.1013019274        -1.7093117721
O12        -1.9200156545         1.3704360617        -1.4394249134
P13        -1.2609264639         1.5717520603         0.1462609516
C14        -2.8556693709         2.2218416571         0.7835019680
C15        -3.3724686034         1.8288309465         2.0388419179
C16        -4.5901250255         2.3350209090         2.5002431836
C17        -5.3142758183         3.2367153687         1.7203492970
C18        -4.8242853077         3.6297358935         0.4746198556
C19        -3.6073411969         3.1257870519         0.0072815753
C20        -0.4400998010         1.7113496876         1.7974200208
C21        -0.5049252686         2.9359170640         2.5042491332
C22         0.1166509541         3.0883548927         3.7453785962
C23         0.8297468833         2.0302360190         4.3040840941
C24         0.9287569679         0.8215153505         3.6175584610
C25         0.3093204538         0.6623489724         2.3743019188
C26        -0.0240013406         2.7407321386        -0.4830315881
C27         1.2530492323         2.2824964862        -0.8516630439
C28         2.2088901216         3.1736203010        -1.3474301021
C29         1.9008845499         4.5292676650        -1.4786236329
C30         0.6371141638         4.9959189274        -1.1108484640
C31        -0.3222097786         4.1077991311        -0.6156101812
C32        -1.0126399341        -0.2080023317        -0.2680364448
C33        -1.8604748132        -1.1776626306         0.5539215988
C34        -3.2319818422        -0.9848218020         0.8135980809
C35        -3.9478798848        -1.8885092532         1.6035380502
C36        -3.3066632214        -2.9973445344         2.1545777816
C37        -1.9476208459        -3.2008019666         1.9188937044
C38        -1.2302871570        -2.2965476522         1.1316747013
H39        -3.3773305419        -2.1303397222        -1.4354070615
H40        -4.1889511610        -0.5320249936        -1.7758137004
H41        -4.1221815426        -1.8216502856        -3.0051449475
H42        -3.1234736272        -0.3914918417        -4.7124581296
H43        -3.2989664329         0.9768682286        -3.5646232239
H44        -1.7085969548         0.6520419348        -4.3401292128
H45        -0.5349585432        -1.4604415754        -3.9442164728
H46        -1.9689551676        -2.4816563994        -4.0767435090
H47         1.1518543650        -1.8595847453        -2.2471519255
H48         2.1937548489        -3.5413792101        -0.7739971409
H49         0.9059846474        -5.5288426101        -0.0409604604
H50        -1.4347796783        -5.8368291834        -0.7951388352
H51        -2.4838150955        -4.1862525123        -2.2968226181
H52        -0.4217418240         0.2904648430        -2.2411037386
H53        -2.8444992437         1.1171642926         2.6596268633
H54        -4.9745569861         2.0233675778         3.4627892945
H55        -6.2579168318         3.6269636801         2.0789957864
H56        -5.3899791030         4.3243451395        -0.1328391662
H57        -3.2611509870         3.4412839776        -0.9677088418
H58        -1.0475813783         3.7788175452         2.0981529520
H59         0.0461005578         4.0306326166         4.2732409705
H60         1.3124134705         2.1491624376         5.2655000169
H61         1.4944226007         0.0044284053         4.0468220055
H62         0.4459297096        -0.2832551614         1.8881446498
H63         1.5163269390         1.2391831349        -0.7512292230
H64         3.1898693415         2.8127765454        -1.6283512317
H65         2.6424537975         5.2185333425        -1.8612206791
H66         0.4013731778         6.0479982381        -1.2058684521
H67        -1.2836735042         4.4980473567        -0.3202274087
H68         0.0617101515        -0.4828342232        -0.2352384128
H69        -3.7690615831        -0.1626275407         0.3747176248
H70        -5.0038151526        -1.7312725357         1.7815583751
H71        -3.8622587638        -3.6977616531         2.7645006806
H72        -1.4461542287        -4.0572412866         2.3507199243
H73        -0.1726199407        -2.4653866099         0.9884146627
&

