&gen
basis=6-31G**
igeopt=1
dftname=PBE-D3
ifreq=1
&
entry_name: J1_10194_2111.in
&zmat
C1         -1.6366869588        -1.0629453982         0.3113417137
C2         -1.3084846458        -2.3413264590         0.5959442128
C3         -2.3798825013        -3.2559124440         1.1301756289
C4          0.0844070650        -2.8780845258         0.3692032612
C5         -0.6818074105        -0.0673050137        -0.3233457365
C6         -0.9217793137         0.1935190854        -1.7905961203
C7         -1.9928500399        -0.6436429317        -2.4646968698
C8         -3.3486871743        -0.2632176087        -2.4534402677
C9         -4.3178896551        -1.0882590123        -3.0313932995
C10        -3.9472304425        -2.3004552707        -3.6181876729
C11        -2.6061712135        -2.6910270160        -3.6264539233
C12        -1.6333179298        -1.8692074259        -3.0500673290
O13        -1.3033271160         1.5365636927        -1.6482253005
P14        -1.0719872992         1.6773361773         0.0547101608
C15        -2.8171406764         2.1781688679         0.2735766778
C16        -3.3763253847         3.1616495959        -0.5644435948
C17        -4.7155535717         3.5370211283        -0.4278514267
C18        -5.5161934793         2.9354844225         0.5440450846
C19        -4.9788349665         1.9566086215         1.3809649995
C20        -3.6406477187         1.5767621867         1.2476359460
C21        -0.7152782178         1.7513387998         1.8647268826
C22        -1.1090499366         2.8858414956         2.6121215635
C23        -0.8315126450         2.9824472256         3.9774844911
C24        -0.1415301716         1.9596525168         4.6247755859
C25         0.2794894806         0.8428526004         3.9049495537
C26         0.0055831700         0.7397776182         2.5379135172
C27         0.2152230002         2.9269565403        -0.1915703534
C28        -0.0989261948         4.2969101734        -0.2030091717
C29         0.9041515140         5.2502261674        -0.4012690948
C30         2.2271558863         4.8460684731        -0.5926909734
C31         2.5493004029         3.4872437439        -0.5842522088
C32         1.5493587253         2.5308073741        -0.3855142504
H33        -2.6747614542        -0.7739146757         0.4174474040
H34        -3.2050882628        -3.3372745387         0.3909494997
H35        -2.7826304018        -2.8458021648         2.0805831898
H36        -1.9892150945        -4.2752832426         1.3297857997
H37         0.1455400100        -3.9619204076         0.5991258982
H38         0.8068047248        -2.3498056678         1.0251625083
H39         0.3768168804        -2.7390829627        -0.6927223028
H40         0.3881647372        -0.2952465281        -0.1495866026
H41         0.0306334090         0.1468001474        -2.3648611067
H42        -3.6622914397         0.6626940447        -1.9933124489
H43        -5.3581890340        -0.7897300386        -3.0193643271
H44        -4.6996193535        -2.9389321344        -4.0627570753
H45        -2.3205558918        -3.6334757042        -4.0754522140
H46        -0.5994216042        -2.1912906970        -3.0530628511
H47        -2.7838493833         3.6290254305        -1.3395537332
H48        -5.1341892080         4.2920970037        -1.0805602591
H49        -6.5531916555         3.2273360640         0.6481156483
H50        -5.5993282237         1.4923932168         2.1365662238
H51        -3.2488956409         0.8280860811         1.9224857626
H52        -1.6395493998         3.7018812710         2.1413463761
H53        -1.1499918886         3.8548818155         4.5333191323
H54         0.0743808020         2.0360852487         5.6825918361
H55         0.8271241424         0.0550698792         4.4062717872
H56         0.3761850952        -0.1339516975         2.0339344686
H57        -1.1110298059         4.6362124919        -0.0428070214
H58         0.6555604429         6.3036386331        -0.4037806270
H59         3.0025474928         5.5855060590        -0.7456659124
H60         3.5749212759         3.1743289005        -0.7314255576
H61         1.8223148603         1.4854510145        -0.3807161601
&

