&gen
basis=6-31G**
igeopt=1
dftname=PBE-D3
ifreq=1
&
entry_name: J1_10456_2111.in
&zmat
C1         -4.2645094008        -3.6069664922         0.9905647677
C2         -3.9477953701        -4.1027416273        -0.4173022089
O3         -2.9602220440        -3.2867709623        -1.0180683019
C4         -3.5342504190        -2.1933035994        -1.7183082689
C5         -3.6710360519        -2.5378882695        -3.1890431960
C6         -2.8367133913        -2.0242922410        -4.1038709751
C7         -1.8253963371        -0.9779514271        -3.7279407839
O8         -2.3863047722         0.3016240419        -4.0253783241
C9         -1.6479351636         1.3912874051        -4.5027765184
O10        -0.5141687006         1.2109176086        -5.0263162233
C11        -2.1899397897         2.7582273240        -4.3514353322
C12        -3.3827146236         2.9696624412        -3.6347737780
C13        -3.8669076309         4.2656242752        -3.4343946189
C14        -3.1703118783         5.3612235247        -3.9491425088
C15        -1.9879491580         5.1630711794        -4.6660537088
C16        -1.4966224262         3.8692663274        -4.8663467919
C17        -1.5248999454        -1.0954800934        -2.2173492210
C18        -0.5606704927         0.0031954165        -1.7215138226
O19        -1.1948462295         1.2519091384        -1.6246671288
P20        -0.9067234481         1.5519826202         0.0455993362
C21        -2.6802756427         1.7362435481         0.3617938690
C22        -3.4263991938         0.6438521161         0.8367061927
C23        -4.8010276516         0.7673711514         1.0556654712
C24        -5.4411563857         1.9848415530         0.8147317767
C25        -4.7044798387         3.0833917949         0.3663562221
C26        -3.3291602844         2.9636820725         0.1472470383
C27        -0.6559661383         1.7509349926         1.8605577240
C28        -0.4826446021         0.6439363305         2.7191018513
C29        -0.3356911940         0.8227119693         4.0976955056
C30        -0.3928018924         2.1012251771         4.6507930020
C31        -0.6172218998         3.2038934356         3.8283780402
C32        -0.7639858707         3.0316489686         2.4500578313
C33         0.1458247935         2.9879657345        -0.3725433214
C34         1.4269813451         3.1408363373         0.1952061670
C35         2.2354113318         4.2261300297        -0.1539009733
C36         1.7848399889         5.1649751905        -1.0832597606
C37         0.5265363981         5.0171366102        -1.6683789614
C38        -0.2856897176         3.9349778930        -1.3198541836
C39        -0.1974213796        -0.1028426854        -0.2586129521
C40         1.2861022810        -0.1927569705         0.0003419854
O41         2.1142650127         0.3714424951        -0.7680347596
O42         1.7364549917        -0.8997591508         1.1180856452
C43         3.1109900259        -0.9763189759         1.4739149599
O44        -2.7463246484        -1.0319991393        -1.5021450429
H45        -4.9788261358        -4.3020063798         1.4798315232
H46        -4.7205631357        -2.5960353935         0.9537058167
H47        -3.3339503183        -3.5620621313         1.5952078234
H48        -4.8791047532        -4.1816129183        -1.0254588508
H49        -3.5381294898        -5.1315723144        -0.3364263877
H50        -4.5553676438        -1.9372271928        -1.3511579953
H51        -4.4084181978        -3.2741808897        -3.4936938296
H52        -2.9482677258        -2.3039492207        -5.1470164060
H53        -0.9004213266        -1.1604493454        -4.3178163643
H54        -3.9305514706         2.1376014926        -3.2101917520
H55        -4.7788950595         4.4204900710        -2.8723452049
H56        -3.5449322076         6.3639834516        -3.7897451670
H57        -1.4467542332         6.0134342213        -5.0602298610
H58        -0.5711099374         3.7400827898        -5.4132080603
H59        -1.0079638938        -2.0678524250        -2.0361429125
H60         0.3183466649         0.0809197793        -2.3982406492
H61        -2.9464937478        -0.3036825493         1.0409263735
H62        -5.3697599271        -0.0805048496         1.4144877022
H63        -6.5057663754         2.0797546409         0.9847280010
H64        -5.1984009658         4.0307892519         0.1932664434
H65        -2.7804188588         3.8354260886        -0.1706010103
H66        -0.4834383039        -0.3673893179         2.3519487090
H67        -0.1916892133        -0.0359883738         4.7408208287
H68        -0.2831173891         2.2351552530         5.7191770724
H69        -0.6879849353         4.1939698357         4.2599099237
H70        -0.9697933465         3.9040417343         1.8439955478
H71         1.8005961564         2.4290484212         0.9190254775
H72         3.2136137718         4.3376564490         0.2956523746
H73         2.4132450341         6.0032917702        -1.3547036486
H74         0.1819564512         5.7377389017        -2.3988741001
H75        -1.2416474948         3.8309853159        -1.8090094317
H76        -0.7608491239        -0.9130501206         0.2488153345
H77         3.6892019924        -1.4579480438         0.6571893066
H78         3.2150921395        -1.5839155806         2.3960432519
H79         3.5096045972         0.0422725433         1.6670944619
&

