&zmat
 C18            -1.9081521070            -3.0010044746             0.6182412406
 C17            -1.6890869296            -2.2585877959            -0.6982030450
 C19            -2.5360902433            -2.7948090563            -1.8516763934
 O16            -1.9753643943            -0.8708539883            -0.4644116281
 C15            -0.9242131660            -0.0978670471            -1.0267191485
 C5             -0.7521973758             1.1852653881            -0.2085332035
 C4             -2.0270098994             2.0044610371            -0.1582624632
 O3             -3.0496879529             1.6834058713             0.7769454017
 C2             -2.3844509964             2.9618737423             0.9278330187
 C1             -1.5623874895             3.1620906003             2.1716423310
 O21            -1.1336810259             4.2645960378             2.4819966196
 O6             -0.3413660936             0.8716693625             1.1237549903
 C7              0.9443899993             0.3150654383             1.1936684929
 O13             1.9162625177             1.2430683543             0.7131948343
 C10             3.0054980204             0.5135269370             0.1248328890
 C11             3.2956704297             1.1077024988            -1.2527995147
 C12             4.2169681368             0.5345089886             1.0552817180
 O9              2.5686179919            -0.8612779462            -0.0000818046
 C8              1.1803005698            -0.9419213368             0.3174171731
 C14             0.2962492890            -1.0439225661            -0.9648505918
 O20            -0.2993316400            -2.3339080184            -1.0980936544
 H36            -1.2966018217            -2.5387144166             1.4075400229
 H37            -1.6280284869            -4.0597484699             0.5122233510
 H38            -2.9651311766            -2.9381268072             0.9190448635
 H39            -3.6051081355            -2.7473541676            -1.5938542666
 H40            -2.2671857401            -3.8399083944            -2.0693520743
 H41            -2.3581435316            -2.1931587051            -2.7560108049
 H35            -1.1380023255             0.1697257624            -2.0854760502
 H25             0.0215475346             1.8071745526            -0.7050352158
 H24            -2.3878276109             2.2638183669            -1.1686142170
 H23            -2.9679929816             3.8483963052             0.6355725323
 H22            -1.4112925851             2.2462272616             2.7909207204
 H26             1.0929902279             0.1031051675             2.2691127164
 H28             4.0960042621             0.5387457234            -1.7495420028
 H29             2.3917119028             1.0675546739            -1.8798664284
 H30             3.6113616587             2.1582029471            -1.1588916942
 H31             4.5849159433             1.5638082017             1.1837854393
 H32             5.0253760918            -0.0848600431             0.6371735754
 H33             3.9373548493             0.1288300447             2.0390082206
 H27             1.0199416218            -1.8652845433             0.8987185700
 H34             0.9712252788            -0.8947692117            -1.8254528489
&

