&gen
basis=6-31G**
igeopt=1
dftname=PBE-D3
ifreq=1
&
entry_name: J1_837_2111.in
&zmat
C1         -2.1648189893        -3.5489320168         2.0375974826
C2         -0.9252126713        -2.8780538785         1.5197877077
C3         -1.0203390810        -1.3463654866         1.6395696926
C4          0.3271856263        -0.6589823442         1.2959099179
C5          0.7090642988        -0.7762443277        -0.1968345465
O6          1.9024934635        -0.0433818285        -0.4691169888
C7          3.1809513085        -0.4835548862        -0.1031244051
C8          4.3561111446         0.3772289584        -0.3607277420
C9          4.1933686930         1.6405835411        -0.9582181192
C10         5.3028687709         2.4564573807        -1.2012390151
C11         6.5831805819         2.0216177259        -0.8513331155
C12         6.7570184963         0.7696198433        -0.2572333668
C13         5.6512253210        -0.0505084849        -0.0117518286
O14         3.3306914496        -1.6134511073         0.4391056088
O15         0.3063828785         0.6878206550         1.7012081470
O16        -2.0658584062        -0.8768018617         0.7831330666
C17        -2.8655992526         0.2400751836         1.0576884511
C18        -3.8555227252         0.6945809368         0.0575011737
C19        -3.9800734080         0.0232299488        -1.1726569125
C20        -4.9136396801         0.4523271703        -2.1212590934
C21        -5.7303922624         1.5531647858        -1.8532315468
C22        -5.6151977162         2.2278534269        -0.6357383501
C23        -4.6833038758         1.8033477364         0.3166247060
O24        -2.7468084083         0.8528233740         2.1546223113
O25        -2.2519672301        -4.7659318852         2.0170271255
H26        -2.9914045981        -2.9655328271         2.4324417889
H27        -0.7883266775        -3.1707954675         0.4574184705
H28        -0.0556773864        -3.2488166665         2.1047106627
H29        -1.2624446221        -1.1147891654         2.7021615702
H30         1.1222244812        -1.1585720065         1.8902491193
H31        -0.1041955367        -0.3570122545        -0.8262329321
H32         0.8503980262        -1.8379061272        -0.4905502988
H33         3.2107814120         1.9996235045        -1.2374202190
H34         5.1694274203         3.4271095403        -1.6612518894
H35         7.4404007851         2.6548125581        -1.0403415328
H36         7.7496948722         0.4338130921         0.0137115327
H37         5.8102676176        -1.0169336679         0.4500467389
H38        -0.2603921094         1.1909892210         1.0606212024
H39        -3.3569941825        -0.8317428996        -1.4035661586
H40        -5.0034412207        -0.0693199619        -3.0653951451
H41        -6.4522072864         1.8835246583        -2.5889799998
H42        -6.2484660608         3.0810517506        -0.4293395592
H43        -4.6114532605         2.3419741600         1.2532343610
&

