&gen
basis=6-31G**
igeopt=1
dftname=PBE-D3
ifreq=1
&
entry_name: J1_9864_2111.in
&zmat
C1          4.4050782695         1.1003540558        -0.6415603575
C2          3.5232790734         0.1383443115         0.1374501668
O3          2.1681921812         0.3101414413        -0.2603415802
C4          1.1117552201        -0.3892175284         0.3283216267
O5          1.3374275930        -1.2294062858         1.2414391146
C6         -0.3086394800        -0.1447203903        -0.1052101652
C7         -0.4798446067        -0.0671167726        -1.6035936704
C8         -1.4880390145        -1.0723847968        -2.1900872373
C9         -0.9280632482        -2.5246504120        -2.1127013451
C10        -0.5592135960        -3.0477396271        -3.5017679573
C11        -1.7465433272        -2.9132255179        -4.4649211586
C12        -2.5724066532        -1.6490270032        -4.1693229906
O13        -1.7796175156        -0.6725594959        -3.5234196367
O14        -0.9989894299         1.2418688213        -1.6304594197
P15        -0.8948166748         1.5701421990         0.0568091836
C16        -2.6858887059         1.8746370083         0.0419570927
C17        -3.5885505706         0.8106572416         0.2278388524
C18        -4.9668672574         1.0264608787         0.1461017651
C19        -5.4595539390         2.2989943083        -0.1478503216
C20        -4.5735041643         3.3547428936        -0.3704472940
C21        -3.1939070002         3.1428763789        -0.2891183373
C22        -0.6492134912         1.6730636334         1.8916050688
C23        -1.7031780579         1.5300050412         2.8254217558
C24        -1.4589581401         1.5879770521         4.2009971921
C25        -0.1645260290         1.7784216248         4.6792188104
C26         0.8925593382         1.9090987913         3.7825699800
C27         0.6562662153         1.8530677936         2.4075735289
C28         0.1467507277         3.0459470142        -0.2461677889
C29         1.1821408688         3.0210976755        -1.2006603542
C30         1.9763612775         4.1500346226        -1.4204438796
C31         1.7447736943         5.3218586010        -0.6991977459
C32         0.7136830879         5.3690776143         0.2396377424
C33        -0.0830322255         4.2430792384         0.4629519073
H34         4.2974209970         0.9163126071        -1.7314973755
H35         4.1117296301         2.1477898689        -0.4178523010
H36         5.4670120762         0.9540150600        -0.3524486164
H37         3.6262255718         0.3472151689         1.2245635592
H38         3.8435892088        -0.9060753353        -0.0670335159
H39        -1.0111294443        -0.8534670792         0.3837536644
H40         0.4790281071        -0.1023905762        -2.1676233617
H41        -2.4239056704        -1.0180706784        -1.5917694693
H42        -0.0378741604        -2.5948133352        -1.4503418471
H43        -1.7062221642        -3.1910199476        -1.6793131384
H44        -0.2446697342        -4.1116511294        -3.4358317430
H45         0.3009381386        -2.4590381038        -3.8906385350
H46        -1.3613942852        -2.8777719505        -5.5072734118
H47        -2.4035230132        -3.8057463291        -4.3756570698
H48        -2.9476108566        -1.2273526971        -5.1256380781
H49        -3.4697246898        -1.9030274507        -3.5583528183
H50        -3.2313510413        -0.1799923209         0.4688998648
H51        -5.6531360666         0.2057361925         0.3099839123
H52        -6.5270860988         2.4646250604        -0.2137001650
H53        -4.9555249959         4.3362018211        -0.6201125778
H54        -2.5343449499         3.9664599764        -0.5137430693
H55        -2.7234862721         1.3733467610         2.5298031459
H56        -2.2791344533         1.4811457007         4.8994560676
H57         0.0194860869         1.8214305785         5.7449307330
H58         1.8996282576         2.0530082113         4.1522929939
H59         1.5044101138         1.9588936213         1.7460295734
H60         1.3782255003         2.1377291042        -1.7888604854
H61         2.7716393691         4.1159787963        -2.1538975902
H62         2.3614440588         6.1945365736        -0.8710277720
H63         0.5313899290         6.2790583943         0.7965217955
H64        -0.8729759409         4.3042475871         1.2003856166
&

