&gen
basis=6-31G**
igeopt=1
dftname=PBE-D3
ifreq=1
&
entry_name: J1_10018_2111.in
&zmat
C1          0.0844655586        -4.1637882670         2.2829794114
C2          1.1897117080        -3.1993729989         1.8855006851
O3          0.6671501665        -2.2193017982         0.9955219315
C4          1.4268910046        -1.1504505059         0.5118633973
O5          2.6516561241        -1.0726398974         0.7869217765
C6          0.7324686721        -0.1010667445        -0.3180642088
C7          1.2053847932         0.1458593205        -1.7324197494
C8          2.3664383189        -0.6574502183        -2.3799367660
O9          2.2626234518        -2.0236286370        -2.1316341235
C10         3.5888033502        -2.5037641155        -2.2259305033
C11         3.8016848571        -3.6026115393        -1.1814024507
C12         3.8267520628        -3.0818190086        -3.6298551826
O13         4.5156517908        -1.4628900563        -1.9875671194
C14         3.7760699254        -0.2763560193        -1.9637751946
C15         4.4168499233         0.7538809497        -2.8988172330
O16         5.6790483831         1.1207221849        -2.3795097809
C17         6.3435458031         1.9945605516        -3.2702875859
C18         7.1113780916         1.2091142757        -4.2996384460
C19         8.2225276741         0.4425546944        -3.9125909524
C20         8.9210032813        -0.3128579412        -4.8596362567
C21         8.5120651046        -0.3119244926        -6.1961336695
C22         7.4028298453         0.4431123060        -6.5873572430
C23         6.7017806415         1.2001440758        -5.6434186612
O24         1.5520238232         1.4919381763        -1.5397947485
P25         1.0841798898         1.6423689104         0.1146180081
C26         2.7869264589         2.1416175955         0.5657493520
C27         3.4745295636         3.0823902426        -0.2259543464
C28         4.7951818587         3.4325558824         0.0664666400
C29         5.4477913143         2.8549913380         1.1559297248
C30         4.7790876950         1.9286013133         1.9571216221
C31         3.4595966089         1.5716646227         1.6661048693
C32         0.4590038165         1.7254994352         1.8501556008
C33         0.7897079289         2.8314662548         2.6680193050
C34         0.3038144504         2.9343781658         3.9734239059
C35        -0.5423040403         1.9523240717         4.4841448734
C36        -0.9161666142         0.8740819951         3.6840886737
C37        -0.4345859275         0.7655626758         2.3762232580
C38        -0.1305539705         2.9134126819        -0.3148778035
C39        -1.4244964525         2.5433421618        -0.7184591200
C40        -2.3651349683         3.5200250351        -1.0583990297
C41        -2.0227498994         4.8727771725        -1.0002213600
C42        -0.7388759318         5.2506931889        -0.6010104899
C43         0.2048820218         4.2771434296        -0.2609065991
H44         0.4869932132        -4.9293155593         2.9792983263
H45        -0.7363713884        -3.6117098617         2.7880663015
H46        -0.3179979840        -4.6716748709         1.3810073804
H47         1.5886354850        -2.7039654049         2.7973657198
H48         2.0060096164        -3.7641466666         1.3887066781
H49        -0.3590954403        -0.2983302589        -0.3382366082
H50         0.3290264680         0.1014154335        -2.4185218340
H51         2.2651286135        -0.5138064224        -3.4811445467
H52         3.0273953475        -4.3927606001        -1.2853007097
H53         3.7431615024        -3.1778003911        -0.1605318470
H54         4.8061050615        -4.0631777992        -1.2988481487
H55         3.6973485370        -2.2927650985        -4.4002858900
H56         4.8602311939        -3.4808517887        -3.7158610381
H57         3.1045903042        -3.8999523512        -3.8388274138
H58         3.7994209066         0.1287901106        -0.9365899764
H59         3.7559080939         1.6472816060        -2.9580216713
H60         4.5168232066         0.3044925801        -3.9135693854
H61         7.0667819269         2.5978169423        -2.6816688215
H62         5.6555874576         2.7342842925        -3.7440741892
H63         8.5439869509         0.4285982711        -2.8783997165
H64         9.7775629081        -0.9011574235        -4.5568954489
H65         9.0527760372        -0.8982185648        -6.9277888046
H66         7.0843173426         0.4394611750        -7.6217606172
H67         5.8389985413         1.7735683231        -5.9589307049
H68         2.9988263235         3.5341817946        -1.0862945795
H69         5.3151532782         4.1479145790        -0.5575290701
H70         6.4712027960         3.1263522034         1.3801833430
H71         5.2838555559         1.4850570068         2.8055686749
H72         2.9646717669         0.8609957385         2.3131772497
H73         1.4285930064         3.6222563614         2.2997827299
H74         0.5798065939         3.7818533387         4.5875414993
H75        -0.9202058341         2.0342871613         5.4950370235
H76        -1.5916310713         0.1235103940         4.0742554559
H77        -0.7902411689        -0.0667115487         1.7954493139
H78        -1.7122364152         1.5032550465        -0.7688213594
H79        -3.3605134641         3.2275721998        -1.3668639750
H80        -2.7523639184         5.6278058692        -1.2628876816
H81        -0.4750136467         6.2992634902        -0.5526860811
H82         1.1868063702         4.5948246608         0.0569480412
&

