&gen
basis=6-31G**
igeopt=1
dftname=PBE-D3
ifreq=1
&
entry_name: J1_9933_2111.in
&zmat
C1         -1.5298072576        -1.0707981040         0.5258938468
C2         -1.2270295182        -2.3743884749         0.4909010361
C3         -2.0068118182        -3.3673677075         1.2947070692
C4         -0.7403986912        -0.0739139908        -0.2921698423
C5         -1.2205052230         0.1524431529        -1.7114389819
C6         -2.4515119735        -0.6573137129        -2.1719083748
C7         -2.9648713636        -0.2246101152        -3.5547406806
C8         -1.9958117695        -0.5974349640        -4.6905732259
C9         -2.6207949234        -0.4125640239        -6.0820369215
C10        -2.8410144322         1.0670318008        -6.4377390416
C11        -3.3238750445         1.2316693296        -7.8790693109
O12        -4.5968088871         0.6321912288        -8.0241731353
C13        -4.9740065025         0.5716059024        -9.3880379906
C14        -4.4148469441        -0.7241803393       -10.0263306888
C15        -5.3860522774        -1.3205236135       -11.0552728006
C16        -6.1415396318        -0.2127921818       -11.7888321943
C17        -6.8340049371         0.7378921214       -10.7862826096
O18        -6.3887581289         0.5640179659        -9.4488283092
O19        -1.5566092400         1.5076512306        -1.5457057500
P20        -1.1127511827         1.6532274026         0.1091833382
C21        -2.8147372894         2.2252935598         0.5006024142
C22        -0.5150272557         1.5382836895         1.8523859658
C23         0.8725813599         1.5567884197         2.1199440116
C24         1.3583045914         1.4201197262         3.4227645469
C25         0.4750451297         1.2237760887         4.4823241678
C26        -0.8943173742         1.1408654977         4.2372747877
C27        -1.3868219571         1.2775658149         2.9362125860
C28         0.0241885145         2.9999546907        -0.2986340406
C29         1.1282492996         2.7673914656        -1.1359871836
C30         2.0011505075         3.8110716415        -1.4568287399
C31         1.7764563274         5.0931552154        -0.9487919161
C32         0.6777205024         5.3334188631        -0.1195691764
C33        -0.1979127349         4.2924113101         0.2034742595
H34        -2.3527719132        -0.7343654565         1.1482650283
H35        -0.4079420144        -2.7267961101        -0.1302744037
H36        -3.0734327699        -3.3496227954         0.9860149759
H37        -1.9301638956        -3.1232238563         2.3753762548
H38        -1.6010383590        -4.3867837494         1.1266604217
H39         0.3551877661        -0.2593209126        -0.2402870877
H40        -0.3740673569         0.0504269152        -2.4233202788
H41        -3.2800635237        -0.5130379984        -1.4440264947
H42        -2.2000981344        -1.7397667082        -2.1922023749
H43        -3.9391229290        -0.7312504603        -3.7297651856
H44        -3.1505483385         0.8704558451        -3.5526119604
H45        -1.7066293603        -1.6658838681        -4.5846454910
H46        -1.0700749540         0.0126358233        -4.6230324783
H47        -3.5837975796        -0.9658980202        -6.1370468411
H48        -1.9320019624        -0.8637336881        -6.8296761906
H49        -1.8860692106         1.6238805677        -6.3177680151
H50        -3.5948310490         1.5167573265        -5.7569835052
H51        -3.3947218863         2.3204468094        -8.0992607341
H52        -2.5710194325         0.7762595628        -8.5629677066
H53        -4.5902068928         1.4613186014        -9.9525287865
H54        -4.2163875025        -1.4886020683        -9.2430159266
H55        -3.4477675399        -0.4945583482       -10.5246034226
H56        -4.8278881537        -1.9464712922       -11.7845796761
H57        -6.1205033847        -1.9738300104       -10.5342509410
H58        -6.8934366878        -0.6620280247       -12.4733646642
H59        -5.4208244956         0.3652781008       -12.4082384052
H60        -7.9266546527         0.5397712960       -10.8072286593
H61        -6.6945515517         1.7963152603       -11.1000578086
H62        -2.8194612940         2.9259810550         1.3603177935
H63        -3.2403705118         2.7854183085        -0.3582929494
H64        -3.4749649817         1.3580695679         0.7042748594
H65         1.5930257380         1.6584943429         1.3214220794
H66         2.4242579413         1.4520750345         3.6080919541
H67         0.8533961171         1.1123151972         5.4902374166
H68        -1.5771393812         0.9537642905         5.0561190740
H69        -2.4486031315         1.1480886224         2.7972164215
H70         1.3182474582         1.7793015151        -1.5335472249
H71         2.8523745623         3.6256606981        -2.0990335149
H72         2.4533548041         5.9001672060        -1.1976547874
H73         0.5044742968         6.3268863340         0.2734019755
H74        -1.0411715503         4.4952884469         0.8495888292
&

