&gen
basis=6-31G**
igeopt=1
dftname=PBE-D3
ifreq=1
&
entry_name: J1_10236_2111.in
&zmat
C1         -2.7599411374         1.9325504957         0.1840635788
P2         -0.9792332887         1.5283208360         0.0039140644
C3         -0.6203653956         1.6159049046         1.8117571002
C4          0.6345099039         2.0662234594         2.2842581475
C5          0.9390966176         2.0433146053         3.6474850762
C6          0.0175161053         1.5377788045         4.5628383735
C7         -1.2016347006         1.0324726821         4.1136938807
C8         -1.5116025891         1.0514501357         2.7510933907
C9         -0.0405278470         3.0366628734        -0.4178245588
C10        -0.3426453702         4.2477672563         0.2356582076
C11         0.3479220651         5.4206995509        -0.0810455905
C12         1.3289695361         5.4086250543        -1.0732175860
C13         1.6086317564         4.2268869728        -1.7608964081
C14         0.9210824984         3.0510671639        -1.4460962723
O15        -1.1784216768         1.1542102391        -1.6699850777
C16        -0.6244952128        -0.1420949411        -1.6369683197
C17        -1.5587871300        -1.2157803061        -2.2628396153
C18        -1.4731725775        -1.1901349479        -3.8180341323
C19        -2.6717538619        -0.4785551049        -4.4554884148
C20        -3.9981512704        -1.1812258285        -4.1046878566
C21        -3.9852161535        -1.8501726463        -2.7153289851
C22        -3.0275119821        -1.1346728798        -1.7580152875
C23        -0.4596002854        -0.2084087979        -0.1385266503
C24         0.9217004845        -0.5438549364         0.4157347499
C25         2.1242817833        -0.0616463952        -0.1406407434
C26         3.3533129848        -0.3532765935         0.4585761397
C27         3.4031065057        -1.1237444696         1.6205655082
C28         2.2230577432        -1.6071014743         2.1854562209
C29         0.9923732462        -1.3202275969         1.5894110836
H30        -3.3449240950         1.0131200298         0.3857560520
H31        -2.9283457184         2.6644476652         1.0008371104
H32        -3.1399885985         2.3931806402        -0.7515367547
H33         1.4009034101         2.4086075771         1.6031983811
H34         1.9007076124         2.4012239659         3.9920183434
H35         0.2584078645         1.5144107830         5.6177299822
H36        -1.9018895948         0.6069346522         4.8208805912
H37        -2.4393706609         0.5954094118         2.4396290588
H38        -1.1031059919         4.2838111815         1.0043579967
H39         0.1188839114         6.3406474375         0.4411480445
H40         1.8608168412         6.3182648818        -1.3204174905
H41         2.3491411415         4.2246322637        -2.5503366353
H42         1.1189102804         2.1738313623        -2.0388575233
H43         0.3523487444        -0.1437278464        -2.1608810665
H44        -1.1561844094        -2.2032552712        -1.9426941512
H45        -1.4482058908        -2.2356228209        -4.1984664678
H46        -0.5363729858        -0.7080445497        -4.1717627693
H47        -2.6998927185         0.5739929810        -4.0969430891
H48        -2.5471418331        -0.4533877272        -5.5596591205
H49        -4.2194513471        -1.9559545668        -4.8708535460
H50        -4.8178050826        -0.4311409378        -4.1459673691
H51        -5.0123861783        -1.8424842725        -2.2905660282
H52        -3.6708153195        -2.9126076855        -2.8150429627
H53        -3.3601343020        -0.0800829500        -1.6824332847
H54        -3.1139009960        -1.5977124586        -0.7521903643
H55        -1.2371837819        -0.8481422486         0.3291082428
H56         2.1346179274         0.5362976344        -1.0318849841
H57         4.2695495862         0.0227221372         0.0218111501
H58         4.3559126637        -1.3447113277         2.0839274873
H59         2.2603915422        -2.2001932016         3.0900339842
H60         0.0894219533        -1.6927766071         2.0572459365
&

