&gen
basis=6-31G**
igeopt=1
dftname=PBE-D3
ifreq=1
&
entry_name: J1_9866_2111.in
&zmat
C1          1.3028606697        -2.6933106951         3.3043683814
C2          2.3942021129        -1.8193431522         2.6998792988
O3          1.8271067671        -0.8638815046         1.8080475133
C4          1.4140846320        -1.1623533021         0.5064047137
O5          1.5474564872        -2.3378716956         0.0722512075
C6          0.6521812801        -0.1312202355        -0.3144804240
C7         -0.8518182086        -0.4554315481        -0.2391473800
C8          1.0943955736         0.0879718057        -1.7680708267
C9          2.2590160814        -0.7409871831        -2.3655243297
C10         1.7312918045        -2.0490160019        -2.9688031251
O11         2.8465848679        -0.0031815370        -3.4303153831
C12         4.1785233425         0.3785275083        -3.1459163971
C13         5.1185593710        -0.7908308553        -3.2828176282
C14         5.3065445528        -1.3978613653        -4.5348245891
C15         6.1582991448        -2.4995055899        -4.6620083028
C16         6.8246107931        -3.0027952929        -3.5411581715
C17         6.6394170221        -2.4057500931        -2.2910687284
C18         5.7887754257        -1.3039350972        -2.1597358037
O19         1.4846292076         1.4307498181        -1.6132316623
P20         1.0825790358         1.6354364668         0.0464478854
C21         2.8147493225         2.1604996683         0.2859638387
C22         3.8421152774         1.2191679028         0.4948248285
C23         5.1679955229         1.6323253041         0.6514354744
C24         5.4938393477         2.9857899445         0.5712928132
C25         4.4957719836         3.9263002042         0.3170087647
C26         3.1681879223         3.5171708878         0.1619829475
C27         0.5813125008         1.6711106216         1.8349202169
C28         1.5142484603         1.7592877920         2.8985367186
C29         1.0892920732         1.7709262277         4.2300378798
C30        -0.2681092040         1.7099430617         4.5358617776
C31        -1.2069674286         1.6438714441         3.5097437834
C32        -0.7901184020         1.6288939808         2.1769870997
C33        -0.0788804759         3.0021212334        -0.3553801976
C34        -0.1183624196         4.1755750368         0.4295782040
C35        -1.0019619533         5.2134524689         0.1228736180
C36        -1.8563690179         5.1041320999        -0.9738266088
C37        -1.8259540880         3.9574609113        -1.7673689190
C38        -0.9442715567         2.9158148848        -1.4648107769
H39         0.7940315831        -3.2800376120         2.5113660506
H40         0.5544847882        -2.0571595369         3.8231879020
H41         1.7503747734        -3.3960026932         4.0382460489
H42         3.1484872199        -2.4441792234         2.1740619075
H43         2.9083692060        -1.2736826231         3.5188734359
H44        -1.1618104165        -0.6598119314         0.8068043749
H45        -1.0632926074        -1.3746524156        -0.8265535154
H46        -1.4807559687         0.3579242793        -0.6468214732
H47         0.2351832483         0.0612069228        -2.4759248239
H48         2.9864961293        -1.0000942431        -1.5634759823
H49         1.1553539213        -1.8382800993        -3.8955535411
H50         1.0602967787        -2.5904372677        -2.2744815344
H51         2.5846686373        -2.7103391716        -3.2295921987
H52         4.4788074982         1.1520241402        -3.8836123525
H53         4.2600342997         0.8670159179        -2.1519977653
H54         4.7903121703        -1.0200885140        -5.4087523183
H55         6.3000256020        -2.9644511691        -5.6290384432
H56         7.4826019390        -3.8563224218        -3.6409036275
H57         7.1531484884        -2.7983510939        -1.4230912201
H58         5.6490460618        -0.8567836822        -1.1838270542
H59         3.6409579088         0.1645587826         0.5187523910
H60         5.9459434631         0.8992800234         0.8215366004
H61         6.5219152147         3.3036814543         0.6867935009
H62         4.7523892323         4.9739271300         0.2265449609
H63         2.4340878803         4.2665233063        -0.0824816498
H64         2.5771981405         1.7961908022         2.7351113026
H65         1.8182552541         1.8251473936         5.0284470400
H66        -0.5926360540         1.7202597138         5.5683179107
H67        -2.2627228052         1.6102355730         3.7459040914
H68        -1.5521839244         1.6082819865         1.4114961816
H69         0.5279287041         4.2887975379         1.2900768088
H70        -1.0239321343         6.1038239480         0.7378771114
H71        -2.5400435316         5.9091030074        -1.2105476601
H72        -2.4852334020         3.8757310262        -2.6219284449
H73        -0.9423257667         2.0519540441        -2.1106704578
&

