&zmat
 C15            -1.7308761432             1.4444472080            -1.2356759490
 C14            -2.4731939360             0.5264068204            -0.2567542266
 C16            -3.5019846266             1.2611508986             0.5928165942
 O13            -3.1373888351            -0.5391530535            -0.9390127664
 C12            -2.1715894015            -1.5814518194            -1.0692445427
 C11            -1.3790702560            -1.4817328045             0.2519254388
 C2              0.1069877698            -1.8487125799             0.1193062784
 C1              0.3028813009            -3.2967587274            -0.3377264330
 O18            -0.3741066757            -3.8561033044            -1.1864491575
 O3              0.7391200010            -1.6764476271             1.3882343958
 C4              2.1192393514            -1.3045859856             1.2888542017
 C5              2.3395658288             0.0796941158             0.7050574684
 C6              3.4454100389             0.3385303810            -0.1221090473
 C7              3.6716539231             1.6262966908            -0.6270609230
 C8              2.7836521024             2.6651310024            -0.3173957115
 C9              1.6709587480             2.4092376130             0.4977012739
 C10             1.4481806758             1.1249451194             1.0084318749
 O17            -1.5078970256            -0.1063513087             0.6247379301
 H31            -2.4472969253             1.9610842497            -1.8933958725
 H32            -1.0322521217             0.8654940162            -1.8589568381
 H33            -1.1425190011             2.1939955650            -0.6848971533
 H34            -3.0122867358             2.0539631232             1.1782274496
 H35            -4.2707501273             1.7178211613            -0.0490721719
 H36            -3.9816472975             0.5490982926             1.2797134142
 H29            -2.6964933871            -2.5368081452            -1.1983629300
 H30            -1.5100486954            -1.4281521735            -1.9459538636
 H28            -1.8302422802            -2.1158176032             1.0406973930
 H20             0.5528954865            -1.1703408028            -0.6415290467
 H19             1.1262299181            -3.8320986170             0.2102344842
 H21             2.6982856719            -2.0522010942             0.7050673583
 H22             2.4899258447            -1.3500738307             2.3279143841
 H23             4.1346057973            -0.4757389351            -0.3748107080
 H24             4.5355684072             1.8156655614            -1.2716458444
 H25             2.9539445445             3.6698177652            -0.7165379472
 H26             0.9708492739             3.2165221826             0.7363135243
 H27             0.5613869289             0.9082426319             1.6095536741
&

