&gen
basis=6-31G**
igeopt=1
dftname=PBE-D3
ifreq=1
&
entry_name: J1_1767_2111.in
&zmat
C1          0.0609194764        -3.5908467631         0.1107144677
C2          0.1396005276        -2.0890296338         0.1868656728
O3          0.7771705919        -1.7304791376         1.4043055507
C4          2.1081366238        -1.3005569301         1.1905397670
C5          2.1339530704         0.1409961099         0.7529167357
C6          2.5526387051         0.4885047950        -0.5422868888
C7          2.5452810496         1.8264503835        -0.9487870495
C8          2.1179613430         2.8240251587        -0.0682209023
C9          1.6934011146         2.4848722468         1.2193652985
C10         1.6996712715         1.1482723055         1.6298573306
C11        -1.2688924453        -1.4622114014         0.1779805305
C12        -1.9870178310        -1.6042001725        -1.1423252270
O13        -2.6751722015        -0.4113130581        -1.3357171653
C14        -2.0345945570         0.5363587230        -0.5099740820
C15        -1.2107027195         1.4892904365        -1.3830334800
C16        -3.1010457832         1.3203205974         0.2588051992
O17        -1.1759302611        -0.0907150929         0.4176106316
O18        -0.3086653491        -4.1437798332        -0.9130209990
H19         0.3565491252        -4.1955882581         0.9623529446
H20         0.6845144605        -1.7212059322        -0.7167342651
H21         2.6526620600        -1.9649465722         0.4792631388
H22         2.6542072209        -1.3804212073         2.1541043540
H23         2.8792327495        -0.2743577475        -1.2379180654
H24         2.8671591754         2.0895144511        -1.9480344932
H25         2.1098955053         3.8586685866        -0.3855909500
H26         1.3560408203         3.2573092127         1.8982079251
H27         1.3613908818         0.8963752320         2.6273602725
H28        -1.8846299333        -1.9143253579         0.9885647847
H29        -2.7043627201        -2.4519467851        -1.1125999380
H30        -1.2846790579        -1.7514976841        -1.9921146636
H31        -1.8594173958         1.9839757241        -2.1372347757
H32        -0.4163701961         0.9239346590        -1.9156582604
H33        -0.7273224488         2.2688611066        -0.7568218438
H34        -2.6260157942         2.0767375585         0.9200314065
H35        -3.7879752602         1.8363028074        -0.4459466753
H36        -3.6975918188         0.6266514727         0.8889820208
&

