&gen
basis=6-31G**
igeopt=1
dftname=PBE-D3
ifreq=1
&
entry_name: J1_10246_2111.in
&zmat
C1          3.1662968555        -2.6316362900         1.0935575986
C2          2.5138223085        -1.5565988599         1.9547367477
O3          1.2152303776        -1.2368305111         1.4610503777
C4          0.9938316990        -0.4461573927         0.3284367990
O5          1.9704165535         0.0394930692        -0.3072907263
C6         -0.4265739195        -0.1855314550        -0.1125954676
C7         -0.5957034312        -0.1000303820        -1.6126568077
C8         -1.5114804557        -1.1609937527        -2.2912348118
C9         -2.9710837608        -1.0853142255        -1.7916148367
C10        -1.4670136535        -0.9415348613        -3.8286578444
C11        -2.0776130784        -2.1224653693        -4.5998182132
C12        -1.6168080570        -3.4468864467        -4.0606914548
C13        -1.1338502684        -3.5699150978        -2.8224357311
O14        -0.9865199927        -2.4577806962        -1.9832958658
O15        -1.1506036286         1.1895783392        -1.6288788080
P16        -0.9667352106         1.5531215492         0.0478973675
C17        -2.7250441407         1.9584179098         0.2156991226
C18        -3.6151234924         1.0200947970         0.7664365981
C19        -4.9726615492         1.3237115138         0.8992182025
C20        -5.4526759858         2.5718055580         0.4975560339
C21        -4.5726849969         3.5214061337        -0.0260422692
C22        -3.2140664522         3.2202475164        -0.1613757922
C23        -0.8388830411         1.8257132737         1.8676439305
C24        -0.8525753552         0.7561084955         2.7886756460
C25        -0.7943609641         0.9947266360         4.1647773234
C26        -0.7572496356         2.3010267849         4.6506643601
C27        -0.7994347435         3.3737696477         3.7617420113
C28        -0.8567475195         3.1414868558         2.3856013223
C29         0.2760042544         2.8398271253        -0.3434891996
C30         0.0514305501         3.7525559941        -1.3922513142
C31         1.0060569658         4.7229879700        -1.7097400693
C32         2.2034862515         4.7884803059        -0.9962051598
C33         2.4526338288         3.8772521093         0.0306199574
C34         1.5019386004         2.9045772397         0.3510656855
H35         4.1509592581        -2.9088558621         1.5252333974
H36         3.3227823022        -2.2587890678         0.0599583119
H37         2.5201712502        -3.5342787275         1.0609654209
H38         2.4121276968        -1.9423831155         2.9908702905
H39         3.1510509211        -0.6460551725         1.9869428922
H40        -1.1360886603        -0.8952204145         0.3537519568
H41         0.3841486381        -0.0674120413        -2.1385168029
H42        -3.3982435173        -0.0737624999        -1.9564240758
H43        -3.6115403429        -1.8207981709        -2.3184503226
H44        -3.0364336520        -1.3468887125        -0.7193912997
H45        -0.4103966596        -0.8375806342        -4.1618435208
H46        -1.9964086627        -0.0030732349        -4.1043408759
H47        -3.1859289779        -2.0787700885        -4.5583439368
H48        -1.7848729337        -2.0471843209        -5.6688947563
H49        -1.7329404747        -4.3309940173        -4.6748269823
H50        -0.8277747474        -4.5434452303        -2.4629653646
H51        -3.2572523074         0.0606223125         1.1119576602
H52        -5.6511375857         0.5935475044         1.3209695839
H53        -6.5036557507         2.8075735385         0.6035033657
H54        -4.9421499243         4.4952102232        -0.3204782327
H55        -2.5524183572         3.9832435313        -0.5378238211
H56        -0.9381804917        -0.2679359926         2.4694604277
H57        -0.7940827252         0.1626644615         4.8571430481
H58        -0.7169984945         2.4818819680         5.7170049801
H59        -0.7980353126         4.3882174794         4.1390518368
H60        -0.9215194328         3.9950304001         1.7236010785
H61        -0.8503293812         3.7052609117        -1.9863633764
H62         0.8201155752         5.4198538562        -2.5167866668
H63         2.9417958984         5.5398688611        -1.2446416595
H64         3.3847784526         3.9228466054         0.5787867542
H65         1.7226927629         2.2124235236         1.1525090451
&

