&zmat
 C1              4.1825471035            -0.1988781032             0.3846016920
 C2              2.8584647462             0.3774791171            -0.0981002067
 O11             2.6971746687             0.7710539750            -1.2472075729
 C3              1.7421184334             0.4238906535             0.9538155816
 O4              0.6021345704             1.1725095566             0.6096208205
 C5             -0.2244330142             0.6480631348            -0.4617580376
 C10            -0.6836401292            -0.8053319987            -0.1933859842
 C9             -2.0876910639            -1.0047165584            -0.7839893101
 C8             -3.0891585174            -0.0643199858            -0.0762037382
 C7             -2.3642348651             1.2335701198             0.3448432991
 O6             -1.3063833989             1.5362304574            -0.5811592557
 H12             4.7092145913             0.5577588716             0.9928359844
 H13             4.8102125953            -0.4546396226            -0.4796044100
 H14             4.0383205338            -1.0843562587             1.0260481383
 H15             2.1513812447             0.8778460708             1.8763648642
 H16             1.5105084939            -0.6340349450             1.2212989302
 H17             0.3315158663             0.7280918764            -1.4105767186
 H24            -0.7130394917            -0.9869699964             0.8978282718
 H25             0.0404073138            -1.5163680874            -0.6245846254
 H22            -2.0555158748            -0.7696175063            -1.8619884473
 H23            -2.4060256542            -2.0564441917            -0.6968949583
 H20            -3.9355913329             0.1600640596            -0.7462350940
 H21            -3.5092469269            -0.5509919470             0.8225532021
 H18            -3.0350054646             2.1062012947             0.3308410477
 H19            -1.9482333965             1.1473357976             1.3667700775
&

