&gen
basis=6-31G**
igeopt=1
dftname=PBE-D3
ifreq=1
&
entry_name: J1_10179_2111.in
&zmat
C1         -5.4771284993        -2.1671518047         0.5184696661
C2         -3.9627579423        -2.3529639259         0.4972784702
C3         -3.2375607743        -1.0284985683         0.7736170842
C4         -1.7003572513        -1.1708331407         0.6905670227
C5         -0.8997497555        -0.1110601846        -0.1274516389
C6         -1.2824856746         0.1247930261        -1.5699280134
C7         -2.3154615165        -0.7718101645        -2.2176650000
C8         -1.9508625845        -2.0793526555        -2.5765570971
C9         -2.8655490890        -2.9212196909        -3.2155700777
C10        -4.1624423684        -2.4698657606        -3.5002437314
C11        -5.1370510836        -3.3653334287        -4.2052933856
C12        -4.5176293427        -1.1510725451        -3.1825005818
C13        -3.6007762315        -0.3051734938        -2.5524330307
O14        -1.7198199553         1.4452275429        -1.3896207707
P15        -1.1830542775         1.6683986205         0.2365949857
C16        -2.8394973399         2.2785564297         0.7391209832
C17        -3.4308693083         1.9074928226         1.9652473232
C18        -4.7019932807         2.3699235380         2.3154472416
C19        -5.4026090956         3.2131878125         1.4532323669
C20        -4.8305824771         3.5993521378         0.2410177606
C21        -3.5596224582         3.1391172826        -0.1137915422
C22        -0.4559637648         1.8393614434         1.9275345685
C23         0.4111290931         0.8721713249         2.4842179984
C24         0.9786905919         1.0592218734         3.7482733118
C25         0.7209815823         2.2227694606         4.4706020430
C26        -0.0930731731         3.2119813002         3.9238322461
C27        -0.6634356105         3.0315271457         2.6619778612
C28         0.0535781126         2.8657028467        -0.3254064466
C29        -0.2573376536         4.2332972427        -0.4130784204
C30         0.7021685252         5.1485081806        -0.8557718400
C31         1.9771136647         4.7073761810        -1.2173858716
C32         2.2949764237         3.3498178312        -1.1351457824
C33         1.3386203200         2.4314852416        -0.6923049911
H34        -5.7877165196        -1.4481672203        -0.2695454309
H35        -5.8061793798        -1.7896975078         1.5100357169
H36        -5.9738362028        -3.1410940487         0.3248232243
H37        -3.6776603584        -3.1001539891         1.2696350376
H38        -3.6712307999        -2.7534851711        -0.4934033346
H39        -3.5108889013        -0.7304631371         1.8053724378
H40        -3.6133940330        -0.2463897912         0.0894401746
H41        -1.3076485576        -1.1880767112         1.7276683905
H42        -1.4334511052        -2.1648619443         0.2707944468
H43         0.1786397537        -0.3678535406        -0.1023724987
H44        -0.3740209620         0.1440928183        -2.2141110546
H45        -0.9555051308        -2.4468084136        -2.3589169699
H46        -2.5640293140        -3.9266575481        -3.4820477495
H47        -4.9479612626        -4.4295017190        -3.9486913823
H48        -5.0332441192        -3.2329077536        -5.3024131818
H49        -6.1788547259        -3.1208691633        -3.9069997416
H50        -5.5050807094        -0.7767884507        -3.4228661725
H51        -3.9034445521         0.7072592344        -2.3181618611
H52        -2.9095776179         1.2665581199         2.6624366682
H53        -5.1429921734         2.0749983588         3.2588189390
H54        -6.3871201318         3.5704714152         1.7260959773
H55        -5.3727400179         4.2567304126        -0.4263567049
H56        -3.1440731975         3.4574490676        -1.0605835995
H57         0.6844974510        -0.0261806129         1.9616306711
H58         1.6320249981         0.3025780773         4.1635933157
H59         1.1654948952         2.3646685661         5.4471830016
H60        -0.2773884363         4.1252334835         4.4747595636
H61        -1.2721615670         3.8300012251         2.2599963292
H62        -1.2320651692         4.5996711732        -0.1268940884
H63         0.4574957893         6.2010865264        -0.9162965273
H64         2.7188800064         5.4173768950        -1.5595484763
H65         3.2834938239         3.0085469933        -1.4140814235
H66         1.6064996003         1.3862170075        -0.6324811806
&

