&gen
basis=6-31G**
igeopt=1
dftname=PBE-D3
ifreq=1
&
entry_name: J1_10244_2111.in
&zmat
C1          3.6216911068         2.6344170624         2.1923253101
C2          2.5438195247         3.1280428765         1.2319930123
P3          1.4091267821         1.8541166816         0.5074398188
O4          2.4291326030         1.6182256695        -0.8660325618
C5          2.3121468127         0.2139375757        -0.9872716098
C6          1.3036429938        -0.1218635895        -2.1394031302
C7          1.8649946457         0.0146792674        -3.5665061587
C8          3.1827744865         0.7743222779        -3.6084492807
C9          4.2467842728         0.1339938442        -2.7023412284
C10         3.7278131324        -0.4402163749        -1.3225034008
C11         4.8160387960        -0.0621053642        -0.2837038558
C12         3.5759390854        -2.0061659219        -1.4465988863
C13         4.8566009506        -2.8059580369        -1.3141071784
C14         5.2985260747        -3.2308979930        -0.0480360062
C15         6.4822307929        -3.9636048407         0.0791807359
C16         7.2290942289        -4.2901390010        -1.0549928836
C17         6.7887914625        -3.8916390176        -2.3192719395
C18         5.6059530490        -3.1578632553        -2.4513670577
C19         1.5771097694         0.0358413305         0.3574322821
C20         2.2671674835        -0.6507081778         1.5439265482
C21         0.2550787984         1.8868019061         1.9308210389
C22         0.5336706524         1.4468350384         3.2371476311
C23        -0.4582833684         1.5132974527         4.2236987603
C24        -1.7272496898         2.0175693922         3.9169372812
C25        -2.0100271614         2.4607431223         2.6219726024
C26        -1.0104337254         2.3867022870         1.6428783198
C27        -1.1149316836         2.8433629275         0.2737646670
C28        -2.2195389577         3.4706443613        -0.3182521642
C29        -2.1093885234         3.9456315005        -1.6296305847
C30        -0.9007063215         3.8139010684        -2.3254414781
C31         0.1977515371         3.1911471737        -1.7195244578
C32         0.0734655527         2.6710400256        -0.4192775200
H33         4.2247297041         1.8257202595         1.7554734778
H34         3.1967545547         2.3146499767         3.1585190701
H35         4.3125538772         3.4753725183         2.4125749207
H36         1.9398319393         3.9028143741         1.7514122233
H37         3.0493805756         3.6570849011         0.3958996426
H38         0.3970468177         0.5112706893        -2.0570254818
H39         0.9404516262        -1.1655394070        -2.0128249074
H40         2.0135214226        -0.9911138958        -4.0154886046
H41         1.1250772179         0.5437755911        -4.2060510605
H42         3.5577537096         0.7969752527        -4.6548639248
H43         3.0115047903         1.8300391107        -3.3077114935
H44         4.7660002249        -0.6518188945        -3.2850452591
H45         5.0189982437         0.9213204244        -2.5489094794
H46         4.6878574177        -0.5502379037         0.6936918166
H47         5.8204226966        -0.3735687686        -0.6447096173
H48         4.8632622057         1.0370657379        -0.1630405517
H49         3.1170121759        -2.2627715285        -2.4235682746
H50         2.8448738682        -2.3969429211        -0.7154128818
H51         4.7279573442        -2.9956046722         0.8407680846
H52         6.8189588228        -4.2808748292         1.0576512277
H53         8.1445070074        -4.8588725086        -0.9550114178
H54         7.3614323130        -4.1564831329        -3.1987245385
H55         5.2703575349        -2.8812354347        -3.4420709019
H56         0.5669543601        -0.4158748998         0.2335264860
H57         1.5023190823        -0.9135624962         2.3023397657
H58         2.7235483117        -1.6126476452         1.2639087436
H59         3.0199459452        -0.0133109097         2.0323339535
H60         1.4909866190         1.0409002815         3.5091264395
H61        -0.2437673017         1.1703318859         5.2276396364
H62        -2.4891348557         2.0673964085         4.6840428832
H63        -2.9904944847         2.8570231225         2.3970888957
H64        -3.1460574179         3.6073409844         0.2219112819
H65        -2.9531984511         4.4332462605        -2.1003581198
H66        -0.8130828499         4.2016803579        -3.3320912127
H67         1.1252553807         3.1208185377        -2.2688098744
&

