&zmat
 C1              2.6708518241             0.5277810703             0.3234526397
 C2              1.7061803310            -0.6039473225            -0.0002285985
 O9              2.1230636423            -1.7428630733            -0.2180664705
 C3              0.2346038444            -0.3051645746            -0.0488894916
 C4             -0.2959678824             0.9780792633             0.1912492014
 C5             -1.6776982192             1.1946474272             0.1317798633
 C6             -2.5421440738             0.1321987968            -0.1679942546
 C7             -2.0222948427            -1.1495566385            -0.4086542820
 C8             -0.6440948111            -1.3657673650            -0.3493793023
 H10             3.6936887861             0.1291702712             0.3156448817
 H11             2.4537112714             0.9636220519             1.3135266036
 H12             2.5884193433             1.3431891102            -0.4152385245
 H13             0.3694127594             1.8139843530             0.4260245481
 H14            -2.0819536862             2.1938170240             0.3195458946
 H15            -3.6222068605             0.3027610799            -0.2142480706
 H16            -2.6964628853            -1.9792205696            -0.6426533104
 H17            -0.2086042754            -2.3526104606            -0.5319593654
&

