&zmat
 C1              -0.6305485901            -3.0634689029            -0.7233064384
 C2              -1.4907826040            -2.1465915602            -1.5657707062
 C3              -2.3338408964            -2.7133147639            -2.5409611896
 C4              -3.2183756765            -1.9403787130            -3.3016856649
 C5              -3.2910842009            -0.5583056729            -3.0909185843
 C6              -2.4613393482             0.0319467410            -2.1320789284
 C7              -1.5465768859            -0.7373967881            -1.3849678791
 P8              -0.4724752205             0.1031547017            -0.1546326624
 C23              1.1721141177            -0.2048700611            -0.4792533945
 C24              2.2851583016             0.6786702543             0.0533519796
 Si25             3.9119604911            -0.3067212533             0.1865598044
 C26              4.3006270572            -1.1106819068            -1.4902786862
 C27              3.7353824368            -1.6737855842             1.4942662738
 C28              5.3372824959             0.8567007241             0.6668059814
 C9              -0.8895555774             1.9128977227            -0.1002048745
 C10             -1.3576480162             2.4862408362             1.1017333257
 C11             -1.5303737925             3.8678097005             1.2360301875
 C12             -1.2120633719             4.7057424881             0.1614327265
 C13             -0.7128468354             4.1532349141            -1.0234057108
 C14             -0.5297131548             2.7674722605            -1.1861213464
 C15              0.0464343155             2.2613318914            -2.4880238489
 C16             -1.0587637633            -0.5361642139             1.5084234126
 C22             -0.0281288743            -1.0189124396             2.3328277128
 C21             -0.2978814066            -1.5540346227             3.5970434828
 C20             -1.6239712035            -1.6335412088             4.0383637133
 C19             -2.6585997569            -1.1764277807             3.2121104822
 C17             -2.4104121838            -0.6193813866             1.9422032826
 C18             -3.5860971429            -0.1685273047             1.1036410183
 H29              0.3361678017            -2.6045991670            -0.4671484395
 H30             -1.1398282214            -3.2897609660             0.2306047236
 H31             -0.4543327140            -4.0179970652            -1.2430085729
 H32             -2.2956631042            -3.7973924455            -2.6947343864
 H33             -3.8562446043            -2.4208390656            -4.0499606969
 H34             -3.9909801853             0.0581384584            -3.6623287646
 H35             -2.5369586471             1.1064702569            -1.9412416771
 H50              1.3335945802            -0.7632893927            -1.4059311178
 H51              2.0510729153             1.0543742234             1.0691106366
 H52              2.4673810854             1.5989384140            -0.5515217165
 H53              4.3767416724            -0.3554397214            -2.2904827921
 H54              5.2546338100            -1.6627891915            -1.4564908306
 H55              3.5108794705            -1.8254267777            -1.7752878773
 H56              2.8929338152            -2.3366541619             1.2365889648
 H57              3.5425440473            -1.2531293731             2.4958928039
 H58              4.6474160425            -2.2902965339             1.5598704548
 H59              6.2933182403             0.3115425601             0.7409423565
 H60              5.1488146739             1.3368612846             1.6416850926
 H61              5.4645992172             1.6572896367            -0.0810389443
 H36             -1.5814477485             1.8356995284             1.9517083874
 H37             -1.9046772694             4.2834879202             2.1763136799
 H38             -1.3361181497             5.7897202602             0.2473339820
 H39             -0.4422428558             4.8133102850            -1.8550433208
 H40             -0.7205359210             1.7858068727            -3.1231730363
 H41              0.8088263437             1.4875163349            -2.2973778430
 H42              0.4910935245             3.0881007363            -3.0627492087
 H49              0.9935086142            -0.9934609850             1.9371985596
 H48              0.5222641767            -1.9149819714             4.2254349893
 H47             -1.8583882173            -2.0566786819             5.0201307727
 H46             -3.6964183681            -1.2522345651             3.5562030332
 H43             -3.4222859358             0.8239519599             0.6547081218
 H44             -4.5004877081            -0.1181703854             1.7150735503
 H45             -3.7731991480            -0.8671780608             0.2707932392
&

