&gen
basis=6-31G**
igeopt=1
dftname=PBE-D3
ifreq=1
&
entry_name: J1_10413_2111.in
&zmat
C1          4.4941706270         1.2420555692        -1.3727840652
C2          3.7580335821         0.3318927696        -0.4034564795
O3          2.3747924853         0.3068015506        -0.7356166596
C4          1.4325397389        -0.4247307526        -0.0043620282
O5          1.7938312791        -1.0991506674         0.9974745959
C6         -0.0228482235        -0.3999827046        -0.3946459308
C7         -0.2395806983        -0.2307486678        -1.8793004590
C8         -1.1898812339        -1.2682089549        -2.5251636307
O9         -1.6042908935        -0.7836012464        -3.7819522225
C10        -0.7757931345        -1.3808286999        -4.7571559326
O11        -1.5634861076        -1.9456552335        -5.7572651442
C12        -1.0942039468        -3.2644448267        -5.9359145206
C13        -0.3752261068        -3.3618794502        -7.2859039804
C14        -2.2919026097        -4.2173225037        -5.9098928626
O15        -0.1993752601        -3.6369426773        -4.9105659514
C16         0.0165952572        -2.4920823968        -4.1454191494
C17        -0.5639637838        -2.6409204063        -2.7634087814
O18         0.4526834432        -2.9508259680        -1.8208903135
C19         0.2486378556        -4.2155939397        -1.2174018916
C20        -0.5285440815        -4.0602126793         0.0631911610
C21        -1.9334362833        -4.0283559897         0.0464576069
C22        -2.6477189989        -3.8055415858         1.2276967271
C23        -1.9673651425        -3.6185831962         2.4335401022
C24        -0.5710719965        -3.6559760122         2.4606568822
C25         0.1473913447        -3.8678464171         1.2801034675
O26        -0.8795146734         1.0159142140        -1.7915695954
P27        -0.8332796427         1.2006601516        -0.0797246931
C28        -2.6387331554         1.2750275008         0.0092907257
C29        -3.3186867060         2.4986562256        -0.1069225350
C30        -4.7144150902         2.5395931548        -0.0356120523
C31        -5.4415547048         1.3625346994         0.1573989611
C32        -4.7732409566         0.1430942569         0.2876215028
C33        -3.3783848360         0.0983683672         0.2177596741
C34        -0.8303126843         1.2745304934         1.7635018470
C35        -0.6946280948         0.1179679858         2.5610873485
C36        -0.7447668376         0.1968654995         3.9554578011
C37        -0.9572257759         1.4236261881         4.5823751378
C38        -1.1371330909         2.5730640811         3.8149671371
C39        -1.0892015474         2.4997636855         2.4208122079
C40         0.1818850739         2.7092920000        -0.2512317620
C41        -0.1868229133         3.7132171981        -1.1657727449
C42         0.6014147685         4.8570260852        -1.3221049137
C43         1.7714223266         5.0095154703        -0.5760732587
C44         2.1574589631         4.0162504546         0.3251280028
C45         1.3728610572         2.8711695656         0.4843706172
H46         4.3774192251         0.8638875099        -2.4104553602
H47         4.0834864604         2.2721225092        -1.3123752770
H48         5.5741554264         1.2681362599        -1.1164961660
H49         3.8893874328         0.7158934430         0.6314431991
H50         4.1782060398        -0.6950214521        -0.4692422525
H51        -0.5929844810        -1.2586359506         0.0080149638
H52         0.6944281054        -0.1277695888        -2.4740025512
H53        -2.0909700367        -1.3888664423        -1.8869008925
H54        -0.1066338005        -0.6119574188        -5.2022985007
H55        -1.0621425643        -3.0817581332        -8.1131852265
H56        -0.0067577054        -4.3962740449        -7.4561941796
H57         0.4948363064        -2.6713112399        -7.3013721833
H58        -1.9565916895        -5.2674760654        -6.0495825888
H59        -3.0131779237        -3.9578541352        -6.7143843656
H60        -2.8131592397        -4.1411308575        -4.9317626959
H61         1.1011166639        -2.2422106062        -4.1171041968
H62        -1.4046786442        -3.3754740193        -2.8011053713
H63         1.2469644174        -4.6445742549        -0.9869208259
H64        -0.2305045846        -4.9631095337        -1.8917848733
H65        -2.4778325140        -4.1694897743        -0.8776010120
H66        -3.7293544780        -3.7733620896         1.2071780273
H67        -2.5216219762        -3.4417107482         3.3461092903
H68        -0.0446352781        -3.5038947280         3.3939925750
H69         1.2296756652        -3.8728967336         1.3136392140
H70        -2.7779790383         3.4244120393        -0.2305001012
H71        -5.2323609475         3.4858056142        -0.1242393944
H72        -6.5218340363         1.3965515247         0.2139509193
H73        -5.3355605516        -0.7677747507         0.4477585929
H74        -2.8797516666        -0.8525801194         0.3404878977
H75        -0.5700789690        -0.8578835893         2.1317724518
H76        -0.6304408683        -0.7001072922         4.5507425220
H77        -0.9989306179         1.4806071492         5.6623767282
H78        -1.3240108518         3.5223793966         4.3001042843
H79        -1.2620428967         3.4056707593         1.8554462732
H80        -1.0737110780         3.6072939953        -1.7756207299
H81         0.3081056051         5.6227333246        -2.0285811525
H82         2.3815776484         5.8947318267        -0.7003342995
H83         3.0677189672         4.1313212019         0.8992172646
H84         1.6930972011         2.1177035982         1.1911500445
&

