&gen
basis=6-31G**
igeopt=1
dftname=PBE-D3
ifreq=1
&
entry_name: J1_10048_2111.in
&zmat
C1         -0.5152159813        -4.8773995456        -2.7350607978
C2          0.5073779277        -4.7654097958        -1.6049584326
C3          1.8913096223        -5.3085626090        -1.9984737472
C4          2.6392875469        -4.4607459550        -3.0457833768
C5          3.0248065526        -3.0556687590        -2.5368903437
C6          2.1329729239        -1.9564532813        -3.1340866067
C7          2.3978880393        -0.6172621409        -2.4970225751
O8          3.5313479930        -0.1583109350        -2.4968585171
C9          1.2596191848         0.1709794747        -1.8872624398
O10         1.6109594149         1.5131319671        -1.6760684006
P11         1.1837426639         1.6206583481        -0.0088653857
C12         2.8837156741         2.1457914734         0.4122993011
C13         3.5163935730         3.1518229898        -0.3420380385
C14         4.8199061264         3.5555664758        -0.0397233699
C15         5.5112581241         2.9590602872         1.0158408971
C16         4.9005335314         1.9562003810         1.7701831246
C17         3.5976907808         1.5485891471         1.4711968329
C18         0.6099067556         1.6596285001         1.7459821403
C19        -0.2265531855         0.6591117058         2.2896765071
C20        -0.6694707367         0.7354057595         3.6134982840
C21        -0.3109272536         1.8184068616         4.4141365310
C22         0.4820190000         2.8365223424         3.8890791534
C23         0.9286881036         2.7663385043         2.5676423054
C24        -0.0867192392         2.8537408598        -0.3830225560
C25         0.1972831240         4.2283106146        -0.3132813827
C26        -0.7926040861         5.1696431739        -0.6105421147
C27        -2.0713125697         4.7483657565        -0.9823483401
C28        -2.3624323459         3.3843438388        -1.0559356257
C29        -1.3756119384         2.4398903693        -0.7586901830
C30         0.8808575067        -0.1249485812        -0.4558098526
C31         1.7404251818        -1.1167419001         0.2905412339
O32         2.9986834296        -1.0283065596         0.2771725509
O33         1.1168003670        -2.1523902154         0.9912344722
C34         1.8450211509        -3.1360126198         1.7150600140
H35        -0.2384860391        -4.2248733756        -3.5878806735
H36        -0.5912179318        -5.9285061409        -3.0857487925
H37        -1.5110604944        -4.5564810354        -2.3633960942
H38         0.1344527658        -5.3599119837        -0.7430115882
H39         0.5796833627        -3.7128381996        -1.2630409570
H40         2.5176763687        -5.3818812698        -1.0826648942
H41         1.7774853765        -6.3429631689        -2.3901740722
H42         2.0593761566        -4.4074170666        -3.9918902071
H43         3.5766980492        -5.0047321625        -3.2949087614
H44         4.0773274360        -2.8454350034        -2.8293484502
H45         2.9881425000        -3.0239355335        -1.4284874716
H46         2.3307921461        -1.8765062445        -4.2247279665
H47         1.0632434450        -2.2204248733        -3.0053988807
H48         0.3688478814         0.1316204576        -2.5531178378
H49         3.0074496947         3.6213743051        -1.1733674234
H50         5.2954853363         4.3302091253        -0.6272723391
H51         6.5205268466         3.2731494682         1.2484769963
H52         5.4363611442         1.4945755906         2.5894683060
H53         3.1446763831         0.7779375542         2.0803439888
H54        -0.5655683208        -0.1822113882         1.7127079517
H55        -1.3023246193        -0.0449362206         4.0164609558
H56        -0.6585261092         1.8748569970         5.4375757755
H57         0.7474418974         3.6861568990         4.5048708602
H58         1.5283861251         3.5828663662         2.1898365826
H59         1.1741679803         4.5788261499        -0.0154983566
H60        -0.5685339927         6.2268137804        -0.5501653231
H61        -2.8365702262         5.4785066371        -1.2118508519
H62        -3.3536688131         3.0582099329        -1.3432185532
H63        -1.6223948591         1.3894736909        -0.8201002408
H64        -0.1919443214        -0.4026931678        -0.4134095146
H65         2.4453905299        -2.6518794537         2.5141620245
H66         1.1323544513        -3.8474350831         2.1799823302
H67         2.5144905162        -3.6958299074         1.0285668806
&

