&gen
basis=6-31G**
igeopt=1
dftname=PBE-D3
ifreq=1
&
entry_name: J1_10180_2111.in
&zmat
C1         -5.2812166591         0.7796302378        -0.4479847080
C2         -4.2353763409         0.8415559190        -1.5680557079
C3         -3.2356780161        -0.3276222073        -1.5480967438
C4         -3.8387010008        -1.6645824504        -2.0018077175
C5         -2.8575445029        -2.8510247948        -1.9380084098
C6         -2.4866833616        -3.2406727377        -0.5300505931
C7         -1.2921569221        -3.6657781422        -0.0698067051
C8         -0.0089638893        -3.8139182097        -0.8555563076
C9          1.1493729042        -3.0985960142        -0.1877689850
C10         1.3689190090        -1.7698076402        -0.2431822934
C11         0.4988281388        -0.7945589413        -0.9694840410
C12         0.8527550517        -0.2640945751        -2.3800797517
C13         2.3352864509        -0.3009283047        -2.7716255591
O14         2.7417323495        -1.6440521414        -3.0457434528
Si15         4.3701765409        -2.0728020361        -2.8601811821
C16         5.4396306003        -1.0174829986        -4.0134963357
C17         4.9526797443        -1.7957193879        -1.0773092818
C18         4.4266327530        -3.9263936708        -3.3275629112
C19         3.5089055337        -4.7269491594        -2.3804822126
C20         5.8747368029        -4.4457579051        -3.2055362725
C21         3.9304276364        -4.1002558743        -4.7781506223
O22         0.3976250976         1.0719042592        -2.2298309331
P23         0.3667320266         1.0170165460        -0.3604899138
C24         2.0245331594         1.8445028971        -0.2379814926
C25         3.0396925331         1.3398467609         0.5996119908
C26         4.3178723169         1.9160674986         0.5963313359
C27         4.5880736907         3.0252461432        -0.2159246082
C28         3.5759264344         3.5489203292        -1.0334808600
C29         2.3108737091         2.9515179508        -1.0589110923
C30         0.1766519527         0.6309432973         1.5045449260
C31        -0.5096932253        -0.5228229693         1.9319160222
C32        -0.7180640361        -0.7806642423         3.2955773751
C33        -0.2474449144         0.1150641993         4.2628308969
C34         0.4222608064         1.2781766837         3.8565781257
C35         0.6241049109         1.5322511511         2.4949742183
C36        -1.0132919084         2.2924000282        -0.3916584385
C37        -1.8757482029         2.4996918035         0.7048186305
C38        -2.8368503522         3.5199123995         0.6808767153
C39        -2.9463028689         4.3640001933        -0.4302393386
C40        -2.1117149530         4.1544212705        -1.5368442016
C41        -1.1710332471         3.1177496239        -1.5291266694
H42        -5.9636725030         1.6446653296        -0.4885564510
H43        -4.7892189156         0.7912497114         0.5402334425
H44        -5.9004311065        -0.1323516359        -0.5025697854
H45        -3.6782988296         1.7884929159        -1.4826138367
H46        -4.7403500886         0.8704626087        -2.5529924079
H47        -2.3723043933        -0.0763237378        -2.1935541867
H48        -2.8273669255        -0.4332929189        -0.5228707043
H49        -4.2101579674        -1.5586003708        -3.0379030453
H50        -4.7252703332        -1.9067874559        -1.3846041122
H51        -1.9548492146        -2.6214394861        -2.5342039565
H52        -3.3287124869        -3.7240266792        -2.4327113120
H53        -3.3149553119        -3.1971546419         0.1922686524
H54        -1.2149005457        -3.9306189668         0.9933284546
H55        -0.1366736566        -3.4410078045        -1.8862397091
H56         0.2385879109        -4.8880649834        -0.9492028319
H57         1.8592184353        -3.7174296573         0.3742231732
H58         2.2632316818        -1.3747317610         0.2487893940
H59        -0.5401162383        -1.1642694318        -1.0017639298
H60         0.2789914993        -0.7958119896        -3.1681817598
H61         2.9396474393         0.1556675861        -1.9651967651
H62         2.4546009656         0.3388453305        -3.6689257004
H63         5.1402290299        -1.1434867980        -5.0664026084
H64         6.5073114171        -1.2795705922        -3.9268169204
H65         5.3398654205         0.0518930700        -3.7621393510
H66         6.0267118930        -2.0291507579        -0.9821372858
H67         4.8145800623        -0.7470595358        -0.7641827676
H68         4.3992114706        -2.4353268302        -0.3719618727
H69         3.5097068126        -5.7989192846        -2.6578407024
H70         3.8409479413        -4.6591385846        -1.3299825246
H71         2.4701468284        -4.3621016997        -2.4272894861
H72         5.9240737842        -5.5180097686        -3.4758895686
H73         6.2625105901        -4.3504165720        -2.1761340341
H74         6.5659999871        -3.9072715548        -3.8773886030
H75         4.5743032312        -3.5687316094        -5.5003173696
H76         2.9026157975        -3.7197582233        -4.8977430543
H77         3.9321724769        -5.1706104353        -5.0608383310
H78         2.8300731120         0.5006596443         1.2676006512
H79         5.0992432849         1.4997965343         1.2394832249
H80         5.5823859293         3.4821419211        -0.2103926643
H81         3.7760656582         4.4184227116        -1.6672241440
H82         1.5415455966         3.3342050830        -1.7322750526
H83        -0.9023692108        -1.2373738116         1.2026103211
H84        -1.2518658594        -1.6873792945         3.5988962269
H85        -0.4050845718        -0.0868446063         5.3270615554
H86         0.7848443375         1.9933836932         4.6022963519
H87         1.1348094817         2.4534780167         2.1961002812
H88        -1.8094922278         1.8619379293         1.5867125118
H89        -3.5009485263         3.6508830960         1.5406789172
H90        -3.6887624529         5.1680015932        -0.4423081255
H91        -2.2030538132         4.7903573285        -2.4228613878
H92        -0.5697840311         2.9171192750        -2.4165906083
&

