&zmat
 C3             -3.0730277338             1.1348039521             0.4549339361
 C2             -2.4956926526            -0.1766433045            -0.0835857279
 C1             -3.1824801289            -0.6099522780            -1.3812461130
 O12            -4.3636044944            -0.4264836458            -1.6209276168
 O4             -1.1049290324            -0.1357062546            -0.3896143787
 C5             -0.2605330006            -0.1259010693             0.7697498602
 C6              1.1706136763            -0.2067590725             0.3026340437
 C7              1.8239402758            -1.4464846575             0.2026760786
 C8              3.1381379726            -1.5225765810            -0.2763341429
 C9              3.8094552181            -0.3556360265            -0.6668680246
 C10             3.1631319758             0.8855618307            -0.5766640726
 C11             1.8508081326             0.9573599387            -0.0944349365
 H15            -2.7274383230             1.3477366960             1.4777097118
 H16            -4.1718375135             1.0678756893             0.4575674812
 H17            -2.7760653328             1.9674471442            -0.2021350232
 H14            -2.6983937378            -0.9967492172             0.6496446385
 H13            -2.4931248077            -1.1354836664            -2.0946085500
 H18            -0.4182740296             0.7987123591             1.3617014955
 H19            -0.5086512733            -0.9883157959             1.4262238944
 H20             1.2953721209            -2.3578068174             0.5028146812
 H21             3.6391152750            -2.4929842605            -0.3455399029
 H22             4.8364749786            -0.4130067978            -1.0403859430
 H23             3.6840897844             1.7983099835            -0.8813656304
 H24             1.3415058753             1.9246500847            -0.0270911501
&

