&gen
basis=6-31G**
igeopt=1
dftname=PBE-D3
ifreq=1
&
entry_name: J1_10436_2111.in
&zmat
C1          1.9093859075        -3.6376070777         0.5926139521
O2          1.2833728861        -2.5353149950        -0.0519652753
C3          1.3565827848        -1.2304935662         0.4442970178
O4          1.9150921965        -1.0137562639         1.5540639338
C5          0.6366447202        -0.1245482610        -0.3024655311
C6          1.0288501402         0.0687019223        -1.7634074007
C7          2.1839106994        -0.7989016481        -2.3046638232
C8         -0.1951987404         0.0174454907        -2.7056180924
O9          0.1484191316         0.4251119237        -4.0032021710
O10         1.4660347157         1.3960352075        -1.6226897891
P11         1.1169628458         1.6122257382         0.0509041085
C12         2.8599918468         2.1170742767         0.2967050150
C13         3.8799596634         1.1587099758         0.4463824299
C14         5.2160172200         1.5472442860         0.5815095671
C15         5.5602146118         2.8977274848         0.5479926965
C16         4.5689707746         3.8608830227         0.3671213941
C17         3.2327680565         3.4751178274         0.2293543381
C18         0.7055664849         1.7578541221         1.8552162248
C19         1.0458994296         2.9268386982         2.5751713251
C20         0.7156243199         3.0715781735         3.9250659831
C21         0.0023193059         2.0733979851         4.5825579977
C22        -0.4062266775         0.9415133172         3.8827100863
C23        -0.0792110826         0.7919585907         2.5321090851
C24        -0.1568918900         2.8489019748        -0.3576748484
C25        -1.4922114611         2.6627260556         0.0511418672
C26        -2.4799084036         3.5862195150        -0.3021472513
C27        -2.1568591081         4.6873203239        -1.0964305976
C28        -0.8497428881         4.8540905943        -1.5563852500
C29         0.1410680150         3.9331645623        -1.2040746626
H30         1.4933168533        -3.7672667645         1.6141250778
H31         1.7176367567        -4.5593660378         0.0061581416
H32         3.0056867618        -3.4696605072         0.6516037601
H33        -0.4609985292        -0.2533611833        -0.1891412203
H34         2.5260595507        -0.4066100865        -3.2855705280
H35         1.8506726416        -1.8475922841        -2.4507111312
H36         3.0569212688        -0.7848382152        -1.6228923816
H37        -1.0201771827         0.6588940373        -2.3173636622
H38        -0.5790214110        -1.0240391908        -2.7504994979
H39         0.2109788365         1.4157630353        -3.9831333976
H40         3.6700977610         0.1074845565         0.4310452859
H41         5.9874775396         0.7972088447         0.6999180625
H42         6.5952560972         3.1968243154         0.6512814532
H43         4.8353359112         4.9094222961         0.3320084866
H44         2.4963335172         4.2513579231         0.1013401996
H45         1.5357313727         3.7572308928         2.1012345314
H46         0.9987322007         3.9707354814         4.4571985654
H47        -0.2577602127         2.1896532865         5.6267383028
H48        -0.9934706730         0.1823902550         4.3834287258
H49        -0.4737197874        -0.0777977934         2.0363616792
H50        -1.7775482670         1.7996437931         0.6356812669
H51        -3.4994936091         3.4409793895         0.0307473230
H52        -2.9238234349         5.3987200110        -1.3740724522
H53        -0.6070210867         5.6884780945        -2.2016658162
H54         1.1271805037         4.0508846588        -1.6294716341
&

