&gen
basis=6-31G**
igeopt=1
dftname=PBE-D3
ifreq=1
&
entry_name: J1_10296_2111.in
&zmat
C1          0.7041351108        -5.5485109927        -6.3831810162
O2         -0.2317258428        -4.5549883568        -6.7827148122
C3         -1.3308084886        -4.1943408085        -5.9969428961
O4         -1.5585917396        -4.8015769736        -4.9158522633
C5         -2.2507031608        -3.1413770212        -6.4872983655
C6         -2.8370224179        -2.2217894467        -5.6892583945
C7         -2.6030603931        -2.0455077480        -4.2036343331
C8         -1.4605538239        -1.0454478447        -3.8360855913
C9         -1.8120385232         0.3623123548        -4.3699498058
C10        -0.1220907051        -1.5096921598        -4.4575893906
C11        -1.3503745351        -1.0298144916        -2.2770583744
C12        -0.4005666444         0.0289192246        -1.6725346924
O13        -0.9938827271         1.3063508914        -1.6580384929
P14        -0.8928578850         1.5974136856         0.0349884417
C15        -2.6958532892         1.8376501462         0.0401517441
C16        -3.2515806309         3.1057375202        -0.2058200846
C17        -4.6379682017         3.2717715377        -0.2769376133
C18        -5.4845736215         2.1717388840        -0.1303604237
C19        -4.9453693541         0.9012899914         0.0763614313
C20        -3.5601632248         0.7313020904         0.1478306507
C21        -0.6463195144         1.6537315872         1.8701689489
C22        -1.6707483033         1.3362171690         2.7923418778
C23        -1.4290221732         1.3491607704         4.1693994388
C24        -0.1618935678         1.6583936095         4.6589038604
C25         0.8713911893         1.9482684815         3.7717246244
C26         0.6365108986         1.9391079455         2.3953532290
C27         0.0747304689         3.1303233383        -0.2484270806
C28         1.0542343455         3.1979312378        -1.2592509854
C29         1.7774006329         4.3743008854        -1.4756003925
C30         1.5275632925         5.5046744119        -0.6970066412
C31         0.5493341831         5.4626824049         0.2965228259
C32        -0.1760907641         4.2890299909         0.5168043073
C33        -0.2462405402        -0.0919178216        -0.1753795206
C34         1.1611642615        -0.3497686122         0.3275188012
C35         1.3979304561        -1.0579958496         1.4281355388
C36         2.8259362050        -1.1026122076         1.6053713122
O37         3.4283453473        -1.6809682533         2.5464867475
O38         3.4557088273        -0.4141739043         0.5906812479
C39         2.4665859014         0.1160141382        -0.2837558355
C40        -2.4575741854        -3.0532804015        -7.9794692981
O41        -1.3136304555        -2.4733228734        -8.6031493157
C42        -1.0277630570        -1.1045382950        -8.5673369416
C43         0.2549232301        -0.6079446348        -9.1409424592
O44        -1.8617443612        -0.2821208632        -8.1014703905
H45         1.1880878474        -5.2517023607        -5.4285289274
H46         1.4839197487        -5.6500097744        -7.1654967786
H47         0.1911808899        -6.5254039710        -6.2569266458
H48        -3.4920811448        -1.4879028880        -6.1446356556
H49        -2.4477564238        -3.0158180212        -3.6965540587
H50        -3.5558352072        -1.6609531992        -3.7769977318
H51        -1.9833577750         0.3434323182        -5.4653741874
H52        -2.7303894380         0.7491206943        -3.8778546547
H53        -0.9814345473         1.0766518418        -4.1902316865
H54         0.1521830307        -2.5206775721        -4.0878700695
H55         0.7053896981        -0.8132608588        -4.2171677138
H56        -0.1864793224        -1.5400496832        -5.5648717160
H57        -2.3625780533        -0.8775562284        -1.8456989456
H58        -1.0089720324        -2.0327899518        -1.9361726970
H59         0.5665580024         0.0710274925        -2.2041554283
H60        -2.6257738269         3.9672945354        -0.3738980558
H61        -5.0557578260         4.2532229582        -0.4606704819
H62        -6.5574197611         2.3020464240        -0.1887634766
H63        -5.6008917834         0.0462249120         0.1792312755
H64        -3.1694289266        -0.2612987096         0.3160032560
H65        -2.6630370979         1.0664628553         2.4826686582
H66        -2.2278922961         1.1098621932         4.8596305633
H67         0.0214866386         1.6633575119         5.7255631811
H68         1.8602951389         2.1736698672         4.1495721929
H69         1.4706624193         2.1472597361         1.7403183263
H70         1.2658036787         2.3478245217        -1.8903470074
H71         2.5307594030         4.4098613194        -2.2519555140
H72         2.0884222156         6.4145716796        -0.8670857310
H73         0.3511157983         6.3411633464         0.8968697376
H74        -0.9299938407         4.2852571958         1.2933965731
H75        -0.9563130984        -0.8252698597         0.2643905727
H76         0.6524413290        -1.5074092233         2.0718165423
H77         2.6118240333        -0.3003033686        -1.3016387436
H78         2.5394918413         1.2185219825        -0.2837951091
H79        -3.3740075519        -2.4813323603        -8.2461591910
H80        -2.5949864848        -4.0788971293        -8.3829122927
H81         0.0883303713        -0.2733311051       -10.1857890834
H82         1.0121832058        -1.4197225414        -9.1335741435
H83         0.6369216910         0.2430289592        -8.5383443926
&

