&gen
basis=6-31G**
igeopt=1
dftname=PBE-D3
ifreq=1
&
entry_name: J1_10253_2111.in
&zmat
C1          0.6864690448        -5.0373658848        -9.9217875306
C2         -0.3020494834        -3.8842472855        -9.7747322496
C3          0.4033422879        -2.6099295846        -9.2891783659
C4         -0.5250890142        -1.3825447886        -9.2734745951
C5         -1.7503963708        -1.5006754319        -8.3440438141
C6         -1.4294708247        -1.8189720154        -6.8724607509
C7         -0.5760465363        -0.7302397998        -6.1992979941
C8         -0.3313941957        -1.0114869401        -4.7075029697
C9         -1.5483597022        -0.6590033274        -3.8341795348
C10        -1.3234292531        -0.9834276011        -2.3483037014
C11        -0.3427026127        -0.0139127529        -1.6642450901
O12        -0.8542287942         1.2929052854        -1.6462152552
P13        -0.8685194709         1.5229946234         0.0603608162
C14        -2.6472989284         1.8536615380         0.0466613845
C15        -3.5565126032         0.7957575380         0.2128271195
C16        -4.9331111514         1.0374398000         0.1964700977
C17        -5.4137443620         2.3367248884         0.0193723688
C18        -4.5175957736         3.3966728855        -0.1363121655
C19        -3.1400386106         3.1586509283        -0.1218346116
C20        -0.9239603903         1.6538114829         1.8992545478
C21        -0.8756411136         0.5202433356         2.7410737985
C22        -0.9378873457         0.6578098969         4.1309216370
C23        -1.0694987558         1.9200433940         4.7079104545
C24        -1.1491615015         3.0497531857         3.8958117614
C25        -1.0862304584         2.9200546946         2.5066196827
C26         0.3575064752         2.8680400494        -0.0967985751
C27         1.5345913077         2.8742347748         0.6784970045
C28         2.4832265897         3.8882740018         0.5238975363
C29         2.2772357838         4.9028204135        -0.4120898057
C30         1.1236604712         4.9019152485        -1.1982160870
C31         0.1720056568         3.8891619005        -1.0472569805
C32        -0.2764829022        -0.1822757893        -0.1708786665
C33         1.0984829613        -0.3721745736         0.3094253259
C34         2.2247915895        -0.5062597019         0.7126037310
Si35         3.9175112048        -0.6444443848         1.3395527759
C36         4.4884692768        -2.4173467977         1.2237291574
C37         5.0359352682         0.4493342987         0.3218975593
C38         3.9509095847        -0.0829910114         3.1190352304
H39         1.4661792238        -4.7849256812       -10.6716882825
H40         0.1485539003        -5.9471023983       -10.2624330463
H41         1.1717597680        -5.2555967868        -8.9465603440
H42        -0.7847599547        -3.6964753874       -10.7584265219
H43        -1.0847956385        -4.1863892138        -9.0471158431
H44         0.8415601093        -2.7751197036        -8.2822183059
H45         1.2479742798        -2.3837984638        -9.9764562830
H46         0.0684684347        -0.4878559621        -8.9895062417
H47        -0.8890913926        -1.1982757553       -10.3077927036
H48        -2.4345859201        -2.2823539871        -8.7373817309
H49        -2.3139848179        -0.5431559452        -8.3865746857
H50        -2.3982544099        -1.9112368740        -6.3394932092
H51        -0.9239343252        -2.8043741202        -6.7934786324
H52         0.4155856476        -0.6929697828        -6.6980845136
H53        -1.0551898493         0.2655185967        -6.3245405912
H54         0.5335124809        -0.3926943509        -4.3893190938
H55        -0.0523798651        -2.0785204751        -4.5645588192
H56        -2.4267909360        -1.2463458094        -4.1729660562
H57        -1.8015418277         0.4171954583        -3.9519804129
H58        -2.3082934028        -0.9326926720        -1.8357901145
H59        -0.9472834165        -2.0243173075        -2.2431228005
H60         0.6588434421        -0.0244919990        -2.1480957382
H61        -3.2048062250        -0.2149491610         0.3646277659
H62        -5.6274566767         0.2171320783         0.3245038230
H63        -6.4798543407         2.5229669665         0.0088226563
H64        -4.8904429882         4.4047490697        -0.2637247079
H65        -2.4684157932         3.9973864832        -0.2215648645
H66        -0.7978932325        -0.4803903527         2.3525858761
H67        -0.8906572413        -0.2199942731         4.7625796603
H68        -1.1193563094         2.0215837585         5.7843028103
H69        -1.2635956746         4.0289545042         4.3425301741
H70        -1.1617875322         3.8157121634         1.9049684487
H71         1.7149053079         2.1093517235         1.4198153294
H72         3.3790032819         3.8868770624         1.1315019973
H73         3.0136857718         5.6868400043        -0.5317667551
H74         0.9700150851         5.6824641587        -1.9321103341
H75        -0.6976601543         3.8949791474        -1.6901495984
H76        -0.9735537193        -0.9561293691         0.2113726775
H77         3.8177826221        -3.0617754105         1.8283002826
H78         4.4616372437        -2.7457371488         0.1644561351
H79         5.5253398948        -2.4971342698         1.6098209760
H80         6.0736970039         0.3771497610         0.7069420537
H81         4.6871857408         1.5001980115         0.3917567397
H82         5.0098366562         0.1210620836        -0.7373903010
H83         3.2769656016        -0.7255695105         3.7219928036
H84         4.9855672025        -0.1592815732         3.5115730452
H85         3.6081904157         0.9705680952         3.1795174369
&

