&gen
basis=6-31G**
igeopt=1
dftname=PBE-D3
ifreq=1
&
entry_name: J1_10081_2111.in
&zmat
C1          3.8294518248        -1.5204746105         1.9292886356
O2          3.0001402073        -0.6492529793         1.1715085683
C3          1.7922906070        -1.0579691665         0.6007442835
O4          1.4023089300        -2.2496571163         0.7325289874
C5          0.9258008341        -0.0957704708        -0.1677899779
C6          1.2901330892         0.1522239620        -1.6138667672
C7          2.1983083494        -0.7924702293        -2.4421485318
C8          3.6633834592        -0.8620020910        -2.1304953032
O9          4.0724569605        -2.1034035741        -2.6136436692
C10         2.8969482332        -2.8884789967        -2.6798922515
C11         3.0068408771        -4.0354175945        -1.6708995502
C12         2.7547306931        -3.4556223534        -4.0972323179
O13         1.7548077614        -2.1104437142        -2.3767726009
O14         1.7937489998         1.4548172026        -1.4290502774
P15         1.2103355407         1.6740536414         0.1837932053
C16         2.7785918762         2.4558105470         0.7445614715
C17         2.7577687204         3.5400788877         1.6503854513
C18         3.9439257952         4.1430458599         2.0767730746
C19         5.1713020730         3.6872875149         1.5973602220
C20         5.2117685336         2.6343587045         0.6839618677
C21         4.0264410612         2.0300989104         0.2556819604
C22         0.5040520800         1.5737411570         1.8969455861
C23        -0.8793456395         1.7325183810         2.1469831327
C24        -1.4017693400         1.5956709041         3.4363686043
C25        -0.5669369884         1.2694723633         4.5021145800
C26         0.7919765187         1.0659036995         4.2788242464
C27         1.3203219007         1.2014850443         2.9930256216
C28         0.0030774967         2.8768359631        -0.4657128758
C29         0.2973501475         4.2520714797        -0.5037148033
C30        -0.6086331159         5.1579762670        -1.0636616461
C31        -1.8047853046         4.7015844606        -1.6190535217
C32        -2.0903548979         3.3359237405        -1.6290939739
C33        -1.1868508446         2.4272658044        -1.0715277609
H34         4.7182835599        -0.9583749566         2.2818392685
H35         3.2725754147        -1.9033677192         2.8104663602
H36         4.1676728330        -2.3687059531         1.2982235962
H37        -0.1489554231        -0.3584701584        -0.0548099099
H38         0.3414829791         0.2351857432        -2.1910755893
H39         2.1083590730        -0.4571037913        -3.5020955752
H40         4.2228536640        -0.0485763645        -2.6398878339
H41         3.8720547818        -0.8419507313        -1.0518152914
H42         3.1709676502        -3.6307267661        -0.6516759663
H43         3.8654677685        -4.6941828841        -1.9227612386
H44         2.0749974748        -4.6405527360        -1.6677027542
H45         2.6806464000        -2.6268222916        -4.8329659637
H46         3.6380983849        -4.0772391150        -4.3579529711
H47         1.8381522357        -4.0789214220        -4.1752524324
H48         1.8212180429         3.9169940471         2.0403723966
H49         3.9100419416         4.9656997049         2.7793021520
H50         6.0899586060         4.1550345810         1.9270194487
H51         6.1632176402         2.2891194172         0.3003368350
H52         4.0952005226         1.2435642361        -0.4675450179
H53        -1.5831503521         1.9439525607         1.3640725202
H54        -2.4622483371         1.7313609723         3.6062848356
H55        -0.9755608811         1.1611290344         5.4984825599
H56         1.4395737875         0.7966204040         5.1033186196
H57         2.3777901514         1.0250894404         2.8721485889
H58         1.2331464737         4.6365235727        -0.1346509561
H59        -0.3752123571         6.2147937656        -1.0802754994
H60        -2.5032650742         5.4045210892        -2.0542837855
H61        -3.0112902050         2.9797213296        -2.0723279189
H62        -1.4335417279         1.3752292822        -1.0902682274
&

