&gen
basis=6-31G**
igeopt=1
dftname=PBE-D3
ifreq=1
&
entry_name: J1_9908_2111.in
&zmat
C1          0.3998185696         1.2859046854        -5.9888800221
C2          0.6581546802         0.2183639907        -4.9672500708
C3          0.1003956713        -1.0587411709        -5.1211379976
C4          0.3089124584        -2.0379431427        -4.1482866537
C5          1.0546752470        -1.7441916007        -3.0049001406
C6          1.5933348910        -0.4590789434        -2.8138148586
C7          2.3870280232        -0.1536246473        -1.5495972325
C8          3.7572950699        -0.8544849281        -1.5939531856
O9          2.5831472801         1.2301911841        -1.3924659271
P10         1.6822998473         1.4605751414         0.0577629594
C11         3.1871934363         2.0521278673         0.9039433063
C12         3.5913682250         1.5104111805         2.1399920395
C13         4.7575670494         1.9601592481         2.7652283675
C14         5.5390723579         2.9477795434         2.1632049839
C15         5.1559000445         3.4866298046         0.9337719290
C16         3.9897647687         3.0408392035         0.3053503885
C17         0.6084134848         1.6401585656         1.5486355644
C18         0.7297101712         2.7787560055         2.3801036242
C19        -0.1073770197         2.9586917622         3.4836896442
C20        -1.1044912130         2.0271437298         3.7646019730
C21        -1.2777033275         0.9239964193         2.9307936304
C22        -0.4435089857         0.7381317235         1.8244958784
C23         0.5755946746         2.6167898830        -0.7846979930
C24         0.7977672832         4.0027127218        -0.7245914400
C25        -0.0507442783         4.8831501274        -1.4023676778
C26        -1.1251272131         4.3886672900        -2.1456964411
C27        -1.3569379184         3.0127491151        -2.2063940309
C28        -0.5140380381         2.1298587444        -1.5259669597
C29         1.5502580115        -0.3277668157        -0.2863364602
C30         2.1371558811        -1.2366200629         0.8056206736
C31         1.4002940967         0.5148497175        -3.8139753211
H32         0.2009926541         0.8394750065        -6.9864654619
H33         1.2808656417         1.9559975689        -6.0820842240
H34        -0.4807142257         1.8866612532        -5.6787234300
H35        -0.4931698061        -1.2974320476        -5.9949927613
H36        -0.1144042861        -3.0256916409        -4.2772914722
H37         1.2016777058        -2.5151057865        -2.2586080651
H38         4.2621103154        -0.6338304263        -2.5588278203
H39         3.6401670738        -1.9549096431        -1.5036050105
H40         4.4207216205        -0.4841171095        -0.7843115611
H41         2.9950370799         0.7576862421         2.6366099657
H42         5.0540111574         1.5438558839         3.7192944284
H43         6.4422764530         3.2943315294         2.6485134122
H44         5.7654665915         4.2478435585         0.4642741415
H45         3.7232563488         3.4607812093        -0.6555097356
H46         1.4679263327         3.5418376582         2.1759709510
H47         0.0113442235         3.8293018897         4.1157550783
H48        -1.7551564914         2.1697598305         4.6176801976
H49        -2.0702784580         0.2153033779         3.1341652850
H50        -0.6519344903        -0.1077361640         1.1935858785
H51         1.6148403511         4.4086912848        -0.1467965058
H52         0.1246899634         5.9499083430        -1.3506780707
H53        -1.7794772325         5.0715933116        -2.6717989828
H54        -2.1901599746         2.6295574022        -2.7811301223
H55        -0.7122654370         1.0689511543        -1.5845719642
H56         0.5116178385        -0.6292204044        -0.5286512258
H57         1.5299779189        -1.1729427133         1.7303097795
H58         3.1827053139        -0.9761814428         1.0578400914
H59         2.1114530338        -2.2901877943         0.4573521702
H60         1.8126248643         1.5093034484        -3.6971754637
&

