&gen
basis=6-31G**
igeopt=1
dftname=PBE-D3
ifreq=1
&
entry_name: J1_9756_2111.in
&zmat
C1          4.0573804740        -2.9239973629         0.2293324276
C2          3.3083096014        -1.6589559120        -0.1784399485
C3          2.3489296910        -1.2062083813         0.9247687064
C4          1.7123671146         0.1178867328         0.5840509913
P5          0.0995865797         0.2656857941         0.3134964694
C6         -0.8262794819        -0.1768056571         1.8321593727
C7         -0.1054912598        -0.4303031366         3.0176237081
C8         -0.7561471822        -0.7863072971         4.1982184828
C9         -2.1428431943        -0.8713734712         4.2326288724
C10        -2.8858717631        -0.5729842401         3.0934552847
C11        -2.2504352959        -0.2053718261         1.8920188886
C12        -3.1228587741         0.1934319560         0.7338661448
C13        -0.2421860496         2.0364488709         0.0334158883
C14         0.2829565197         2.9191197508         0.9961234904
C15         0.0984521094         4.2964764463         0.8925276944
C16        -0.6233343262         4.8239354434        -0.1719635917
C17        -1.1800733591         3.9739962356        -1.1252633496
C18        -1.0287411525         2.5774418749        -1.0303777347
C19        -1.6891087669         1.7567639925        -2.1068073898
C20        -0.1731628807        -0.8826240556        -1.0696856847
C21        -0.9184791653        -2.0507087080        -0.8300071548
C22        -1.1280193424        -2.9878477522        -1.8410364478
C23        -0.5647755227        -2.7954594159        -3.0990839742
C24         0.2281103647        -1.6754218108        -3.3443930715
C25         0.4437575088        -0.7117185389        -2.3438041463
C26         1.4180754132         0.3986468311        -2.6566729013
H27         4.7351066862        -3.2358427087        -0.5930963873
H28         4.6664506772        -2.7360683900         1.1391227986
H29         3.3404776006        -3.7484436522         0.4308760542
H30         2.7357539584        -1.8753710986        -1.1041799781
H31         4.0468565266        -0.8558598672        -0.3933631952
H32         2.9125747406        -1.0843879075         1.8744308947
H33         1.5742361561        -1.9891834418         1.0803507236
H34         2.3531698793         0.9860606275         0.4681319816
H35         0.9677866551        -0.3388127122         3.0532326362
H36        -0.1811018757        -0.9883479361         5.0928198160
H37        -2.6455224672        -1.1465192028         5.1509337246
H38        -3.9663597389        -0.6145773051         3.1574859830
H39        -4.2017685210         0.1305066900         0.9902559680
H40        -2.9615192356        -0.4797919794        -0.1264731750
H41        -2.9206054375         1.2457608983         0.4586917622
H42         0.8474410115         2.5382625060         1.8383669342
H43         0.5201049189         4.9565871987         1.6395682807
H44        -0.7588722386         5.8945572610        -0.2558076766
H45        -1.7440980248         4.4109070229        -1.9407823048
H46        -1.0197668813         1.6751521877        -2.9855606849
H47        -1.9806882539         0.7562303246        -1.7586605274
H48        -2.6292943271         2.2444623370        -2.4424416962
H49        -1.3357398114        -2.2510935301         0.1466628326
H50        -1.7177702789        -3.8736250340        -1.6432023309
H51        -0.7207544314        -3.5294229118        -3.8791450226
H52         0.6927958439        -1.5682504084        -4.3171582786
H53         1.2822245034         1.2879052255        -2.0179609046
H54         2.4565101194         0.0312883322        -2.5311280403
H55         1.2922543865         0.7341711121        -3.7081212147
&

