&gen
basis=6-31G**
igeopt=1
dftname=PBE-D3
ifreq=1
&
entry_name: J1_10216_2111.in
&zmat
C1         -2.8616079744         1.5479655339        -5.0049719356
C2         -1.9940917618         0.7256701199        -4.4108593664
C3         -2.4503644278        -0.5611525204        -3.7750408579
C4         -3.3356138086        -0.3720364561        -2.5454219414
C5         -1.9204697027        -0.9169433297        -2.3812149630
C6         -0.8361073895         0.0059262750        -1.7580876257
O7         -1.2147272881         1.3586923752        -1.7164195293
P8         -1.0192056706         1.6233386462        -0.0273112703
C9         -2.7831996837         2.0664625229         0.0828729333
C10        -3.3021463941         3.0788954763        -0.7450638144
C11        -4.6601536926         3.4055406924        -0.7019227241
C12        -5.5167264068         2.7245142468         0.1647428152
C13        -5.0161598183         1.7150903318         0.9890339116
C14        -3.6590101623         1.3836179555         0.9477774685
C15        -0.6889421367         1.8225886260         1.7792355012
C16        -1.3387789508         2.8295969550         2.5325447080
C17        -1.0554966995         3.0114188354         3.8884097648
C18        -0.0963171758         2.2195505224         4.5158995242
C19         0.5961889353         1.2579654082         3.7829198124
C20         0.3182348978         1.0712930822         2.4259709243
C21         0.2140575708         2.9118175223        -0.3299306139
C22         1.5182528162         2.5571248587        -0.7126365943
C23         2.4776424462         3.5452049845        -0.9523969440
C24         2.1437536944         4.8942838433        -0.8132656885
C25         0.8494542506         5.2570763779        -0.4338239588
C26        -0.1130469223         4.2721236989        -0.1939431716
C27        -0.5688404401        -0.1319269805        -0.2724504804
C28        -1.4394143456        -1.1304855171         0.5237114793
C29        -0.8259335802        -2.5374887694         0.5094806314
C30        -1.7607746823        -3.5510468473         1.1785061796
C31        -1.1445785069        -4.9467931821         1.1883098876
H32        -2.5096062610         2.4578435471        -5.4798850841
H33        -3.9236295141         1.3221068733        -5.0191961900
H34        -0.9351449100         0.9633339025        -4.4373056277
H35        -2.7645396201        -1.4049322092        -4.4255570468
H36        -4.1285768055        -1.1418575324        -2.4406388632
H37        -3.5169252175         0.6807313908        -2.2525306694
H38        -1.8385538676        -2.0133875660        -2.2422115283
H39         0.1099611982        -0.0971952240        -2.3335137002
H40        -2.6612143151         3.6022711371        -1.4422716627
H41        -5.0496106503         4.1831515833        -1.3461359161
H42        -6.5683331692         2.9783362917         0.1970376082
H43        -5.6800584838         1.1901521088         1.6636456650
H44        -3.2966615087         0.6152225843         1.6125328226
H45        -2.0602158527         3.4941773318         2.0795598636
H46        -1.5736183134         3.7777399866         4.4504852340
H47         0.1246561246         2.3646644457         5.5654494586
H48         1.3614557712         0.6624718012         4.2640641187
H49         0.9128777061         0.3452702703         1.8991123344
H50         1.7969742389         1.5192480620        -0.8284362277
H51         3.4806215945         3.2645172166        -1.2468036893
H52         2.8878202684         5.6581090263        -0.9985485503
H53         0.5919820229         6.3025044121        -0.3232422799
H54        -1.1041270270         4.5763684218         0.1096624019
H55         0.5139438768        -0.3072260522        -0.1099951013
H56        -2.4812826209        -1.1533900166         0.1412938802
H57        -1.4880179048        -0.8115391400         1.5844373398
H58        -0.6183700924        -2.8596230897        -0.5318962311
H59         0.1423818553        -2.5138095514         1.0569441513
H60        -2.7264924116        -3.5886790079         0.6286041005
H61        -1.9636273091        -3.2394684876         2.2264481679
H62        -0.9552138742        -5.2921563610         0.1495666463
H63        -0.1884938501        -4.9425038858         1.7539527912
H64        -1.8432069052        -5.6580340665         1.6771668328
&

