&zmat
 C8             -1.6160662092            -2.7271153163            -3.4230692590
 C7             -2.5753157571            -2.1409634853            -2.3781051236
 C6             -2.4320925514            -0.6231104513            -2.1624110857
 C5             -1.0487079804            -0.1004037244            -1.7400540987
 O9             -0.9962406006             1.3278321516            -1.8308522480
 P10            -0.9774133088             1.6274262822            -0.0159744829
 C11            -2.7312288337             2.1746304091             0.0016265708
 C12            -3.0897492791             3.3521114950            -0.6798560950
 C13            -4.4259863905             3.7672303772            -0.7148329218
 C14            -5.4210107269             3.0017129228            -0.0901708978
 C15            -5.0725908909             1.8200349834             0.5778796272
 C16            -3.7331325841             1.4111043957             0.6320684177
 C17            -0.6686292528             1.6219669345             1.8917047375
 C18             0.6082460633             1.1911292061             2.3165520936
 C19             0.9543391853             1.1419666992             3.6715557911
 C20             0.0272121944             1.5377934412             4.6469149062
 C21            -1.2375226548             1.9843213460             4.2487056865
 C22            -1.5799670255             2.0251454910             2.8868974529
 C23             0.1675498964             3.0793303376            -0.2776833293
 C24             0.1894893677             4.1410481492             0.6516002377
 C25             1.0225312604             5.2464674108             0.4478449129
 C26             1.8745506769             5.2910499093            -0.6652836759
 C27             1.8680567226             4.2362988766            -1.5862270808
 C28             1.0088627385             3.1436215386            -1.4043415385
 C4             -0.6435071655            -0.2299031480            -0.2501853877
 C3             -1.2200635519            -1.2805538382             0.6971834117
 C2             -0.4555982091            -2.6148688743             0.6387165761
 C1             -1.0747984290            -3.6932067380             1.5325324655
 H42            -1.8392745614            -3.7887612537            -3.6179023942
 H43            -0.5638888088            -2.6682251573            -3.0972545435
 H44            -1.6940496646            -2.1859146317            -4.3819767063
 H40            -3.6158705316            -2.3420416503            -2.6920658785
 H41            -2.4471249368            -2.6808329395            -1.4226709543
 H38            -2.6631900556            -0.0992201575            -3.1083383255
 H39            -3.1890925139            -0.2730816422            -1.4386262042
 H37            -0.2773716743            -0.5357532091            -2.4084534166
 H45            -2.3183336266             3.9372392087            -1.1886511681
 H46            -4.6921051700             4.6896710342            -1.2400746573
 H47            -6.4657816013             3.3248635158            -0.1250956723
 H48            -5.8434775454             1.2157739909             1.0659064311
 H49            -3.4670230458             0.4991521024             1.1748533489
 H50             1.3598358169             0.9034734357             1.5712973767
 H51             1.9521196756             0.8022167972             3.9679244998
 H52             0.2936603719             1.5043640558             5.7078674283
 H53            -1.9663010560             2.3085465205             4.9989959038
 H54            -2.5716527094             2.3894202243             2.6036075893
 H55            -0.4485179228             4.1040264408             1.5386805068
 H56             1.0145676470             6.0702217755             1.1684476353
 H57             2.5387924350             6.1482912588            -0.8141296409
 H58             2.5275725631             4.2657798132            -2.4592513368
 H59             0.9552997783             2.3392016015            -2.1400669373
 H36             0.4626883236            -0.2832633277            -0.2020084154
 H34            -2.2886431874            -1.4472560967             0.4693406619
 H35            -1.1806726387            -0.8965433840             1.7327539927
 H32             0.5927354327            -2.4315777199             0.9419313428
 H33            -0.4111511259            -2.9749832877            -0.4061446618
 H29            -2.1085330764            -3.9220768939             1.2204121632
 H30            -0.4989429063            -4.6321723266             1.4954243996
 H31            -1.1122794839            -3.3625313797             2.5847815033
&

