&gen
basis=6-31G**
igeopt=1
dftname=PBE-D3
ifreq=1
&
entry_name: J1_10008_2111.in
&zmat
C1         -1.3640842950        -3.6063015526         1.2027475851
C2         -0.5775157956        -2.4930034339         0.5174695039
C3         -1.3718692365        -1.1782553076         0.4972754012
C4         -0.6581133227        -0.1153965026        -0.3725971554
C5         -1.0995087992         0.0933941614        -1.8128601820
C6         -2.3806155755        -0.5856198389        -2.3535293458
C7         -2.2652309983        -2.0849772609        -2.6791037337
C8         -1.1014679310        -2.4182881104        -3.6113619920
O9         -1.3627310041         1.4666818742        -1.6817653071
P10        -1.0711756553         1.6237746638         0.0058011159
C11        -2.8248225707         2.0591092348         0.2321189690
C12        -3.3678707104         3.1520459967        -0.4669985946
C13        -4.7191153845         3.4819461188        -0.3307566472
C14        -5.5454817054         2.7204631320         0.4975845145
C15        -5.0217250097         1.6264116480         1.1888485750
C16        -3.6710750975         1.2924380403         1.0546379883
C17        -0.6243205164         1.6990727104         1.7948487766
C18         0.4842447230         0.9747805627         2.2868700557
C19         0.8596765926         1.0582190826         3.6302756433
C20         0.1632387486         1.8923885111         4.5027150392
C21        -0.8971722773         2.6619986290         4.0282321430
C22        -1.2781162124         2.5827459416         2.6862071031
C23         0.1422955561         2.9335400272        -0.2855346010
C24        -0.1495526462         4.2711424407         0.0337140271
C25         0.7968434603         5.2741521556        -0.1949770125
C26         2.0394981702         4.9523894195        -0.7456637441
C27         2.3375781665         3.6264023435        -1.0681715097
C28         1.3941649123         2.6201915028        -0.8403659039
H29        -2.3045255682        -3.8115471097         0.6484621498
H30        -0.7545324977        -4.5341193357         1.2228742139
H31        -1.6090317238        -3.3181797160         2.2472845806
H32         0.3746520024        -2.3363079488         1.0703630649
H33        -0.3139841121        -2.8117650811        -0.5122023236
H34        -2.4170117584        -1.3522531953         0.1796020680
H35        -1.4217876386        -0.8318854302         1.5480860710
H36         0.4419927155        -0.2585343766        -0.3543728119
H37        -0.2494989015        -0.0375911711        -2.5163000840
H38        -2.6567944749        -0.0646878244        -3.2966832796
H39        -3.2327637311        -0.4166738672        -1.6616303092
H40        -3.2073627687        -2.3965411109        -3.1801302227
H41        -2.1941258595        -2.6896687669        -1.7573591229
H42        -1.1857055644        -3.4743253073        -3.9439269957
H43        -0.1324892412        -2.3021766037        -3.0827583621
H44        -1.1200406559        -1.7616928250        -4.5070633199
H45        -2.7498712460         3.7423687248        -1.1306305713
H46        -5.1268046242         4.3255344452        -0.8725681223
H47        -6.5917601612         2.9768462531         0.6022650033
H48        -5.6624147525         1.0374500560         1.8323601084
H49        -3.2910054793         0.4554651119         1.6172737074
H50         1.0808825773         0.3509849814         1.6416976988
H51         1.7025962004         0.4835235713         3.9920430397
H52         0.4592597160         1.9588631138         5.5416492973
H53        -1.4179831428         3.3334839906         4.6986887258
H54        -2.0736126255         3.2341577382         2.3553315289
H55        -1.1002870141         4.5408655044         0.4712067066
H56         0.5672415191         6.3013649286         0.0571044487
H57         2.7712603190         5.7300992476        -0.9219852421
H58         3.3002710701         3.3777904954        -1.4957922606
H59         1.6435541918         1.6011534259        -1.1007405266
&

