&gen
basis=6-31G**
igeopt=1
dftname=PBE-D3
ifreq=1
&
entry_name: J1_10149_2111.in
&zmat
C1          1.7581150679        -3.2324706558         2.1617793631
C2          1.0622029053        -2.6707200965         0.9134612518
C3          1.2667574116        -3.6308454955        -0.2619832959
C4          1.5808934660        -1.2442865409         0.6068363213
C5          0.6712136684        -0.4532410177        -0.3820627893
C6          1.0875854602        -0.3304222157        -1.8518354913
C7          2.4852472639        -0.8577390788        -2.2341518734
C8          0.0055633406        -0.8271240609        -2.8380914748
O9          0.3420137423        -0.4407612912        -4.1618386036
C10        -0.6622774425         0.3678799385        -4.7429342700
C11        -0.3264794261         0.5730488772        -6.2354298798
C12        -0.7746199034         1.9549098059        -6.7361730083
C13        -2.0443383873         2.4098326458        -6.0158433080
C14        -1.8611751867         2.3470395997        -4.4824187177
O15        -0.7072861308         1.6230270378        -4.0845361306
O16         1.1225813185         1.0723002581        -1.8746537514
P17         0.7707051751         1.3716031097        -0.2175877284
C18         2.4299218028         2.1136911737        -0.0233598150
C19         3.3121323439         1.6902882961         0.9903087166
C20         4.5894897680         2.2468917574         1.1001943861
C21         5.0096881311         3.2222776073         0.1950769212
C22         4.1536127734         3.6410000998        -0.8241067429
C23         2.8750180396         3.0884626276        -0.9371218700
C24         0.2798205521         1.6205181305         1.5433233210
C25        -0.5821320332         0.7161200173         2.2030482312
C26        -0.9908960439         0.9447627039         3.5197932754
C27        -0.5821989025         2.0953111063         4.1921882932
C28         0.2206183689         3.0307758699         3.5420491530
C29         0.6336864706         2.8073920333         2.2263500952
C30        -0.6540771139         2.3999511776        -0.6544283916
C31        -1.9179986208         1.8131062936        -0.8360664886
C32        -3.0261392742         2.6036120169        -1.1531267047
C33        -2.8835445047         3.9855516112        -1.2929807138
C34        -1.6339989926         4.5799549392        -1.1048059346
C35        -0.5244357011         3.7934667282        -0.7814873707
H36         1.5541225366        -2.5849574815         3.0413271058
H37         2.8569192609        -3.2894588897         2.0049636304
H38         1.3748204049        -4.2492889089         2.3933845259
H39        -0.0264758434        -2.6209065863         1.1376592781
H40         0.8879016818        -4.6418559414        -0.0001824573
H41         0.6992053591        -3.2854747973        -1.1454044600
H42         2.3441578415        -3.7137159407        -0.5191385379
H43         1.5742338262        -0.7103412352         1.5738080179
H44         2.6443393532        -1.2780943920         0.3031575612
H45        -0.3822815139        -0.7866912319        -0.2974883230
H46         2.7146745788        -0.6101156348        -3.2917383808
H47         3.2750361881        -0.3730880937        -1.6225195639
H48         2.5415359285        -1.9573019770        -2.1219978700
H49        -0.9973742252        -0.4681689056        -2.5071576719
H50        -0.0388978811        -1.9337260561        -2.8088913629
H51        -1.6492223974        -0.1569323176        -4.6793345180
H52        -0.8272626275        -0.2200095287        -6.8329155897
H53         0.7689606525         0.4774461272        -6.4036884161
H54         0.0322449808         2.6960598409        -6.5426094384
H55        -0.9519566501         1.9212584032        -7.8328018652
H56        -2.3026122139         3.4447215067        -6.3288649956
H57        -2.8846541818         1.7450391148        -6.3143332438
H58        -2.7667891232         1.9102471253        -4.0064979635
H59        -1.7607978600         3.3825526767        -4.0941215068
H60         3.0145686130         0.9532261908         1.7177435910
H61         5.2539268172         1.9222033648         1.8905249831
H62         5.9998059875         3.6508053278         0.2812405205
H63         4.4832399580         4.3898504282        -1.5326476182
H64         2.2422608702         3.4109239984        -1.7531375268
H65        -0.9589587149        -0.1666880098         1.7146974594
H66        -1.6379579271         0.2325052936         4.0154527884
H67        -0.9046182500         2.2717754371         5.2101900949
H68         0.5138481991         3.9384382125         4.0536318604
H69         1.2194138454         3.5765663240         1.7423080773
H70        -2.0559694938         0.7486107965        -0.7176632994
H71        -3.9959772074         2.1437867733        -1.2918359825
H72        -3.7419258946         4.5960826125        -1.5412708336
H73        -1.5264066327         5.6525732638        -1.2010015522
H74         0.4226092338         4.2810304683        -0.6073113491
&

