&gen
basis=6-31G**
igeopt=1
dftname=PBE-D3
ifreq=1
&
entry_name: J1_9851_2111.in
&zmat
C1          1.6032161181        -1.4690803609         0.3421025975
C2          0.8181204721        -0.3811109813        -0.4023726225
C3          1.2102818729        -0.0843853424        -1.8706532797
C4          2.6016433686        -0.6366839969        -2.3172816913
C5          2.6089116724        -2.1313041747        -2.6944244212
C6          1.2580856155        -2.6155448908        -3.2293201771
C7          0.5614943400        -1.4916295005        -3.9912253785
C8          0.1097535246        -0.3296038521        -3.0390832880
C9          0.0146089688         0.9465198870        -3.9197890506
C10        -1.3209721347        -0.6622088596        -2.4822833170
C11        -2.4372163415        -0.7740966815        -3.5036956428
C12        -2.8278863426        -2.0307811628        -4.0009888610
C13        -3.8745060110        -2.1327488045        -4.9222642022
C14        -4.5526275961        -0.9858753848        -5.3420992755
C15        -4.1909955710         0.2643586190        -4.8347578908
C16        -3.1447908751         0.3712674753        -3.9138855251
O17         1.3912090783         1.3008668694        -1.6447063829
P18         1.0570146571         1.3875377826         0.0457689537
C19         2.6101132956         2.2894463586         0.3401590196
C20         3.8517352494         1.6319798127         0.3721874560
C21         5.0305276551         2.3474006763         0.6022998024
C22         4.9832017357         3.7249608597         0.8202935323
C23         3.7543688786         4.3859520670         0.8254326753
C24         2.5744671020         3.6730376335         0.5956302058
C25         0.8346358373         1.3644287621         1.8915399987
C26         1.6955583647         0.5829618790         2.6958642054
C27         1.5853217417         0.5718670552         4.0884704148
C28         0.6560532788         1.3906049699         4.7227600598
C29        -0.1294632703         2.2555303436         3.9665456907
C30        -0.0199597161         2.2704156907         2.5730850735
C31        -0.4357363147         2.3633688283        -0.3318482160
C32        -0.3436424850         3.5370494445        -1.1017678441
C33        -1.4952471824         4.2450120018        -1.4570886374
C34        -2.7520750282         3.7832311672        -1.0614178455
C35        -2.8600221637         2.6094601109        -0.3136055031
C36        -1.7113047333         1.8986040081         0.0437870395
H37         2.6887904931        -1.2785470160         0.3959981805
H38         1.1897170778        -1.6042055258         1.3610895711
H39         1.4326416311        -2.4432053066        -0.1545225327
H40        -0.2452680175        -0.6081918506        -0.2371762854
H41         3.3926603157        -0.4480647506        -1.5744360479
H42         2.9176954854        -0.0592666849        -3.2143199045
H43         3.3831763641        -2.2890043344        -3.4773328550
H44         2.9149162221        -2.7551739743        -1.8297643965
H45         1.4206975327        -3.4812951195        -3.9073379497
H46         0.6153997264        -2.9627795743        -2.3930431670
H47         1.2739084720        -1.1145220182        -4.7603859442
H48        -0.2796693591        -1.9116965601        -4.5738998806
H49        -0.4632916983         1.7790589956        -3.3629838004
H50        -0.5758738200         0.7602311542        -4.8421231871
H51         1.0248546177         1.2787538433        -4.2419922408
H52        -1.6261827787         0.1287439568        -1.7798198369
H53        -1.2854510050        -1.6121857832        -1.9070471030
H54        -2.3213698751        -2.9313019738        -3.6760489050
H55        -4.1630331073        -3.1022880669        -5.3072142595
H56        -5.3638817173        -1.0669698756        -6.0539388848
H57        -4.7252948224         1.1509587745        -5.1508354955
H58        -2.8901238200         1.3461687298        -3.5173505394
H59         3.9201807936         0.5672088678         0.2607796705
H60         5.9810243798         1.8300473369         0.6240718145
H61         5.8963355191         4.2767132045         1.0023781820
H62         3.7142144104         5.4503028897         1.0178580900
H63         1.6340889506         4.2023032858         0.6466259227
H64         2.5020798367         0.0169426850         2.2635937518
H65         2.2441702139        -0.0528138004         4.6778897289
H66         0.5773369499         1.3884875299         5.8022378526
H67        -0.8071416942         2.9386888548         4.4624987978
H68        -0.5834166322         3.0325786208         2.0611107149
H69         0.6152381967         3.8898639554        -1.4569835779
H70        -1.4135954834         5.1456826778        -2.0515913638
H71        -3.6428376867         4.3300871909        -1.3420559797
H72        -3.8348987941         2.2459564749        -0.0158080696
H73        -1.8164898298         0.9862627706         0.6163216630
&

