MAEFILE: J1_530_2111.01.mae
&gen 
basis=6-31g** 
igeopt=1 
dftname=pbe-d3 
ifreq=1 
&
&zmat
 C1              0.0615048565             2.5568770369             0.0000000000
 C2              0.5052604744             1.1214752861             0.0000000000
 C3             -0.3143652215             0.0460367984             0.0000000000
 C4              0.2314810611            -1.3186855139             0.0000000000
 O5             -0.4468837406            -2.3415872170             0.0000000000
 H6              0.9122026121             3.2535143404             0.0000000000
 H7             -0.5600880467             2.7790045887             0.8849104566
 H8             -0.5600880467             2.7790045887            -0.8849104566
 H9              1.5879952161             0.9276166956             0.0000000000
 H10            -1.4068287867             0.1424881813             0.0000000000
 H11             1.3576861116            -1.3632407242             0.0000000000
&
&guess  basgss=6-31g** numd=6
    1 Orbital Energy   -18.759465 Occupation  1.000000 Symmetry Ap      
  0.000017612583393  0.000092146796644 -0.000003107568536  0.000032873935295
  0.000000000000000 -0.001014637216351 -0.000205531319711  0.000384641808682
  0.000000000000000  0.000015831468938 -0.000004367262361  0.000027245702559
  0.000015577042704 -0.000000000000000  0.000000000000000  0.000015548355215
  0.000070750541807  0.000006418005093 -0.000122532772656 -0.000000000000000
  0.000338723757698 -0.000241613948144  0.001108340649593  0.000000000000000
  0.000027113163848  0.000003955352622  0.000048304298261 -0.000004279064562
 -0.000000000000000  0.000000000000000 -0.000011273870894 -0.000014377641929
  0.000040827878213 -0.000005221503542 -0.000000000000000  0.000656325529933
 -0.000424790168632 -0.000397509241568 -0.000000000000000  0.000028338695304
 -0.000058728090638 -0.000019161775866 -0.000054844326479 -0.000000000000000
 -0.000000000000000  0.000011459989331  0.000526709971912 -0.000039864673477
 -0.000011915452851  0.000000000000000 -0.003522850954131  0.002351538180445
  0.002509795331344  0.000000000000000 -0.000268908062299 -0.000628263282357
 -0.000034282286463 -0.000452362441177 -0.000000000000000 -0.000000000000000
  0.992465706119561  0.026634707925898  0.000600493545232  0.000905000669371
  0.000000000000000  0.014687587815429  0.000890353891727  0.001502609288669
  0.000000000000000 -0.008552268123584 -0.008316088736267 -0.008642130424385
  0.000286459756979  0.000000000000000 -0.000000000000000  0.000041984860561
  0.000050408282731  0.000003266259874 -0.000004907340057 -0.000000000000000
  0.000023198955182  0.000014068494481  0.000005151856779 -0.000005764208304
  0.000004231671682  0.000023198955182  0.000014068494481  0.000005151856779
 -0.000005764208304 -0.000004231671682  0.000093549642658 -0.000004542528355
  0.000007106679421 -0.000041764153632 -0.000000000000000 -0.000047969052156
 -0.000287293956698 -0.000032521027342 -0.000027468439398 -0.000000000000000
 -0.000080300922238 -0.000497801116980  0.000030919563629 -0.000035806248877
 -0.000000000000000
    2 Orbital Energy    -9.974251 Occupation  1.000000 Symmetry Ap      
  0.000074364028333  0.000233790800092 -0.000026707685935  0.000048899917752
  0.000000000000000 -0.002056225987291 -0.000131686161347  0.000940114944536
  0.000000000000000  0.000064566999318 -0.000016846904817  0.000062609602784
  0.000025129414866 -0.000000000000000  0.000000000000000 -0.000005379792010
  0.000142016176387  0.000072102936366 -0.000205274977895 -0.000000000000000
  0.001080487479165 -0.000605801392006  0.001727723390505  0.000000000000000
 -0.000077424453401 -0.000013484073632  0.000101215532554 -0.000073232893126
 -0.000000000000000  0.000000000000000 -0.001490502013082  0.000192196645943
  0.000215208338774 -0.000362493423565 -0.000000000000000 -0.004045124829340
 -0.001325627154760  0.001461461251184  0.000000000000000  0.000338692300987
  0.000586662645373  0.000191382694778 -0.000148647504886 -0.000000000000000
  0.000000000000000 -0.992405088239058 -0.052384517645134  0.000512403442211
  0.000706879359843  0.000000000000000  0.009531936148985  0.001675830620979
  0.004146176101110  0.000000000000000  0.009913754929612  0.009492068425117
  0.010541507125530 -0.000580356269097 -0.000000000000000  0.000000000000000
  0.000033559860863 -0.000501943481630  0.000084439413079  0.000193798124414
  0.000000000000000  0.004035355544936  0.001577737557409  0.001914009770659
  0.000000000000000 -0.000128701080871  0.000138370211683 -0.000571674605005
  0.000489333779108  0.000000000000000 -0.000000000000000  0.000056797187277
 -0.000056676770817  0.000017548169140 -0.000008297460776 -0.000000000000000
  0.000074741682398  0.000074660287424 -0.000003181063502 -0.000018693395371
  0.000002292552939  0.000074741682398  0.000074660287424 -0.000003181063502
 -0.000018693395371 -0.000002292552939  0.000161613149069  0.000149984703647
 -0.000017627381919 -0.000070608782461 -0.000000000000000  0.000016708219148
 -0.000340651332865 -0.000092763046042 -0.000022894931291  0.000000000000000
  0.000346474236384 -0.002311351978916 -0.000293604776952 -0.000174478761630
 -0.000000000000000
    3 Orbital Energy    -9.937604 Occupation  1.000000 Symmetry Ap      
 -0.003550279726713  0.000017237249624  0.000167064599422 -0.000304306596140
 -0.000000000000000 -0.003893403695638 -0.000696682477774  0.002005845119797
  0.000000000000000  0.000296717191530  0.000531014723923  0.000161319743516
 -0.000203824404804 -0.000000000000000  0.000000000000000 -0.992332995077041
 -0.052620493969369  0.000038190173614 -0.000040700646333 -0.000000000000000
  0.016241891094861 -0.001924656071411  0.000250313692323  0.000000000000000
  0.009915035306242  0.009974161124720  0.010323796840848 -0.000109177406147
 -0.000000000000000  0.000000000000000 -0.010460938743117  0.000045810110180
  0.000293910198949  0.000434834997768  0.000000000000000 -0.005364109606518
 -0.000843934287736 -0.002495828152769 -0.000000000000000  0.000511545995497
  0.000454589378103  0.000269600786697  0.000125088777093 -0.000000000000000
  0.000000000000000  0.000065200228880  0.000150475995276  0.000005386538174
 -0.000001093576371 -0.000000000000000 -0.000360045016063 -0.000033928939160
 -0.000186309925597 -0.000000000000000  0.000008649772220 -0.000079370972308
  0.000050523716388  0.000006350527014 -0.000000000000000 -0.000000000000000
  0.000021686669933  0.000093198462166 -0.000003535439694  0.000025190499508
  0.000000000000000 -0.000401741257799  0.000027836573058 -0.000152346652023
 -0.000000000000000  0.000083207412886  0.000030574410231  0.000077586955891
  0.000017806724810 -0.000000000000000  0.000000000000000  0.000101236597325
  0.000126157120508  0.000034566982953 -0.000005943757588 -0.000000000000000
  0.000158549615306 -0.000393023374260 -0.000046595927250  0.000057067577091
  0.000058311447418  0.000158549615306 -0.000393023374260 -0.000046595927250
  0.000057067577091 -0.000058311447418  0.000532879097656 -0.001797956852315
 -0.000296963979457  0.000058823545035  0.000000000000000  0.000110429271823
  0.000291275137381 -0.000077938127305  0.000046034652304  0.000000000000000
  0.000009147512584  0.000137292437298  0.000002109146688  0.000016785447122
  0.000000000000000
    4 Orbital Energy    -9.916716 Occupation  1.000000 Symmetry Ap      
  0.992547829009420  0.053297045875559 -0.000054125522538 -0.000034916667455
 -0.000000000000000 -0.019016225038000 -0.000355599766278  0.001590170564090
  0.000000000000000 -0.009707776471199 -0.009861952604807 -0.009689203619171
  0.000085006251623  0.000000000000000 -0.000000000000000 -0.003755817954705
 -0.000456556521167  0.000090550660007 -0.000324992163932 -0.000000000000000
  0.004712116564338 -0.000307204186035  0.003264068126365  0.000000000000000
 -0.000117721910194 -0.000484635408033 -0.000119506290945  0.000093959378449
  0.000000000000000 -0.000000000000000 -0.000857789156538 -0.000091814026190
  0.000062229730743 -0.000109755254673 -0.000000000000000 -0.000449315614779
  0.000010938800088  0.001382657662485  0.000000000000000  0.000135619203570
 -0.000006806180534 -0.000042746737212  0.000080103440902  0.000000000000000
 -0.000000000000000 -0.000011229691614 -0.000197425253159 -0.000002172850570
  0.000003059859045  0.000000000000000  0.001312291914902 -0.000361810103587
  0.001152258479313  0.000000000000000 -0.000040196246047 -0.000000014206920
 -0.000097488921072 -0.000029722502931  0.000000000000000 -0.000000000000000
 -0.000023214351199 -0.000093676040679 -0.000017354549642 -0.000000643483913
  0.000000000000000  0.000496005569788  0.000191104134826  0.000001890101668
 -0.000000000000000 -0.000037403439254 -0.000071936014226 -0.000087951307903
  0.000014592828475  0.000000000000000 -0.000000000000000 -0.000213775043992
  0.002692607990454  0.000239258466989  0.000125578201234  0.000000000000000
 -0.000175642663773  0.002809755751329 -0.000142883309564 -0.000015493735234
  0.000228231559449 -0.000175642663773  0.002809755751329 -0.000142883309564
 -0.000015493735234 -0.000228231559449 -0.000127471554755 -0.000172631136082
 -0.000031361682515 -0.000106685494910 -0.000000000000000 -0.000087530075923
  0.000109978925240 -0.000023483999905 -0.000072118009197 -0.000000000000000
 -0.000068900726543  0.000267672601630 -0.000021872229010 -0.000027741330044
 -0.000000000000000
    5 Orbital Energy    -9.911905 Occupation  1.000000 Symmetry Ap      
  0.000815029186663 -0.000007684198146  0.000007900241627  0.000019840715155
  0.000000000000000  0.000144090159338  0.000293600244561 -0.000218552419687
 -0.000000000000000  0.000018334181248  0.000058056877670 -0.000047211400453
 -0.000023838485391 -0.000000000000000  0.000000000000000 -0.010903898158414
 -0.001187004148651  0.000300184909011  0.000445713547561  0.000000000000000
  0.006516327658715 -0.001127943659645 -0.003076945229632 -0.000000000000000
 -0.000311948011878 -0.000275591153696 -0.000043624568046 -0.000143696222185
  0.000000000000000 -0.000000000000000  0.992302293840219  0.053187587841402
  0.000211262529470  0.000067740243345 -0.000000000000000 -0.018047438238784
 -0.003152855807403  0.000310198825673  0.000000000000000 -0.009959699722364
 -0.010090685722885 -0.010425092465074  0.000138209149671  0.000000000000000
 -0.000000000000000 -0.001766695817886 -0.000474163751803  0.000129787900725
 -0.000325734642807 -0.000000000000000  0.005951925274519 -0.000747393625433
  0.002495774379988  0.000000000000000 -0.000279816189229 -0.000478945887023
 -0.000158527095604  0.000221518029859  0.000000000000000 -0.000000000000000
  0.000015652276835  0.000045712510744 -0.000012234219237  0.000039517430395
  0.000000000000000 -0.000498713831311  0.000133120850958 -0.000386310522252
 -0.000000000000000  0.000125368214963  0.000055755847977 -0.000005813386186
 -0.000003170896484 -0.000000000000000  0.000000000000000 -0.000014471090385
  0.000131196408969  0.000004161564951 -0.000031300518896 -0.000000000000000
 -0.000000024761764  0.000130846742887  0.000002465039605  0.000019057197701
 -0.000022617122957 -0.000000024761764  0.000130846742887  0.000002465039605
  0.000019057197701  0.000022617122957 -0.000111328871273 -0.000356784251634
 -0.000093603296258  0.000040144471328  0.000000000000000 -0.000584808789654
  0.001412444829426 -0.000311945152829  0.000051454668974  0.000000000000000
 -0.000133928108731 -0.000196624550999 -0.000047879893813 -0.000028540809571
 -0.000000000000000
    6 Orbital Energy    -0.935142 Occupation  1.000000 Symmetry Ap      
  0.000462109239207 -0.002738713777868 -0.000101831022376  0.000072263385232
  0.000000000000000  0.018515859278541  0.003883170834916 -0.008074507363692
 -0.000000000000000 -0.000093883125096  0.000339360203051 -0.000147748137509
 -0.000109805476721  0.000000000000000  0.000000000000000  0.004332923994052
 -0.009233401813162  0.001430069884419  0.007382422266851  0.000000000000000
 -0.019202436587588  0.011357467774526 -0.018611995446852 -0.000000000000000
  0.000452082030977 -0.000546229208869  0.000130767220761  0.000100853452284
 -0.000000000000000 -0.000000000000000  0.020598404331070 -0.036513199789254
 -0.005120653288037  0.027757507246844  0.000000000000000 -0.023909591717482
  0.006421124925861  0.020760002321502  0.000000000000000  0.001204132850565
 -0.007596373278416  0.002197753839482  0.001476695856423 -0.000000000000000
 -0.000000000000000  0.118666095209349 -0.229236004910645  0.105689868410562
  0.146153612314681  0.000000000000000 -0.065842302862977 -0.031584824512944
 -0.022558985163840 -0.000000000000000  0.006895437384125 -0.009619355994864
  0.017654560152250 -0.021337678679530 -0.000000000000000  0.000000000000000
  0.194100048793487 -0.421424337035756 -0.090151562974043 -0.138519924941359
 -0.000000000000000 -0.406784178188376 -0.031852655146373 -0.053429643717703
 -0.000000000000000  0.005305282068810 -0.004097075312318  0.005476662102636
 -0.011375030540776 -0.000000000000000  0.000000000000000 -0.000785247202129
 -0.001157484607574  0.000009112845048  0.000174732150804  0.000000000000000
 -0.000622258519726  0.000071112986413 -0.000068768782329  0.000062483574977
 -0.000014279050165 -0.000622258519726  0.000071112986413 -0.000068768782329
  0.000062483574977  0.000014279050165 -0.003602487135558 -0.003401051070567
  0.000354235227392  0.000529607779048  0.000000000000000 -0.007682927015957
  0.000238467126619 -0.001100284320647  0.000409765715688  0.000000000000000
 -0.028068598757227  0.010521121876669  0.006293780786178  0.001892112551101
 -0.000000000000000
    7 Orbital Energy    -0.739100 Occupation  1.000000 Symmetry Ap      
 -0.098967104438681  0.184560647137291  0.011298096344146 -0.059404807399791
 -0.000000000000000  0.158565249120939 -0.002839859543515 -0.013081375307380
 -0.000000000000000 -0.004804551453800  0.004952153602234 -0.005663523736718
 -0.002787212551490  0.000000000000000  0.000000000000000 -0.151149736490911
  0.290519222872936 -0.053088449652006 -0.024961833285901 -0.000000000000000
  0.206769602022227 -0.000820858292640 -0.004128469041647 -0.000000000000000
 -0.003086295570158  0.006067193906310 -0.013093577954747  0.002528107171149
  0.000000000000000 -0.000000000000000 -0.127511291875675  0.243254312910815
  0.063469837720333  0.056084330265050  0.000000000000000  0.164702140664635
  0.001532212778305  0.004881696991345  0.000000000000000 -0.000824997278402
  0.003254589327765 -0.011047406404153  0.004085899444429  0.000000000000000
 -0.000000000000000 -0.035379425336764  0.068716254359839  0.010450879840709
  0.097993978653960  0.000000000000000  0.046423673874017  0.010064932604061
  0.023548061951051  0.000000000000000 -0.001401986757536  0.003506834192287
 -0.002175702818897 -0.006396589151719 -0.000000000000000  0.000000000000000
  0.029428182832207 -0.068683272680588 -0.011615574638381 -0.002803305080400
  0.000000000000000 -0.056399532291621 -0.000229370293322  0.003641048344196
  0.000000000000000 -0.000680513447428  0.001080257447010 -0.000883758483450
 -0.000303237058811  0.000000000000000  0.000000000000000  0.049227650353603
  0.010644458546489 -0.003656638154723 -0.003685842586765 -0.000000000000000
  0.052430216744233  0.007400507289716  0.003055878375228 -0.001742780952517
 -0.004075843975798  0.052430216744233  0.007400507289716  0.003055878375228
 -0.001742780952517  0.004075843975798  0.076760558950468  0.015096460052671
 -0.008098921043297  0.000763436095582  0.000000000000000  0.058500107600754
  0.009239746883351  0.006497253456789  0.000613517783846 -0.000000000000000
  0.023171561029305  0.004376595770463 -0.001821502502764  0.001371883202145
  0.000000000000000
    8 Orbital Energy    -0.654824 Occupation  1.000000 Symmetry Ap      
 -0.151657507934030  0.292379984318854  0.008266313907072 -0.002101234474974
 -0.000000000000000  0.266886284643197  0.000176583921766  0.004196848031187
  0.000000000000000 -0.004279667464742 -0.004461117382936 -0.005203879012083
 -0.001350126876295  0.000000000000000 -0.000000000000000 -0.011311353891408
  0.022064767091522  0.015206592234523  0.175039991737284  0.000000000000000
  0.014298932538294  0.000269103351367  0.041843467413602  0.000000000000000
 -0.001893756326835  0.003231540291610 -0.000414394651449 -0.008942023561261
 -0.000000000000000  0.000000000000000  0.113801360246810 -0.222252113876018
 -0.043549568790102  0.053690988669618  0.000000000000000 -0.166883130108227
  0.006756248264716  0.010687379503494  0.000000000000000 -0.000054786649452
  0.001783398633170  0.008653542157697  0.002921172654750 -0.000000000000000
  0.000000000000000  0.066511323652047 -0.133070757613701 -0.014147312568549
 -0.140710716034238 -0.000000000000000 -0.107759720927243 -0.015319700050607
 -0.040776430027657 -0.000000000000000  0.001669572667403 -0.001409518768687
  0.003855480789921  0.009065998539900  0.000000000000000  0.000000000000000
 -0.041738318503789  0.097984221347315  0.009712942632657 -0.012762930991266
 -0.000000000000000  0.091876580110187 -0.001350595777753 -0.012380614402035
 -0.000000000000000  0.000648751836916 -0.003392403087388  0.001681696414748
 -0.000597380105572 -0.000000000000000 -0.000000000000000  0.102867777500789
  0.030175244152710 -0.006926322465470 -0.006127172190164 -0.000000000000000
  0.098932319128926  0.026861032071945  0.005147259483597 -0.001684784762857
 -0.007195314421609  0.098932319128926  0.026861032071945  0.005147259483597
 -0.001684784762857  0.007195314421609  0.001966570742168  0.001372855995964
  0.000124927189684  0.002795913494529  0.000000000000000 -0.059461579740022
 -0.009036314760819 -0.005743560868465  0.001346014035962  0.000000000000000
 -0.046257573635412 -0.011061339926441  0.003728665447279 -0.001870898783576
 -0.000000000000000
    9 Orbital Energy    -0.541685 Occupation  1.000000 Symmetry Ap      
  0.079353832723624 -0.157685960302096  0.044828857607000 -0.131395689676739
 -0.000000000000000 -0.180947388252950  0.007640219801572 -0.041047280864870
 -0.000000000000000 -0.000312218573337  0.011804872216099 -0.001766428566955
 -0.004435118332331 -0.000000000000000  0.000000000000000 -0.121618009795777
  0.247515324721855  0.021472148781261 -0.058909499189569 -0.000000000000000
  0.248540280453351  0.011847794054422 -0.001263049728729 -0.000000000000000
  0.001485815877512 -0.011264203711245 -0.007892418731025  0.002614060239109
  0.000000000000000 -0.000000000000000  0.017867173780798 -0.037691387667676
  0.045832960138112  0.225581766780291  0.000000000000000 -0.036049434437138
  0.010075705881890  0.041619176924172  0.000000000000000  0.002212583901443
 -0.002652481631869  0.000587347592477  0.014368177878475  0.000000000000000
 -0.000000000000000  0.110109553046759 -0.232880859333690 -0.042023263046308
 -0.133423613879892 -0.000000000000000 -0.219299083246205 -0.015377947275311
 -0.039562889161075 -0.000000000000000 -0.000249936233598  0.009041257501429
  0.005089300348465  0.010985310673130  0.000000000000000  0.000000000000000
 -0.063778880888664  0.145025901025043 -0.025620123064420 -0.064482525392155
 -0.000000000000000  0.192973580823221 -0.013961429650302 -0.034871003614085
 -0.000000000000000 -0.003046847080517 -0.009035122153388  0.001754064811659
 -0.004158265149196 -0.000000000000000 -0.000000000000000 -0.084552814622799
 -0.033957330089865  0.005726757423595  0.001899233534435 -0.000000000000000
 -0.086977279777633 -0.040509746392826 -0.002812077362584 -0.000720900359204
  0.005415064377584 -0.086977279777633 -0.040509746392826 -0.002812077362584
 -0.000720900359204 -0.005415064377584  0.112745941255771  0.047136944957614
 -0.008365303553912  0.001071392328323  0.000000000000000 -0.026961680115561
 -0.012458369067950 -0.001127320837326  0.003345093079019  0.000000000000000
 -0.100967120917277 -0.040911638815241  0.007142125441850 -0.001766401087533
 -0.000000000000000
   10 Orbital Energy    -0.507025 Occupation  1.000000 Symmetry Ap      
  0.010314202938986 -0.020879395858322  0.080055294395961 -0.017284186142173
 -0.000000000000000 -0.014182842614919  0.038660848777912 -0.003861595699977
 -0.000000000000000  0.002416528229845  0.001582154521369 -0.002152725258111
 -0.004236735440111 -0.000000000000000  0.000000000000000 -0.048755918739017
  0.099457455273919  0.196428947842334  0.018104721421059 -0.000000000000000
  0.111065927692511  0.062936334464224 -0.010116529618165 -0.000000000000000
 -0.002304427641991  0.000175999119290 -0.003009482987481 -0.005892288170336
 -0.000000000000000 -0.000000000000000  0.091133339566135 -0.183396680705939
  0.192054859920822 -0.060967977444644 -0.000000000000000 -0.209535933882707
  0.054439647991793 -0.014419005933458 -0.000000000000000  0.003056293734825
  0.002872430192425  0.005251127827685 -0.002284123605974 -0.000000000000000
  0.000000000000000 -0.077504244434267  0.162891341714307  0.193119973433749
 -0.012068621297800 -0.000000000000000  0.159206090482935  0.070859795998584
  0.025260447474799 -0.000000000000000 -0.002209119843317 -0.006457016209995
 -0.003888119288309  0.001804307917390  0.000000000000000 -0.000000000000000
  0.031332842921815 -0.074660337662279  0.087573252857784  0.004372061493778
 -0.000000000000000 -0.078758857339512  0.048392699971726  0.009169814563140
 -0.000000000000000  0.006260156851710 -0.001791420866221 -0.002078053175117
  0.006609362568591  0.000000000000000 -0.000000000000000  0.015431769202103
  0.005745364990009  0.000958848196130 -0.001376775342210 -0.000000000000000
 -0.033008646849540 -0.018908098124123  0.000037904375578  0.000722114021112
  0.001752849826402 -0.033008646849540 -0.018908098124123  0.000037904375578
  0.000722114021112 -0.001752849826402  0.139042309034414  0.082849096853652
 -0.006575232946491  0.001003659063924  0.000000000000000 -0.172501534921961
 -0.095675383916128 -0.010187102602799 -0.000088859421396  0.000000000000000
  0.154362210967611  0.087075279621818 -0.008588026682662  0.001434039598763
  0.000000000000000
   11 Orbital Energy    -0.426558 Occupation  1.000000 Symmetry Ap      
  0.000105007992669 -0.002261178977535 -0.195816112495769 -0.060374551911284
  0.000000000000000  0.012318563152325 -0.093017783391429 -0.032803620647559
  0.000000000000000 -0.006202421351635  0.001627294989090  0.005053803476773
  0.000793363604822  0.000000000000000  0.000000000000000 -0.000493895003100
  0.001700558220211 -0.266317372079501 -0.080718790378823  0.000000000000000
 -0.021374194163712 -0.086711527061129 -0.033388804409901  0.000000000000000
 -0.002593611164819 -0.002511265246177  0.000141592739866  0.000356196866944
  0.000000000000000 -0.000000000000000  0.004892031042416 -0.010916426885916
  0.058001676077052  0.243741275478998  0.000000000000000 -0.040785530027283
  0.009719914245883  0.096505179530229  0.000000000000000 -0.001850042911104
  0.000156221915753  0.000003907046490  0.001001438706301  0.000000000000000
 -0.000000000000000 -0.011312217453815  0.020848695936226  0.258074841798153
 -0.151566929879677 -0.000000000000000  0.055730697732906  0.084922915303921
 -0.034189820643339 -0.000000000000000 -0.000751607378332  0.003152916004096
 -0.000802603396264  0.001979656722748  0.000000000000000  0.000000000000000
  0.002176485153149 -0.003303616803025  0.141238291430413 -0.083475823319493
 -0.000000000000000 -0.010458773370138  0.076203511558524 -0.048774997666130
 -0.000000000000000  0.011563565488496 -0.011054077392663  0.000903239353393
  0.005528230350797 -0.000000000000000 -0.000000000000000 -0.107787364306870
 -0.076137023727540  0.000746195265968  0.003998327067083  0.000000000000000
  0.055025113638175  0.036361431634226 -0.001613597634278 -0.002143493124124
 -0.002495952730773  0.055025113638175  0.036361431634226 -0.001613597634278
 -0.002143493124124  0.002495952730773 -0.136000352150360 -0.103200276169183
  0.003799714049083 -0.004256054315292 -0.000000000000000 -0.025562121008298
 -0.020988747270896 -0.000194305082779  0.005890580545088  0.000000000000000
  0.141970366824101  0.101372145691919 -0.006088945597398 -0.002448705176791
  0.000000000000000
   12 Orbital Energy    -0.395307 Occupation  1.000000 Symmetry Ap      
  0.007072665982723 -0.010006303525980  0.107852847961545 -0.260950138071038
 -0.000000000000000 -0.028301313030354  0.042319297984368 -0.110418163126323
 -0.000000000000000 -0.003491263706408  0.008791396049721 -0.006332240752115
 -0.005076787137711  0.000000000000000  0.000000000000000 -0.021151993449116
  0.050903740650818 -0.026801235750931  0.300742769457398  0.000000000000000
  0.024587185804620  0.000653307468452  0.125014111223739  0.000000000000000
  0.001573724244076 -0.004158438098120 -0.000069893558671 -0.003987827419948
 -0.000000000000000 -0.000000000000000  0.022842879238207 -0.050736229312163
 -0.244889687686395 -0.015857497171204  0.000000000000000 -0.017444218432903
 -0.075362509758286  0.036548726757140  0.000000000000000  0.000619910820265
  0.006940019908010  0.000936593782267 -0.002703375444782 -0.000000000000000
  0.000000000000000 -0.046666284086383  0.111589028255998 -0.022888359771334
 -0.170592466849826 -0.000000000000000  0.122847757440825 -0.020192148297176
 -0.048170171429868 -0.000000000000000  0.001941288637792 -0.010271711971220
 -0.003669348996675 -0.002542741653737 -0.000000000000000 -0.000000000000000
  0.067272049032084 -0.136783475238652  0.175072320091834  0.210081400362966
  0.000000000000000 -0.304209068563738  0.083435278316804  0.096899314450128
  0.000000000000000  0.012420443199482  0.014705326233037  0.001055759074807
  0.010431015463465 -0.000000000000000  0.000000000000000 -0.056901459818857
 -0.041446833843055  0.004655617382359 -0.002955859827677 -0.000000000000000
 -0.075774615058336 -0.056889603883974 -0.000481547444025 -0.004358946777657
  0.003595163942850 -0.075774615058336 -0.056889603883974 -0.000481547444025
 -0.004358946777657 -0.003595163942850 -0.018890815455932 -0.017249506373503
  0.001558060458440  0.005452934446570  0.000000000000000  0.115797621482606
  0.084312920458936  0.002736097639768 -0.001113603928352 -0.000000000000000
  0.041789417000186  0.027210312777870 -0.002755651316595 -0.003250459069234
 -0.000000000000000
   13 Orbital Energy    -0.384332 Occupation  1.000000 Symmetry App     
  0.000000000000000  0.000000000000000 -0.000000000000000  0.000000000000000
  0.414828950808289  0.000000000000000 -0.000000000000000  0.000000000000000
  0.190430818507729  0.000000000000000 -0.000000000000000  0.000000000000000
 -0.000000000000000 -0.014715363581919 -0.000385184054053  0.000000000000000
  0.000000000000000 -0.000000000000000  0.000000000000000  0.178514404865954
  0.000000000000000 -0.000000000000000  0.000000000000000  0.093512435498372
  0.000000000000000  0.000000000000000  0.000000000000000 -0.000000000000000
 -0.006447500333083  0.008257197963563  0.000000000000000  0.000000000000000
 -0.000000000000000  0.000000000000000  0.095509945947765  0.000000000000000
 -0.000000000000000  0.000000000000000  0.050404393177882 -0.000000000000000
  0.000000000000000  0.000000000000000  0.000000000000000  0.003656343726225
  0.003572609673585  0.000000000000000  0.000000000000000 -0.000000000000000
  0.000000000000000  0.062852294724483  0.000000000000000 -0.000000000000000
  0.000000000000000  0.030622410438769  0.000000000000000  0.000000000000000
  0.000000000000000 -0.000000000000000 -0.002122622219164  0.000859323145327
  0.000000000000000  0.000000000000000 -0.000000000000000  0.000000000000000
  0.050493615897270  0.000000000000000 -0.000000000000000  0.000000000000000
  0.028048317610153 -0.000000000000000  0.000000000000000  0.000000000000000
  0.000000000000000  0.001949587359487  0.003238721322369  0.000000000000000
  0.000000000000000 -0.000000000000000  0.000000000000000  0.008217025453476
  0.209944379052485  0.171423925239150  0.006723024570829 -0.003117564735108
 -0.001075345610700 -0.209944379052485 -0.171423925239150 -0.006723024570829
  0.003117564735108 -0.001075345610700  0.000000000000000  0.000000000000000
 -0.000000000000000  0.000000000000000  0.003759090371994  0.000000000000000
  0.000000000000000 -0.000000000000000  0.000000000000000  0.002334599790979
  0.000000000000000  0.000000000000000 -0.000000000000000  0.000000000000000
  0.001349737495764
   14 Orbital Energy    -0.362520 Occupation  1.000000 Symmetry Ap      
 -0.002222907649728  0.006072869542051 -0.263944291323276 -0.124390915108624
 -0.000000000000000  0.012967240964146 -0.114421052832451 -0.048000816508379
  0.000000000000000 -0.004851209862188 -0.003286924303138  0.008156331942606
 -0.009907300715147 -0.000000000000000  0.000000000000000 -0.022925968797898
  0.047905609615696 -0.013019314605461 -0.007355567608321 -0.000000000000000
  0.115467139012641 -0.021074215252263 -0.028378108869661 -0.000000000000000
 -0.003126969653260 -0.000301416565037 -0.000276153508004 -0.010155619996081
 -0.000000000000000  0.000000000000000  0.029685040435177 -0.055577480815335
  0.183122398410857 -0.088404915916805 -0.000000000000000 -0.139260698555657
  0.020597009456859 -0.051362298324272 -0.000000000000000 -0.010532524392591
  0.012906130324838  0.001804287580429  0.003834467516143  0.000000000000000
  0.000000000000000 -0.028037104568025  0.070634988223075 -0.257505924601157
  0.020423852392362  0.000000000000000  0.052482059160331 -0.058334477485972
  0.059766931121691  0.000000000000000 -0.006865742342112 -0.002467913083762
 -0.003078748422297  0.008121295926440  0.000000000000000 -0.000000000000000
  0.036150664623884 -0.076799678607352 -0.005166805334034  0.271993254937924
  0.000000000000000 -0.135441049087591 -0.002956693851058  0.152610523032083
  0.000000000000000 -0.005746767014090  0.019417228456352 -0.001573489588716
  0.003814048372583  0.000000000000000  0.000000000000000 -0.185036491222503
 -0.166687924118180  0.002263611694682  0.003915315714004  0.000000000000000
  0.083145731961074  0.066913887443355 -0.002862275664458 -0.003200459834566
 -0.003637717110446  0.083145731961074  0.066913887443355 -0.002862275664458
 -0.003200459834566  0.003637717110446  0.010794072384382 -0.008005084643730
 -0.001448211969498 -0.000539270517012  0.000000000000000 -0.159163566141894
 -0.141844359306520 -0.005486818285755 -0.000918895563402  0.000000000000000
 -0.123791445623782 -0.127950547416083  0.003099201126840  0.000071405617156
 -0.000000000000000
   15 Orbital Energy    -0.345735 Occupation  1.000000 Symmetry Ap      
 -0.011284466304562  0.022808567890502 -0.076089078336280 -0.267501428779022
 -0.000000000000000  0.082894883734660 -0.019253145131187 -0.140947608709346
 -0.000000000000000 -0.005374530709784  0.001813603753607  0.000010001580458
 -0.010672580559854 -0.000000000000000  0.000000000000000  0.002511419979251
 -0.004567554846702  0.006044582047557  0.263634263259483  0.000000000000000
 -0.033395023823653  0.011006453751432  0.045040583805101  0.000000000000000
 -0.002694649597155  0.003620374894760  0.000245939249756 -0.010370286602080
 -0.000000000000000  0.000000000000000  0.017662228548869 -0.036838736987753
 -0.039881205490365 -0.199512742610116 -0.000000000000000 -0.055898569804111
  0.001065842468845 -0.044649484074925 -0.000000000000000 -0.001394182108381
  0.004002935898243  0.000865274211390 -0.010336714582129 -0.000000000000000
  0.000000000000000  0.000948769845484 -0.013621209309070  0.117888351840113
  0.275693311272069  0.000000000000000  0.063365376506094 -0.016686006297955
  0.048752504114275  0.000000000000000  0.010451095352332 -0.005286889791533
  0.004612556795188 -0.009767117485942 -0.000000000000000  0.000000000000000
 -0.053163262526371  0.107819173797202 -0.255117281474554 -0.285533853966981
 -0.000000000000000  0.221192101259452 -0.141680940287658 -0.155728486487165
 -0.000000000000000 -0.009535451278564 -0.013273007146540  0.001202106211050
 -0.013483665174221 -0.000000000000000 -0.000000000000000 -0.146061369267295
 -0.141134804020113  0.004174566804925 -0.000369028072902 -0.000000000000000
  0.004739086324953  0.002420850727582 -0.001769874682390 -0.005205048955188
 -0.000320678989616  0.004739086324953  0.002420850727582 -0.001769874682390
 -0.005205048955188  0.000320678989616 -0.025407691257501 -0.019701043302047
  0.002221733192222  0.004099990299679  0.000000000000000 -0.004415892242768
  0.017866606561407 -0.001023340567476 -0.003575888966725 -0.000000000000000
  0.068731052684570  0.079674561885815 -0.001468814570576  0.004854442165966
  0.000000000000000
   16 Orbital Energy    -0.340445 Occupation  1.000000 Symmetry App     
  0.000000000000000  0.000000000000000 -0.000000000000000  0.000000000000000
  0.103343452773344  0.000000000000000 -0.000000000000000  0.000000000000000
  0.054281813369891  0.000000000000000  0.000000000000000  0.000000000000000
 -0.000000000000000 -0.004807608315920  0.002821708671736  0.000000000000000
  0.000000000000000  0.000000000000000 -0.000000000000000 -0.050590321769649
  0.000000000000000  0.000000000000000 -0.000000000000000 -0.028061541586684
 -0.000000000000000  0.000000000000000  0.000000000000000 -0.000000000000000
  0.001598850718031  0.008051698100907  0.000000000000000  0.000000000000000
  0.000000000000000 -0.000000000000000 -0.165458344904034  0.000000000000000
  0.000000000000000 -0.000000000000000 -0.092650275315621  0.000000000000000
  0.000000000000000  0.000000000000000 -0.000000000000000 -0.005043650736280
  0.009186856748294  0.000000000000000  0.000000000000000  0.000000000000000
 -0.000000000000000 -0.370552831612553  0.000000000000000  0.000000000000000
 -0.000000000000000 -0.208795044716785 -0.000000000000000  0.000000000000000
  0.000000000000000  0.000000000000000  0.014577524946129  0.012126862241054
  0.000000000000000  0.000000000000000  0.000000000000000 -0.000000000000000
 -0.432034658892446  0.000000000000000  0.000000000000000 -0.000000000000000
 -0.257039242205450  0.000000000000000 -0.000000000000000 -0.000000000000000
 -0.000000000000000 -0.014969941319951 -0.023574054294781  0.000000000000000
  0.000000000000000 -0.000000000000000  0.000000000000000  0.002123402557770
  0.057542522553948  0.048590171882668  0.001589617574013 -0.000208156803918
 -0.000258835496367 -0.057542522553948 -0.048590171882668 -0.001589617574013
  0.000208156803918 -0.000258835496367  0.000000000000000  0.000000000000000
  0.000000000000000 -0.000000000000000 -0.001493607883510  0.000000000000000
  0.000000000000000  0.000000000000000 -0.000000000000000 -0.003713313526570
  0.000000000000000  0.000000000000000  0.000000000000000 -0.000000000000000
 -0.007100765278505
   17 Orbital Energy    -0.325176 Occupation  1.000000 Symmetry Ap      
 -0.015561096204776  0.033882721073072  0.258764248485616 -0.094806227352734
 -0.000000000000000  0.068800367658387  0.128167073987399 -0.044104377061552
 -0.000000000000000 -0.004194763166545  0.011387198632711 -0.010396564586191
  0.010229855174468  0.000000000000000 -0.000000000000000 -0.012144382990363
  0.031156473904612 -0.306517031859488  0.059397467294232  0.000000000000000
  0.041358114723768 -0.116409737745192  0.010522217816547  0.000000000000000
 -0.021756316196929  0.016530766208271 -0.000929962306689  0.009295825345697
  0.000000000000000  0.000000000000000 -0.009339610289117  0.026183833541965
  0.243539796854527  0.025160404065019 -0.000000000000000  0.010719186556452
  0.062820125195389 -0.006717954035010 -0.000000000000000 -0.018799255108993
  0.013144549082860  0.000007645869929 -0.000301536564809  0.000000000000000
  0.000000000000000 -0.017184152389100  0.040630766417191 -0.066177330082897
  0.096172368787550  0.000000000000000  0.055831789334958 -0.006104382153010
  0.040708618642406  0.000000000000000 -0.005071989805957  0.002588412621329
  0.000052983005822  0.003766472705879  0.000000000000000  0.000000000000000
 -0.002707798815566  0.005844272663950 -0.063621921593781  0.035971940617762
  0.000000000000000  0.019005888801679 -0.035671170271458  0.023926851051982
  0.000000000000000 -0.005340767744011  0.004056803433764  0.000355112024915
 -0.001622598816015  0.000000000000000  0.000000000000000  0.119802294608291
  0.103135881315042  0.000199762337004 -0.004400862339010 -0.000000000000000
 -0.104391041196993 -0.110475155122629  0.003047731971333 -0.000975229882785
  0.004436717284876 -0.104391041196993 -0.110475155122629  0.003047731971333
 -0.000975229882785 -0.004436717284876 -0.223837250255227 -0.230935665172564
  0.004070045387483 -0.000041853937088 -0.000000000000000 -0.173134253720703
 -0.190463385418408 -0.003263355489977  0.000711452487801  0.000000000000000
 -0.041780402190823 -0.072961955258013  0.000113598252863  0.000528833810977
  0.000000000000000
   18 Orbital Energy    -0.241622 Occupation  1.000000 Symmetry App     
  0.000000000000000  0.000000000000000 -0.000000000000000  0.000000000000000
  0.127901810048325  0.000000000000000 -0.000000000000000  0.000000000000000
  0.078525906968003  0.000000000000000  0.000000000000000  0.000000000000000
 -0.000000000000000 -0.011301600153330  0.014359733374266  0.000000000000000
  0.000000000000000  0.000000000000000 -0.000000000000000 -0.345822952369233
  0.000000000000000  0.000000000000000 -0.000000000000000 -0.251442648219388
 -0.000000000000000  0.000000000000000  0.000000000000000 -0.000000000000000
  0.006888565556541  0.015391588250046  0.000000000000000  0.000000000000000
  0.000000000000000 -0.000000000000000 -0.366050343833479  0.000000000000000
  0.000000000000000 -0.000000000000000 -0.244920779319843  0.000000000000000
 -0.000000000000000 -0.000000000000000 -0.000000000000000 -0.010786533828564
 -0.009940387233542  0.000000000000000  0.000000000000000 -0.000000000000000
  0.000000000000000  0.022136283250188  0.000000000000000 -0.000000000000000
  0.000000000000000  0.012714049678526  0.000000000000000 -0.000000000000000
 -0.000000000000000  0.000000000000000 -0.005091708176739 -0.026125218940696
  0.000000000000000  0.000000000000000 -0.000000000000000  0.000000000000000
  0.293349595466618  0.000000000000000 -0.000000000000000  0.000000000000000
  0.208970591133261 -0.000000000000000  0.000000000000000  0.000000000000000
  0.000000000000000  0.007837368756980  0.010331334982002  0.000000000000000
  0.000000000000000 -0.000000000000000  0.000000000000000  0.002972979446062
  0.096053358370352  0.100182640689264  0.001631372830518  0.001716923553297
 -0.000288198069950 -0.096053358370352 -0.100182640689264 -0.001631372830518
 -0.001716923553297 -0.000288198069950  0.000000000000000  0.000000000000000
  0.000000000000000 -0.000000000000000 -0.008803017064786  0.000000000000000
  0.000000000000000  0.000000000000000 -0.000000000000000 -0.008865744895524
  0.000000000000000  0.000000000000000  0.000000000000000 -0.000000000000000
 -0.000518408896140
   19 Orbital Energy    -0.195664 Occupation  1.000000 Symmetry Ap      
  0.007894672517197 -0.017310723685488  0.003898365585981  0.045681084091262
  0.000000000000000 -0.036318286178901  0.006298657025889  0.028495437073752
  0.000000000000000  0.000739365104191  0.001525743039709 -0.000913174746275
  0.003388976925676  0.000000000000000 -0.000000000000000 -0.007143148106675
  0.009578392959881 -0.046733452742159 -0.050490294592799 -0.000000000000000
  0.111542868105111 -0.078628821667769 -0.078129487513140 -0.000000000000000
  0.005636582001457 -0.005619911381918 -0.001130515692583  0.002240288160994
 -0.000000000000000 -0.000000000000000  0.040778139179370 -0.078023339718402
 -0.058962142640679  0.198379472435517  0.000000000000000 -0.366405948206320
 -0.106981705820080  0.076080371756016  0.000000000000000  0.004511660572855
 -0.000353257536045  0.001114923780178  0.002228811322166 -0.000000000000000
  0.000000000000000 -0.000369326863393 -0.012332552244484  0.093225572395923
 -0.064310728642133 -0.000000000000000  0.022873062186859 -0.020249096772715
  0.099164424137599  0.000000000000000  0.039316959338589 -0.037152778163498
 -0.001193381064278  0.017391841987705 -0.000000000000000 -0.000000000000000
 -0.000141190983165 -0.008642814592557 -0.491452741823847  0.324702163942439
  0.000000000000000  0.044311204328789 -0.340673275830306  0.237072055881525
  0.000000000000000 -0.017540491367731  0.012508907905622 -0.002900223727358
 -0.007896814630656  0.000000000000000  0.000000000000000  0.023780039913231
  0.039700861503551 -0.000543669532738  0.000765595075775  0.000000000000000
 -0.005404232082283 -0.000716575966981 -0.000143375849337  0.000670012523538
  0.000076406576643 -0.005404232082283 -0.000716575966981 -0.000143375849337
  0.000670012523538 -0.000076406576643  0.007518908560101  0.055412209927186
  0.000330197652014 -0.001852813699386 -0.000000000000000  0.024035629696853
  0.075727423012612  0.000006250827877  0.002374542929991  0.000000000000000
  0.171649688254278  0.281194574211658 -0.001007700626551  0.000343541884501
  0.000000000000000
   20 Orbital Energy    -0.088533 Occupation  0.000000 Symmetry App     
  0.000000000000000  0.000000000000000 -0.000000000000000  0.000000000000000
  0.025008276865870  0.000000000000000  0.000000000000000 -0.000000000000000
 -0.056131502021650  0.000000000000000  0.000000000000000  0.000000000000000
 -0.000000000000000 -0.014580320630931  0.019714968072837  0.000000000000000
  0.000000000000000  0.000000000000000 -0.000000000000000 -0.405166508060456
  0.000000000000000  0.000000000000000 -0.000000000000000 -0.402453160340321
  0.000000000000000 -0.000000000000000 -0.000000000000000 -0.000000000000000
 -0.006750970466737 -0.008394037889675  0.000000000000000  0.000000000000000
 -0.000000000000000  0.000000000000000  0.201930822517115  0.000000000000000
 -0.000000000000000  0.000000000000000  0.238906049988007  0.000000000000000
 -0.000000000000000 -0.000000000000000  0.000000000000000 -0.004166800975086
 -0.028299551702048  0.000000000000000  0.000000000000000 -0.000000000000000
  0.000000000000000  0.334329054661500  0.000000000000000 -0.000000000000000
  0.000000000000000  0.278776504487508 -0.000000000000000  0.000000000000000
  0.000000000000000 -0.000000000000000  0.006694165751386  0.026819828603293
  0.000000000000000  0.000000000000000  0.000000000000000 -0.000000000000000
 -0.348786326723020  0.000000000000000  0.000000000000000 -0.000000000000000
 -0.307468829893898  0.000000000000000 -0.000000000000000 -0.000000000000000
 -0.000000000000000 -0.001930852835680 -0.001063489844846  0.000000000000000
  0.000000000000000 -0.000000000000000  0.000000000000000  0.001150789079296
  0.079834355340558  0.194722970939991 -0.000118415324483  0.002445270796204
 -0.000224827658217 -0.079834355340558 -0.194722970939991  0.000118415324483
 -0.002445270796204 -0.000224827658217  0.000000000000000  0.000000000000000
  0.000000000000000 -0.000000000000000 -0.013097933551475  0.000000000000000
  0.000000000000000 -0.000000000000000  0.000000000000000  0.006817919252005
  0.000000000000000  0.000000000000000 -0.000000000000000  0.000000000000000
  0.010787324877685
   21 Orbital Energy     0.019605 Occupation  0.000000 Symmetry App     
  0.000000000000000  0.000000000000000 -0.000000000000000  0.000000000000000
  0.071340746235312  0.000000000000000 -0.000000000000000  0.000000000000000
  0.192279762088145 -0.000000000000000 -0.000000000000000 -0.000000000000000
  0.000000000000000  0.014556440549010 -0.012377685995896  0.000000000000000
  0.000000000000000 -0.000000000000000  0.000000000000000  0.214932178227256
  0.000000000000000 -0.000000000000000  0.000000000000000  0.353709211062149
 -0.000000000000000  0.000000000000000  0.000000000000000  0.000000000000000
  0.020014555861485  0.018093742236281  0.000000000000000  0.000000000000000
  0.000000000000000 -0.000000000000000 -0.402609025753053  0.000000000000000
  0.000000000000000 -0.000000000000000 -0.584781283309743 -0.000000000000000
 -0.000000000000000 -0.000000000000000  0.000000000000000  0.018416408077708
 -0.010725157711250  0.000000000000000  0.000000000000000 -0.000000000000000
  0.000000000000000  0.425198313129474  0.000000000000000 -0.000000000000000
  0.000000000000000  0.533201685935638 -0.000000000000000 -0.000000000000000
 -0.000000000000000  0.000000000000000  0.021985165958789 -0.002604607599774
  0.000000000000000  0.000000000000000  0.000000000000000 -0.000000000000000
 -0.261885176683694  0.000000000000000  0.000000000000000 -0.000000000000000
 -0.301233851533879 -0.000000000000000  0.000000000000000 -0.000000000000000
  0.000000000000000  0.006344980685332  0.002239979729648  0.000000000000000
  0.000000000000000 -0.000000000000000  0.000000000000000  0.002241395119936
 -0.053479724910927 -0.311905495514025  0.002389495144736 -0.001277697482426
 -0.000032810157312  0.053479724910927  0.311905495514025 -0.002389495144736
  0.001277697482426 -0.000032810157312  0.000000000000000  0.000000000000000
 -0.000000000000000  0.000000000000000  0.011115884340294  0.000000000000000
  0.000000000000000  0.000000000000000 -0.000000000000000 -0.017454342101810
  0.000000000000000  0.000000000000000 -0.000000000000000  0.000000000000000
  0.018288321935333
   22 Orbital Energy     0.071020 Occupation  0.000000 Symmetry Ap      
 -0.049911713894190  0.067052825018520  0.141935479032569  0.138837108927337
  0.000000000000000  0.844592659152403  0.336525383251521  0.368278336754892
  0.000000000000000 -0.008996136894031 -0.008022233953740  0.003103159611178
 -0.021414699950572 -0.000000000000000  0.000000000000000 -0.068655186185583
  0.113619863247613  0.250979801816637 -0.044315028905902 -0.000000000000000
  1.124398129754593  0.493543344187356 -0.288629328623667 -0.000000000000000
 -0.024655546275230  0.014057513233569 -0.002000323557408  0.009586805402895
  0.000000000000000  0.000000000000000  0.013986842587138 -0.011623099218833
  0.061804094789432 -0.005735206179863 -0.000000000000000 -0.295546713188395
 -0.064208158999084 -0.225918152247741 -0.000000000000000  0.021093196183859
 -0.020254822573413  0.002796734493609  0.005374963573739 -0.000000000000000
 -0.000000000000000 -0.011383824629600  0.009236123458485  0.157663575265431
 -0.077953887522947 -0.000000000000000  0.199503165467380  0.339215463738446
 -0.123322008677583 -0.000000000000000 -0.001255034123356  0.000702791211439
 -0.002108212357844  0.002025170631627  0.000000000000000 -0.000000000000000
  0.001717831230284 -0.010251645122714 -0.057409065968392  0.031302085737448
  0.000000000000000  0.011221469523887 -0.098393069079370  0.054287275977569
  0.000000000000000 -0.000373830876930 -0.003897660757532 -0.001448443671795
 -0.001102681452205  0.000000000000000 -0.000000000000000 -0.089051134367826
 -1.066099988864748 -0.007398687469137 -0.002228124524323  0.000000000000000
  0.019433943176075 -0.068483253126345  0.003813401935337  0.005060975660286
  0.000675033782911  0.019433943176075 -0.068483253126345  0.003813401935337
  0.005060975660286 -0.000675033782911 -0.093580201657398 -1.286348057650472
 -0.010324640057114  0.002524481606245  0.000000000000000  0.084717915371669
  0.334972655675167 -0.004764383684655 -0.004136592593864 -0.000000000000000
 -0.002283245776959 -0.487019722293730 -0.004726428533483 -0.005868291017190
 -0.000000000000000
   23 Orbital Energy     0.079430 Occupation  0.000000 Symmetry Ap      
  0.129124410993936 -0.176214205641169  0.101204083011287 -0.114486111781167
 -0.000000000000000 -2.055776537411999  0.184870080350040 -0.335937036680847
 -0.000000000000000  0.014111901887266  0.003503910767991  0.016240980228457
  0.001388749844533 -0.000000000000000  0.000000000000000 -0.016849593558548
 -0.002158570578852  0.057630660080021  0.014643894756650 -0.000000000000000
  0.068463175514637  0.212365104995581  0.337832254918076  0.000000000000000
 -0.009450961728503 -0.009786851511508  0.004689882454489  0.004492537485638
  0.000000000000000 -0.000000000000000  0.036412518079625 -0.098341651645103
  0.102268642245174  0.016977103230433 -0.000000000000000 -0.202927035792647
  0.393204222805907  0.275647859113790  0.000000000000000  0.001077017709602
 -0.001155024713972 -0.000356766915608 -0.005032317029974 -0.000000000000000
 -0.000000000000000 -0.045885694455539  0.077590391031823  0.118895868243057
  0.031924003673411 -0.000000000000000  0.619989817991152  0.152417043286948
  0.022037757137987 -0.000000000000000 -0.008521683444910 -0.001862501379297
  0.000441650417617  0.004622097883046  0.000000000000000 -0.000000000000000
  0.003448706689194 -0.002729071157822 -0.034934019486970  0.000694400864145
  0.000000000000000 -0.066968992337766 -0.068226961715677 -0.003854499199612
  0.000000000000000  0.001394147651148 -0.000017944454778  0.003166185769763
  0.000817736713810 -0.000000000000000  0.000000000000000  0.024550926310923
  0.782352136282208  0.006706103787025 -0.000351001868250 -0.000000000000000
  0.037858514491884  1.022817229909975 -0.003189566057438 -0.001813740291661
  0.006984448174981  0.037858514491884  1.022817229909975 -0.003189566057438
 -0.001813740291661 -0.006984448174981 -0.048094010391640 -0.331913140906512
 -0.002825977464513  0.005055433722716  0.000000000000000  0.014496081781608
  0.634756175131216 -0.002517530681568  0.004396250064735  0.000000000000000
 -0.043193597259647 -0.585659182582529 -0.005906952443841  0.000136389602347
  0.000000000000000
   24 Orbital Energy     0.109330 Occupation  0.000000 Symmetry Ap      
 -0.069246176357367  0.087979684279868 -0.151077603651021 -0.087272033146587
 -0.000000000000000  1.111611269668182 -0.563792379093217 -0.439150208683995
 -0.000000000000000  0.002010256991603 -0.003136736730748 -0.016764851962361
  0.017975771699406  0.000000000000000 -0.000000000000000  0.037796590662847
 -0.023823811141385 -0.014679353458298 -0.095108220060930 -0.000000000000000
 -0.799358920182372  0.116035119662302 -0.266671839416184 -0.000000000000000
  0.008307773668516  0.011583682027126 -0.005921954121637 -0.020882152752137
 -0.000000000000000  0.000000000000000  0.075336811225346 -0.117225564677217
  0.202212491570191  0.019927029912104 -0.000000000000000 -1.062266474028968
  0.487479485158102  0.270151494615068  0.000000000000000  0.026992019639441
 -0.001231608277177 -0.003851395696170 -0.013068472524052 -0.000000000000000
 -0.000000000000000 -0.041236605238837  0.065501651015387  0.125495498703325
  0.063055974724468  0.000000000000000  0.606856959100876  0.205308956934074
  0.325074520918857  0.000000000000000 -0.017219885443237  0.006364923569145
 -0.002965733355693  0.019893998156589  0.000000000000000 -0.000000000000000
 -0.011440775713875  0.009234674741249  0.020696578325859  0.027596531165458
  0.000000000000000  0.186523242082870  0.024293908502628  0.065501599505654
  0.000000000000000 -0.005877583238165 -0.009301183094200 -0.005866435452895
  0.003558756539268  0.000000000000000 -0.000000000000000  0.084421891407264
  0.499660749418924  0.000289696645755 -0.000461512850284 -0.000000000000000
 -0.059896086500191 -0.742132180909342 -0.001906366231116 -0.005927426766989
 -0.006366626832856 -0.059896086500191 -0.742132180909342 -0.001906366231116
 -0.005927426766989  0.006366626832856  0.037901253273492  0.185522810967782
  0.001914936622499 -0.006603117221886 -0.000000000000000  0.107416392724893
  1.215713469463433 -0.011012877473436  0.005700770491047  0.000000000000000
 -0.082475410987984 -0.674333307738290 -0.006360891116054  0.009275050218239
  0.000000000000000
   25 Orbital Energy     0.123196 Occupation  0.000000 Symmetry Ap      
  0.026159536928947 -0.044834854911752 -0.212090159479999  0.136062367883163
  0.000000000000000 -0.313377342844026 -0.661513990083152  0.432864116549740
  0.000000000000000 -0.000222503913906  0.015201276593457 -0.011775398668131
 -0.002391658122486  0.000000000000000  0.000000000000000 -0.039660388108704
  0.073675454471135  0.009158454490194  0.128620223612752  0.000000000000000
  0.671634266263677  0.216042133767436  0.482432681555368  0.000000000000000
  0.031346214229112 -0.026766880224527 -0.002009191168736  0.005741763048467
 -0.000000000000000 -0.000000000000000 -0.016250191991115  0.016321960052193
 -0.226309425618382  0.110869335843435  0.000000000000000  0.618788559398674
 -0.644142799030167  0.261180252420590  0.000000000000000 -0.017879119817372
  0.015962756252788 -0.000623353316451 -0.009351831284047  0.000000000000000
  0.000000000000000 -0.093946559519180  0.161299503622658  0.207695315789334
  0.001720828981991 -0.000000000000000  1.308514879578093  0.550696488167927
  0.013494825353292 -0.000000000000000 -0.005169487108641 -0.024645575872758
  0.009204965916550 -0.015122866790329 -0.000000000000000 -0.000000000000000
  0.016739578324933 -0.044960980941364 -0.134318516949842 -0.061632965765921
  0.000000000000000 -0.125561994121531 -0.184540654238432 -0.045790812995621
  0.000000000000000 -0.000952028369370  0.001848271888003  0.003918922980524
  0.005083688612000  0.000000000000000  0.000000000000000  0.015979851888019
  0.458419353517795 -0.001545760538750  0.006585787739184  0.000000000000000
 -0.027458108094464 -0.438726134678361 -0.002739726404076  0.005455792732420
 -0.004577720488484 -0.027458108094464 -0.438726134678361 -0.002739726404076
  0.005455792732420  0.004577720488484  0.076853522903073 -0.173182764764334
  0.003709805058415  0.013281385920309  0.000000000000000 -0.053866107085854
 -1.018428492952449  0.005993564693502  0.005008698398365  0.000000000000000
 -0.046805063689894 -1.223867043613243 -0.009893257756305 -0.007369449995383
 -0.000000000000000
   26 Orbital Energy     0.140620 Occupation  0.000000 Symmetry App     
  0.000000000000000  0.000000000000000  0.000000000000000 -0.000000000000000
 -0.447760514033377  0.000000000000000  0.000000000000000 -0.000000000000000
 -1.304855362214280  0.000000000000000 -0.000000000000000  0.000000000000000
 -0.000000000000000 -0.019951636125932 -0.003517237452696  0.000000000000000
  0.000000000000000 -0.000000000000000  0.000000000000000  0.144313959046577
  0.000000000000000 -0.000000000000000  0.000000000000000  0.436666190952707
 -0.000000000000000 -0.000000000000000 -0.000000000000000  0.000000000000000
  0.005943873037420 -0.014038085584374  0.000000000000000  0.000000000000000
  0.000000000000000 -0.000000000000000 -0.169269869106087  0.000000000000000
  0.000000000000000 -0.000000000000000 -0.231617960027183 -0.000000000000000
  0.000000000000000  0.000000000000000  0.000000000000000  0.010087539046516
  0.008220238727155  0.000000000000000  0.000000000000000 -0.000000000000000
  0.000000000000000  0.053329697660963  0.000000000000000 -0.000000000000000
  0.000000000000000  0.110140893614412 -0.000000000000000 -0.000000000000000
 -0.000000000000000  0.000000000000000  0.008973244157438 -0.006653624090383
  0.000000000000000  0.000000000000000  0.000000000000000 -0.000000000000000
 -0.022239886351435  0.000000000000000  0.000000000000000 -0.000000000000000
 -0.041755615823032 -0.000000000000000 -0.000000000000000 -0.000000000000000
  0.000000000000000  0.002330410880507 -0.000231806378301  0.000000000000000
  0.000000000000000  0.000000000000000 -0.000000000000000 -0.014677205009065
  0.087870053353953  1.417656821325134 -0.010215945375930 -0.000209633194686
  0.002872391880007 -0.087870053353953 -1.417656821325134  0.010215945375930
  0.000209633194686  0.002872391880007  0.000000000000000  0.000000000000000
 -0.000000000000000  0.000000000000000  0.007097280737449  0.000000000000000
  0.000000000000000  0.000000000000000 -0.000000000000000 -0.006937030048159
  0.000000000000000  0.000000000000000 -0.000000000000000  0.000000000000000
  0.004750785501940
   27 Orbital Energy     0.156396 Occupation  0.000000 Symmetry Ap      
 -0.045424154313750  0.049325895266849  0.268119916821222  0.045575275212211
 -0.000000000000000  0.773783634138921  0.943522452898722 -0.108473517446194
 -0.000000000000000 -0.004438407297294 -0.018779110142935  0.009977808818605
  0.000019356517316 -0.000000000000000 -0.000000000000000  0.101384695618923
 -0.186137734733569 -0.106456970099769 -0.006720668165267  0.000000000000000
 -1.499787947605374 -0.298715897745545 -0.198463203139672 -0.000000000000000
  0.006670855813090  0.009620812216496 -0.001435452772198  0.015001254761790
  0.000000000000000  0.000000000000000 -0.026435249086651  0.068925400121832
 -0.021772483599423  0.167731117113297  0.000000000000000  0.031971588798515
 -0.307444099977124  0.523680701606783  0.000000000000000  0.002703670189915
 -0.009371766327417  0.002580691035666 -0.023989517719147 -0.000000000000000
 -0.000000000000000 -0.042460677671360  0.070183254322815  0.163035608711111
  0.034153737445736 -0.000000000000000  0.695541465347762  0.496670499916210
  0.604760260435282  0.000000000000000 -0.016352530603982  0.000979182530622
  0.000045308574884  0.013061875101530  0.000000000000000 -0.000000000000000
 -0.024077431046259  0.024220175474966 -0.025914407866698  0.046738568226824
  0.000000000000000  0.456379941500443  0.045695603571080  0.151056651178400
  0.000000000000000 -0.010768338856278 -0.009162546894390 -0.010047179127909
  0.012647437801541  0.000000000000000 -0.000000000000000 -0.069496760293144
 -1.229665186191641 -0.001546437605167 -0.011144480337118 -0.000000000000000
  0.040217305517300  0.383856808771616  0.005354576128651 -0.001532204787970
  0.004449163841947  0.040217305517300  0.383856808771616  0.005354576128651
 -0.001532204787970 -0.004449163841947  0.061167696893843  1.074768609195049
  0.009098542407857  0.002009688355783 -0.000000000000000  0.009069092827253
 -0.393172425733529  0.002131508428369  0.011051198956759  0.000000000000000
 -0.068823906793743 -0.881963183816421 -0.006222403136324  0.009433220785497
  0.000000000000000
   28 Orbital Energy     0.206115 Occupation  0.000000 Symmetry Ap      
  0.040372779414149 -0.031236068740194  0.080036710730883  0.284021145540506
  0.000000000000000 -0.899209649152679  0.058050163462784  1.394502567343655
  0.000000000000000 -0.016865103204318  0.034497023702188 -0.011635808385533
 -0.008189962270148  0.000000000000000  0.000000000000000 -0.064895450925084
  0.119208507297131 -0.283873063563429  0.194798760857702  0.000000000000000
  0.799333828350118 -1.059432534289435  1.096498402862619  0.000000000000000
  0.009180567212294 -0.022027601285584  0.005134751393171  0.005031417951204
 -0.000000000000000 -0.000000000000000  0.081791758321752 -0.159183491551510
  0.078109915862703  0.076090882342983  0.000000000000000 -1.018762570923800
  0.912646594646029 -0.139316190548756 -0.000000000000000 -0.031854546449890
  0.038711677822451 -0.005048768898419  0.001474471569287  0.000000000000000
  0.000000000000000 -0.051796656491774  0.103277433438443 -0.153728254986684
  0.138759377035567  0.000000000000000  0.447051521950915 -0.626926629639391
 -0.330612184203745 -0.000000000000000 -0.004463342312358 -0.017632522703413
  0.015416277750997 -0.001655930350977 -0.000000000000000 -0.000000000000000
  0.037302731622700 -0.056386808884264  0.032536903348406 -0.122261840840094
 -0.000000000000000 -0.626713821615547 -0.056227291646043 -0.288023553440423
 -0.000000000000000  0.006145553457714  0.009890019938379  0.016314763265550
 -0.010173685359378 -0.000000000000000  0.000000000000000 -0.043154428076689
 -0.792749638136809 -0.011734849845171  0.007189253256855  0.000000000000000
 -0.054384741142822  0.021193773585838  0.001594579045776  0.011027169920504
 -0.000792538933157 -0.054384741142822  0.021193773585838  0.001594579045776
  0.011027169920504  0.000792538933157  0.026297151615527  0.952471344343371
  0.003392332568677  0.002296695441065  0.000000000000000 -0.026122022882624
  1.244304683516862 -0.000722354650895  0.000342250079858  0.000000000000000
 -0.042168096050529  0.287363132410527 -0.001401568903007  0.003264674072818
  0.000000000000000
   29 Orbital Energy     0.248807 Occupation  0.000000 Symmetry Ap      
 -0.042066418371538  0.050286810081572  0.013840213749661 -0.065037860774662
 -0.000000000000000  0.534334313037473  0.261998713049099 -0.681183700297396
 -0.000000000000000  0.004560077009695 -0.030856471629053  0.012319039600411
  0.012982120518409 -0.000000000000000 -0.000000000000000  0.044695791831342
 -0.031000745669292 -0.028781692286547 -0.292362673341055 -0.000000000000000
 -1.399376547779724  0.018194986595311 -0.079300235065074 -0.000000000000000
  0.002953905509585 -0.010414702542295  0.000211014760018  0.005384681161280
  0.000000000000000 -0.000000000000000 -0.023597480162949 -0.037042292432144
  0.083844901272601  0.044446109249844  0.000000000000000  1.174006503179424
  0.842208429480157 -0.398407138108971 -0.000000000000000 -0.020299692811354
  0.000832564127542 -0.000562927527434  0.030513700197730  0.000000000000000
 -0.000000000000000 -0.027416636833103 -0.022894160574116  0.018349855494289
 -0.251151006639231 -0.000000000000000  0.774546959273821 -0.672819048829352
 -2.040986219741180 -0.000000000000000 -0.005101304370611 -0.007231061407933
  0.020643602938265 -0.017485017044875 -0.000000000000000  0.000000000000000
  0.099747445305440 -0.117180075163832 -0.154948660783401 -0.104652212829177
 -0.000000000000000 -1.886273655894880 -0.558790368235462 -0.569223376836632
 -0.000000000000000  0.041767864185895  0.014599910063657  0.052989700449635
 -0.028897640523634 -0.000000000000000  0.000000000000000  0.014394357276378
 -0.031151816017544  0.005315826025201 -0.011777273823649 -0.000000000000000
  0.050716886364908  0.049915111299706  0.003354335042303 -0.007355164383722
  0.000646618035170  0.050716886364908  0.049915111299706  0.003354335042303
 -0.007355164383722 -0.000646618035170  0.059458871007390  0.455406904134142
  0.002391935017913  0.006679300197095  0.000000000000000 -0.083891861835468
  0.378661868229673  0.003772047767355 -0.013473747076039 -0.000000000000000
 -0.078827209219648 -0.109411337066606 -0.005281448502154 -0.017871027361256
 -0.000000000000000
&
&hess
   1
   1  5.369747E-01
   2  3.627285E-02  4.884620E-01
   3 -4.030041E-08 -2.287746E-08  5.034535E-01
   4 -9.527998E-02  4.404742E-02  2.933449E-08  6.641780E-01
   5  3.226118E-02 -2.091921E-01  4.536615E-08  1.065589E-01  6.765671E-01
   6  2.112032E-06 -4.978336E-09 -6.323091E-02 -6.768521E-09 -7.641280E-08
   7  1.271271E-02  6.969255E-03 -4.792394E-08 -2.643798E-01 -1.942830E-01
   8 -1.195245E-02 -3.199094E-02  9.479857E-09 -1.829915E-01 -3.314435E-01
   9  1.917430E-08 -1.250039E-08  5.371428E-03  3.380103E-05 -1.617546E-08
  10 -2.872681E-03 -3.260143E-03 -2.439495E-08  1.008421E-02 -2.196142E-02
  11 -4.811702E-03  4.680094E-03  8.964732E-09 -1.127652E-02 -5.110371E-02
  12 -1.588335E-09  2.799329E-08  1.206661E-02 -1.273820E-08 -2.906474E-08
  13  1.262593E-03 -3.464784E-04  1.885686E-08  4.645514E-03  8.870277E-03
  14 -3.625771E-04 -2.511012E-03  7.784996E-09  1.262922E-02  5.405541E-03
  15  9.690722E-09 -1.925398E-08 -3.393609E-03  2.924081E-09  1.808330E-08
  16 -2.079998E-01 -1.307998E-01 -6.500744E-08  9.720954E-03  1.019821E-02
  17 -1.270259E-01 -1.464495E-01  3.932950E-08 -2.497043E-02 -1.881211E-02
  18 -1.131614E-08 -1.698075E-08 -4.403426E-02  2.672949E-08  4.713589E-08
  19 -1.210418E-01  2.331787E-02  1.187495E-01 -6.896095E-03  5.810326E-03
  20  2.588977E-02 -5.007368E-02 -4.155500E-02  1.684546E-02 -8.849684E-03
  21  1.177255E-01 -3.912344E-02 -2.061238E-01 -2.009890E-03 -1.536606E-04
  22 -1.210418E-01  2.331790E-02 -1.187495E-01 -6.896178E-03  5.810340E-03
  23  2.588975E-02 -5.007372E-02  4.155495E-02  1.684550E-02 -8.849654E-03
  24 -1.177254E-01  3.912348E-02 -2.061240E-01  2.009843E-03  1.537273E-04
  25 -4.027652E-03 -9.599321E-04 -6.692061E-08 -3.020997E-01  4.345458E-02
  26  2.414528E-02 -4.360985E-03  5.915730E-08  4.516309E-02 -6.025406E-02
  27 -1.460748E-08  4.355981E-08  7.298546E-03  1.610463E-08 -2.697708E-08
  28  8.531318E-04  8.544118E-04  5.002086E-09 -1.318633E-02  4.571190E-03
  29  2.011949E-04  1.492814E-03 -3.944091E-09 -2.564383E-02  5.779940E-03
  30 -1.981173E-08 -3.971138E-08 -4.859509E-03  2.853824E-08 -1.145933E-08
  31  4.502831E-04  5.557426E-04 -1.529204E-08  1.076050E-04 -1.189650E-03
  32 -5.497701E-04  8.203532E-05 -3.714676E-10  2.946344E-03  8.022800E-04
  33  8.277340E-10 -1.929367E-09 -4.597692E-04  7.169906E-09 -3.468774E-09
   6
   6  1.428139E-01
   7  8.582894E-08  7.209950E-01
   8  7.129170E-08  1.120540E-01  6.576081E-01
   9 -4.852738E-02 -3.954941E-08 -1.882165E-08  1.028810E-01
  10  3.897094E-08 -1.415783E-01  7.929948E-02  1.740671E-08  6.683842E-01
  11 -2.831506E-08  7.041701E-02 -1.636971E-01  3.287505E-08  1.781670E-01
  12 -7.552797E-04  1.395031E-07 -8.946692E-08 -6.757577E-02  3.920622E-08
  13 -4.101024E-08  2.215933E-02 -1.938899E-02 -4.427166E-09 -2.918307E-01
  14  2.288436E-08 -3.090928E-02 -7.618244E-02 -1.210278E-08 -2.801063E-01
  15  3.589634E-03  4.782441E-09  9.494004E-09  1.963921E-02  3.873881E-05
  16  8.122308E-09 -5.230062E-04  1.618626E-03 -9.340609E-10  5.205448E-04
  17  7.852369E-09  4.394373E-03 -5.232340E-03 -5.014096E-09 -1.784557E-03
  18 -2.716641E-03 -1.601702E-08 -5.105010E-08  1.511781E-03  5.652172E-09
  19  4.914298E-03  5.355254E-04 -3.209932E-03 -3.137003E-04 -2.669191E-04
  20 -2.383989E-02  1.699265E-03  5.048888E-05  1.341721E-03 -5.176889E-04
  21  1.971462E-03  3.221196E-04  5.032840E-04  1.557321E-03 -3.702301E-04
  22 -4.914274E-03  5.355704E-04 -3.209929E-03  3.136216E-04 -2.669118E-04
  23  2.383988E-02  1.699431E-03  5.047563E-05 -1.341669E-03 -5.177290E-04
  24  1.971411E-03 -3.220846E-04 -5.033552E-04  1.557274E-03  3.702345E-04
  25  1.611171E-08 -1.975084E-02  1.568625E-03  2.091070E-08  1.470349E-04
  26 -2.617336E-09 -2.446216E-02  7.170987E-03 -1.652393E-09 -5.473338E-03
  27 -3.825304E-02  2.175368E-08 -1.989836E-08  6.407869E-03  3.610303E-08
  28 -6.247631E-09 -3.174015E-01  2.510493E-02  1.378981E-09 -1.024039E-02
  29 -3.674975E-08  2.596803E-02 -5.465548E-02  2.061461E-08  2.931574E-02
  30  4.356350E-03 -2.334871E-08 -1.656722E-08 -3.673893E-02 -1.607719E-08
  31 -2.062949E-09 -1.341665E-02  1.158999E-03  2.706720E-08 -2.321979E-01
  32  2.533500E-09  2.651880E-02 -1.558230E-03 -1.631081E-08  2.677221E-02
  33 -1.216737E-03 -2.581243E-08 -1.009098E-08  1.401209E-02  5.648661E-09
  11
  11  7.700400E-01
  12  1.106638E-07  1.731234E-01
  13 -2.727016E-01 -1.264066E-08  2.884142E-01
  14 -5.024098E-01 -1.042988E-08  3.276208E-01  5.756073E-01
  15 -4.746257E-08 -5.819499E-02  1.165793E-08  7.898062E-09  2.196983E-02
  16  4.610491E-04 -1.729073E-08 -1.493483E-04  1.144808E-04  4.988452E-09
  17  8.811382E-04 -3.835798E-09  5.559106E-06 -1.361918E-03 -8.075297E-09
  18  2.208173E-08  8.885060E-04 -1.258094E-08 -4.386473E-09 -2.655127E-04
  19  1.275720E-03 -6.946054E-04 -2.380365E-04 -5.009438E-04  6.679137E-05
  20  7.243153E-04  2.180215E-03 -1.050188E-04 -4.249844E-04 -6.709492E-04
  21 -2.043501E-04  6.948312E-05  1.284212E-04  1.445443E-05  6.126753E-05
  22  1.275707E-03  6.946030E-04 -2.380169E-04 -5.009299E-04 -6.678800E-05
  23  7.243083E-04 -2.180196E-03 -1.050242E-04 -4.249820E-04  6.709438E-04
  24  2.043821E-04  6.949115E-05 -1.284426E-04 -1.447390E-05  6.126710E-05
  25  4.223241E-03 -1.717793E-08  1.768086E-04 -6.924651E-04 -3.887152E-09
  26 -7.233914E-04  1.854326E-08  2.092575E-03  7.557665E-04 -5.654645E-09
  27  1.785248E-08 -8.436467E-03 -3.411740E-08 -2.125141E-08  1.575787E-03
  28 -3.392376E-03 -5.993894E-09  2.679165E-03  1.644781E-04  1.669616E-08
  29  1.071927E-03  1.925280E-08 -3.812369E-03  2.928279E-03 -6.927412E-09
  30  1.821871E-08  2.362678E-03  1.209204E-08  8.130694E-09 -2.041431E-03
  31  3.638837E-02 -1.249967E-08 -2.736624E-02 -2.721555E-02  1.157761E-08
  32 -6.016351E-02  1.222279E-08 -4.186544E-02 -7.015834E-04  3.798315E-09
  33  6.904178E-09 -5.360325E-02  7.088555E-10 -1.029581E-08  1.678535E-02
  16
  16  2.222652E-01
  17  1.377608E-01  1.619908E-01
  18  6.129563E-09  1.468534E-08  4.339015E-02
  19 -1.260830E-02  5.656119E-03  1.966599E-02  1.303905E-01
  20 -9.753109E-03  3.868778E-03  1.666236E-02 -3.065302E-02  5.685080E-02
  21 -1.979528E-03  6.286102E-04  7.531050E-04 -1.281091E-01  4.244292E-02
  22 -1.260835E-02  5.656023E-03 -1.966600E-02  1.009733E-02 -3.475831E-03
  23 -9.753141E-03  3.868775E-03 -1.666235E-02 -3.475853E-03  6.632821E-04
  24  1.979498E-03 -6.287076E-04  7.531006E-04 -1.501733E-02  4.210392E-03
  25  1.146722E-03 -6.727286E-05 -6.318778E-09 -1.414826E-04  7.258961E-04
  26  3.385409E-06  1.187361E-03 -2.149535E-08  1.769409E-03 -2.802802E-03
  27 -8.232371E-09  3.156408E-09  1.365320E-04 -2.207369E-04  7.189254E-05
  28  2.304152E-04  7.203985E-05 -3.082053E-09  8.887886E-05 -6.214388E-04
  29  2.286523E-04  1.385492E-04  8.420503E-09  3.784322E-05 -1.730083E-04
  30  1.057987E-08  8.415797E-09 -2.637522E-04  8.535758E-04 -7.743200E-04
  31  1.981904E-05  3.188124E-04  5.220927E-09  8.357585E-05 -3.595840E-05
  32 -6.736122E-05 -8.574662E-05 -3.008879E-09 -2.981980E-05  1.582621E-04
  33  4.891476E-09 -8.245923E-10 -1.582785E-04  9.477755E-05 -6.916646E-05
  21
  21  2.235059E-01
  22  1.501734E-02  1.303905E-01
  23 -4.210403E-03 -3.065301E-02  5.685074E-02
  24 -2.028164E-02  1.281091E-01 -4.244288E-02  2.235060E-01
  25 -6.500139E-04 -1.414564E-04  7.258583E-04  6.500465E-04  3.246241E-01
  26  3.832092E-04  1.769361E-03 -2.802784E-03 -3.832560E-04 -4.484212E-02
  27 -1.076118E-03  2.207366E-04 -7.190182E-05 -1.076103E-03 -7.795907E-09
  28 -1.031794E-04  8.886769E-05 -6.215150E-04  1.032016E-04 -7.760761E-04
  29 -3.358713E-04  3.786668E-05 -1.730044E-04  3.358529E-04 -2.645171E-03
  30 -3.395056E-04 -8.535647E-04  7.743485E-04 -3.395405E-04 -1.074699E-08
  31  1.523820E-05  8.357389E-05 -3.595926E-05 -1.523413E-05  8.449984E-04
  32  5.578570E-05 -2.982608E-05  1.582706E-04 -5.578799E-05 -1.535245E-03
  33 -8.790350E-05 -9.477102E-05  6.916607E-05 -8.790361E-05  5.699092E-09
  26
  26  6.529936E-02
  27  1.209049E-08  2.272314E-02
  28 -1.842846E-03  6.290645E-09  3.383170E-01
  29 -3.446153E-03 -1.065985E-08 -2.573992E-02  5.155951E-02
  30  7.388528E-09  1.040884E-02 -5.637211E-09  1.274749E-09  2.437881E-02
  31  1.669293E-03 -2.245467E-08 -6.422721E-04  2.046515E-03  3.770339E-09
  32 -4.004745E-05  7.072546E-09  1.445822E-03 -4.544911E-03 -5.632868E-09
  33  5.687040E-09  2.876874E-04  1.639421E-09  9.612984E-09  3.069611E-03
  31
  31  2.720515E-01
  32 -1.360344E-02  6.587703E-02
  33 -1.229805E-08 -7.085276E-09  2.145113E-02
&
&valid
version=1.0
geometry
atom_num=11
   6     0.0615048565     2.5568770369     0.0000000000
   6     0.5052604744     1.1214752861     0.0000000000
   6    -0.3143652215     0.0460367984     0.0000000000
   6     0.2314810611    -1.3186855139     0.0000000000
   8    -0.4468837406    -2.3415872170     0.0000000000
   1     0.9122026121     3.2535143404     0.0000000000
   1    -0.5600880467     2.7790045887     0.8849104566
   1    -0.5600880467     2.7790045887    -0.8849104566
   1     1.5879952161     0.9276166956     0.0000000000
   1    -1.4068287867     0.1424881813     0.0000000000
   1     1.3576861116    -1.3632407242     0.0000000000
end
molecule
molchg=0
multip=1
qs_cuts=   0    0    0
end
basis
name=6-31g**                         
numd=6
atom_basis_num=0
end
&
