&zmat
 C1              0.0615048565             2.5568770369             0.0000000000
 C2              0.5052604744             1.1214752861             0.0000000000
 C3             -0.3143652215             0.0460367984             0.0000000000
 C4              0.2314810611            -1.3186855139             0.0000000000
 O5             -0.4468837406            -2.3415872170             0.0000000000
 H6              0.9122026121             3.2535143404             0.0000000000
 H7             -0.5600880467             2.7790045887             0.8849104566
 H8             -0.5600880467             2.7790045887            -0.8849104566
 H9              1.5879952161             0.9276166956             0.0000000000
 H10            -1.4068287867             0.1424881813             0.0000000000
 H11             1.3576861116            -1.3632407242             0.0000000000
&

