&gen
basis=6-31G**
igeopt=1
dftname=PBE-D3
ifreq=1
&
entry_name: J1_9786_2111.in
&zmat
C1         -3.7988152809        -5.7812901435        -1.4628768713
C2         -4.4451489453        -4.4832845374        -1.9462333387
C3         -3.4260063545        -3.3518201492        -2.1499078837
C4         -2.8640904586        -2.8181132161        -0.8238672831
C5         -1.9458084959        -1.6133306399        -1.0621863901
C6         -1.3600158106        -1.1027197260         0.2591687671
P7         -0.4242799138         0.4645599288         0.0465648964
C8          0.2937012505         0.9900810341         1.4259823630
C9          0.1955698148         0.3346463753         2.7416001424
O10        -0.6041952148        -0.6169668050         2.9480512996
O11         1.0054925998         0.8059272740         3.7780748089
C12         0.9897428855         0.2398045143         5.0843802078
C13         1.9858896509         0.9721700856         5.9688109775
C14         0.8546763613         0.2661804286        -1.2605669742
C15         2.1967386832        -0.2816387570        -0.7503201033
C16         2.0960933001        -1.7128695387        -0.1990089389
C17         3.4743640780        -2.3426470968         0.0584479917
C18         4.1398649546        -2.8495673779        -1.2297507172
C19         5.4636987374        -3.5452048455        -0.9260219511
C20        -1.6527506534         1.7039157503        -0.5279491749
C21        -1.3406213659         3.1564817390        -0.1307225084
C22        -0.1419868112         3.7481558185        -0.8902306661
C23         0.0759309251         5.2374956878        -0.5779081191
C24        -0.9368488820         6.1463660718        -1.2903551724
C25        -0.6155463313         7.6189151469        -1.0510648251
H26        -4.5602453394        -6.5893738765        -1.4496972997
H27        -2.9754638629        -6.0834013754        -2.1444799757
H28        -3.4030935378        -5.6641584586        -0.4329343518
H29        -4.9442693413        -4.6847662996        -2.9188480538
H30        -5.2301600469        -4.1667158102        -1.2255150931
H31        -2.5949421826        -3.7063311026        -2.7985881392
H32        -3.9385054581        -2.5211244073        -2.6830161217
H33        -3.7049389518        -2.5138395568        -0.1623499256
H34        -2.2830334271        -3.6171622215        -0.3155535087
H35        -1.1221854648        -1.9261993868        -1.7369574823
H36        -2.5271958152        -0.8046239701        -1.5546865301
H37        -2.1913561257        -0.9118193239         0.9708089499
H38        -0.7020638202        -1.8842169412         0.6882745707
H39         0.9359358935         1.8573271299         1.3606477999
H40         1.2674588660        -0.8353372590         5.0308900410
H41        -0.0279603552         0.3330804854         5.5218631619
H42         1.7146608808         2.0470565202         6.0361767351
H43         3.0085128251         0.8795748667         5.5455160553
H44         1.9760445013         0.5326970880         6.9884863847
H45         0.4705189417        -0.3759843123        -2.0768376646
H46         1.0468618793         1.2560614393        -1.7179412698
H47         2.9031675231        -0.2607978753        -1.6057320539
H48         2.6108806382         0.3930494863         0.0293953138
H49         1.5659939635        -1.6750175576         0.7746513696
H50         1.5060991224        -2.3562131815        -0.8881488763
H51         3.3356185464        -3.2048232358         0.7475302577
H52         4.1370679805        -1.6087837868         0.5680900637
H53         3.4665486093        -3.5710439725        -1.7417651648
H54         4.3388370730        -2.0041706280        -1.9207580967
H55         5.9244203438        -3.8977749451        -1.8728476535
H56         5.2967949289        -4.4221932057        -0.2648780442
H57         6.1648874110        -2.8401496907        -0.4306866253
H58        -1.7642489069         1.6246003327        -1.6301723596
H59        -2.6324918952         1.4369583478        -0.0779377159
H60        -2.2461645049         3.7552623812        -0.3605690795
H61        -1.1754042426         3.2283843027         0.9654155855
H62         0.7781185835         3.2119218660        -0.5832838590
H63        -0.2708535841         3.6053619206        -1.9854705645
H64         1.0990783518         5.5125782121        -0.9169211876
H65         0.0304732953         5.4042460480         0.5209208844
H66        -0.9158146629         5.9491932908        -2.3842677548
H67        -1.9626937071         5.9478310521        -0.9160677955
H68        -0.6468630955         7.8487123754         0.0353790018
H69        -1.3656506321         8.2523615105        -1.5698589996
H70         0.3919700785         7.8645167031        -1.4493854652
&

