&gen
basis=6-31G**
igeopt=1
dftname=PBE-D3
ifreq=1
&
entry_name: J1_10401_2111.in
&zmat
C1         -1.1597685627        -0.3904853070         0.3390052392
C2         -1.8350055238        -1.5452937683         0.2589576950
C3         -3.2221821956        -1.6842648514         0.8211227790
C4         -4.2333607580        -0.8837516238         0.0044623922
C5          0.2329506884        -0.2707005444        -0.2267769112
C6          0.2667466149        -0.2722624067        -1.7350885802
C7          1.2289353574        -1.3187758250        -2.3150194640
C8          1.3149882836        -1.2019086441        -3.8436528321
C9          2.1656162090        -2.3144891452        -4.4756933894
C10         3.6641906136        -2.1683113902        -4.1587298810
C11         4.5288685597        -3.1771446325        -4.9452802254
C12         5.3062333212        -2.5440230772        -6.1149056800
C13         4.4258653409        -2.0182931432        -7.2628163714
C14         3.6883845284        -3.1269406976        -8.0287877047
O15         4.5972517152        -4.1045782433        -8.5335689160
C16         5.4296006653        -3.8871505469        -9.6369891441
C17         6.4103433400        -4.9372766827       -10.0336595482
O18         5.3849402607        -2.8017404377       -10.2772978344
O19         0.7867948528         1.0261803394        -1.8832018741
P20         0.8875539750         1.4189454517        -0.2126102785
C21         2.6901389087         1.7231643602        -0.3760502807
C22         0.9149283061         1.5573292548         1.6264957674
C23         1.8631271399         0.8106745935         2.3594778423
C24         1.8873319864         0.8491317893         3.7558483377
C25         0.9481377226         1.6083424252         4.4515341925
C26        -0.0285955128         2.3154925852         3.7521164732
C27        -0.0588895852         2.2812288315         2.3549893210
C28        -0.1213577671         2.8923771347        -0.5131939664
C29         0.4274596683         4.1699074804        -0.3118441806
C30        -0.3416102114         5.3132802977        -0.5473553667
C31        -1.6589875942         5.1911185135        -0.9960238186
C32        -2.2075898914         3.9250911283        -1.2149843956
C33        -1.4423924424         2.7790362623        -0.9802107211
H34        -1.6195178062         0.4593883647         0.8334379159
H35        -1.3715858854        -2.4109857521        -0.2069878464
H36        -3.2369268845        -1.3436849918         1.8791726253
H37        -3.5140565371        -2.7561068814         0.7999869028
H38        -5.2520728657        -1.0433407751         0.4161854740
H39        -4.0008328219         0.2015410198         0.0498882490
H40        -4.2214594219        -1.2165693788        -1.0555250880
H41         0.9414976164        -0.9874112668         0.2441658537
H42        -0.7431822075        -0.3382159388        -2.1997400511
H43         2.2367960324        -1.1762449665        -1.8695164514
H44         0.8610278777        -2.3316899702        -2.0412286045
H45         0.2889019153        -1.2724404984        -4.2669008944
H46         1.7275941718        -0.2086140832        -4.1262928087
H47         1.8036642649        -3.3073260481        -4.1291777214
H48         2.0129669439        -2.2719499372        -5.5734178389
H49         3.9974677612        -1.1258995381        -4.3563215122
H50         3.8145741382        -2.3580930501        -3.0744092737
H51         5.2846449322        -3.5983001356        -4.2463309757
H52         3.9289511974        -4.0437492752        -5.2958044303
H53         5.9188472298        -1.7022787712        -5.7243153568
H54         6.0220873998        -3.2937759099        -6.5160703516
H55         3.6923585324        -1.2803887890        -6.8770086230
H56         5.0776418706        -1.4687162133        -7.9749031995
H57         2.9600420078        -3.6298590784        -7.3615012960
H58         3.1075804205        -2.6814228986        -8.8655190822
H59         7.4006518812        -4.7036543984        -9.5906465586
H60         6.5022312785        -4.9752900512       -11.1396458917
H61         6.0725687616        -5.9294283842        -9.6676395434
H62         2.9005339118         2.2328528493        -1.3395156548
H63         3.2368853336         0.7579395247        -0.3647374003
H64         3.0736793360         2.3814365652         0.4313409547
H65         2.5840003666         0.1833953675         1.8532412332
H66         2.6300717589         0.2794345322         4.2993123546
H67         0.9654670918         1.6336103726         5.5334402803
H68        -0.7749103872         2.8818050572         4.2943859642
H69        -0.8659415721         2.8064907928         1.8683240869
H70         1.4446902350         4.2822924255         0.0391646592
H71         0.0841081424         6.2945017692        -0.3819433266
H72        -2.2529238449         6.0772804281        -1.1786177736
H73        -3.2253214342         3.8315140179        -1.5712379457
H74        -1.8807366439         1.8104015060        -1.1736178149
&

