&zmat
 C4             -4.3553697462             0.5635072160             1.0212545900
 C3             -3.5663245466            -0.7604301817             1.0415849003
 C2             -2.4032597171            -0.7253475090             0.0888463490
 C1             -1.1099086775            -0.7480748191             0.4669403434
 C5              0.0902346397            -0.5919539120            -0.4140893107
 C6             -0.0542276508            -0.6324703881            -1.9412528522
 C7              1.0323581815            -1.4769249226            -2.6230096059
 C8              1.1059492393            -1.2278000807            -4.1334266674
 C9              2.3082361018            -1.8923644296            -4.8263801359
 C10             3.6707508925            -1.3065848063            -4.4117442305
 C11             4.9116102142            -2.0157606508            -4.9954806832
 C12             5.3808390655            -1.5510200295            -6.3873856634
 C13             4.4269583764            -1.7897542419            -7.5720000170
 C14             3.9739019680            -3.2411880851            -7.7410551396
 O15             5.0927843021            -4.1706091847            -7.6821531694
 C16             5.8095863347            -4.3030135896            -8.8357590268
 C17             6.9802020454            -5.2369137060            -8.6177628586
 O18             5.5431573456            -3.7286077057            -9.8808324691
 O19             0.0836856901             0.7616391749            -2.2350365358
 P20             0.6569146669             1.2510077899            -0.5502487601
 C21             2.2834639512             1.7853973347            -1.2623619232
 C22             1.1788296828             1.3154765910             1.2989984666
 C23             2.4698281884             0.9044094995             1.6889383318
 C24             2.8160869250             0.7603243430             3.0407752466
 C25             1.8690426978             1.0176195091             4.0402494433
 C26             0.5752466237             1.4152632666             3.6753622013
 C27             0.2366192082             1.5568802489             2.3226629282
 C28            -0.4942625139             2.6970883275            -0.5015972171
 C29            -0.1346022549             3.8598691201             0.2098073029
 C30            -0.9819418664             4.9744052025             0.2240948720
 C31            -2.2139300515             4.9301882810            -0.4452441093
 C32            -2.5793764076             3.7758279427            -1.1511122965
 C33            -1.7173193846             2.6713055083            -1.1955733719
 H38            -5.2137886823             0.5291456034             1.7120663665
 H39            -3.7085625085             1.4084126386             1.3095527534
 H40            -4.7430657355             0.7798679201             0.0112689324
 H36            -3.2037154731            -0.9644310921             2.0651565976
 H37            -4.2502815637            -1.5905619519             0.7783090867
 H35            -2.6587213924            -0.6222682975            -0.9749896706
 H34            -0.8875069472            -0.8315060967             1.5387024977
 H41             0.9303532572            -1.1921919508            -0.0169138607
 H42            -1.0500278514            -0.9953380420            -2.2716376741
 H43             2.0030773861            -1.2299623614            -2.1523891314
 H44             0.8493097378            -2.5485449360            -2.4118668210
 H45             0.1694043656            -1.5834444305            -4.6025540667
 H46             1.1338205913            -0.1344919690            -4.2945757542
 H47             2.3047770338            -2.9796822014            -4.6106289562
 H48             2.1753708909            -1.7972697582            -5.9182865347
 H49             3.6990787427            -0.2298633210            -4.6719207494
 H50             3.7441061281            -1.3452048465            -3.3094642123
 H51             5.7601979426            -1.8609329756            -4.3043174963
 H52             4.7419151273            -3.1094637763            -5.0051243518
 H53             5.6140491232            -0.4707598406            -6.3441416341
 H54             6.3371233209            -2.0583997738            -6.6095874929
 H55             3.5183622172            -1.1680608612            -7.4739284435
 H56             4.9222682281            -1.4704618872            -8.5046120296
 H57             3.3201849565            -3.5643074719            -6.9171438326
 H58             3.4481189500            -3.3739801184            -8.7006094998
 H59             7.7824438254            -4.6957812650            -8.0888156850
 H60             7.3623223080            -5.5754674286            -9.5889097939
 H61             6.6914427051            -6.0944149897            -7.9926518437
 H62             2.0630513456             2.2440539607            -2.2349361453
 H63             2.9165770348             0.9031742732            -1.4454122359
 H64             2.8129583201             2.4838220982            -0.5981488503
 H65             3.2296872916             0.6848991689             0.9306611589
 H66             3.8290849830             0.4455759794             3.3123305789
 H67             2.1360177169             0.9067592717             5.0957688788
 H68            -0.1751495434             1.6169569805             4.4469321689
 H69            -0.7788953513             1.8697478574             2.0579099962
 H70             0.8083412226             3.8899689607             0.7641098780
 H71            -0.6829320924             5.8752533974             0.7687323454
 H72            -2.8834094013             5.7954374692            -0.4199455184
 H73            -3.5360732448             3.7360243720            -1.6810326199
 H74            -1.9658538463             1.7873533075            -1.7854434825
&

