MAEFILE: J1_4949_2111.01.mae
&gen 
basis=6-31g** 
igeopt=1 
dftname=pbe-d3 
ifreq=1 
&
&zmat
 C1             -1.1739465458            -0.9097085748             0.3536134409
 C2             -0.0910379906            -0.1560258746            -0.4007588025
 C3              1.2877365577            -0.5724140670             0.1460719037
 C4             -0.3241933338             1.3582087715            -0.2387291113
 O5             -1.9783391985            -1.6798244799            -0.1429327688
 H6             -1.1816666480            -0.6952144870             1.4634042387
 H7             -0.1822051162            -0.4437014515            -1.4625008956
 H8              1.4788156878            -1.6459594830            -0.0102745775
 H9              2.0869301897            -0.0041363323            -0.3571452189
 H10             1.3618513875            -0.3662950754             1.2281716071
 H11            -0.3187264668             1.6466350600             0.8269616711
 H12             0.4762495404             1.9249846551            -0.7416570505
 H13            -1.2886731129             1.6687302507            -0.6709555631
&
&guess  basgss=6-31g** numd=6
    1 Orbital Energy   -18.770379 Occupation  1.000000
  0.000018377278516  0.000518604617658  0.000023674120026  0.000014622881570
 -0.000025902145809 -0.003090413808841  0.002005654262987  0.002024193117928
  0.001760228782327 -0.000390655392964 -0.000358870303028 -0.000151973688314
 -0.000407921460058 -0.000261234820849 -0.000248079524707  0.000014402461740
  0.000067262022813  0.000000702088426  0.000017808304345  0.000085307090802
 -0.000432276597566 -0.000366945500241 -0.000514716045377 -0.001040861782901
  0.000019092780010  0.000014835637242  0.000063701292452 -0.000003157111185
 -0.000018603849914 -0.000005230480977  0.000001125256124  0.000001944613355
 -0.000028918666122  0.000012042410266  0.000005776093819  0.000332064413888
 -0.000055726547567  0.000290312935048  0.000016340145946  0.000000032911486
  0.000032861644316 -0.000016840599830 -0.000028433349804  0.000000888037960
 -0.000004009694806  0.000001100789300  0.000001678992851  0.000004825078056
 -0.000028377732483  0.000013796887508  0.000333133902819  0.000264620875015
 -0.000094565474617  0.000092868864369  0.000021631302246  0.000007830427142
 -0.000013275808952 -0.000031237975889  0.000012584058194 -0.000011520336095
  0.992474866759217  0.026692612707761  0.000728148977186  0.000696661685755
  0.000447182233320  0.014434693635877  0.001114651952210  0.001050899375105
  0.000606346461309 -0.008411292524627 -0.008423903790657 -0.008592546623092
  0.000228854104044  0.000167299719583  0.000144590865845 -0.000069769247543
 -0.000534258205593 -0.000026236970216 -0.000012467065323  0.000046760459374
 -0.000045302501195 -0.000547420231405 -0.000030314927903 -0.000031106453232
 -0.000029339184052 -0.000023495475828  0.000190422140064 -0.000008810168676
 -0.000001125435457  0.000005139326109 -0.000019898046848 -0.000090850482877
  0.000003724639411 -0.000008167138721 -0.000007620604099  0.000021578327929
 -0.000157308169805  0.000006513751496 -0.000001254907333  0.000007558112648
  0.000021501099284 -0.000157238401968 -0.000001340266240  0.000008215977048
  0.000005654609608 -0.000019902962453 -0.000090610241667 -0.000005666171133
  0.000003080870795 -0.000009836676738 -0.000023586238989  0.000190355233810
 -0.000003796172261 -0.000007133214480  0.000006322384176
    2 Orbital Energy    -9.980167 Occupation  1.000000
  0.992448561182454  0.052588277466520 -0.000601086544219 -0.000568012410349
 -0.000334475899425 -0.009744387589885 -0.002984849209950 -0.002712990362759
 -0.001111676139504 -0.009826588817178 -0.009890246103804 -0.009996206219739
  0.000685994579634  0.000382652816714  0.000425819512068  0.001054698409970
  0.000156979238534  0.000136601719763  0.000084888120367 -0.000146716118376
  0.001737513078224 -0.000891985905047 -0.000550813935397  0.000979023566756
 -0.000310938584957 -0.000224155157551 -0.000190835499685 -0.000141188760225
  0.000126599594348  0.000093560342002 -0.000208902826571 -0.000364886215074
  0.000167931599525  0.000086948991019 -0.000069869581083  0.001092745363787
 -0.001269112149084 -0.000677588841673  0.000509937640472 -0.000027881873126
 -0.000175979333639 -0.000132592824999  0.000003755408527  0.000002537913740
 -0.000002522159379 -0.000140469875654 -0.000362470125169  0.000130446982722
  0.000132644430779 -0.000078824033051  0.001094961218307 -0.001000835238232
 -0.001001635062274  0.000574179230959 -0.000167747496369 -0.000037545736611
 -0.000133497978454  0.000032201040287 -0.000017281929477 -0.000017587353289
 -0.000086379418386  0.000331431792421 -0.000200042131348 -0.000180246674629
 -0.000066586603670 -0.003322321070964 -0.001380620163981 -0.001384509552369
 -0.001168924081111  0.000003658316713  0.000039612606170  0.000140432879048
 -0.000469892730468 -0.000287142209877 -0.000306618096945 -0.000309674685306
  0.002510456055967  0.000160731334678  0.000186483585883  0.000262680494351
  0.000002961273036  0.000396406972817 -0.000033312377229 -0.000012445894781
  0.000076313729606 -0.000169518067425 -0.000244716836487  0.000083736713480
  0.000045424087434 -0.000037671947535  0.000090515759674  0.000770221459267
 -0.000038428430625 -0.000028029688228  0.000029887672175 -0.000159429188276
 -0.000214769129989  0.000070333270348  0.000044158061173 -0.000028257794311
 -0.000159569450235 -0.000214926239465  0.000061820470326  0.000054726697342
 -0.000030306535495  0.000090675124776  0.000770608871848 -0.000040270824853
 -0.000025920699574  0.000029646144291 -0.000170488885591 -0.000245192651683
  0.000067348635056  0.000065617373937 -0.000041708408628
    3 Orbital Energy    -9.917317 Occupation  1.000000
  0.001203893431268  0.000413653742138  0.000018675187507 -0.000007971184170
 -0.000118110576993 -0.005775328660379 -0.003042731574490 -0.002201221941492
  0.001698956009510  0.000284558369056  0.000191106907266  0.000118890635619
  0.000077704195661 -0.000191809798617 -0.000170528046812 -0.992810787515090
 -0.054113085477426 -0.000025187906408 -0.000060475305203 -0.000197515668589
  0.026103558762315 -0.000281962414844  0.000315588248275  0.002762443966757
  0.009535299636175  0.009510901674511  0.009145340680561 -0.000004673832745
 -0.000029861082860 -0.000114336874231 -0.004210481579439  0.000123344672525
  0.000007293127512  0.000012002316366 -0.000060990151235 -0.006238315932766
  0.002387284810184 -0.000946027989599  0.000778662546933  0.000392727377004
  0.000161831221430  0.000209988509374 -0.000063962096973  0.000186398134913
 -0.000066137369655 -0.004209394405356  0.000123274682366  0.000025183853252
 -0.000008542882707 -0.000057592220752 -0.006238384842330 -0.000587278878572
  0.002617357802069  0.000067961800865  0.000161206644749  0.000469312697133
  0.000134369164739 -0.000051033812965 -0.000027728929403  0.000115528190648
  0.000072168891632  0.000317072301782  0.000039261783348  0.000043747165119
  0.000055243856526 -0.001365320450899 -0.000008489422446 -0.000133879979121
 -0.000636899162444  0.000259529363404  0.000259073601602  0.000101190211174
 -0.000068543707082 -0.000037759026984 -0.000082298043578  0.000185900682893
 -0.000357891790966  0.000058726174178  0.000054252559453  0.000026249060176
  0.000074330362135 -0.002651483468596  0.000030694611902  0.000086936443089
  0.000307837498014  0.000187263056534  0.000095520358762 -0.000009505354650
  0.000003594894639 -0.000001245869678  0.000220256696018  0.000271540997100
 -0.000012760977702  0.000010814050013  0.000013868889945  0.000210689097643
  0.000124873222645  0.000050975331475 -0.000009280277224  0.000021938218078
  0.000211509371899  0.000125146666069 -0.000002803355141  0.000055124520335
  0.000008078883326  0.000218702087875  0.000271388030690  0.000005695909944
 -0.000009823330040  0.000017346292624  0.000187288411119  0.000095733000839
  0.000001876772975 -0.000010053007059  0.000001478865085
    4 Orbital Energy    -9.904743 Occupation  1.000000
 -0.000045120603039 -0.000049797154942  0.000039199599265 -0.000071091924416
  0.000008860684040  0.000200307998489 -0.000146441959791  0.000371427493524
 -0.000033314230460 -0.000089041491638  0.000078701526995 -0.000031299623399
  0.000011346807727 -0.000047973666566  0.000027981950327 -0.000604560923249
 -0.000042466762630  0.000111670999143 -0.000145663483638  0.000026052703539
  0.000432764164095 -0.001630039248243  0.002181080174249 -0.000449206712431
  0.000128664581179 -0.000225292754798  0.000016493757533 -0.000012289999759
  0.000081768235480 -0.000055150572641 -0.630166037007211 -0.034000170152138
  0.000065961213496 -0.000143568341117 -0.000045322046042  0.012277336415606
 -0.000973991167973  0.001131832387124 -0.000014081354437  0.006182159017514
  0.006047042216119  0.006037028059951 -0.000063274125882  0.000085811241700
 -0.000014841108025  0.766953977383805  0.041288595089280  0.000098506903991
 -0.000074267544019  0.000092419265197 -0.014592406936332 -0.000799121010340
  0.001229675519219 -0.000383567299222 -0.007365951043748 -0.007587243798650
 -0.007355560563234  0.000043329934198 -0.000005823493375 -0.000037266895921
  0.000000651776623  0.000002298248346 -0.000041829464424  0.000059339277902
 -0.000012398303762  0.000014730384937  0.000159462947193 -0.000212937163293
  0.000050595429002  0.000035608967200 -0.000027975282504  0.000002230779271
 -0.000009513596928 -0.000001260867138  0.000012518176990 -0.000017808207018
 -0.000050478896374  0.000016889658912 -0.000035233931427  0.000007777947573
 -0.000027298346396 -0.000009195388600 -0.000009246436851  0.000015578168006
  0.000001504875193  0.000178090699481 -0.001128650104691 -0.000016387189583
  0.000223426325910  0.000032951658949  0.000068566426052 -0.002023518158680
 -0.000063397815876 -0.000172342817905  0.000084212606351  0.000038464575887
 -0.002158650571216  0.000057394251941 -0.000111369061035 -0.000153532700999
 -0.000078811745887  0.002500392855535  0.000059072309073 -0.000032724585698
  0.000221452238719 -0.000112923427868  0.002329783273758  0.000219794314991
  0.000035886293581 -0.000077246198583 -0.000206513199658  0.001585023476789
 -0.000237010723769  0.000039307800046 -0.000100464606327
    5 Orbital Energy    -9.904729 Occupation  1.000000
  0.000037018332301 -0.000493091131930 -0.000132213455663 -0.000107422639494
 -0.000037759760485  0.002099773433863  0.000967810456078  0.000804308627595
  0.000227243338861 -0.000108842738797 -0.000144463903860 -0.000174322062619
  0.000026980334815 -0.000021240959022 -0.000030292633021 -0.006181260688216
 -0.000433396369245 -0.000069173449156 -0.000038758966997 -0.000024691848838
  0.004420882749246  0.001365849288497  0.000730095310887 -0.000276058935445
 -0.000352459537124 -0.000354499174765 -0.000112560307493  0.000087153199204
 -0.000073479584202  0.000027122611632  0.766861059585205  0.040908620973153
 -0.000026438112251 -0.000069963692454  0.000039574492137 -0.013149828806032
  0.000741728448803  0.000344949414382  0.000281022521650 -0.007622518939697
 -0.007471515269766 -0.007538713371427  0.000028313448763 -0.000075563948649
  0.000029892361883  0.630053010458075  0.033537564233237 -0.000100788644163
  0.000008611400741  0.000008891683958 -0.010520345721377  0.000590158869474
  0.000496821557395  0.000284598971009 -0.006163048051647 -0.006300389892165
 -0.006196808895079  0.000005857705164  0.000027365447458 -0.000040563822162
  0.000009495795669  0.000035989918288  0.000051906473610  0.000031261426440
 -0.000012863983260  0.000071937161722 -0.000157484674355 -0.000079892510732
  0.000084443406069  0.000024243531440  0.000037675302422  0.000059715757546
 -0.000015893999547  0.000004469986037  0.000005538270565 -0.000180951792884
 -0.000513485400031 -0.000076692079477 -0.000055034582622  0.000019361135637
 -0.000277447627965 -0.000087420649924  0.000020829887874  0.000024335120700
  0.000042602308660 -0.000162784694097  0.002460970980093 -0.000029868124906
 -0.000194121901389 -0.000046890596503 -0.000237273007598  0.001775328689886
  0.000158685909872  0.000099294649957 -0.000128830406228 -0.000209202624507
  0.001979641377706 -0.000031047480776  0.000017071639251  0.000214273890829
 -0.000197116664917  0.001523814436580 -0.000042969701651  0.000023411777555
  0.000174484460440 -0.000219875917517  0.001349029270148  0.000111155434189
  0.000103142144682 -0.000117880198965 -0.000125065185029  0.002195220205003
 -0.000140174627048 -0.000018021354433 -0.000065350345343
    6 Orbital Energy    -0.947255 Occupation  1.000000
  0.118378906060171 -0.227420038947232  0.119616948555166  0.115577407492894
  0.079160833915850 -0.076243594691394 -0.017923365899200 -0.019274079693916
 -0.021681709217491  0.000223268808858  0.001681838903632  0.013144474228154
 -0.019412966050883 -0.012772472044917 -0.011712454278114  0.018479905055137
 -0.030885154666421  0.018373918128658  0.013843299893565 -0.007491292144591
 -0.020216206748267  0.011691560163534  0.011702062996815  0.009759934820790
 -0.003540049837353 -0.001464200718829  0.000995956547859 -0.004184888765192
  0.002192624311621  0.001770212129668  0.003683560547722 -0.007705732003142
  0.005216840147889  0.000042290616290  0.000629774430500 -0.005087482012090
 -0.002031858550496 -0.006216867978077  0.001595171451472 -0.000435296680986
 -0.000081728226899  0.000111667217043  0.000456090884755 -0.000390125915715
  0.000201620846438  0.003684889986015 -0.007706170793709  0.000949170399334
  0.005154534551234 -0.000390082651488 -0.005087268798069 -0.006678817508839
 -0.000641931314584  0.000480719011159  0.000022443237598 -0.000675363761410
  0.000246153106617  0.000425154958527  0.000000164164128 -0.000120935710286
  0.194431793880152 -0.424142923479142 -0.110437271350126 -0.105488013647384
 -0.066944806660056 -0.396422397081713 -0.039047343719413 -0.036958381417958
 -0.021968717500760 -0.001210016699108 -0.001442366756896  0.007419642425032
 -0.006838103965225 -0.007153470057155 -0.005278176867913 -0.027702972163118
  0.010414886504705  0.001603950912842  0.002499947449316  0.005833525863392
 -0.007826152851874  0.004458371172117  0.000459677081407  0.000164212389159
 -0.001101327838101 -0.001904971477822 -0.003991517154265  0.000283718929193
 -0.000167604680016 -0.000153881921600 -0.000563836345824  0.002843231756994
  0.000110369582907  0.000111864825159  0.000025128475735 -0.002211076932419
  0.001667037798958  0.000202435143225  0.000177591824666  0.000039015409030
 -0.002210939624199  0.001669656044501  0.000202933495443  0.000176230278895
  0.000039146393946 -0.000564243286390  0.002838420804790  0.000124571606614
  0.000094851951137  0.000028457487322 -0.001906138739378 -0.003992392295232
 -0.000076033715869  0.000263243483575 -0.000239971292832
    7 Orbital Energy    -0.734376 Occupation  1.000000
 -0.045653389280697  0.089609290573947  0.095800677871757  0.078155643067576
 -0.009057960829031  0.056884789689281  0.011473595341411  0.009698818072277
  0.000616451732200  0.000880821022625 -0.001763807357818  0.000963870629664
  0.000783453684593 -0.007116483367950 -0.005396986961179 -0.150183193808904
  0.277862410685893  0.010548942890739  0.015728925524740  0.034736605904259
  0.244688724386708  0.004069646287748  0.007145065224081  0.018786732932022
 -0.001268537932357 -0.000679569359303 -0.005980731002282 -0.002177387743453
  0.000535050892945 -0.001182995574528 -0.099800277478360  0.186397783792912
 -0.055251651318572  0.020261522822121 -0.016214975909751  0.142671222287204
 -0.006604284046724 -0.000340289099651 -0.002627564039683  0.003301146865133
 -0.004399419376227 -0.004388400212689 -0.002905021652477  0.003274857471270
 -0.001190778674532 -0.099793362442603  0.186383317763037  0.011689110826204
 -0.059908748596268 -0.000234398652537  0.142652740065582 -0.001124584647997
 -0.006899432624424 -0.001322903231890 -0.004879312905587  0.004778773187061
 -0.005371497416590 -0.001667594174519 -0.000236850055577  0.000607691193082
  0.038508807177904 -0.087300428893365 -0.001148274902590 -0.003827127412007
 -0.014426790558772 -0.088577354498217  0.002816904346748  0.001571123060707
 -0.003924630926109  0.001550446059991  0.000782036023299  0.000143858779529
  0.001653732158627 -0.000766341667124 -0.000535190821103  0.029719924396514
  0.007942891079447  0.001442794482351  0.000681435250156 -0.002626371123966
  0.074908391140362  0.014624045683212  0.000829298757097  0.002194290324928
  0.007540658345478  0.049752636528466  0.007073366970406 -0.001530885051077
  0.005023998405866  0.000551774687552  0.051947773250592  0.011478230228676
 -0.004490389487792 -0.002130119979799  0.002159614574933  0.054167250167254
  0.012355275275909 -0.001241030062588 -0.000544115595084 -0.005437899420083
  0.054165336525691  0.012358129507715  0.000274251725362 -0.002359151523058
 -0.005076097743886  0.051943016169578  0.011477777012540 -0.003347445377888
 -0.003497160885619  0.002431983642329  0.049743883679508  0.007075441461183
  0.004419763994665 -0.002105828157567  0.001971467911910
    8 Orbital Energy    -0.626885 Occupation  1.000000
  0.000000152134499 -0.000001419629689 -0.020217326511684  0.024229860389427
 -0.004832494166514  0.000012015222313 -0.007004028117418  0.008365333765010
 -0.001678006048412 -0.002929055261187  0.002605106081061  0.000337466278964
  0.000775803476101  0.000401948919794 -0.001264068235913 -0.000001379936385
 -0.000001228535858 -0.095484114940857  0.114351553214912 -0.022794882804762
  0.000017432508862 -0.023012454199014  0.027571655513431 -0.005485925979912
 -0.007995345400431  0.009592168295292 -0.001596328177907  0.000904564244020
 -0.004963697733388  0.003521695572684  0.142114975499044 -0.272078932772588
 -0.009713274033441  0.019803434037426 -0.002757964295023 -0.264990946876707
 -0.000168343257916  0.006772840005987 -0.003816538071690  0.004340960158193
  0.005424655883606  0.004415589455785 -0.001507136843057 -0.000003074626170
 -0.000462977829221 -0.142119012411991  0.272093390751805 -0.017649854612171
  0.012977778565093 -0.003774532358838  0.264986575422727 -0.007212010088847
  0.002070071971913  0.002054577235300 -0.005008544720076 -0.004778133534327
 -0.004409787595869  0.001654281300377 -0.000067588310682  0.000362266984355
  0.000005739584105 -0.000004274483999 -0.005908157165472  0.007084054660272
 -0.001412308966736 -0.000047233622997 -0.002293923903038  0.002734877481244
 -0.000551765600371 -0.000925456003257  0.001020445288939 -0.000080312169557
  0.000152018357917 -0.000336068241571  0.000129223722364 -0.000001754395382
  0.000001332712722 -0.000529912615335  0.000636173445414 -0.000126112869406
  0.000004058103465  0.000003842444219 -0.001375512862128  0.001647732242712
 -0.000328359630843 -0.104149325244495 -0.032019052354393  0.001536759041556
 -0.008671198242370 -0.001235105565859 -0.094109108399347 -0.029453220200411
  0.005615068769898  0.004921389611857 -0.003912157895439 -0.095441349077682
 -0.027088897112726  0.000168800082030  0.002102472663050  0.008155623118625
  0.095445006129726  0.027089869906344 -0.000491887303963 -0.001715851148057
 -0.008232510938318  0.094113552400633  0.029455363381710 -0.006588592478787
 -0.003755337852899  0.003680021586226  0.104151124924983  0.032020437197216
  0.007799830548124 -0.002508429808762  0.003464594098791
    9 Orbital Energy    -0.574204 Occupation  1.000000
 -0.113489103713413  0.234116867258184  0.126821046929639  0.109781252754387
  0.019784820530977  0.208879191643906  0.042431182650957  0.039024780820398
  0.018146617484263 -0.006233297581543 -0.008213498987788  0.001944567735353
 -0.002076327681766 -0.008399503809531 -0.005225225835246 -0.069384848392050
  0.139507351388617 -0.132131690471943 -0.103330021502772  0.035017231630903
  0.141018113420905 -0.033692374864093 -0.026584070648130  0.007765669993011
 -0.003115340708742 -0.007401532036235  0.002563718840757  0.005892018884143
 -0.008471338268752 -0.003955803158437  0.087595940677033 -0.170932797403157
 -0.078643013737907 -0.014718659378520 -0.008379245787126 -0.178775933458473
 -0.020610447983011 -0.009981162222242 -0.002500248264282  0.009016390552390
 -0.000062476635665  0.001337504764823 -0.000138227817080  0.001821286174900
  0.000563528649073  0.087595191054457 -0.170927000827726 -0.028065629346771
 -0.075313343508956  0.003693745299402 -0.178770840721515 -0.013175202356878
 -0.018882211752925 -0.000729130755821 -0.000012107260469  0.009098419665984
  0.001187873560885  0.001686252896293  0.000224216228478 -0.000071773063392
  0.063037542263314 -0.146443304256115  0.041070087098123  0.035464530346625
  0.005971292170422 -0.168202495962760  0.025502956864248  0.022592768001464
  0.006576720246055  0.003582959477186  0.002227856003817  0.000677536119753
  0.006199945467642  0.001330728256274  0.001853304214853  0.099571282333917
  0.034311630639497  0.001409779770002 -0.000273505671798 -0.007283787394930
  0.051623960223400  0.014691809049704 -0.001502635806309 -0.000357449838731
  0.004499644340023 -0.063690632258303 -0.025789541612760 -0.000735521635589
 -0.005381783347879 -0.000944156737959 -0.091153704860308 -0.038668097504957
  0.004599259697392  0.003230280389835 -0.003324076786570 -0.070585344417007
 -0.025594459671292 -0.001173817083784  0.000685306932863  0.005646798191567
 -0.070588495290912 -0.025594988213027 -0.000654602380982  0.000063480892399
  0.005770576303534 -0.091158371448119 -0.038674079430959  0.004650755528109
  0.003169942309253 -0.003312688461723 -0.063687767215768 -0.025784236379884
 -0.005135126447081 -0.000109890362451 -0.001993144696528
   10 Orbital Energy    -0.504116 Occupation  1.000000
  0.090592542616820 -0.189910063695838  0.016182300097517 -0.030732100370260
 -0.222162336426025 -0.197117858111031 -0.019290862470560 -0.030893094649460
 -0.074296148071286  0.006675664587156  0.005455115972324  0.002590628718323
  0.002493627017907 -0.001095004224753 -0.001204532104236 -0.093446204828250
  0.191303275280160  0.024344328276352 -0.013826256939455 -0.171425170129100
  0.217921533849799  0.000856853759962 -0.011695266399548 -0.062292158403119
 -0.004711048768593 -0.003230298477632 -0.002430946203995  0.000213605930506
  0.004229609473795  0.003905745711673  0.031023284047712 -0.062536777319294
 -0.060994633972660  0.019693617338856 -0.096727967572489 -0.066647151494228
 -0.016667295200127  0.007448205808692 -0.036130590442649  0.004566703035847
 -0.000315394251222  0.000036613374639 -0.001891396518393  0.006636188538324
 -0.002459966568754  0.031025533982252 -0.062537062081635  0.025436920620521
 -0.083840147035696 -0.076088868890509 -0.066657614790334  0.010789413286540
 -0.025450245317053 -0.029575273192325 -0.000386421319779  0.007375214727796
 -0.002708081238507 -0.002177569654987 -0.000677430012034  0.004602397303485
 -0.041138791968242  0.095596263525556 -0.013529367526245 -0.033269144458973
 -0.110383037169259  0.117347637928436 -0.010768566011436 -0.020528167327942
 -0.057966764787956  0.001170370309778 -0.000758056995202 -0.006026544264843
 -0.002012242347995 -0.006407068869595 -0.007179673167386 -0.178881749185173
 -0.101284865627238 -0.000453392658776  0.001587616674215  0.009877497175823
  0.156916942437437  0.079431779059014  0.000904772285866  0.002388480114970
  0.008192239712202 -0.033679801380437 -0.016891236630089 -0.000550342652279
 -0.002100690068798 -0.002161136482404 -0.021829684582238 -0.011654792373533
 -0.000150008885509  0.001196440193376 -0.002567320837116 -0.075268587486182
 -0.046256152367436  0.000663751769727  0.001003773321039  0.003321634499026
 -0.075267481108231 -0.046253957314667  0.000459690071437  0.001248523875535
  0.003272666599097 -0.021835320319934 -0.011654749626637  0.001611273227920
 -0.000915279956468 -0.002145532225169 -0.033687430483333 -0.016892329688514
 -0.001715111656537 -0.000706500332421 -0.002438547430924
   11 Orbital Energy    -0.412726 Occupation  1.000000
  0.031790340838540 -0.072710757988079 -0.018994486845860  0.022259833439074
  0.191428286406063 -0.075572673477906 -0.013441966796284  0.001028652430487
  0.061475071936826  0.006173926074372  0.004370510906569 -0.000081166680002
  0.005148151776517 -0.000438289195609 -0.000550930493720 -0.040369878159912
  0.084456594244698  0.171749012334890  0.160296273684571  0.084820182341905
  0.106344799479647  0.074350607269969  0.072112063109854  0.050400222250912
 -0.004157805303365 -0.003554497393320 -0.000324974369876  0.001919727379821
  0.002837835538428  0.003574639083810  0.016978988289808 -0.033071920831086
 -0.121438153712897  0.216592089434199 -0.013557645869763 -0.055414546938847
 -0.045095339343644  0.094831167047533 -0.004261254560563  0.005222436893525
 -0.005205153579112  0.001033631394763 -0.005016390018029  0.001368228288500
 -0.003995822223541  0.016975344292781 -0.033069536042552  0.186872506938616
 -0.152663322992715  0.060048433515141 -0.055389822983089  0.083097001183698
 -0.058698122794231  0.026340988187872 -0.005026307823003  0.006789965052825
 -0.000707670343022 -0.003708793560193 -0.004256643885299 -0.000330195674476
 -0.040984512929261  0.086605348251804 -0.150042063361949 -0.116212866419673
  0.045185172650818  0.171728325384635 -0.075638799895452 -0.057103311275140
  0.030223074671364 -0.010176019010985 -0.006704306607508  0.002372905658358
 -0.009714033454817  0.000911956338490  0.001291548409962  0.069467836482424
  0.063809663436268  0.000013547423946 -0.000352897004123 -0.001831060235357
 -0.037477821769940 -0.024156623332995  0.003351540475216  0.002605161396205
 -0.000968085617241 -0.147601908617269 -0.104852674302795  0.000168226734183
 -0.004711610878171 -0.001183134625960  0.001007798505431  0.003102599683230
 -0.002664989091450  0.004432929202694 -0.000498324588070 -0.003423616766263
  0.003838593874751 -0.002896374248867  0.004327428606665  0.000204745786388
 -0.003417187703042  0.003842455811527  0.003550105750835 -0.003393246672004
  0.001743356364676  0.001007527523008  0.003097684101662  0.003831653113909
 -0.003346556616090  0.001052300372997 -0.147597184637276 -0.104843257324674
 -0.004272706711185  0.000605656402168 -0.002245047901315
   12 Orbital Energy    -0.405536 Occupation  1.000000
 -0.037511704861957  0.087360456121100 -0.168201475467461 -0.108639612636673
  0.159885872234732  0.109757067048788 -0.042942191632098 -0.024130579649496
  0.059008572219516 -0.004312729305888 -0.004773492772032  0.002080467773962
 -0.000400827815299 -0.002406713140182 -0.000514668166487  0.005648912900072
 -0.012518729841277  0.093077784162261  0.035115756583256 -0.213427790704888
 -0.016239656842749  0.056725247934309  0.024949891228549 -0.112281970882035
  0.000732189898222  0.000335685404821  0.002024297971237  0.000424538077663
 -0.000975951923326 -0.000372218434220  0.001694908250725 -0.002032113305176
  0.086524660918486  0.028706440237858 -0.180124299597884 -0.010836425390353
  0.037875493014788  0.009164953900517 -0.077005383531025 -0.000632827648983
  0.002829587653056 -0.001679802695330  0.003020739334570  0.000690867806883
 -0.005293939611433  0.001690879996122 -0.002029605032146  0.079211624734149
  0.037560068884171 -0.181859971246135 -0.010804894330933  0.031041319215642
  0.017380330883827 -0.078632891449868  0.005170192521959 -0.000788831646125
 -0.003856307822333  0.000752297535526 -0.003785073733156  0.001439783902224
  0.051879980702415 -0.107230769540386  0.084242842594194  0.111267687243092
  0.206170210598935 -0.225990557835902  0.035079903860694  0.050377574624053
  0.106216897215970  0.002719678401731  0.004892662157526  0.012283372167968
  0.003921116925362  0.008407092032593  0.009752102656324  0.109006674867990
  0.068313758871024 -0.003587528116489 -0.003849872344498 -0.004290169125663
  0.100331294164803  0.057912324966271  0.003353609299677  0.003097584919531
  0.001500472775587  0.006395492033592  0.004863452896753  0.001308207609869
  0.000813707345139 -0.003364689617059  0.094820030046690  0.077177255881258
 -0.003123509399284 -0.001600744306452 -0.001518813987567 -0.097596913998040
 -0.074089608432067  0.002662790800778  0.001055238315796  0.002351613591332
 -0.097573227312072 -0.074075977857822  0.001090337208430  0.002940880106645
  0.001975823416538  0.094851949714285  0.077200444623824 -0.001865976432066
 -0.003109355863899 -0.001215928807681  0.006395355343435  0.004839802227167
  0.001682927138214  0.000364131043113 -0.003275759432105
   13 Orbital Energy    -0.383094 Occupation  1.000000
 -0.000022318597335  0.000061974302275 -0.144940610758227  0.173491542342910
 -0.034662425177745  0.000053913079539 -0.076601402259040  0.091729685993361
 -0.018304020371313  0.000429034978486 -0.002606842465639  0.002176290305723
  0.000958883484092  0.005333125890365 -0.006016599194561  0.000008096713971
 -0.000018130181197 -0.162887835277084  0.195146893755066 -0.038877562805012
 -0.000009122530941 -0.077346914063244  0.092670465052594 -0.018468595902920
  0.006223903460641 -0.004746727644399 -0.001475871820489 -0.002009412865533
 -0.002707377860114  0.004817359519600 -0.010376701236314  0.019854890497155
  0.214902616694135  0.125799664897421  0.064845769446152  0.043561102381894
  0.098127597786220  0.056216558414577  0.021775827460217 -0.003065101507381
 -0.001514544415853  0.005141007832458  0.002710877356556 -0.005436292583545
 -0.002023240706857  0.010378060640895 -0.019861670264221 -0.150729455612434
 -0.202424450575857 -0.049533659214942 -0.043581300355395 -0.069138117143395
 -0.090816005105738 -0.014864533264048 -0.000549699757830  0.005241700185728
 -0.005227837668719 -0.002000440197175  0.004702258284685  0.001866508226912
  0.000049684195626 -0.000085643415458 -0.131848128417175  0.158365414308198
 -0.031428020469680 -0.000261098555575 -0.074483026556349  0.089421035718607
 -0.017762250289421 -0.011040104695684  0.012513625893947 -0.001422088428256
  0.001637857924265 -0.004995345769974  0.002728041155398 -0.000043553656026
 -0.000044135588275 -0.002584837679360  0.003096384273947 -0.000615102742052
 -0.000015063073035 -0.000023477251937 -0.003272748898479  0.003919873425692
 -0.000781836881585 -0.049161844871475 -0.049242502382824  0.005443112444046
 -0.000102114782241  0.001049018015680  0.123823562027063  0.087957998198680
 -0.001121197248474 -0.001585746160432  0.004555811726931  0.070997083212799
  0.053493951478855  0.003759019055137  0.001599452287169 -0.002852715253450
 -0.070983205400357 -0.053479191739285 -0.002822047788063 -0.002716374808677
  0.003076157536701 -0.123743688376008 -0.087887980576126  0.002620255711870
 -0.000209920454479 -0.004196222041855  0.049048309156031  0.049169061690180
 -0.000781330578274 -0.005485775960568  0.000061781197293
   14 Orbital Energy    -0.373530 Occupation  1.000000
  0.034581786974319 -0.091886793125457  0.084516996107125  0.121167982893166
  0.253436275333095 -0.037920897316909 -0.015593686556076  0.000266907016268
  0.066236593229087  0.004062618866297  0.002888396709100  0.009340927578513
 -0.003326438411586 -0.006680904169348 -0.004845464146464 -0.006886082876434
  0.012500335727811  0.000296476814712 -0.013372663752051 -0.069112952460704
  0.029067991383566  0.007768608447311  0.006000154589035 -0.002799382175261
 -0.004899643197371 -0.001897546779838  0.004553952006490 -0.012741927513356
 -0.002476723134301 -0.002814229354313 -0.001172605983080  0.001451177691576
 -0.016003685073965 -0.169350879177743 -0.065070163588687 -0.002441340948466
 -0.010162786083622 -0.097191710444902 -0.031599134159088 -0.001667997845395
  0.004166563607727 -0.003212072844749 -0.001119177990935  0.001642301711839
  0.001178249282342 -0.001166504105611  0.001442925989701 -0.153672257041054
 -0.004852334126227 -0.097996624982028 -0.002470160894987 -0.089458689063816
 -0.002388682130078 -0.050551208638555  0.002810881974969 -0.000772493834085
 -0.002765556739707 -0.001838085233460  0.003368283452272  0.000424243931491
 -0.063471199910997  0.131908124699126 -0.299333553915498 -0.257064527918532
 -0.037476411596167  0.261276533871950 -0.161389891442961 -0.137960624951116
 -0.017051002332296 -0.014706618656298 -0.010600993923582  0.001704292252823
 -0.016551634444539 -0.003206534020531 -0.002698975365212  0.118280727279751
  0.117146408925408  0.001235622879936  0.000446894646205 -0.002950148381673
  0.051043381243588  0.058571043083344  0.001528738206224  0.001579140516386
  0.001501076108286  0.106424258285287  0.076789264109969 -0.001366658803015
  0.002590380233313 -0.000484923859643 -0.043926498656951 -0.032347844547451
  0.001363843961294 -0.002383325970018 -0.002250732687179 -0.057439842726181
 -0.041299026955711 -0.000026526576229 -0.002968039291502  0.002045095214741
 -0.057538339963026 -0.041374540556508 -0.003253532910816  0.000890843679869
  0.001279122156155 -0.044033254323975 -0.032429110487539 -0.001589814096997
  0.001154918300396 -0.002960624771291  0.106499217186726  0.076863631676191
  0.002315347492983 -0.001823667716265  0.000393609611734
   15 Orbital Energy    -0.349373 Occupation  1.000000
 -0.000000983746318  0.000004144377541 -0.047239379550506  0.056628418036793
 -0.011260285299637  0.000000549791219 -0.033639541339336  0.040306952193187
 -0.008012118193319  0.001801535772071 -0.001820515634033  0.000008274483355
 -0.000374994607312  0.000280258061114  0.000175903612085 -0.000000435674325
 -0.000001008086093  0.033874449983321 -0.040579165795046  0.008087606048638
  0.000016845830102  0.029339220572358 -0.035141655657408  0.007005037111516
  0.006783876560457 -0.003437292524659 -0.003347219114592 -0.003034450395203
 -0.007160517638719  0.010088288877848 -0.000796433212380  0.004345175412587
  0.069635102640797 -0.030012575869777 -0.307768303733860 -0.012497044255825
  0.045550771382828 -0.008955898146915 -0.148995290315648  0.005130189743338
  0.006119577474398 -0.011720895371852  0.002179479300113 -0.003558478576100
 -0.004030970739501  0.000796736598900 -0.004340795647654 -0.043876373894859
 -0.000856840181155  0.313898814527452  0.012476423329284 -0.028939241934620
 -0.010950207889488  0.152953085020985 -0.007663036697278 -0.002598861864899
  0.010729647410290 -0.002126423798259  0.000815488964670  0.006496545838652
 -0.000003726050945  0.000002137823942 -0.053596895405991  0.064189210562260
 -0.012780060317728  0.000027070282730 -0.029223793561706  0.035007877567679
 -0.006967434121534 -0.003751960265107  0.004346626287338 -0.000605925153929
  0.000495478821325 -0.001973569430825  0.001248006305066  0.000006431527580
 -0.000003302000246 -0.001629605359920  0.001951172908630 -0.000389502797148
 -0.000004951068603 -0.000005813096333  0.001757117756871 -0.002104982984228
  0.000419260919947  0.057451615072266  0.050951887472500  0.000815496426150
  0.002352441849379 -0.005883469294436  0.114733864117032  0.090852126526242
 -0.002836002723692 -0.004114895556075 -0.003265767048862 -0.195777773776152
 -0.164132185484534  0.001810115225438  0.001947543734983  0.004005928619098
  0.195762184532024  0.164120924766208 -0.001462615516614 -0.002364310686487
 -0.003921941260308 -0.114732613723630 -0.090850066000444  0.003888460575056
  0.002852187338766  0.003517531299141 -0.057432237424049 -0.050931754944301
 -0.003548136891619  0.000921748159448  0.005231096274909
   16 Orbital Energy    -0.328336 Occupation  1.000000
  0.031836270475933 -0.064168761827132 -0.218336656594867 -0.172216614144392
  0.037290601257291 -0.130975532843517 -0.074041115179287 -0.050991875583287
  0.047244313676251  0.006950307149462  0.004670426247706 -0.012755833986349
  0.007402709723580  0.002331121006271 -0.000981336188597 -0.024510014212645
  0.049893733438170  0.154165519067814  0.119467631803214 -0.048124517103995
  0.086197260524655  0.049352904659989  0.037252012178608 -0.020616363472990
 -0.005467076339905  0.001946505158924  0.000482466249961 -0.014265792068542
  0.009529657262066  0.005475880546230 -0.009527572092649  0.020306316137252
 -0.201799952179062 -0.114918081573418  0.080393417559271  0.044393654330820
 -0.087150665473022 -0.051689550308654  0.029592860480569 -0.006119372285459
  0.001834859011023  0.002087836414123 -0.010993434436704  0.008386676891848
  0.003462553987061 -0.009549406974337  0.020375600578120 -0.161960870861433
 -0.157995112472030  0.088872011407367  0.044397586034340 -0.070839038299322
 -0.069089906159399  0.033002548804212 -0.003796128211628  0.000312531300856
  0.001269357192100 -0.011742446144802  0.006599555991008  0.006001787251578
  0.024359866825277 -0.042112047683000  0.085045034185039  0.124920664601403
  0.251890414006707 -0.128511386687652  0.039283812369287  0.063859431511608
  0.144300835407562  0.001655468900782  0.004482228977636  0.010043961435865
  0.002218056763234  0.008215862270213  0.008986600857591 -0.041087262575514
 -0.037471609864497 -0.003282769576187 -0.002337703710393  0.001793545573536
  0.029011874769509  0.004434894515090  0.003671147288031  0.003024742291548
 -0.000233766885662  0.057439612824148  0.048058296905485 -0.004249212317943
  0.000125315692930  0.002368753653638 -0.167151506234954 -0.176055383666773
  0.001764169257341  0.001170531068966 -0.002068494379219  0.041953898950189
  0.036707473718275 -0.004210969535254 -0.002885011352597 -0.000190008352179
  0.041925582683931  0.036671852521479 -0.003494239691625 -0.003651369585820
 -0.000038503564208 -0.165174625789089 -0.174316820502357  0.001865609989766
  0.001005270677091 -0.002000585141233  0.055274745058695  0.046189452916419
 -0.001189661768806 -0.003535676168405  0.003058685106737
   17 Orbital Energy    -0.327888 Occupation  1.000000
  0.000254102954685 -0.000514707763091  0.152861542658808 -0.186557887715014
  0.037176567140973 -0.001050883060341  0.083296102520801 -0.100928322816587
  0.020377962214161 -0.014515402943165  0.016684840315244 -0.002158483923178
  0.002123918837209 -0.006988889673176  0.004067408109459 -0.000193364562893
  0.000388617976670  0.025720992984910 -0.028426865236524  0.005454999049848
  0.000705085880422  0.011992621557974 -0.013610296218435  0.002621511836045
  0.001058118693550 -0.001392696317379  0.000310252751066 -0.000194828791771
  0.000969850124796 -0.000679735197643 -0.001520042143504  0.005095782784818
  0.052129817000570  0.226703664174558 -0.052033253166410 -0.000995414270494
  0.025542552291436  0.103975217998010 -0.025194199405575  0.006771662666584
 -0.008912161105822  0.001973507864627  0.007580777467725 -0.003244072476648
 -0.004130955723217  0.001367900723991 -0.004772865695549 -0.240816445973906
 -0.006301976929509  0.009062782302036  0.001681758455244 -0.110977431935062
 -0.004091229985522  0.005611288554551  0.003830013499144 -0.003249750510651
 -0.000433476550944 -0.009273810209946  0.008484575467056  0.001240883840546
  0.000186931863266 -0.000323664714114  0.231283375920932 -0.275419346421783
  0.056984998241220 -0.000989659122912  0.142895618291231 -0.170392069401220
  0.035143523025667  0.015862888519087 -0.018171465770022  0.002428297134047
 -0.002181094724978  0.007937732913084 -0.004658453233163 -0.000317933908392
 -0.000280187795222  0.002658828360126 -0.003234399090006  0.000654763269460
  0.000241813970561  0.000058195482031  0.000472629580527 -0.000507704241878
  0.000104581359376 -0.138981790731309 -0.120293186858258  0.001693759723282
 -0.002071885077710 -0.002092431283465  0.123636335510875  0.108312917182012
 -0.002954325475878  0.000878142676141  0.001999851520937 -0.001209923728783
 -0.001435170078442  0.001021576717228  0.004481995911479 -0.000930775512571
  0.001907491104954  0.002059346576757 -0.004744783414138 -0.000147409421407
  0.000053515158678 -0.126279447035506 -0.111100375826272  0.000150828591605
  0.002531867704214 -0.002707459332597  0.139869305515944  0.121028108703898
  0.001235443980620 -0.001517230162784  0.002845257842282
   18 Orbital Energy    -0.303115 Occupation  1.000000
  0.000061204409099 -0.000143516842411  0.080245398192526 -0.096376542768530
  0.019692135753774 -0.000245080542030  0.052528693465578 -0.063307968560334
  0.012698405756516 -0.018900187329955  0.019593090179025 -0.000680195252554
  0.003575243753449 -0.004436704592181 -0.000101160810476  0.000013109397051
 -0.000080596404236 -0.194758700355787  0.232235806483995 -0.048083573961817
  0.000108584497407 -0.073496213255811  0.087606284357544 -0.018144538729662
 -0.011225637536245  0.012899853035323 -0.001665381240747  0.001510335135731
 -0.005805478119720  0.003701895540777  0.021704139302356 -0.043741030081075
  0.213163485819189 -0.193785830876265  0.039653590931664 -0.102927823541452
  0.114230252306305 -0.083464328584397  0.024755650441657 -0.006311745548037
  0.014319199684777 -0.001816545594925 -0.003519395677701 -0.004758248138740
  0.001003954942974 -0.021548337287934  0.043420806491637  0.152148831542475
 -0.242083701197385  0.049527422730995  0.102134640583184  0.062590454243477
 -0.127490179263139  0.018259816283953 -0.011821347304536  0.006535985692468
 -0.000873791774221  0.005971433046665 -0.004618461661848  0.004943753028387
 -0.000007618510489 -0.000001770418192  0.187120202600750 -0.224966222681147
  0.044872934112264  0.000015037036597  0.121258325765544 -0.145734881870511
  0.029044258127462  0.011356181318779 -0.013123355719742  0.001756139211212
 -0.001569946625280  0.005765833400953 -0.003518896983539  0.000373544175686
  0.000555919232998  0.001379064937439 -0.001653722828045  0.000325637410016
  0.001309014653176  0.001320240746788 -0.003401422532200  0.004077573372607
 -0.000785459034652  0.142177716451327  0.164299449457346  0.003119179711200
  0.002474792291372  0.002130081122858  0.001866991045181  0.009506844572299
  0.003823273317961 -0.003932578789861  0.000544238480534 -0.012641529036799
 -0.003147974733400  0.003685824906714 -0.003971996390363  0.001142341531868
  0.014320672880550  0.005165407174280  0.003319418580287 -0.004400894929733
  0.000502936256491 -0.002098129420630 -0.009689756533449  0.003145340326303
 -0.004369840096430  0.001158197312399 -0.142891385231865 -0.164929699293325
 -0.002608847499119 -0.003084752205792 -0.001973183218315
   19 Orbital Energy    -0.302284 Occupation  1.000000
  0.010748921984619 -0.025176222422565 -0.026792174284545 -0.003397373276587
  0.090603539796138 -0.048183975597141 -0.033483294612972 -0.023049418606636
  0.021524150209168 -0.003776323746547 -0.003920013257561  0.013285075942376
 -0.005241277437210 -0.005929595564847 -0.001986658953988  0.002485764444846
 -0.015413837871649 -0.066771119907330 -0.119668335661458 -0.309911302769230
  0.017954736844015 -0.031866972353593 -0.051173824724194 -0.119133934914394
 -0.009634548930539 -0.008800713678511  0.019946504420010  0.005060153083092
  0.003444312896393  0.010695572950230  0.014983960728682 -0.031560199528727
  0.092323733518518  0.055536334923300  0.202677057384044 -0.072820363604056
  0.048332577371195  0.024521439690628  0.084776076272626 -0.006707404708190
 -0.006800903754656  0.016768156158325  0.005409516984529  0.005301965358125
  0.003274638893669  0.015218748429763 -0.032033977233130  0.031163868748184
  0.129460104390297  0.187950273861482 -0.073931804651447  0.016197991487601
  0.063581609964412  0.077065677491593 -0.005412923442375 -0.005075692379244
  0.013828265870815  0.003677860016113 -0.001628548977767  0.011568012140714
 -0.001310360032826 -0.001202763585515 -0.067189195501138 -0.049632209771709
  0.021440509922375  0.005174113815299 -0.038368123858922 -0.028787946662117
  0.009170486783072 -0.003858951745589 -0.002755421542029  0.003239790914117
 -0.002659122560741 -0.000149146886880  0.000907703716563  0.067837693588231
  0.101718774719304 -0.000028709577730 -0.000116821982109 -0.000548315073005
  0.243152012540654  0.244924993219619 -0.000220370034544  0.000748587922983
  0.004873104768654 -0.069069551782377 -0.061871686963570  0.001554965031629
 -0.001727281550318  0.003506573478613 -0.017219216492598 -0.012463847332260
  0.001968974151759  0.001749659214914  0.004119399447867  0.155228850389711
  0.186906762832044  0.001369490572589  0.000283714503087 -0.002272972855034
  0.155088168241853  0.186871795532490  0.000943238863622  0.000798363306864
 -0.002371846093886 -0.017193974893733 -0.012360952680003  0.001247919215139
  0.002620347366074  0.003943809086292 -0.067560983269705 -0.060126762376953
 -0.002001280056393  0.002595118633941  0.002672439543976
   20 Orbital Energy    -0.197410 Occupation  1.000000
 -0.006271139145964  0.027856490054715  0.070664550082295  0.035823769884497
 -0.116310941805004 -0.007843035921741 -0.054700838752406 -0.035447268316648
  0.051232958554866  0.021250870545930  0.008260816988879 -0.030846175894179
  0.015844572371641 -0.019243273658527 -0.023340837258811 -0.034501481551620
  0.059933882389680 -0.182029255036801 -0.133314128384800  0.093633523608867
  0.308839222720453 -0.128173552283247 -0.093313148161205  0.068994504460170
  0.000486521013225 -0.002193912283966 -0.003242698183224  0.003635408059540
 -0.004493935881233 -0.003527517758382  0.004743503487785 -0.011253168679666
  0.064653073195175  0.011440898586646  0.017080915654888 -0.027724322927369
  0.056531964247541 -0.007128950598756  0.025647149588464  0.005502122612959
 -0.002853115511538 -0.002810877062660  0.005804488172811 -0.003026060812383
  0.001300268802272  0.004742371794120 -0.011257620487723  0.020478288255183
  0.064339277412513  0.006524396424016 -0.027666023548182 -0.000626622495619
  0.061293816693073  0.011986244586430 -0.000837630952494  0.002172992617037
 -0.001499131230249  0.007764226835721 -0.000723305116963 -0.003080036584118
 -0.000009422916156  0.004680977464546 -0.236906676247232 -0.096422824118977
  0.508797868573310 -0.021514165285922 -0.169220652240210 -0.070117555925560
  0.357201541548928 -0.006333559423071 -0.001298852817000  0.012065978897676
 -0.006317851900149  0.007518620788830  0.008633291054772 -0.172053175900418
 -0.300539955307651  0.000056665120660  0.000347059142572  0.001505900663641
 -0.012819716328378 -0.096496837303167 -0.001385860238387 -0.000999344478563
  0.000794250591996 -0.017333422291927 -0.036754403020167  0.001191055931825
 -0.000068771262307 -0.000170993789815  0.043204491619684  0.067958206573456
  0.000976312743298 -0.000404460771870  0.001575334681145 -0.001817668929709
 -0.028115369369536  0.002408860878176  0.000755520373666 -0.000653871713694
 -0.001824003577408 -0.028117692746775  0.001326230202924  0.002051113341510
 -0.000911805309042  0.043204575176322  0.067957758055350 -0.000498152060092
  0.001361229882495  0.001223051393854 -0.017328210141795 -0.036769068164918
  0.000202838548193  0.001116577609401 -0.000405276619052
   21 Orbital Energy    -0.058371 Occupation  0.000000
  0.000005363768177  0.000000013982238 -0.331184165612643  0.396838519509891
 -0.078987940223811 -0.000076264730386 -0.317161692255265  0.379990509969630
 -0.075647726569963 -0.020510158991320  0.023753167148878 -0.003245043051986
  0.002743238369725 -0.010683345806263  0.006685869018570 -0.000005505059103
  0.000003602524601  0.015251022939667 -0.018299817084874  0.003650299423780
  0.000067289180855  0.006707887037879 -0.008018629751329  0.001689720095183
  0.025104458794845 -0.022959095226867 -0.002147941748785 -0.006300741383686
 -0.001749593801500  0.008879229676951 -0.031019446744896  0.074209589925310
 -0.101124119164379  0.003504554747212 -0.020767718067824  0.210488124515591
 -0.001590755449377  0.053362102546776 -0.076219397013449 -0.006830750783669
  0.000288815935633  0.003730399080501 -0.006764252361348  0.004647460706665
  0.002498974810693  0.031030588799021 -0.074231140276838  0.012567936266363
  0.102570188580358 -0.000372160958698 -0.210587221872118 -0.065636479006453
  0.027204648480824  0.060105196549527  0.003183749717051  0.002781374175492
 -0.003149591221571  0.007814508154532 -0.003758857315399 -0.004530393159478
  0.000001017761650  0.000007631657568  0.277485890471381 -0.332498817604129
  0.066183777109749 -0.000026898740726  0.264298110505857 -0.316700976406608
  0.063033931427076 -0.001230315491605  0.001539770982851 -0.000289726139930
  0.000116776666825 -0.000887557694123  0.000682962439476  0.000006280737360
  0.000033705345310 -0.012155306997795  0.014564453242293 -0.002899606011191
  0.000026728742072  0.000099654125983  0.000200016438890 -0.000237635352015
  0.000048214759170  0.017368517157646 -0.028070319383398 -0.000635196020451
  0.001620044337495 -0.000662502625438 -0.052762192347410 -0.201086646761953
 -0.002401631857996  0.001138663504312 -0.001571117014761  0.022011932866677
 -0.006391641682195 -0.002096765282814  0.000425171366447 -0.001074505851018
 -0.022025333798095  0.006435026876100 -0.000201857956584  0.002326290442321
  0.000527442663845  0.052782609866643  0.201140910598798 -0.000920664093667
  0.002844847030743  0.000776286907900 -0.017366694487010  0.027954794224015
 -0.001558323597870  0.001008011803990  0.000138003847105
   22 Orbital Energy     0.065119 Occupation  0.000000
  0.028138420474989 -0.084827850514957  0.006967855805510 -0.015452403691803
 -0.106759565086370 -0.142627464180368  0.064535726933721 -0.015047954145346
 -0.346034677196703  0.005944793232497  0.006143015819900 -0.009436827076699
  0.005691359018154  0.006914178638832  0.003263727192925  0.037982297600555
 -0.046925336392226 -0.021998821310849  0.001483745241782  0.099623837264169
 -0.703676531275077  0.103150365680818  0.141266927614310  0.276995697035415
 -0.000490869213531  0.000126013305009  0.007023448326347 -0.001698637521408
 -0.000430994100194  0.000983456472767  0.084698523550016 -0.121844846287031
 -0.141435498664968 -0.006644107953560 -0.050867043740229 -1.279135531219671
 -0.452947413203829  0.002490849627042 -0.185954927747940  0.002708189964540
  0.013304199249674  0.005769017381752  0.002128979625611 -0.008884784216613
  0.002601944246073  0.084695601934239 -0.121820521291697 -0.024536757086945
 -0.146662021058577 -0.022950923687201 -1.279103956943051 -0.051323975217967
 -0.478551425534338 -0.090112275952117  0.013071042759968 -0.000970355013047
  0.009695474792135  0.001847947204424  0.002032183886389 -0.007121099720856
 -0.001201629338895  0.011448825412853  0.001701720778483  0.016617388860555
  0.076376437427660 -0.046580904257349 -0.034514643042344 -0.010199225046835
  0.093405361541873 -0.000267420882422  0.000566371256712  0.002747969851627
 -0.003890460493359 -0.001028226869432 -0.001043938629429 -0.032558212310921
  0.416780149545771  0.006318292344160  0.005705129284375  0.002165772666435
  0.001987159612813  0.516985336020976 -0.000142710785925 -0.000421415630979
 -0.001521259199624  0.039639273535889  0.577553645167188 -0.002018007915877
 -0.004425251379418 -0.002102849552591  0.028768255849750  0.779856645070023
 -0.000454192011915  0.006072916144747 -0.005138098325541  0.003810435980313
  0.671928183472782 -0.007218400749556  0.003833747237323  0.003866193624926
  0.003810796450895  0.671972002170139  0.001522522817346 -0.006632907211558
  0.005951185849050  0.028754397492512  0.779805372818185  0.006734490928499
 -0.002535825904508 -0.003421846846361  0.039646592466104  0.577536883136367
 -0.004248984330093 -0.001751937311233 -0.002635855455823
   23 Orbital Energy     0.088549 Occupation  0.000000
  0.055370422784011 -0.068253819280682  0.010998184408703 -0.034944647940706
 -0.221575166138600 -0.894990607799682  0.026020831921001 -0.056216577681265
 -0.391536738676829  0.000641230242158 -0.001209180076750  0.013915158344134
  0.000188885529058 -0.006778379164988 -0.002239251607906 -0.047669810747348
  0.067642262690243 -0.069142223164817 -0.085421465488988 -0.138953702716870
  0.713512101087373 -0.094246344433790 -0.133180852619955 -0.273611714454093
  0.005512720395117  0.005593424464007 -0.021450353869053 -0.006373105357289
 -0.001711371277434 -0.009071856111117 -0.006449306631418  0.026325861506327
  0.015878678811328 -0.085303547422905 -0.184581947828071 -0.007590852896495
  0.080422807542085 -0.246593553931064 -0.394109538608956  0.001134322010279
 -0.010245320974393  0.008541091869568  0.005470470411280  0.003649334167247
  0.000262648729925 -0.006454876508640  0.026352602098540 -0.043497458086502
 -0.014174918500935 -0.198723833488483 -0.007575327383313 -0.145684216810674
  0.024263557245707 -0.448038818898634 -0.007633302132836  0.001262645751138
  0.005802648580879  0.005986741498378 -0.004170387156634  0.006856594981344
 -0.008556547745862  0.022270387370462  0.001126441084248  0.010217780266979
  0.046599812482493  0.092787616328510  0.001055538022011  0.025994227292110
  0.126178979287453  0.002746555166975  0.001179593506337 -0.001233727532350
  0.005281686289123  0.000114095822688  0.000424812447172  0.065488481936214
  1.012113489514064  0.000638311541397  0.002007678266526  0.007408849235718
 -0.108464628361435 -0.984801035651646 -0.000353309228660  0.000898437770207
  0.005990631220676 -0.042644100537652 -0.491807793894253 -0.000495416037601
  0.003513181532907 -0.003018693092972  0.008909911318735 -0.166591150149465
 -0.000184744320769 -0.004601342496879 -0.002413412619771  0.041941771207494
  0.665524522859064 -0.001819140755506 -0.000809642554884  0.003908653212655
  0.041935781886998  0.665417440846739 -0.001884166377141 -0.000728478771595
  0.003888453178260  0.008907866667119 -0.166618586788912 -0.003997290944943
 -0.000035232207840 -0.003322024172081 -0.042630669515273 -0.491769039523294
  0.003858097225615 -0.001700825854126 -0.001977494485762
   24 Orbital Energy     0.110918 Occupation  0.000000
  0.030478258888594 -0.073491324247499 -0.068932661332002 -0.044254440045147
  0.066654595895062 -0.136893941953913  0.047470038159710  0.055219021905810
  0.078535325754181  0.005462062892537  0.004817680795785 -0.002143571885268
  0.004931310582599  0.002955280729720  0.001753767217917  0.020100931556374
 -0.019862343465096 -0.069592447132381 -0.051161238032526  0.035172342656446
 -0.378859598387721  0.052559737077988  0.037342661973336 -0.032362164066738
 -0.006165732565291  0.002641901490005  0.007615856011483 -0.026814232485810
  0.002715286849851 -0.001090607252895 -0.030792064313781  0.055328481059750
 -0.142895578827424 -0.209810367959893  0.104987166601757  0.355913838604110
 -0.392398872465830 -0.669654500772026  0.288000902278140  0.006408905173847
 -0.016004023010806  0.003131854311223  0.015261873653673 -0.008326124744375
 -0.005721062819374 -0.030843395546330  0.055420272505305 -0.249997234507151
 -0.081495521947818  0.079446099096575  0.356594927357164 -0.776289390252170
 -0.209630156303106  0.196419551530672 -0.007040089662153 -0.000975594948257
  0.001541820111257  0.017308025862919 -0.014005333413989 -0.002863978289090
 -0.010476414113058  0.022437332161378  0.046647154450505  0.034920823019977
 -0.020204066098354  0.125279744254369  0.061186710293984  0.049125213333013
 -0.009771971332849 -0.003386840862893 -0.002593058921808  0.000650501275657
 -0.000307411984364  0.001598318369859  0.002111473099851 -0.001440135768082
 -0.014969482816667 -0.000759630119441 -0.000457540429027  0.000901547352967
  0.030935785201483  0.211801814588181 -0.001100389015537 -0.001171749373197
 -0.001248590864934 -0.086079619598553 -0.936064466480890 -0.006183687356694
  0.004420709467204  0.003414558597201  0.082062215981011  0.907264484066168
  0.002225260120914  0.000626302083039 -0.003945940242001 -0.001387736859454
 -0.341634008029965 -0.003928309605089 -0.008854855486135 -0.000681765331098
 -0.001415469017298 -0.342056098804204 -0.009156759274404 -0.002593661007032
 -0.001933485571307  0.082039525397498  0.906859513824643  0.001795936824086
  0.001133807856833 -0.004045497905239 -0.086059342386737 -0.936134331016429
  0.002377288270645 -0.005830325167452  0.005458748685170
   25 Orbital Energy     0.119466 Occupation  0.000000
 -0.000044109632517  0.000068176280605  0.078994943822872 -0.094560126408848
  0.018926537723871  0.000611729321189  0.074962268100732 -0.089390092294149
  0.018113068036855  0.000017993610704 -0.001703826710012  0.001673634772286
  0.000802986445892  0.004080294826997 -0.004682717203717  0.000013056061571
 -0.000009524136659 -0.073860697273352  0.088564193988512 -0.017679756654191
 -0.000235322827987 -0.363477275743278  0.435733553011042 -0.086960303862153
 -0.002042716771311 -0.002367546105470  0.004413079737642  0.002548300847733
  0.010378636388868 -0.012517358459512 -0.107230231716011  0.127333582018304
  0.065830076007663 -0.060172339466281  0.099279296536232  1.812373364628547
 -0.038335574394727 -0.093624438773015  0.308358869704450 -0.005344979463462
 -0.004495728518465 -0.020715650380755 -0.003057968254564 -0.003984359433079
 -0.004840831453422  0.107241750686384 -0.127338297285496  0.063710753941538
 -0.095246063804234 -0.068437329571307 -1.812615248549886  0.156077555645432
 -0.048233317310636 -0.280522083308801  0.004312294251408  0.006598312259133
  0.019650986257280  0.002756260861490  0.001224664872269  0.007733022008820
 -0.000003967668563 -0.000016014353517 -0.015287769220992  0.018303748771413
 -0.003667196244543  0.000151315708894 -0.032121010725190  0.038551283796622
 -0.007693010511590  0.000939252273303 -0.002238270992413  0.001276800501692
  0.000423352563518  0.003245677973355 -0.003468906597109 -0.000050320479003
 -0.000651572030086  0.001590295237770 -0.001905073127354  0.000373458632692
 -0.000014931091035 -0.000043240228850 -0.006687506356262  0.008020240717249
 -0.001598506099659  0.007835017423575 -0.700299830641287  0.002312038341817
  0.005725165395415  0.005563025191315 -0.005510375025812 -0.434734833478689
 -0.003494091779558 -0.001557922061076  0.003886781643219 -0.088193256548421
 -1.096672909143121 -0.001928064347509 -0.000800689162791 -0.007224078807463
  0.088282230155680  1.097409491723540 -0.000239119139198  0.003394439635431
  0.006709285436157  0.005507614577643  0.435119163435833  0.002930877020667
  0.002229072609723 -0.004029233941268 -0.007906778210845  0.699535283324795
 -0.004891008757394 -0.002633048189556 -0.006178360653257
   26 Orbital Energy     0.125712 Occupation  0.000000
 -0.098918918800110  0.171132794255821  0.076100283815116  0.102391101709209
  0.195018920784976  1.332592374671759  0.486037202108872  0.506224321946663
  0.504570283617566 -0.005027520906277 -0.001535638470985 -0.020918673651159
 -0.007800336675349  0.005796559263945 -0.000945423577892 -0.003697840117233
 -0.004632942354566  0.148528199141017  0.101787342752171 -0.110923166521170
  0.086055105747271  0.558227730536566  0.387974054873600 -0.389176527424937
 -0.000232583633673 -0.005883317346772  0.003348330928939 -0.005681345612078
 -0.021455906231942 -0.017412775171469  0.036633043830601 -0.039815015579997
  0.017218292597691 -0.099610405785701 -0.098214119906179 -0.600280520343394
  0.129777404333120 -0.356548558093653 -0.240085687201234 -0.001657220477832
 -0.006788514722235  0.019768196722958 -0.001303941170197  0.005400627468829
 -0.005427607911024  0.036524247516559 -0.039674826755276 -0.073637838295237
  0.009147100425384 -0.119842236418140 -0.598418918420779 -0.271503573947934
  0.123565010008758 -0.335619844947232 -0.004669204232062  0.002064586484311
  0.013893316208834 -0.003501255663434 -0.009176510857457  0.010504982501504
 -0.012883274501089 -0.004022862191688 -0.003019195091578 -0.015781389624495
 -0.066568129888870  0.337025607805662  0.069203787236534  0.049949145021259
 -0.038910838368270 -0.006900236231829 -0.004736138790954 -0.015302311282416
  0.003366314791417  0.009991215824661  0.006739505303075 -0.110686399215631
 -1.352366035506595  0.004677551445470  0.001471777847286 -0.012229975909004
 -0.037158089429909 -0.315291146846297  0.011363683303267  0.009171203391153
 -0.001550042758235 -0.028954455214090 -0.279542294211610  0.001612856933789
  0.001111429606461  0.000163982568400 -0.028989889381328  0.092879571593186
 -0.001145008963912 -0.001496950084016 -0.007109830422373  0.075162559172683
  0.718448913869708  0.003595973621045 -0.002770030571584  0.005418858935357
  0.075071691783135  0.717465953176775 -0.002994717754539  0.005112709855944
  0.003842727551092 -0.028973097364681  0.092609654948280 -0.000307005236969
 -0.002510538236448 -0.006904365192805 -0.028947862167972 -0.280371431459841
  0.001358738676874  0.001422631844444  0.000108267406867
   27 Orbital Energy     0.139476 Occupation  0.000000
 -0.022287664594772  0.000545429817799 -0.045353911494276 -0.035669918073528
  0.011016633853825  0.663669024102559 -0.213813799253171 -0.170411526976565
  0.040100739244275 -0.004096063729060 -0.002056798807430  0.007502737926046
 -0.016461262421610 -0.008556300922607 -0.007998158250139 -0.056711696850084
  0.083342343206720  0.035231838466668 -0.028921077863809 -0.292681821786046
  1.029294556133503  0.044474754265136 -0.192494992227805 -1.151573314395819
  0.004043295174973  0.003393093093093 -0.016677828938343  0.003999962470390
  0.003703965698965 -0.000888781481269  0.029459057151672 -0.045988913731989
 -0.092116104419695  0.025912048499439  0.124027508784637 -0.403226183506829
 -0.312579772937417  0.155169072010664  0.657882763577133 -0.003291114747399
  0.011385021963179  0.001340751347769  0.003958912065915  0.014249289472229
 -0.008382345458150  0.029486262490244 -0.046046410664046 -0.017070502945645
 -0.064103247958876  0.142035175603709 -0.403578131633108 -0.038761208791544
 -0.173297340963556  0.723535399522893  0.013503813403407  0.002247770927046
 -0.006297160422985 -0.003231395516490 -0.001910049842280  0.014777170519460
  0.025855830341834 -0.022576280691795 -0.044663700371769 -0.055134827358841
 -0.089625240510187 -0.433557597158060 -0.123877268755948 -0.130294407635748
 -0.135203505397120  0.014175634909131  0.014910784480489  0.011269914425552
 -0.005234197185368 -0.001706743551746 -0.003272726037814  0.007092505965361
 -0.175977205786978 -0.007343547269811 -0.005774422777530  0.001783458689742
 -0.085677105482299 -1.659084258103427 -0.002120896811127 -0.000545072193703
  0.006158612985289  0.030349325175792  0.497901681223957 -0.003896712388710
 -0.004181306290279  0.005564615095300  0.006434412335849  0.636043018651311
 -0.002471006432329  0.009225912047030  0.001053084143774 -0.012551123272376
 -0.451630214007869  0.007620568759116 -0.002281559232177  0.002236540509588
 -0.012595069956327 -0.451753931456195 -0.001120874350108  0.008181760495221
  0.000150818061518  0.006504301837152  0.636749863643144  0.008184370139272
 -0.003527377673171  0.003593685309168  0.030342737687277  0.498054579543753
 -0.005863640031190 -0.001835017055794  0.005099154314314
   28 Orbital Energy     0.150110 Occupation  0.000000
 -0.000024937595787  0.000017638293215  0.041315394396021 -0.049480513769620
  0.009855541845081  0.000435219367914 -0.041060485103714  0.049142399095507
 -0.009821740033601  0.001138164829857 -0.000385570907712 -0.000733964573832
 -0.000600300560533 -0.001627416007836  0.002176881035539  0.000067692752769
 -0.000073387646901  0.072723048597961 -0.087199581906850  0.017345806955818
 -0.001149306304383  0.184852017731575 -0.221799252050415  0.044092892817340
 -0.006255800265838  0.011277286767487 -0.005010496544179 -0.001102453674883
 -0.012973363046343  0.013206669257820 -0.003947114212695 -0.010138792198925
  0.146723657727142 -0.266038479736751 -0.147700238356742  0.206806249676864
  0.399182551587930 -0.694939537869692 -0.446282698470058 -0.000320174149063
 -0.014210290736921  0.010127951538177 -0.003315432440981  0.008833032119556
  0.002091320432087  0.003889379397377  0.010188075259187  0.198611732043499
 -0.147594971833740  0.230031451633890 -0.205800162794388  0.504174164819891
 -0.387352086964695  0.661591252069825  0.015102413257247 -0.004020753876598
 -0.006708337617108  0.001876311780007  0.001474923761244 -0.009890545064887
  0.000012317425981 -0.000049876078926  0.000517250600889 -0.000705127905522
  0.000139313848182 -0.000131028150197  0.000439495344113 -0.000670319350555
  0.000094526367688  0.002800442957019 -0.003108137598183  0.000273275301566
 -0.000458289829715  0.001076168967057 -0.000473644151747 -0.000023888592398
 -0.000194436497185  0.001933081455242 -0.002314486185809  0.000459665913125
 -0.000020894100072  0.000237524178990  0.005557420035406 -0.006659637876925
  0.001325167611287 -0.075597592476518 -1.216656725760860  0.003100232585490
  0.007537717328903 -0.002756307728481 -0.038879568271375 -0.245389011952575
  0.000930302811106 -0.006699522166704 -0.002771422205226  0.062139748900683
  0.728535700455554  0.005996786883473 -0.004747991489229  0.005326084448736
 -0.062082128122070 -0.728333544233402  0.004406929134223 -0.007711985525138
 -0.002842694204883  0.038890263053388  0.244978054504912  0.005724136410957
 -0.001282795752285  0.004361243402217  0.075582836730662  1.216600708612556
 -0.008383492508951 -0.001216887120507  0.001491059524013
   29 Orbital Energy     0.159151 Occupation  0.000000
  0.058086231625779 -0.036935568014593  0.008375308345752  0.009443749822769
  0.004696765606994 -1.148393257043964  0.200971228785771  0.190836377413725
  0.107723728794571  0.004983448332088 -0.000921450250389  0.001592966939119
  0.025903191297888  0.004299063247456  0.008852817433830 -0.144194607644486
  0.160028801476317  0.109667423670821  0.120017559675392  0.146507682509202
  2.456707473740388  0.541775585771184  0.553377589626209  0.509243876621490
 -0.017276518329795 -0.018202432754745  0.016438636857736  0.004589727559377
 -0.003382509961711  0.005976687470430  0.067115839129081 -0.047832160359329
  0.125583362507382 -0.058917767682541  0.116119481516929 -1.193807360732542
  0.819755356050502 -0.380499468910635  0.423452998097989  0.023893634348239
 -0.001252840558625 -0.005136993798732 -0.019871749673491  0.002421906895852
 -0.007553048750757  0.066599893401888 -0.047030304920293 -0.049377070632496
  0.157567947339010  0.071090493711788 -1.186683595205204 -0.271231041874659
  0.945620573420107  0.152960636800515 -0.004817567204023  0.028026795246710
 -0.005887525386612 -0.014464009294608 -0.003370119678195 -0.008326332787786
 -0.045392704203491  0.077727975883510  0.108526660785323  0.093996111577267
  0.021115490341645  0.643467278486063  0.235867652754601  0.217823451056660
  0.109500778336285 -0.009927244848269 -0.011270916397666 -0.013548539715762
  0.011041312317501  0.005125697681833  0.005870051468317  0.056623411609700
  0.373951632675351  0.003208778125704  0.003110604216955  0.001988353239882
  0.065031511820274 -0.003170986557104  0.004069049944784  0.003497232422338
  0.000302505175187  0.017110057068820  0.067526092235914  0.014140571905677
 -0.002045747405985  0.006753779788565 -0.009456444469838  0.236392645623224
  0.008502336986394 -0.003265637278680  0.001661231579115 -0.053222090140487
 -0.140806638319236  0.000783974526368 -0.005382397626719  0.000651813359497
 -0.052352052733253 -0.135618933491517 -0.005023370006582  0.001784175853879
 -0.000765094082573 -0.011294107793521  0.212619836097283 -0.001841461670639
  0.008884529201190 -0.000713496248585  0.017837580465882  0.076872894115551
 -0.000426554851700  0.015492409845618  0.003140553315627
   30 Orbital Energy     0.159809 Occupation  0.000000
  0.000508897693752 -0.000319971911797  0.089948019902615 -0.107618399059712
  0.021445208944353 -0.010024994129097  0.099200960248187 -0.115323294661358
  0.024046291995033 -0.009530082128146  0.008464875491216  0.001109696048858
  0.002762499781247  0.001381386497833 -0.004088868983312 -0.001232493766305
  0.001356401472768 -0.040505091272672  0.050721446512655 -0.008546227074962
  0.021053897983609 -0.017899207135655  0.031995945031518 -0.000616671197143
  0.011148435142031 -0.007021844047918 -0.004290202333839 -0.004465307981567
 -0.009191818358657  0.013681872790930 -0.030059755945671  0.046117220014631
  0.157322673487927  0.211077416813905 -0.161151013927928  0.421909718770861
  0.406588656570100  0.632148260162168 -0.505455647371290 -0.015083482712305
 -0.000194487516141  0.005290839245692 -0.008586783273280  0.008911404422862
  0.009922599320900  0.031197629982512 -0.046903435589576 -0.265800886509607
 -0.079556979134749  0.136690714425784 -0.442365558034113 -0.789833461274377
 -0.162660454580995  0.417571939834112  0.007049135672193  0.009181152870096
 -0.005949226633839  0.009735601050655 -0.011418885123825 -0.009434279307234
 -0.000386325197951  0.000678040152926 -0.044286849850108  0.054997655863136
 -0.010586936996909  0.005433071897968 -0.044986443613462  0.058170379822836
 -0.010253895001945  0.003511900016560 -0.004499067705737  0.000715779361327
 -0.000266749413021  0.002528269674486 -0.001833133122185  0.000487673332435
  0.003414181704309  0.002355700214205 -0.002760399368443  0.000573023468038
  0.000576283784853  0.000458527369102  0.002365888760467 -0.002762327795044
  0.000558037399650  0.037961629110657  0.478775099113471  0.004082138898645
  0.000719686819103 -0.006946074504320 -0.107072801219836 -1.389328973919943
 -0.010767689081531 -0.001236511617647  0.002733056098788  0.050722798877870
  0.327122611169777  0.005179717517604  0.005845857284902 -0.000276499594381
 -0.051638632980091 -0.329364219025166 -0.006784418998667 -0.004004090543163
 -0.000098792804135  0.106896560116466  1.393137765024586  0.003801759033950
  0.009696153002725 -0.004404066849966 -0.037705111702685 -0.477934746749239
 -0.002832280730537 -0.001952664135721  0.007300353063060
&
&hess
   1
   1  5.556046E-01
   2  3.148930E-01  4.976455E-01
   3  1.029538E-01  1.607920E-01  5.789826E-01
   4 -1.080671E-01 -2.024414E-02  4.593818E-02  4.175334E-01
   5 -2.107430E-02 -8.500235E-02  2.691375E-02  1.802755E-02  4.214068E-01
   6  4.215398E-02  2.379167E-02 -1.301459E-01  8.424786E-03  4.259089E-02
   7 -3.510685E-02  2.739748E-05 -5.879065E-03 -1.503088E-01  3.199772E-02
   8 -1.156667E-02  7.249991E-03 -8.861337E-03  1.730040E-02 -7.054405E-02
   9  7.473684E-03 -1.014188E-02  9.355135E-03 -2.628102E-02  7.454934E-03
  10  6.937610E-03 -2.267713E-02 -5.166094E-03 -6.560369E-02  6.063627E-03
  11 -8.823799E-03 -2.910469E-02  2.957197E-03  2.221018E-02 -1.668906E-01
  12 -7.040425E-03  1.383258E-02  3.659888E-03  1.705986E-03 -8.034035E-03
  13 -3.604805E-01 -2.856523E-01 -1.692609E-01 -2.145783E-02 -3.893424E-02
  14 -2.861182E-01 -3.315071E-01 -1.713442E-01 -3.624275E-02 -9.335841E-03
  15 -1.718923E-01 -1.735875E-01 -2.098317E-01  3.073919E-03  2.468153E-03
  16 -5.804077E-02  2.083862E-03  1.798042E-02  5.955795E-03 -2.689674E-03
  17  3.499132E-03 -5.722088E-02 -1.938596E-02 -6.911113E-03  1.079644E-02
  18  2.491288E-02 -1.357683E-02 -2.289867E-01 -6.687784E-05 -5.960915E-03
  19  4.733402E-04  5.897850E-03  2.491078E-02 -4.569623E-02 -5.574279E-03
  20  5.342839E-04  3.172860E-03  1.688472E-02 -5.047265E-03 -6.085177E-02
  21 -1.947326E-03 -5.554216E-03 -2.031879E-02 -1.792075E-02 -6.167163E-02
  22  1.215749E-03  2.986686E-03  3.664218E-04 -4.904318E-03  2.617376E-02
  23 -9.423757E-04 -7.547976E-04  3.662278E-04  5.673409E-04 -5.052345E-03
  24  4.167919E-04 -3.214854E-04  1.012234E-04 -9.354620E-04  1.164256E-02
  25 -2.388867E-03  3.804353E-03 -6.000118E-03 -2.443167E-02 -1.250806E-02
  26  1.468470E-03 -1.537100E-03  5.383880E-04  7.697098E-03  3.150705E-03
  27 -3.913825E-04  2.206173E-03 -1.752562E-03 -1.213011E-02 -5.351689E-03
  28  1.076264E-03 -9.668584E-04 -3.811399E-03 -2.557029E-03 -6.064427E-03
  29 -7.096512E-05 -1.761370E-05 -1.183190E-03 -5.189836E-04  1.363629E-04
  30  1.892191E-03  9.312061E-04 -6.385042E-04 -2.702864E-03 -2.326001E-03
  31 -7.734729E-05 -5.649310E-04 -1.732028E-03 -1.567464E-03  6.897410E-04
  32  2.980175E-04  6.987807E-04 -3.912523E-03 -6.132432E-04 -9.243782E-03
  33  1.371227E-03  1.324206E-03 -2.018950E-04 -8.283215E-04 -2.679722E-03
  34 -8.480572E-04  1.058509E-03 -7.707676E-04  3.024396E-03  3.830642E-03
  35  4.894398E-03 -4.606415E-03 -4.456635E-03 -2.155840E-02 -2.078002E-02
  36  1.146392E-03  1.563269E-04 -2.251289E-04 -3.200284E-03 -4.295998E-03
  37 -3.009273E-04 -6.354520E-04  5.158563E-04 -1.873512E-03  4.096136E-05
  38  3.010870E-03  9.854938E-04  7.044694E-04  2.531972E-02 -7.741150E-03
  39 -1.040353E-03  1.378726E-04 -1.247268E-04  4.931821E-03 -7.596968E-04
   6
   6  5.764511E-01
   7 -3.658064E-02  4.581193E-01
   8  8.575213E-03  2.468937E-02  5.476850E-01
   9 -9.039472E-02 -3.817874E-02  1.161968E-02  5.242033E-01
  10  4.591362E-03 -8.587096E-03  3.425478E-02  7.453498E-04  5.512834E-01
  11 -1.533801E-02  6.482460E-03 -1.503960E-02  4.770218E-04  1.430345E-02
  12 -7.870610E-02 -2.924415E-03  1.150976E-02  1.386802E-03  5.826214E-03
  13 -1.063746E-02  2.197817E-03 -2.239600E-03  2.041530E-03 -7.809749E-03
  14 -8.997497E-03 -7.006737E-04 -6.299474E-03  5.336917E-03 -4.313682E-04
  15  2.215251E-02  2.785917E-03  1.864080E-03 -1.882044E-05  9.880634E-04
  16  2.116760E-02  3.217235E-03  1.185924E-03  3.722623E-05 -7.449524E-04
  17  1.176296E-02 -1.110419E-03 -6.550942E-04  9.666744E-04  1.980420E-03
  18 -1.543596E-02 -5.520135E-04  5.069055E-04 -8.102422E-04 -6.634512E-05
  19 -2.050174E-02 -3.453981E-03 -6.227849E-03 -2.824501E-02 -1.921059E-04
  20 -6.384139E-02  1.123400E-03  1.566557E-03  8.680240E-03 -1.210123E-03
  21 -2.783650E-01 -7.269539E-04 -1.503829E-03 -8.473463E-03  2.886945E-04
  22  6.051714E-03 -5.072484E-02  3.954075E-02  6.284931E-03 -5.757894E-03
  23 -1.258122E-03  4.014649E-02 -2.922297E-01 -3.801010E-02  2.114677E-03
  24  6.752670E-04  6.825818E-03 -3.834116E-02 -5.079006E-02 -2.419972E-03
  25  1.393529E-02 -1.736481E-01 -9.739797E-02  8.812843E-02  1.775364E-03
  26 -4.655682E-03 -9.732677E-02 -1.141602E-01  6.313919E-02  1.136393E-03
  27  5.438927E-03  8.770994E-02  6.229092E-02 -9.837462E-02  4.228999E-04
  28 -2.920997E-02 -4.429421E-02 -1.947156E-03 -1.318931E-02  1.134994E-03
  29  8.535801E-03 -2.254433E-03 -5.418344E-02 -4.753065E-02 -2.570594E-04
  30 -1.116357E-02 -1.253564E-02 -4.781338E-02 -2.870845E-01  6.600523E-04
  31  4.323935E-03  5.178315E-04 -9.529030E-07  1.315002E-03 -4.460497E-02
  32 -3.136521E-02 -1.144064E-03  1.398413E-03 -8.472106E-04  3.255254E-04
  33 -2.768663E-03 -1.572492E-04  5.378781E-04  6.960647E-04 -2.152890E-03
  34 -3.215429E-03  1.648846E-03  9.471551E-04 -6.395358E-04 -1.825755E-01
  35  1.675621E-02 -1.663184E-03  2.024866E-03 -7.353172E-05 -9.577515E-02
  36  1.911543E-03  9.894217E-05  2.751966E-04 -2.074640E-04  8.701802E-02
  37 -5.364559E-04  4.456447E-04  1.443449E-03  5.373151E-04 -2.452686E-01
  38  1.340717E-02 -2.892184E-04 -6.826243E-03 -1.084991E-03  6.015242E-02
  39  3.344128E-04  1.535644E-04 -6.804770E-04  5.044750E-04 -9.074639E-02
  11
  11  4.387883E-01
  12 -1.688622E-02  5.398853E-01
  13  1.564496E-03  3.860478E-03  3.805106E-01
  14  3.135231E-03  3.699223E-04  3.413314E-01  3.428925E-01
  15  2.068790E-03  5.590210E-04  1.962914E-01  1.995680E-01  1.978924E-01
  16  2.765568E-05  9.879614E-04  5.270601E-03 -1.694069E-02 -3.112970E-02
  17  2.738059E-03 -5.736576E-04 -1.463417E-02 -5.479614E-04 -3.272943E-02
  18 -1.488198E-03 -2.415059E-04 -1.936860E-02 -2.293888E-02 -1.580017E-02
  19  1.451251E-03  4.221660E-03  1.457622E-03  1.607194E-03 -2.699873E-03
  20 -9.507430E-03 -2.982860E-02  1.889375E-03  2.076205E-04 -1.171971E-03
  21  3.876531E-05 -6.661157E-04 -1.394617E-03 -7.570182E-05  4.322194E-03
  22  4.882956E-04 -2.356684E-03 -1.677591E-04 -9.478992E-04 -5.226708E-04
  23  3.267287E-04  1.183777E-03  7.984340E-04  7.629823E-04  1.421303E-04
  24  4.005943E-04 -4.455197E-04  7.096635E-05  9.356991E-05 -1.149271E-04
  25 -1.594240E-03  5.754241E-04 -1.124594E-03 -2.271346E-03  9.853703E-04
  26  1.537209E-03 -8.249308E-04  3.241802E-04  1.369460E-03  4.892785E-05
  27 -6.836013E-04  1.543305E-04 -6.445161E-04 -1.290769E-03  2.621494E-04
  28 -1.273067E-03 -1.867591E-04 -9.526551E-05  4.479862E-04  1.355789E-03
  29  9.813329E-04  1.337983E-03 -1.318626E-06  1.175457E-04  2.610610E-04
  30 -5.698468E-04  4.951576E-04 -4.193264E-04 -1.961143E-04  2.250220E-04
  31 -6.419538E-05 -1.919966E-03  1.521743E-04  1.336315E-04  4.966177E-04
  32 -5.906916E-02 -6.053001E-02  6.845698E-05  6.471046E-05  1.374795E-03
  33 -5.990748E-02 -2.818921E-01 -3.158965E-04 -3.261686E-04  2.985584E-05
  34 -9.542374E-02  8.787333E-02  1.081295E-03  8.569219E-05  3.963343E-04
  35 -1.055137E-01  6.124444E-02 -3.009919E-03 -5.916115E-04  5.831173E-04
  36  6.103213E-02 -9.808733E-02 -5.444768E-04 -2.240783E-04  1.946270E-05
  37  6.062915E-02 -9.062850E-02  6.446947E-04  6.448533E-04  3.401840E-05
  38 -6.234178E-02  2.721477E-02 -9.055473E-04 -2.299567E-04 -7.043404E-04
  39  2.792400E-02 -8.613034E-02  4.776774E-04  2.075691E-04  6.759094E-05
  16
  16  4.657012E-02
  17  2.005398E-02  4.496344E-02
  18 -9.442898E-03  3.989626E-02  2.602970E-01
  19 -2.277055E-03 -2.805814E-03  2.363620E-03  5.242251E-02
  20 -2.809495E-03 -4.186751E-04  1.383293E-03  3.639190E-03  6.940808E-02
  21  2.363409E-03  1.380891E-03 -1.317732E-03  2.080998E-02  6.693562E-02
  22 -2.097944E-04  6.127140E-05  9.822531E-05  1.108137E-03 -4.063463E-04
  23  1.604495E-04 -9.698014E-05 -8.562037E-05  1.172384E-04  3.080465E-04
  24 -6.056759E-05  8.840059E-05 -2.792068E-05  4.652666E-04  3.315133E-04
  25  7.091193E-04 -2.960637E-04  8.019580E-04  7.435619E-04 -2.092042E-04
  26 -2.855679E-04 -1.065369E-05 -8.427338E-05 -5.415854E-04  1.507672E-05
  27 -8.573577E-05 -4.424188E-04  6.885184E-04  3.608079E-04 -4.504318E-04
  28 -4.025587E-04  9.712067E-05  1.181671E-03 -5.225126E-03  1.902913E-03
  29 -4.505663E-05 -5.239304E-05  1.766967E-04  1.562685E-03  1.998881E-04
  30 -7.409243E-04 -4.143688E-04  7.445107E-04 -2.044576E-03  1.050441E-03
  31 -3.962851E-07  7.267147E-05  2.553596E-04  4.744304E-04  8.214878E-04
  32 -3.492061E-04 -2.362456E-04  1.328332E-03  1.089951E-03 -6.131526E-03
  33 -6.359915E-04 -4.304278E-04  5.271859E-04  3.580927E-04 -4.538029E-04
  34  2.904993E-06 -1.275094E-04 -2.629497E-05  1.307065E-05 -5.011314E-04
  35 -4.108587E-04  9.529592E-04  6.751231E-04 -1.060476E-04  8.679056E-04
  36 -5.019450E-04 -1.051633E-04  4.316740E-04 -4.383867E-04  2.320006E-04
  37 -5.875729E-05  1.212571E-04 -1.020933E-04  1.430339E-04  2.744042E-04
  38  2.336358E-05 -2.218575E-04  1.636254E-04 -1.107925E-04  1.156627E-03
  39  6.511294E-05 -4.540050E-06 -5.393476E-05  4.375497E-04  2.502715E-04
  21
  21  3.017473E-01
  22 -3.960594E-05  5.630721E-02
  23  3.425179E-04 -4.607995E-02  3.147339E-01
  24  2.375202E-04 -5.416641E-03  4.075991E-02  5.099971E-02
  25 -2.482309E-04  4.021921E-03  3.233309E-03 -3.178721E-03  1.923404E-01
  26 -1.131252E-04 -2.156615E-02 -1.400259E-02  1.470653E-02  1.040792E-01
  27  4.373829E-04 -4.651386E-03 -3.457040E-03  1.667273E-03 -9.288914E-02
  28 -1.444363E-03 -8.968762E-04  3.979802E-05  4.895877E-03  1.436885E-03
  29  6.547000E-04 -1.918531E-03 -4.183808E-03 -2.997097E-02  1.736910E-03
  30  5.513485E-04  2.850086E-04  4.296355E-04 -3.087020E-03 -1.579559E-03
  31  1.465784E-04 -4.128027E-05 -1.440024E-04 -2.151415E-04 -5.638804E-05
  32  2.680937E-04 -2.562736E-04  1.552944E-04  3.688371E-04  1.352236E-04
  33  1.183426E-03  7.138190E-05  3.896490E-06  2.692185E-04  2.555151E-05
  34 -1.306866E-04  1.056036E-04 -9.871440E-05 -6.840795E-05  9.696658E-05
  35 -3.538034E-04 -5.477052E-05  4.662846E-04 -4.876546E-04  1.456875E-03
  36  3.149286E-04 -2.390418E-04 -1.505290E-04 -3.175988E-05 -2.019384E-04
  37  2.522076E-04 -5.018486E-05  7.967794E-05 -3.818181E-04  5.330842E-04
  38 -3.384084E-04  1.978486E-03 -4.134998E-04  7.348797E-04 -1.669899E-04
  39  3.547996E-04  6.655165E-05 -2.560822E-04  5.413189E-04 -3.515119E-04
  26
  26  1.209688E-01
  27 -6.928365E-02  1.046358E-01
  28  5.596423E-03  2.174700E-02  4.974844E-02
  29  2.642520E-03  1.655436E-02  1.684039E-03  5.439110E-02
  30 -3.763755E-03 -1.312616E-02  1.762985E-02  5.171511E-02  3.125672E-01
  31  4.494001E-05  1.326463E-04  9.487094E-05  1.969481E-04 -3.848676E-04
  32 -4.752235E-05  1.212078E-04  5.531482E-04  2.088473E-05  8.163622E-04
  33 -5.059790E-05 -8.081518E-05  5.781535E-04 -4.229263E-04  2.487130E-04
  34 -4.271300E-04  4.561524E-04 -3.403033E-05  5.867115E-06 -3.750267E-05
  35 -1.393610E-05  5.995030E-05  1.462274E-04 -5.140002E-05  5.693553E-05
  36  3.978929E-04  1.252064E-04  1.232999E-04  1.088707E-04 -9.924344E-05
  37 -1.883487E-04 -4.268262E-05  1.219100E-05 -1.148506E-04 -4.951392E-06
  38  8.411649E-05 -2.781816E-04 -2.144874E-04 -7.527177E-06  9.416411E-05
  39 -5.566563E-05 -7.743985E-05  3.264986E-04 -2.307603E-04  3.787663E-04
  31
  31  4.393859E-02
  32 -2.666917E-04  6.739625E-02
  33  1.876144E-03  6.847615E-02  3.053740E-01
  34  2.876778E-04  1.155591E-03 -1.704672E-03  1.951768E-01
  35  6.724952E-03  3.635846E-03 -3.673129E-03  1.029592E-01  1.195767E-01
  36  2.225392E-02  1.548076E-02 -1.297161E-02 -9.558993E-02 -6.550551E-02
  37  8.744312E-04 -9.914607E-04  1.523172E-03 -1.798065E-02  6.398579E-03
  38 -7.640414E-03  1.358392E-03 -2.379439E-03 -1.345090E-02  4.037144E-03
  39 -2.654805E-02  8.420971E-03 -1.039975E-02  1.345388E-02 -4.823384E-03
  36
  36  1.031875E-01
  37 -9.930725E-03  2.628928E-01
  38 -7.405113E-03 -6.770851E-02  7.015656E-02
  39  5.628737E-03  9.878257E-02 -3.013470E-02  8.897764E-02
&
&valid
version=1.0
geometry
atom_num=13
   6    -1.1739465458    -0.9097085748     0.3536134409
   6    -0.0910379906    -0.1560258746    -0.4007588025
   6     1.2877365577    -0.5724140670     0.1460719037
   6    -0.3241933338     1.3582087715    -0.2387291113
   8    -1.9783391985    -1.6798244799    -0.1429327688
   1    -1.1816666480    -0.6952144870     1.4634042387
   1    -0.1822051162    -0.4437014515    -1.4625008956
   1     1.4788156878    -1.6459594830    -0.0102745775
   1     2.0869301897    -0.0041363323    -0.3571452189
   1     1.3618513875    -0.3662950754     1.2281716071
   1    -0.3187264668     1.6466350600     0.8269616711
   1     0.4762495404     1.9249846551    -0.7416570505
   1    -1.2886731129     1.6687302507    -0.6709555631
end
molecule
molchg=0
multip=1
qs_cuts=   0    0    0
end
basis
name=6-31g**                         
numd=6
atom_basis_num=0
end
&
