&gen
basis=6-31G**
igeopt=1
dftname=PBE-D3
ifreq=1
&
entry_name: J1_10072_2111.in
&zmat
C1          1.6314893907        -1.2048372684         0.4061716307
C2          0.7640749536        -0.2059309126        -0.3766673591
C3          1.1249411366         0.0075870694        -1.8431545087
C4          2.3605365802        -0.7359815443        -2.3826772760
C5         -0.0643548117        -0.2021673063        -2.7710239172
C6         -0.4968717941         0.8112693865        -3.6498343513
C7         -1.5841213189         0.5931945366        -4.5010160244
C8         -2.2405770506        -0.6393351565        -4.4989119192
C9         -1.8076381873        -1.6594068723        -3.6492606036
C10        -0.7224733335        -1.4464664722        -2.7945159745
O11         1.4323237251         1.3736207267        -1.7094974106
P12         1.1139723002         1.5512782935        -0.0256375008
C13         2.8523499673         2.0295746777         0.2556506206
C14         3.4467741966         3.0244659350        -0.5422541808
C15         4.7837418875         3.3843496140        -0.3512246679
C16         5.5454099044         2.7527926577         0.6335284606
C17         4.9714894170         1.7586581537         1.4278556433
C18         3.6353531753         1.3946121502         1.2395972244
C19         0.6435387049         1.6796470861         1.7552132706
C20        -0.3106294100         0.8155399146         2.3376682947
C21        -0.6929904279         0.9634536944         3.6741358519
C22        -0.1611290207         1.9933997173         4.4476870542
C23         0.7410718674         2.8910413541         3.8809955662
C24         1.1275088625         2.7486578368         2.5462785118
C25        -0.1451327164         2.8028189868        -0.3696351491
C26        -1.4486393891         2.4090782989        -0.7151042025
C27        -2.4239536781         3.3683554599        -1.0010473983
C28        -2.1082661084         4.7275449848        -0.9398827725
C29        -0.8165683866         5.1288873057        -0.5910172571
C30         0.1626541951         4.1722736152        -0.3074757266
H31         1.4206736805        -2.2330392547         0.0451844385
H32         1.3842403630        -1.1698270404         1.4857068720
H33         2.7143702169        -1.0088571228         0.2911205428
H34        -0.3112345219        -0.4456809357        -0.2567554559
H35         2.5184977088        -0.4782205242        -3.4518562167
H36         3.2778189268        -0.4353974440        -1.8339499573
H37         2.2236102021        -1.8350887645        -2.3040774560
H38        -0.0012243663         1.7729220668        -3.6782799763
H39        -1.9159835731         1.3803443988        -5.1656498153
H40        -3.0812685510        -0.8058499989        -5.1599198740
H41        -2.3120744435        -2.6169752435        -3.6539464717
H42        -0.3963698506        -2.2499505509        -2.1457379615
H43         2.8815499774         3.5161032239        -1.3229931425
H44         5.2306768702         4.1511031326        -0.9707236695
H45         6.5804702858         3.0329524561         0.7803350947
H46         5.5615842856         1.2710525538         2.1930037326
H47         3.2101497855         0.6358588166         1.8816473758
H48        -0.7869542667         0.0298689123         1.7782074363
H49        -1.4153777428         0.2834704347         4.1072134007
H50        -0.4630174464         2.1072987584         5.4808047590
H51         1.1343115089         3.7071957773         4.4733018290
H52         1.8009698243         3.4872675568         2.1344015006
H53        -1.7142877815         1.3626109253        -0.7662627874
H54        -3.4251945785         3.0574371798        -1.2698369235
H55        -2.8648255646         5.4694828263        -1.1601231373
H56        -0.5739733382         6.1823678492        -0.5385870177
H57         1.1508856210         4.5061961121        -0.0275085801
&

