&gen
basis=6-31G**
igeopt=1
dftname=PBE-D3
ifreq=1
&
entry_name: J1_9988_2111.in
&zmat
C1          2.2627537670        -1.3120478471         4.2539697055
C2          2.2519859724        -1.8283535435         2.8252621628
O3          1.6240022427        -0.8769562930         1.9707719457
C4          1.4802595827        -1.0854811852         0.5967354273
O5          1.8570391201        -2.1837466998         0.1055350693
C6          0.7170500650        -0.0821679637        -0.2626806720
C7         -0.7969141517        -0.4403018908        -0.2495899642
C8         -1.1108057952        -1.7256703914        -0.9697887689
C9         -1.4352702050        -1.8687895353        -2.3170312994
N10        -1.6295272071        -3.1716584456        -2.6218006042
C11        -1.4410923501        -3.8530297728        -1.4790109920
C12        -1.5399417229        -5.2310736523        -1.2923392707
C13        -1.3133502500        -5.7377052818         0.0002660552
C14        -1.0025923149        -4.8651147988         1.0663727947
C15        -0.9124391988        -3.4786332413         0.8491609368
C16        -1.1301711092        -3.0057653236        -0.4462519148
C17         1.2490923991         0.1798685132        -1.6849833805
C18         2.5209644696        -0.5474880450        -2.1902617731
C19         2.1506967210        -1.8607149621        -2.9051877673
N20         3.3463826394        -2.6611668705        -3.1605745123
C21         4.0594630758        -2.6213861130        -4.4015298094
O22         3.5875773000        -1.9853797506        -5.3827128976
O23         5.2905073599        -3.2866367232        -4.4962215857
C24         6.1793989206        -3.2700137158        -5.6230637634
C25         7.4039646761        -4.1183480016        -5.2479108878
C26         6.6438680955        -1.8318831463        -5.9233499725
C27         5.5029468898        -3.8925047276        -6.8595090334
O28         3.1936679587         0.3092718581        -3.1188560982
C29         4.5860764069         0.4031053889        -3.2327706159
C30         5.1717786755         1.3233932107        -4.2479033499
O31         5.3464397716        -0.2491023798        -2.4665529560
O32         1.5422314048         1.5404922462        -1.4996194333
P33         1.0665970612         1.6991771537         0.1406633711
C34         2.7753355159         2.2615299644         0.4462107629
C35         3.1148139324         3.6160986211         0.2712110607
C36         4.4328945901         4.0491985842         0.4412181921
C37         5.4354835372         3.1337579429         0.7615274179
C38         5.1231135105         1.7814353713         0.8991413396
C39         3.8064890601         1.3446201184         0.7308372596
C40         0.4872944658         1.7185600751         1.9046725973
C41        -0.8974134697         1.6600053571         2.1871833485
C42        -1.3735871538         1.6969316936         3.4993430913
C43        -0.4832525265         1.8112077050         4.5634460567
C44         0.8844921958         1.8954432038         4.3157325879
C45         1.3694347341         1.8505924626         3.0052659979
C46        -0.1080741770         3.0390160564        -0.3056546400
C47        -0.1915661134         4.2157611813         0.4700711121
C48        -1.0839176504         5.2355728416         0.1299217683
C49        -1.9002703527         5.1054695201        -0.9934306356
C50        -1.8210102746         3.9573504414        -1.7817925218
C51        -0.9303962754         2.9337643547        -1.4459446830
H52         2.7120822255        -2.0746512641         4.9241573235
H53         1.2249779192        -1.1031431472         4.5898084667
H54         2.8657906325        -0.3820218021         4.3158593498
H55         1.6947457093        -2.7894805555         2.7888877442
H56         3.2978503133        -2.0005835847         2.4901639280
H57        -1.1411379618        -0.5589876357         0.7971102501
H58        -1.4074911448         0.3641619644        -0.6993983142
H59        -1.5272716747        -1.0644642930        -3.0347767546
H60        -1.8803600723        -3.5639023068        -3.5564575893
H61        -1.7845146791        -5.8912395259        -2.1143803224
H62        -1.3814869320        -6.8027678069         0.1794736148
H63        -0.8348224769        -5.2652521178         2.0577681020
H64        -0.6822581631        -2.8065737146         1.6649486164
H65         0.4552242860         0.1149880542        -2.4573748792
H66         3.1979937848        -0.7495714637        -1.3360695144
H67         1.6177745686        -1.6377700707        -3.8551489213
H68         1.4519612330        -2.4619327372        -2.2905429155
H69         3.7748678938        -3.1778744109        -2.3599768634
H70         8.1406843008        -4.1459089805        -6.0799973569
H71         7.9026905387        -3.6980348999        -4.3480060201
H72         7.0942924233        -5.1599730712        -5.0149537631
H73         5.8026393069        -1.1993982616        -6.2730952970
H74         7.4213487183        -1.8298887010        -6.7175532606
H75         7.0707913613        -1.3689398813        -5.0080289946
H76         6.2337270474        -4.0044061467        -7.6894977408
H77         5.0951508176        -4.8951550200        -6.6088619423
H78         4.6711338479        -3.2594122188        -7.2293805368
H79         5.0835003466         2.3700916817        -3.8901288593
H80         6.2429086477         1.0847976142        -4.4184714649
H81         4.6235612251         1.2164162586        -5.2070488635
H82         2.3770036800         4.3427605009        -0.0275778709
H83         4.6793482827         5.0948482441         0.3092108672
H84         6.4563903940         3.4699603855         0.8883200649
H85         5.9035531052         1.0679624919         1.1302746894
H86         3.6105065035         0.2934910768         0.8318915986
H87        -1.6250584691         1.6170998542         1.3894862781
H88        -2.4380821802         1.6492096431         3.6892952247
H89        -0.8535432240         1.8427646876         5.5799254444
H90         1.5756434375         1.9886366065         5.1436270330
H91         2.4371470605         1.9084945987         2.8882787144
H92         0.4284650087         4.3450921877         1.3475878614
H93        -1.1414397980         6.1285367449         0.7388254185
H94        -2.5903888250         5.8967069360        -1.2562859568
H95        -2.4476774524         3.8614485800        -2.6591049653
H96        -0.8832918525         2.0708978925        -2.0925691872
&

