&gen
basis=6-31G**
igeopt=1
dftname=PBE-D3
ifreq=1
&
entry_name: J1_5324_2111.in
&zmat
C1          1.4794251157        -1.1317410657         0.0556021797
C2          1.6067914570        -2.0106059119        -1.1538772536
C3          2.3131622872        -1.3544221284        -2.3293889939
C4          3.0329365119        -2.4058840600        -1.5028894206
P5          0.2019803927        -0.1300593154         0.2525928294
C6         -0.9236220768        -0.2880317546        -1.1498173581
C7         -2.0670515563        -1.0973100925        -1.0597656745
C8         -2.9106520017        -1.2482424684        -2.1646422425
C9         -2.6115867345        -0.6039810939        -3.3680825959
C10        -1.4652859611         0.1884142457        -3.4697868975
C11        -0.6203042595         0.3418951029        -2.3669825890
C12         0.7902703533         1.5722772356         0.3817856276
C13        -0.0405019545         2.6361943505        -0.0060127415
C14         0.3962670331         3.9574707668         0.1267117918
C15         1.6581532491         4.2272442567         0.6618059007
C16         2.4813317545         3.1757973376         1.0724786319
C17         2.0475772169         1.8529387146         0.9414672616
C18        -0.6606018238        -0.5594259441         1.7770093252
C19        -1.4432457981         0.3994791189         2.4388532060
C20        -2.1473092886         0.0567752874         3.5972025821
C21        -2.0870419918        -1.2478912451         4.0935481054
C22        -1.3277273714        -2.2135722271         3.4279872831
C23        -0.6220150939        -1.8743700046         2.2696496186
H24         2.1847114360        -1.2486792599         0.8720991294
H25         0.8177458508        -2.7505899758        -1.4064252289
H26         2.6768648102        -0.3174841229        -2.1603255322
H27         1.9719734450        -1.7120382747        -3.3236827970
H28         3.8344108547        -1.9912446942        -0.8539236644
H29         3.1280526339        -3.3877009065        -2.0127425634
H30        -2.3082788529        -1.6152739466        -0.1415387521
H31        -3.7939770778        -1.8691273504        -2.0892872686
H32        -3.2644945700        -0.7236029012        -4.2229425620
H33        -1.2289130123         0.6801375805        -4.4044841928
H34         0.2709490557         0.9486987697        -2.4634043716
H35        -1.0287672757         2.4464660951        -0.4041806837
H36        -0.2464363090         4.7726164028        -0.1796977411
H37         1.9945474462         5.2506750075         0.7659418575
H38         3.4542010132         3.3859671107         1.4977354742
H39         2.6943610192         1.0552704961         1.2799489935
H40        -1.5148727566         1.4101748034         2.0614207499
H41        -2.7443797490         0.8017537813         4.1070697333
H42        -2.6344746538        -1.5122546762         4.9890016725
H43        -1.2905477817        -3.2269308532         3.8063836454
H44        -0.0536249858        -2.6397821905         1.7575855263
&

