&gen
basis=6-31G**
igeopt=1
dftname=PBE-D3
ifreq=1
&
entry_name: J1_9754_2111.in
&zmat
C1         -4.7319851297        -0.1286715572        -1.5178272000
C2         -4.1980698676        -1.2747675893        -0.6662999683
O3         -3.2418604233        -0.7973314010         0.2781145710
C4         -1.9326299833        -0.4429804201        -0.0637951181
O5         -1.5183880761        -0.5833749684        -1.2479947695
C6         -1.0464203719         0.0876709207         0.9814042961
P7          0.4913125326         0.5296225558         0.6672646478
C8          1.5072261435        -0.8428854361         0.0978768277
C9          2.6929690267        -0.5945453214        -0.6098062018
C10         3.5016443327        -1.6578330685        -1.0230387301
C11         3.1386267381        -2.9728661693        -0.7199359686
C12         1.9698894530        -3.2256105069         0.0033337568
C13         1.1593923163        -2.1644712351         0.4185744392
C14         1.2611647598         1.3364550083         2.0863268293
C15         1.2701445382         2.8252228290         1.7509909246
C16         1.4143391249         2.9837268133         0.2315147139
C17         0.5244833048         1.9487011259        -0.4513472719
H18        -5.5145160951        -0.5092556114        -2.2074773599
H19        -5.1759758955         0.6527710150        -0.8655221321
H20        -3.9148182421         0.3206873258        -2.1197086820
H21        -3.7466402139        -2.0587333053        -1.3125849911
H22        -5.0448373655        -1.7312260744        -0.1117931557
H23        -1.4301307955         0.1956775143         1.9870696222
H24         2.9959210227         0.4183072522        -0.8393327227
H25         4.4124127593        -1.4619505811        -1.5740246260
H26         3.7661486265        -3.7949208172        -1.0391006588
H27         1.6942730586        -4.2436557237         0.2463960889
H28         0.2643232618        -2.3767097094         0.9887337294
H29         2.3041645099         0.9693473244         2.1930036166
H30         0.6968617536         1.1352840444         3.0212356705
H31         2.1002803487         3.3413997590         2.2793463557
H32         0.3073741021         3.2794450073         2.0738858133
H33         1.1329609876         4.0115642453        -0.0832931613
H34         2.4742347251         2.8046017601        -0.0537694094
H35         0.9196335000         1.6658802532        -1.4493500693
H36        -0.5035084672         2.3554247416        -0.5621465841
&

