&gen
basis=6-31G**
igeopt=1
dftname=PBE-D3
ifreq=1
&
entry_name: J1_10418_2111.in
&zmat
C1         -1.4342209254        -1.1192796856         0.4584835154
C2         -1.1500839292        -2.4178621607         0.3093348312
C3         -1.8637473909        -3.4969448167         1.0305799188
C4         -1.2274857552        -4.7393878203         1.1901463571
C5         -1.8749810473        -5.7883522760         1.8499925608
C6         -3.1684446962        -5.6117369446         2.3460355639
C7         -3.8195675208        -4.3878096100         2.1772444950
C8         -3.1766093436        -3.3347175403         1.5193147546
C9         -0.6817434946        -0.0722730186        -0.3219749870
C10        -1.1289023103         0.1579852192        -1.7482004602
C11        -2.3018046026        -0.6830262472        -2.3344745999
C12        -2.3425488078        -0.5300433406        -3.8780059990
C13        -3.7089968103        -0.8868211952        -4.5027683026
C14        -4.4939058500        -1.8795153486        -3.6395285552
C15        -4.7713537347        -1.3140337896        -2.2324472289
C16        -3.6866792177        -0.3347396481        -1.7412750865
O17        -1.4923562915         1.5023502092        -1.5783470957
P18        -1.0865355413         1.6641387768         0.0905402572
C19        -2.8157016163         2.1306349409         0.4785107856
C20        -3.5189519398         1.5593330581         1.5604356109
C21        -4.8513545531         1.9023315648         1.8052779808
C22        -5.5034099638         2.8173293927         0.9785129933
C23        -4.8219003763         3.3965035720        -0.0919255900
C24        -3.4891812435         3.0582976542        -0.3406343137
C25        -0.5344176617         1.7622063459         1.8492836305
C26         0.3103921899         0.7910275370         2.4328036738
C27         0.7352472911         0.9143495908         3.7590216647
C28         0.3473509082         2.0137452435         4.5229756910
C29        -0.4590230692         3.0003981080         3.9594828246
C30        -0.8876887460         2.8836561635         2.6354156793
C31         0.1234055872         2.9531443613        -0.2990078083
C32        -0.2398230673         4.3107983222        -0.2849407394
C33         0.7010929754         5.2971445506        -0.5947547539
C34         2.0099973295         4.9382612441        -0.9239621119
C35         2.3802940180         3.5918030664        -0.9421306432
C36         1.4425959288         2.6024030397        -0.6322015500
H37        -2.1627157626        -0.8152234748         1.1853433843
H38        -0.3440124702        -2.6999319101        -0.3590269246
H39        -0.2247922460        -4.8951183381         0.8106956051
H40        -1.3737878491        -6.7395108452         1.9750262952
H41        -3.6690088946        -6.4255739739         2.8545308113
H42        -4.8275072289        -4.2570447444         2.5494918783
H43        -3.7203775930        -2.4108854065         1.3748554526
H44         0.4125066761        -0.2558310434        -0.2906705136
H45        -0.2437105966         0.0994525096        -2.4215794554
H46        -2.0923595038        -1.7539363893        -2.1242850236
H47        -1.5584688853        -1.1838237516        -4.3196579405
H48        -2.0968605293         0.5161573293        -4.1664344309
H49        -3.5540746986        -1.3167292759        -5.5159413631
H50        -4.3145413534         0.0388804950        -4.6216883993
H51        -3.9099849857        -2.8224149275        -3.5533648389
H52        -5.4566546364        -2.1262259877        -4.1369913431
H53        -4.8505335042        -2.1632141782        -1.5186011764
H54        -5.7513625734        -0.7888265901        -2.2314937951
H55        -3.6758480236        -0.3569552365        -0.6355940182
H56        -3.9671787567         0.6969760001        -2.0477329628
H57        -3.0400281487         0.8730839038         2.2417349280
H58        -5.3775257302         1.4609690739         2.6418458004
H59        -6.5356540536         3.0805137092         1.1697421231
H60        -5.3279691170         4.1060422995        -0.7336940987
H61        -2.9914480559         3.5121016254        -1.1872873976
H62         0.6657022305        -0.0652527883         1.8866422359
H63         1.3753799387         0.1569653683         4.1930833925
H64         0.6806357339         2.1061900088         5.5485527293
H65        -0.7496791312         3.8612321719         4.5477054386
H66        -1.5018721034         3.6744776430         2.2273242480
H67        -1.2416152136         4.6146770951        -0.0206447156
H68         0.4154702496         6.3409695284        -0.5771566299
H69         2.7373302939         5.7031943753        -1.1632571834
H70         3.3950746844         3.3140850505        -1.1962082257
H71         1.7523827944         1.5676422054        -0.6503565592
&

