&gen
basis=6-31G**
igeopt=1
dftname=PBE-D3
ifreq=1
&
entry_name: J1_9865_2111.in
&zmat
C1         -3.4405307409        -3.0473312603        -3.0515452765
C2         -2.2647498281        -3.4554038799        -2.4175309838
C3         -1.3447073701        -2.5040416833        -1.9675438332
C4         -1.5991887249        -1.1317100114        -2.1357270404
C5         -0.5773319504        -0.1244116627        -1.6509705464
O6         -1.0777849680         1.1947113972        -1.6682624344
P7         -0.9173693161         1.5330957881         0.0127700830
C8         -2.7092232899         1.8398222917         0.0710873733
C9         -3.6099659976         0.7585114246         0.1212824238
C10        -4.9893169369         0.9808872864         0.1047868149
C11        -5.4871507018         2.2816784659         0.0175812344
C12        -4.6052797359         3.3605760270        -0.0652125751
C13        -3.2243189894         3.1422994284        -0.0508862736
C14        -0.6275469409         1.6002746779         1.8396350996
C15         0.6725927817         1.8561196766         2.3365517911
C16         0.9363353797         1.8567494997         3.7077294310
C17        -0.0833404183         1.5815561580         4.6156758333
C18        -1.3650441848         1.2914250273         4.1520990541
C19        -1.6355369744         1.2867682884         2.7804565138
C20         0.0915177878         3.0344407074        -0.3271781593
C21        -0.0398264970         4.1884534110         0.4772684069
C22         0.7191098192         5.3330656966         0.2208469453
C23         1.6077040155         5.3572743429        -0.8531379363
C24         1.7281494820         4.2411132239        -1.6802469532
C25         0.9711834249         3.0933851512        -1.4279900731
C26        -0.3409394383        -0.1843847680        -0.1589879849
C27         1.0809779477        -0.4720846026         0.3075497825
C28         1.2519003519        -1.2248084241         1.4862511274
C29         2.5285313351        -1.4807181838         1.9931593311
C30         3.6547846721        -0.9925011015         1.3307086492
C31         3.5054642541        -0.2498665764         0.1590110642
C32         2.2303390096         0.0103701301        -0.3517231447
C33        -2.7766472864        -0.7318108865        -2.7974002600
C34        -3.6945509566        -1.6873005829        -3.2436035493
H35        -4.1521307795        -3.7851007804        -3.3990267389
H36        -2.0649728074        -4.5096743461        -2.2760142892
H37        -0.4350016341        -2.8353598959        -1.4816737616
H38         0.3388966328        -0.1938611178        -2.2711296638
H39        -3.2520401753        -0.2582959638         0.1856084696
H40        -5.6724252723         0.1429069472         0.1556585193
H41        -6.5557141218         2.4528871773         0.0023628206
H42        -4.9920477781         4.3676065259        -0.1538648277
H43        -2.5732650472         3.9936806499        -0.1609340740
H44         1.4973698060         2.0430585684         1.6622093155
H45         1.9373270110         2.0609626673         4.0651911115
H46         0.1227854221         1.5787219096         5.6781684092
H47        -2.1516400499         1.0570801740         4.8578923694
H48        -2.6344594935         1.0198779295         2.4844559902
H49        -0.7255816134         4.2058732828         1.3141438690
H50         0.6148554679         6.2038550167         0.8551531290
H51         2.1934814946         6.2453402111        -1.0521946838
H52         2.4019165821         4.2681436266        -2.5269746196
H53         1.0622193855         2.2717238386        -2.1197158283
H54        -1.0620189132        -0.8629749422         0.3466219955
H55         0.3924047633        -1.6011517652         2.0272805010
H56         2.6435310122        -2.0541066388         2.9038623416
H57         4.6432311975        -1.1899175659         1.7248762437
H58         4.3802130556         0.1266047874        -0.3554726679
H59         2.1627836997         0.5806725397        -1.2594289402
H60        -2.9938793997         0.3150810136        -2.9651295554
H61        -4.6025674217        -1.3726983023        -3.7416247209
&

