&zmat
 C2             -0.7821037850             4.3277624058            -0.9962069214
 C1             -0.7094867454             2.9854032969            -1.1991635906
 C3              0.1812392678             2.0514073515            -0.5500487600
 P4              0.0161606519             0.3577474618            -0.6479919455
 C5             -0.2665947008            -0.2135221901            -2.3806726439
 C6             -1.3719699676            -0.4905176731             0.2645583257
 C7             -1.7396734396            -1.8394457742             0.0783018809
 C8             -2.8038104252            -2.3886439929             0.8057701134
 C9             -3.5165210211            -1.5938209262             1.7170609903
 C10            -3.1633526421            -0.2494839692             1.8982346056
 C11            -2.0957177945             0.2998368246             1.1746132908
 C12             1.5591293143            -0.4059396255            -0.0249264036
 C13             1.5747619565            -1.5243291328             0.8298773944
 C14             2.7951957215            -2.0681703405             1.2526059420
 C15             4.0059222723            -1.5024332358             0.8285923341
 C16             3.9950153517            -0.3845720010            -0.0186374101
 C17             2.7791188330             0.1612247593            -0.4479929687
 H19            -1.4605480368             4.9535378173            -1.5799869593
 H20            -0.1497704468             4.8309958410            -0.2576224294
 H18            -1.3853463460             2.5639855664            -1.9601439379
 H21             0.8398713496             2.3976916360             0.2526709210
 H22             0.6119131224             0.0567288211            -2.9831155462
 H23            -1.1532173754             0.2998762326            -2.7830829075
 H24            -0.4327107995            -1.2996903069            -2.4258333104
 H25            -1.1892541202            -2.4733791184            -0.6253723969
 H26            -3.0793278810            -3.4379889886             0.6605745993
 H27            -4.3496630214            -2.0237295420             2.2812309078
 H28            -3.7225006246             0.3745565326             2.6020722540
 H29            -1.8142010553             1.3528880545             1.2912679116
 H30             0.6346899898            -1.9595991444             1.1796035666
 H31             2.7984229828            -2.9327930745             1.9231928376
 H32             4.9567106868            -1.9295924791             1.1613960580
 H33             4.9368038858             0.0652975281            -0.3471065456
 H34             2.7572741647             1.0434821866            -1.0957100848
&

