&gen
basis=6-31G**
igeopt=1
dftname=PBE-D3
ifreq=1
&
entry_name: J1_9874_2111.in
&zmat
C1          4.1085122576        -3.3089835843        -0.9379348719
O2          2.8004809744        -2.7175548368        -0.8365299228
C3          2.7225950769        -1.4292945950        -1.3001307742
O4          3.6948502615        -0.8415005761        -1.7809388103
C5          1.3690753588        -0.8830022044        -1.0718299114
C6          0.8502534645         0.2364507251        -1.9511295396
C7          1.6751125490         0.7204176630        -3.1354956699
O8          0.9246432592         1.7563401402        -3.7987626594
C9          1.5593330361         1.9472384356        -5.0646799737
C10         0.4752046362         2.2080532627        -6.1070787764
C11         2.6127340831         3.0537416632        -4.9939783207
O12         2.2606017043         0.7015636619        -5.3645834485
C13         1.9668562279        -0.2390913582        -4.3045234186
C14         0.8050561792        -1.1380978296        -4.8011500586
O15         1.0682327204        -1.5304979347        -6.1426600516
C16         0.6188493053        -2.3923404895        -3.9585937013
O17        -0.4805754825        -3.1530763099        -4.4731476795
C18        -1.3428210157        -3.8189259966        -3.5162449386
C19        -2.4868791409        -2.8817416536        -3.0611271110
C20        -3.4907627485        -3.3569566685        -2.1928726224
C21        -4.5460611107        -2.5314400167        -1.7926946281
C22        -4.6217562014        -1.2084727135        -2.2508420448
C23        -3.6437031036        -0.7322900226        -3.1288219161
C24        -2.5918622351        -1.5659536583        -3.5387464709
C25        -1.9963722058        -4.9604269114        -4.3208915630
C26        -2.2556984937        -4.7668669649        -5.6905461859
C27        -2.9112296945        -5.7557549627        -6.4331072177
C28        -3.3248978772        -6.9461061219        -5.8201933070
C29        -3.0704320402        -7.1445053930        -4.4579782971
C30        -2.4079523550        -6.1592765320        -3.7125142707
C31        -0.5277696679        -4.3681449560        -2.3267899614
C32         0.4846278928        -5.3125486577        -2.5951324368
C33         1.2725663992        -5.8322812067        -1.5619832179
C34         1.0705281628        -5.4138854247        -0.2378932645
C35         0.0833917216        -4.4630745173         0.0373522452
C36        -0.7078224362        -3.9430792133        -0.9982510634
O37         0.7666212266         1.3384091901        -0.9739494110
P38         1.1796826292         0.5681141360         0.4731965328
C39         2.8231544636         0.1003419234         1.1792823080
C40         3.9120291497         0.9730176708         1.0070314629
C41         5.1956900970         0.5861544702         1.4113895736
C42         5.4022513770        -0.6640063934         2.0075326235
C43         4.3196978838        -1.5378035866         2.1793663580
C44         3.0393759325        -1.1711956870         1.7473908843
C45        -0.1822251054        -0.3539504711         1.3094495778
C46        -0.1019978666        -0.7046497550         2.6701910000
C47        -1.1555972113        -1.3996721842         3.2792114056
C48        -2.3047156627        -1.7228402858         2.5452400913
C49        -2.4054168049        -1.3433947237         1.2013752535
C50        -1.3477885749        -0.6664928747         0.5828946165
C51         0.9524344084         2.1955843161         1.4150346668
C52         1.5379811930         2.3599075373         2.6890280750
C53         1.2583652096         3.4858198676         3.4735511021
C54         0.3859737389         4.4739074189         3.0014294421
C55        -0.2012775752         4.3248954564         1.7400534790
C56         0.0744049057         3.1990919904         0.9547365765
H57         3.9859681368        -4.3441508451        -0.5919345326
H58         4.8303419226        -2.7659397499        -0.3055579609
H59         4.4662221523        -3.2905951169        -1.9794131616
H60         0.6522177807        -1.6890464445        -0.8740845392
H61        -0.1794793847         0.0410036483        -2.3053460498
H62         2.6391467283         1.1035500934        -2.7563305510
H63         0.9274845176         2.3597928255        -7.0989403344
H64        -0.2142968408         1.3523758517        -6.1555697054
H65        -0.0972416321         3.1092743131        -5.8393973098
H66         3.1658233200         3.1140643980        -5.9439218132
H67         2.1314403395         4.0240809071        -4.7965970042
H68         3.3304809510         2.8404222095        -4.1876013771
H69         2.8798029222        -0.8308758345        -4.1367472305
H70        -0.1241914773        -0.5288309652        -4.7422122625
H71         1.4892290841        -0.7343722403        -6.5343285510
H72         1.5462018822        -2.9991523626        -3.9913147683
H73         0.4449589570        -2.1147599095        -2.9103032939
H74        -3.4489604337        -4.3888572505        -1.8333104829
H75        -5.3151600880        -2.9257339382        -1.1209956760
H76        -5.4450421485        -0.5612748420        -1.9351885102
H77        -3.6997246056         0.2920272119        -3.5096848768
H78        -1.8552687263        -1.2054113615        -4.2576777687
H79        -1.9220303688        -3.8418769788        -6.1665523845
H80        -3.1002392710        -5.5947616742        -7.4990684628
H81        -3.8391141371        -7.7166708009        -6.4026229196
H82        -3.3795586803        -8.0741361054        -3.9699990468
H83        -2.1935887967        -6.3336634097        -2.6534399074
H84         0.6402903595        -5.6401265287        -3.6280899140
H85         2.0475140829        -6.5705835017        -1.7918713968
H86         1.6837796558        -5.8245589279         0.5700996583
H87        -0.0764028572        -4.1061841882         1.0599123426
H88        -1.4710737521        -3.1988576843        -0.7584404537
H89         3.7511565235         1.9576242964         0.5577056269
H90         6.0364844772         1.2676638459         1.2609878940
H91         6.4031690092        -0.9606428590         2.3332277710
H92         4.4725877439        -2.5191182326         2.6390723378
H93         2.2113352363        -1.8792048817         1.8389502776
H94         0.7826251006        -0.4392110450         3.2571361646
H95        -1.0760432716        -1.6838816786         4.3330357246
H96        -3.1252579604        -2.2648126355         3.0238866936
H97        -3.2999458335        -1.5808289465         0.6191625068
H98        -1.4436506772        -0.3831677593        -0.4695119964
H99         2.2319279909         1.6070460521         3.0741410739
H100         1.7303506251         3.5904440858         4.4550285333
H101         0.1686529960         5.3545400012         3.6121329456
H102        -0.8836442608         5.0910569413         1.3602119628
H103        -0.3863522212         3.0927044108        -0.0277878161
&

