&gen
basis=6-31G**
igeopt=1
dftname=PBE-D3
ifreq=1
&
entry_name: J1_10285_2111.in
&zmat
C1         -2.6908242672         1.8751402545         0.0057787827
P2         -0.8802986762         1.5837519182        -0.0411795879
C3         -0.6582134822         1.6217502887         1.7888034727
C4         -1.5893502270         0.9847524003         2.6384799131
C5         -1.3828188362         0.9336847281         4.0197021113
C6         -0.2274259625         1.4800928423         4.5766858156
C7          0.7347773994         2.0593774438         3.7509691396
C8          0.5336344589         2.1144074184         2.3694875873
C9          0.0127317578         3.1439543146        -0.3368940036
C10         1.0833850641         3.2221395209        -1.2449019332
C11         1.7427793800         4.4353757923        -1.4633006792
C12         1.3279723581         5.5889342296        -0.7954726139
C13         0.2420163706         5.5342070111         0.0797193703
C14        -0.4203047740         4.3232037203         0.2990869223
O15        -0.9533417824         1.2710379213        -1.7339907106
C16        -0.4143807714        -0.0297611671        -1.7109520681
C17        -1.4159932913        -1.0349225549        -2.3082472964
C18        -0.9431044064        -2.4952304259        -2.2020975923
C19         0.3875373102        -2.7175008539        -2.8762909754
C20         1.5514816485        -2.9004878946        -2.1098465451
C21         2.7905924344        -3.0591694831        -2.7368680545
C22         2.8768585344        -3.0420861417        -4.1314930365
C23         1.7236539087        -2.8659408203        -4.9012675070
C24         0.4826215313        -2.7026808668        -4.2778286176
C25        -0.2673807129        -0.1166184746        -0.2101118680
C26         1.1202260204        -0.3871649079         0.3635028899
C27         1.2006633931        -1.0656407641         1.5957444432
C28         2.4365851508        -1.3211894840         2.1944345904
C29         3.6138288335        -0.9096290213         1.5705891974
C30         3.5559219470        -0.2434154609         0.3464752103
C31         2.3216617767         0.0190571391        -0.2551691725
H32        -3.2274523582         0.9049154689         0.0464821573
H33        -3.0096613363         2.4118486574        -0.9120641670
H34        -2.9836123529         2.5084039552         0.8686337065
H35        -2.4682007068         0.4986832466         2.2403040356
H36        -2.1129413357         0.4523160279         4.6574607651
H37        -0.0661604026         1.4321683549         5.6458266203
H38         1.6487287528         2.4499174904         4.1795261703
H39         1.3319324289         2.5141198165         1.7600494111
H40         1.3882648640         2.3642034663        -1.8176895395
H41         2.5677959210         4.4836322313        -2.1622743371
H42         1.8384188187         6.5276965777        -0.9674405798
H43        -0.0893122750         6.4312317267         0.5866628735
H44        -1.2622431891         4.3039056060         0.9785901445
H45         0.5349161247        -0.0468169013        -2.2802450354
H46        -1.5801019536        -0.7805796461        -3.3778028729
H47        -2.3980421955        -0.9375375824        -1.7953264925
H48        -0.8946809877        -2.7970425289        -1.1334469886
H49        -1.7024280697        -3.1506957057        -2.6808383951
H50         1.5016322342        -2.9152066770        -1.0286097713
H51         3.6841342530        -3.1936617819        -2.1410289133
H52         3.8370231808        -3.1649733538        -4.6156080619
H53         1.7919115458        -2.8518472640        -5.9813419921
H54        -0.4023882427        -2.5587708570        -4.8851118751
H55        -1.0206021369        -0.8061525877         0.2322507461
H56         0.3007085255        -1.3900220328         2.1034509817
H57         2.4804257758        -1.8378778763         3.1444176412
H58         4.5711945461        -1.1093892197         2.0341296961
H59         4.4708244209         0.0688380490        -0.1404176501
H60         2.3335087684         0.5170405499        -1.2064185131
&

