&gen
basis=6-31G**
igeopt=1
dftname=PBE-D3
ifreq=1
&
entry_name: J1_9964_2111.in
&zmat
C1         -1.7020202975        -1.0870590310         0.4827556705
C2         -1.1857139996        -2.2327876537         0.9363190142
C3         -0.8580520522        -0.0901314955        -0.2814027169
C4         -1.2838251577         0.1785098265        -1.7095647243
C5         -2.4728334864        -0.6208196954        -2.3085711442
C6         -2.9283176840         0.0202106428        -3.6371814069
C7         -4.1666163163        -0.6882819139        -4.2214275277
C8         -4.2074006265        -2.1992627778        -3.9227220515
C9         -2.8030649187        -2.7724812944        -3.7230658449
C10        -2.0976001850        -2.1168086987        -2.5204622637
O11        -1.6398047060         1.5200733112        -1.5044664707
P12        -1.1968260647         1.6512140613         0.1543547055
C13        -2.9274361142         2.1842834769         0.5836395834
C14        -3.5788365377         1.3371536908         1.6487447084
C15        -4.7729524476         0.7656398208         1.4619762859
C16        -0.5983889957         1.7348948502         1.9018980451
C17         0.1157671412         0.6798502539         2.5132000008
C18         0.5679113485         0.7865747743         3.8317343315
C19         0.3457547498         1.9539775087         4.5591341584
C20        -0.3125773101         3.0268645959         3.9628459231
C21        -0.7680012181         2.9262763776         2.6461731630
C22         0.0232759413         2.9083056349        -0.2811124948
C23        -0.3875407406         4.2166587815        -0.5804540941
C24         0.5557633171         5.1875502730        -0.9300882743
C25         1.9121634188         4.8566646255        -0.9909425398
C26         2.3268975800         3.5530179074        -0.7056454394
C27         1.3866394326         2.5793679229        -0.3560008627
H28        -2.7629100851        -0.9240288343         0.6085202647
H29        -1.8205069773        -2.9481543242         1.4487301491
H30        -0.1354339399        -2.4695036140         0.7971985494
H31         0.2291151416        -0.3185267848        -0.2453287942
H32        -0.4057814081         0.1380771537        -2.3931592933
H33        -3.3392613386        -0.5594117751        -1.6132349630
H34        -3.1764215110         1.0934148975        -3.4871809748
H35        -2.0949656887        -0.0299312678        -4.3730257502
H36        -5.0873101964        -0.2196626286        -3.8100412701
H37        -4.1788773877        -0.5289614878        -5.3217403025
H38        -4.8044047190        -2.3802514088        -3.0015037786
H39        -4.7111882429        -2.7304267046        -4.7590253768
H40        -2.8679254361        -3.8704936527        -3.5626032287
H41        -2.2053140106        -2.6027418522        -4.6457688071
H42        -1.0003540413        -2.2319918743        -2.6605979889
H43        -2.3731578179        -2.6882599530        -1.6093995063
H44        -2.9335625630         3.2378526404         0.9204871758
H45        -3.5613091764         2.1793210805        -0.3296875818
H46        -3.1044115453         1.2289879627         2.6182206700
H47        -5.2257881896         0.1851032808         2.2590549441
H48        -5.3037575345         0.8621098529         0.5198647706
H49         0.3600104619        -0.2265960373         1.9918112190
H50         1.1046174276        -0.0362664659         4.2864101948
H51         0.7014955541         2.0342983944         5.5781758096
H52        -0.4610825772         3.9444078225         4.5175185580
H53        -1.2341033430         3.7959654503         2.2075785526
H54        -1.4347962458         4.4857732740        -0.5461810347
H55         0.2348592462         6.1960924176        -1.1564858397
H56         2.6411418837         5.6093286843        -1.2620062960
H57         3.3772187362         3.2967320125        -0.7559060337
H58         1.7229718319         1.5749742787        -0.1359442545
&

