&gen
basis=6-31G**
igeopt=1
dftname=PBE-D3
ifreq=1
&
entry_name: J1_5647_2111.in
&zmat
O1          4.2178453728        -1.8031527146        -0.8722326596
C2          3.5495380007        -0.8103087506        -0.1295314497
C3          3.9012011467        -0.9790311381         1.3642015648
C4          4.0598194610         0.5523983019        -0.6313162103
C5          2.0209854981        -0.9484373462        -0.3722371829
C6          1.1779997736         0.0783978084         0.3438056881
P7         -0.4401731465         0.1706344746         0.1189210403
C8         -1.2841231389        -0.0555650779         1.6996931872
C9         -2.5815387506        -0.5925891982         1.7345957935
C10        -3.2550770283        -0.7332045290         2.9514484737
C11        -2.6461037608        -0.3238478495         4.1400736629
C12        -1.3659887684         0.2348321400         4.1118116212
C13        -0.6893227618         0.3772945749         2.8964512809
C14        -0.8472787043         1.8063391989        -0.5210905915
C15         0.0901408175         2.5255138826        -1.2811420252
C16        -0.2438868487         3.7749026374        -1.8122315457
C17        -1.5181423671         4.3077219268        -1.6010662787
C18        -2.4624840990         3.5882286319        -0.8642511406
C19        -2.1321498562         2.3383138148        -0.3317816353
C20        -0.9813498396        -1.0950429624        -1.0491397210
C21        -1.2372407258        -0.7687246226        -2.3903038886
C22        -1.6210219991        -1.7634081488        -3.2950188447
C23        -1.7401297682        -3.0893561580        -2.8701484580
C24        -1.4703851870        -3.4235041081        -1.5405045146
C25        -1.0865218873        -2.4315936052        -0.6334908677
H26         3.9163170914        -2.6908626884        -0.5431506656
H27         5.0043531795        -1.0017165810         1.4953115498
H28         3.4997747599        -0.1439601411         1.9751904175
H29         3.4858096774        -1.9321590077         1.7558975028
H30         3.6406270380         1.3924324234        -0.0395187765
H31         3.7841028180         0.6985752904        -1.6978024550
H32         5.1673937699         0.5975343087        -0.5523566586
H33         1.8273099498        -0.8706576217        -1.4646647017
H34         1.6920562037        -1.9583047098        -0.0451699245
H35         1.6427247829         0.8255945786         0.9751169470
H36        -3.0774119128        -0.8955947973         0.8217123807
H37        -4.2522048520        -1.1536090102         2.9719326439
H38        -3.1693596013        -0.4311916806         5.0813983121
H39        -0.8997252406         0.5633171981         5.0316991131
H40         0.2932901838         0.8280007279         2.8967992536
H41         1.0762090335         2.1210726746        -1.4697051027
H42         0.4836084990         4.3275579431        -2.3925446485
H43        -1.7760813548         5.2741443564        -2.0144669041
H44        -3.4528634718         3.9967015485        -0.7101494297
H45        -2.8810025604         1.7892899037         0.2224711487
H46        -1.1388038548         0.2492904421        -2.7417247746
H47        -1.8219601173        -1.5067770263        -4.3271068141
H48        -2.0357013965        -3.8582258693        -3.5721899470
H49        -1.5545282729        -4.4517919193        -1.2135548200
H50        -0.8685457843        -2.7054715259         0.3910610551
&

