&zmat
 C3              4.3413442054             0.0570913154            -0.1042832452
 C2              3.3759708869            -1.1239848169            -0.2836977604
 C4              2.8656580353            -1.1994076859            -1.7228095050
 O1              4.0762089909            -2.3688216191            -0.0634512567
 C5              2.1944813100            -1.0368266867             0.7307812418
 C6              1.3742617938             0.2285072057             0.6690955839
 P7             -0.2810626363             0.2786928845             0.3234619861
 C8             -1.5635738549            -0.1310981264             1.6222515793
 C9             -2.8754012140            -0.5535871447             1.3269229178
 C10            -3.7765023645            -0.8282337572             2.3644133934
 C11            -3.3741875883            -0.6828805652             3.7006259875
 C12            -2.0677376250            -0.2704055101             3.9999600373
 C13            -1.1650848978            -0.0017632537             2.9628889935
 C14            -0.7306936837             1.9784779726            -0.2071042793
 C15             0.2409905225             2.7346766576            -0.8926356631
 C16            -0.0729803242             4.0101233173            -1.3775777699
 C17            -1.3605630064             4.5345262938            -1.1962239641
 C18            -2.3302439335             3.7855129990            -0.5150652058
 C19            -2.0191124154             2.5139660913            -0.0174266728
 C20            -0.7244134931            -0.8943490817            -1.0195591591
 C21            -0.7182867216            -0.4626138453            -2.3592080085
 C22            -0.9243548215            -1.3807449032            -3.3951031632
 C23            -1.1213095486            -2.7390661613            -3.1037110908
 C24            -1.1278095039            -3.1754424254            -1.7720786955
 C25            -0.9415292326            -2.2560767773            -0.7304952456
 H27             5.1969356059            -0.0401936964            -0.7913304621
 H28             3.8317159647             1.0143820317            -0.3030267550
 H29             4.7301971308             0.0917689599             0.9300108098
 H30             2.2687411756            -0.3045009819            -1.9552082504
 H31             2.2264009517            -2.0872017018            -1.8558697604
 H32             3.7102863991            -1.2680420104            -2.4272722262
 H26             4.3673938817            -2.3475961824             0.8685865092
 H33             1.5728859559            -1.9336724017             0.5561303405
 H34             2.6358550560            -1.1796730384             1.7434094090
 H35             1.7790600569             1.1539861279             1.0902253887
 H36            -3.1878203041            -0.6761901608             0.2843043668
 H37            -4.7934257245            -1.1596161534             2.1309295001
 H38            -4.0787024218            -0.9004822709             4.5093469574
 H39            -1.7517835546            -0.1643467259             5.0425032727
 H40            -0.1310304027             0.2986215555             3.1735106081
 H41             1.2365956793             2.3011780173            -1.0326798198
 H42             0.6885617364             4.5929225957            -1.9049220344
 H43            -1.6085418097             5.5272175660            -1.5847053568
 H44            -3.3343023195             4.1946150727            -0.3661359339
 H45            -2.7761650768             1.9407944422             0.5249489116
 H46            -0.5467815248             0.5937889975            -2.5881921651
 H47            -0.9260536352            -1.0366263839            -4.4338180404
 H48            -1.2714407870            -3.4569331396            -3.9157649076
 H49            -1.2814731375            -4.2339313679            -1.5412096851
 H50            -0.9704938786            -2.5953134861             0.3095260904
&

