&gen
basis=6-31G**
igeopt=1
dftname=PBE-D3
ifreq=1
&
entry_name: J1_10479_2111.in
&zmat
C1         -1.4994697043        -1.1196091496         0.4344696455
C2         -1.1831468511        -2.4323753737         0.4338732171
C3         -2.0565769604        -3.3842858758         1.2085828098
C4          0.0177459675        -2.9608808438        -0.3149454936
C5         -0.7159274832        -0.0756841262        -0.3358220367
C6         -1.1469435798         0.1658420159        -1.7645731281
C7         -2.3229607889        -0.6628968617        -2.3642753562
C8         -2.3008619808        -0.5672453893        -3.9128829607
C9         -3.6532288400        -0.9039387406        -4.5776260295
C10        -4.5025569822        -1.8377111548        -3.7102707453
C11        -4.8156836124        -1.2092999863        -2.3380354290
C12        -3.7165525991        -0.2505462229        -1.8376543281
O13        -1.4982670291         1.5132302603        -1.5917417869
P14        -1.1001155468         1.6637289097         0.0798878880
C15        -2.8236977202         2.1489944270         0.4677175117
C16        -3.4881577834         3.0834784048        -0.3507675302
C17        -4.8157550247         3.4385111735        -0.0979896446
C18        -5.5008954776         2.8690635258         0.9754556441
C19        -4.8580710910         1.9457240119         1.8003046830
C20        -3.5310228354         1.5855476187         1.5510608041
C21        -0.5532932230         1.7486787461         1.8412770286
C22         0.2604805754         0.7553175328         2.4320102827
C23         0.6805391737         0.8697510339         3.7605487148
C24         0.3177944755         1.9805602301         4.5203341261
C25        -0.4592221322         2.9870275403         3.9507200498
C26        -0.8829731973         2.8794392315         2.6243272789
C27         0.1272805693         2.9392847753        -0.3008157914
C28        -0.2229077739         4.3004473716        -0.2967531362
C29         0.7308993853         5.2764113762        -0.5999386864
C30         2.0399428870         4.9036502577        -0.9126197204
C31         2.3974815855         3.5536778077        -0.9208137408
C32         1.4468933565         2.5746080752        -0.6174520290
H33        -2.3523911971        -0.8078370486         1.0172124815
H34        -1.6899313307        -4.4293229620         1.1374670630
H35        -2.0706790102        -3.0928274909         2.2802703103
H36        -3.0924641440        -3.3498976526         0.8089502820
H37         0.9478480207        -2.5441161042         0.1249711316
H38        -0.0399194992        -2.6790466390        -1.3867482695
H39         0.0785298704        -4.0673487939        -0.2569792388
H40         0.3766957217        -0.2568242165        -0.2906791578
H41        -0.2542908009         0.1010305381        -2.4275684997
H42        -2.1600130384        -1.7309995218        -2.1054068414
H43        -1.5223467739        -1.2615443214        -4.2991091766
H44        -2.0104734136         0.4592417217        -4.2294043463
H45        -3.4739011977        -1.3767051038        -5.5674204886
H46        -4.2228962529         0.0352431862        -4.7542194367
H47        -5.4528354315        -2.0734953627        -4.2362097123
H48        -3.9533259419        -2.7941823410        -3.5654572563
H49        -4.9553630406        -2.0273742884        -1.5978277769
H50        -5.7749983431        -0.6503181469        -2.3977138901
H51        -3.9503980559         0.7794338758        -2.1866816521
H52        -3.7448160338        -0.2376284514        -0.7325252661
H53        -2.9874461464         3.5302875267        -1.1993519101
H54        -5.3150142491         4.1537716887        -0.7387394542
H55        -6.5291002516         3.1454213356         1.1698364718
H56        -5.3875172119         1.5104141371         2.6379592676
H57        -3.0583469409         0.8884405151         2.2270630089
H58         0.5948621574        -0.1125057095         1.8909821333
H59         1.2970570125         0.0959964979         4.1998995259
H60         0.6471831053         2.0657879115         5.5477959192
H61        -0.7312706671         3.8557833101         4.5361867363
H62        -1.4757326392         3.6842238304         2.2118071233
H63        -1.2244952115         4.6151958722        -0.0449434197
H64         0.4551376663         6.3229900725        -0.5899649752
H65         2.7772698498         5.6605652447        -1.1467765789
H66         3.4124042741         3.2651985866        -1.1620076949
H67         1.7474513885         1.5370904248        -0.6275095161
&

