&zmat
 C3             -2.3618124542            -2.9862952962             2.0794054324
 C2             -1.3640881508            -2.1402538517             1.3261852491
 C4              0.0572975907            -2.2607935610             1.8064390173
 C1             -1.7810304494            -1.3367008829             0.3129190627
 C5             -0.9751015679            -0.3972958867            -0.5070782126
 C6             -1.3770355780            -0.0446367326            -1.9589314305
 C7             -2.6903823116            -0.5883087460            -2.5552594016
 C8             -2.6699019054            -0.3550494413            -4.0927723477
 C9             -4.0811191675            -0.3757487283            -4.7304103445
 C10            -5.0278898282            -1.2880611914            -3.9369884655
 C11            -5.2259537717            -0.7400095331            -2.5019058958
 C12            -3.9823905129             0.0247281259            -1.9876310432
 O13            -1.3598519489             1.3860045042            -1.8662247119
 P14            -1.0100812762             1.5132798206            -0.0854911130
 C15            -2.6639525769             2.0943369145             0.4593517212
 C16            -3.1552779971             3.3107276478            -0.0512671653
 C17            -4.4295746085             3.7652018721             0.3064663460
 C18            -5.2356148059             3.0068205523             1.1672653877
 C19            -4.7606631006             1.7874611551             1.6663601113
 C20            -3.4819160768             1.3321413461             1.3177289710
 C21            -0.1332995516             1.2690455999             1.6139473110
 C22             1.2516192160             1.0047187418             1.5314047275
 C23             2.0204783966             0.7513208247             2.6717849750
 C24             1.4168065913             0.7586608503             3.9383885023
 C25             0.0486317038             1.0353650174             4.0435337304
 C26            -0.7167038739             1.2911099005             2.8933618237
 C27             0.0043580184             3.0563948898            -0.4380211444
 C28             0.5740738149             3.3069227058            -1.6992354929
 C29             1.3215117518             4.4735238543            -1.9224087471
 C30             1.4865274337             5.4154803061            -0.8997473146
 C31             0.9055356551             5.1820881278             0.3563445617
 C32             0.1863078312             4.0053907343             0.5905022761
 H34            -2.3614830179            -2.7302056292             3.1556229690
 H35            -3.3874156636            -2.8592861506             1.6978857941
 H36            -2.1003238372            -4.0591689394             2.0187168970
 H37             0.1844026597            -1.7530914383             2.7803678631
 H38             0.7861527340            -1.8094387858             1.1188884718
 H39             0.3263224632            -3.3216718422             1.9582829392
 H33            -2.8522596651            -1.3585836353             0.0821993348
 H40             0.0958845847            -0.6619197063            -0.4601951626
 H41            -0.5629234628            -0.3708017498            -2.6441993696
 H42            -2.7027969873            -1.6797535715            -2.3587860278
 H43            -2.0257171743            -1.1200041961            -4.5637833353
 H44            -2.1913623744             0.6227384812            -4.2827757206
 H45            -4.0190710524            -0.6911899495            -5.7862437080
 H46            -4.5022914457             0.6463257463            -4.7416374555
 H47            -6.0005866985            -1.3911907167            -4.4483994230
 H48            -4.5939340460            -2.3048721346            -3.8971080161
 H49            -5.4600593795            -1.5765306053            -1.8181996355
 H50            -6.1009557671            -0.0662632783            -2.4719049151
 H51            -4.0159625121             1.0854669382            -2.2921432409
 H52            -3.9882384772             0.0448499734            -0.8875437855
 H53            -2.5375495679             3.8962061030            -0.7381488833
 H54            -4.7968185719             4.7151120973            -0.0942174078
 H55            -6.2326983065             3.3631615290             1.4437482268
 H56            -5.3865325029             1.1824198494             2.3298117799
 H57            -3.1264248489             0.3708340548             1.6981519548
 H58             1.7466801769             1.0191303847             0.5523399612
 H59             3.0927480060             0.5522727421             2.5745444667
 H60             2.0119605821             0.5615096232             4.8355058746
 H61            -0.4308419730             1.0637650375             5.0278208959
 H62            -1.7763236640             1.5317938303             3.0106846032
 H63             0.4032240823             2.5876282088            -2.5020777555
 H64             1.7691547879             4.6472135393            -2.9061634916
 H65             2.0632741698             6.3284329341            -1.0779080246
 H66             1.0214353757             5.9147914730             1.1612056453
 H67            -0.2398778546             3.8215787902             1.5812779785
&

