&gen
basis=6-31G**
igeopt=1
dftname=PBE-D3
ifreq=1
&
entry_name: J1_7440_2111.in
&zmat
O1          1.0399032445         2.7982085500        -0.5937843661
C2         -0.1620621150         2.6502028821        -0.9474930432
C3         -0.7800677636         1.2930722775        -0.9445558103
C4         -2.1540829132         1.0804163023        -1.5234717746
P5         -0.0533247167         0.0625246676        -0.1248276352
C6          1.3519577026        -0.5862291550        -1.0655012164
C7          1.8509675989         0.0851685856        -2.1952227841
C8          2.9312623456        -0.4424433980        -2.9094205576
C9          3.5175222128        -1.6450371507        -2.5080741179
C10         3.0210127643        -2.3252177940        -1.3940515062
C11         1.9413600329        -1.8011122811        -0.6778221282
C12        -1.2082253611        -1.3088543271         0.1255033068
C13        -1.3806530327        -2.2722957440        -0.8825787521
C14        -2.2913254905        -3.3188562969        -0.7119164854
C15        -3.0450825685        -3.4063090966         0.4606506263
C16        -2.8925230256        -2.4437554045         1.4613853639
C17        -1.9825224783        -1.3953664886         1.2941463486
C18         0.4833377699         0.6872935622         1.4884931955
C19        -0.3498865872         1.5595481523         2.2099236801
C20         0.0431826428         2.0405273172         3.4618918664
C21         1.2692603421         1.6529542027         4.0065442060
C22         2.1026900576         0.7831584716         3.2995594898
C23         1.7126834073         0.2995393365         2.0467367870
C24        -0.9273866090         3.8644091139        -1.3774204426
H25        -2.9072717570         1.0847678940        -0.7079514788
H26        -2.4166472651         1.8643031359        -2.2612995477
H27        -2.2017217108         0.1138802565        -2.0653427851
H28         1.4062128789         1.0068843127        -2.5398413782
H29         3.3112804904         0.0796817261        -3.7780431092
H30         4.3528660874        -2.0520052917        -3.0630386864
H31         3.4714492989        -3.2599189311        -1.0861200739
H32         1.5644956304        -2.3428948963         0.1806692252
H33        -0.8165141018        -2.2111235361        -1.8042821722
H34        -2.4160774574        -4.0594434307        -1.4912578063
H35        -3.7511206695        -4.2161421968         0.5913597994
H36        -3.4825145011        -2.5078697232         2.3665406451
H37        -1.8902511549        -0.6596996820         2.0788401773
H38        -1.3062806044         1.8651987971         1.8047000502
H39        -0.6039985841         2.7125199577         4.0105009615
H40         1.5731047342         2.0256390176         4.9761786970
H41         3.0528102102         0.4832759986         3.7225101430
H42         2.3793410296        -0.3667226979         1.5220399560
H43        -1.9213549433         3.8839551459        -0.8831455436
H44        -1.0553595431         3.8560134860        -2.4798361354
H45        -0.3804455272         4.7881543724        -1.0918751887
&

