&gen
basis=6-31G**
igeopt=1
dftname=PBE-D3
ifreq=1
&
entry_name: J1_10335_2111.in
&zmat
C1          1.8081099604        -2.0191471839         2.7181544959
C2          0.6827645516        -2.7562574206         2.0040547639
O3         -0.3523943466        -1.8553856796         1.6134452495
C4         -0.2807545066        -1.0355449120         0.4775410363
O5          0.7952747135        -0.9759047989        -0.1777042453
C6         -1.5086410799        -0.2417384665         0.0422220612
C7         -2.7624187016        -0.7555656478         0.7832673173
C8         -1.6381354755        -0.1614796476        -1.4785270554
C9         -2.8907028852        -0.7422605477        -2.1771217092
S10        -4.3167391874         0.3978445625        -2.2095697166
O11        -1.5796646309         1.2406227452        -1.5689112465
P12        -1.3221604228         1.5998149370         0.1011090352
C13        -2.7783436110         2.7007822338        -0.0020268988
C14        -4.0220745859         2.3729742967         0.5758445253
C15        -5.1344319745         3.1992390666         0.3920182728
C16        -5.0303976009         4.3522601480        -0.3860517022
C17        -3.8120086971         4.6829359061        -0.9791426619
C18        -2.6966596590         3.8613129976        -0.7952677851
C19        -0.9711929372         1.7671682017         1.9211158444
C20        -1.8020000609         2.4688922611         2.8303487071
C21        -1.4715277925         2.5655129282         4.1855720604
C22        -0.2907101503         2.0053680866         4.6639861652
C23         0.5761463691         1.3674101646         3.7828864146
C24         0.2462850138         1.2582475521         2.4303157595
C25         0.2378651772         2.4740920391        -0.2823193135
C26         0.4818707005         3.7534321644         0.2579809376
C27         1.6662274572         4.4359234925        -0.0312654295
C28         2.6160146254         3.8611538271        -0.8765245129
C29         2.3766219668         2.6081920345        -1.4427042503
C30         1.1931353955         1.9216042768        -1.1557176541
H31         2.5799710261        -2.7467282070         3.0459616649
H32         2.2832447606        -1.2812415050         2.0395043860
H33         1.4082166196        -1.4971006632         3.6119109909
H34         0.2522596618        -3.5056376446         2.7010716361
H35         1.0781731360        -3.2995920899         1.1183373602
H36        -2.8127363810        -1.8640471734         0.7254687137
H37        -2.7222107301        -0.4675870800         1.8548640949
H38        -3.7034276809        -0.3830619057         0.3488860749
H39        -0.7506483690        -0.5840077195        -1.9972582172
H40        -2.6311207998        -0.9569110757        -3.2358641668
H41        -3.1842280180        -1.7092869658        -1.7187857761
H42        -5.1230767158        -0.5255359987        -2.9012385012
H43        -4.1268948267         1.5274871030         1.2330108964
H44        -6.0768974611         2.9485605633         0.8615091174
H45        -5.8934513800         4.9895460761        -0.5288192462
H46        -3.7334024005         5.5716601421        -1.5918971450
H47        -1.7760699301         4.1222802705        -1.2986987869
H48        -2.6873718622         2.9929487356         2.5329702459
H49        -2.1259934337         3.0978814789         4.8640600871
H50        -0.0334798117         2.0922647169         5.7117097572
H51         1.5161514490         0.9712491170         4.1444065262
H52         0.9762810374         0.8130637010         1.7729147203
H53        -0.2449587584         4.2239670636         0.9075575000
H54         1.8455176932         5.4132354348         0.3978284623
H55         3.5322092124         4.3914322068        -1.1018958529
H56         3.1052872542         2.1713499783        -2.1133531063
H57         1.0238860950         0.9744199339        -1.6405844504
&

