&zmat
 C1              2.0995517325            -0.8824866041             1.0496945412
 C2              1.3759997369            -0.0642663820            -0.0156057988
 C3              1.9848314380             0.1405812801            -1.4479682580
 C4              1.1553465905            -0.5624903038            -2.5412311656
 C5              3.4526680247            -0.2625344101            -1.5717688272
 C6              4.4231978778             0.6403235005            -1.8201616932
 C7              5.8583328268             0.1884940421            -1.8975233720
 C8              6.1448095646            -0.7686479199            -0.7176353038
 C9              5.1551076709            -1.9618079519            -0.6824679488
 C10             3.8699679149            -1.7208373225            -1.5278946232
 O11             1.7887168192             1.5515158706            -1.5573510263
 P12             1.2581947399             1.8081405747             0.2136350282
 C13             2.8534166930             2.6337634214             0.6314952462
 C14             3.5455263014             2.3147957861             1.8149289424
 C15             4.7927766218             2.8946445669             2.0890517458
 C16             5.3405883605             3.8338440806             1.2060395011
 C17             4.6470537324             4.1750852029             0.0347402939
 C18             3.4242725826             3.5630082774            -0.2611457295
 C19             0.4192843751             1.8360509894             1.9697452223
 C20             0.4780173967             3.1801359648             2.7603045083
 C21            -0.6773128878             4.1794624767             2.5574186403
 C22            -0.7657664073             4.9380311342             1.2056224524
 C23            -0.0257183550             4.3534286615            -0.0136643165
 C24            -0.2140564425             2.8435865132            -0.3659634257
 C25            -1.4356029355             2.1379696041             0.2747754952
 C26            -1.0135721803             1.4086558975             1.5999800986
 H27             3.1419186793            -0.5479900433             1.1724367503
 H28             2.1163862036            -1.9516664471             0.7809853941
 H29             1.5924500621            -0.8072519864             2.0254631010
 H30             0.3379583379            -0.4310670028            -0.1181720143
 H31             1.2256143100            -1.6616894911            -2.4784734943
 H32             1.5162252488            -0.2472140027            -3.5328549761
 H33             0.0954192400            -0.2714217914            -2.4498788791
 H34             4.1641125976             1.6970674308            -1.9126969285
 H35             6.5486475723             1.0483947875            -1.8702983062
 H36             6.0566507994            -0.3396046217            -2.8541134687
 H37             6.0467235938            -0.1774453200             0.2098727906
 H38             7.1863687537            -1.1329609254            -0.7540759267
 H39             4.8680486255            -2.1677240450             0.3629749763
 H40             5.6460349241            -2.8791939951            -1.0513092499
 H41             4.0748918200            -2.0463409440            -2.5668971134
 H42             3.0582799034            -2.3767016643            -1.1720510202
 H43             3.1157580011             1.6043303113             2.5262598223
 H44             5.3303470978             2.6183086722             3.0014491611
 H45             6.3075191751             4.2963528695             1.4267994328
 H46             5.0721903322             4.9039816590            -0.6621583579
 H47             2.9177407614             3.7694191099            -1.2078094374
 H48             0.8799755899             1.0607842204             2.6051169831
 H49             1.4428244772             3.6880483712             2.5838120603
 H50             0.4796632735             2.9263713856             3.8372994376
 H51            -1.6300056972             3.6534122624             2.7416909971
 H52            -0.6115943259             4.9280411197             3.3667870461
 H53            -1.8324608216             5.0770663546             0.9539566913
 H54            -0.3689005014             5.9607196895             1.3374327690
 H55             1.0489046109             4.5774059710             0.0956161954
 H56            -0.3459815131             4.9392285828            -0.8939487099
 H57            -0.2325804987             2.7372302118            -1.4583755397
 H58            -1.8460754423             1.4058247123            -0.4409066425
 H59            -2.2429266284             2.8641392743             0.4647328609
 H60            -1.0452974491             0.3160419509             1.4486269451
 H61            -1.7317113530             1.6120365090             2.4125883232
&

