&gen
basis=6-31G**
igeopt=1
dftname=PBE-D3
ifreq=1
&
entry_name: J1_10472_2111.in
&zmat
C1          2.4127111104        -0.6749029477         1.0509241176
C2          1.4800937194         0.0200834019         0.0457671749
C3          2.0337500197         0.2161226495        -1.3635420255
C4          1.0624081407        -0.2740866841        -2.4519039147
C5          3.4522347180        -0.3112507349        -1.6210026024
C6          4.5183201086         0.5145208311        -1.6887393276
C7          5.8950359061        -0.0566318495        -1.8758206006
C8          6.0851612273        -1.2476400754        -0.9298507111
C9          4.9445889907        -2.2901547792        -1.0391052335
C10         3.7006870119        -1.7970320607        -1.8129130911
O11         2.0071841427         1.6249588733        -1.3331119794
P12         1.3481915101         1.8316630946         0.2450201097
C13         2.8525751228         2.7383675491         0.7530802409
C14         3.5668280022         2.3765578324         1.9130555707
C15         4.7403154953         3.0488002232         2.2654563129
C16         5.2270068846         4.0790938662         1.4602439160
C17         4.5442189923         4.4347444473         0.2967136434
C18         3.3699395404         3.7662971949        -0.0595352713
C19         0.4798053780         1.9208342521         1.8925681074
C20         0.4852563050         3.3353921334         2.5801618655
C21        -0.7379209929         4.2533600021         2.3726142395
C22        -0.9856831495         4.7948730613         0.9493775697
C23        -0.1778080088         4.1758680058        -0.2039386837
C24        -0.1951270442         2.6288052336        -0.3721510324
C25        -1.3827725917         1.8962847120         0.2817780369
C26        -0.9350397987         1.3855435609         1.6502327126
H27         3.4299855749        -0.2341187030         1.0510328258
H28         2.4910329154        -1.7493558543         0.7921312550
H29         1.9944471429        -0.6349388749         2.0742327045
H30         0.4841325243        -0.4691563336         0.0371168261
H31         0.9119857757        -1.3713708093        -2.3837722533
H32         1.4610058352        -0.0260512141        -3.4587462314
H33         0.0702225513         0.2123033370        -2.3434465455
H34         4.4205808339         1.5846634755        -1.5491859052
H35         6.6592512958         0.7217633008        -1.6650447485
H36         6.0147293286        -0.3923669696        -2.9286856405
H37         6.1268914902        -0.8640841911         0.1139572997
H38         7.0616802825        -1.7339210170        -1.1427119248
H39         4.6403464977        -2.5930755410        -0.0140936348
H40         5.3298637161        -3.2045682835        -1.5405522286
H41         3.8608392526        -1.9784311851        -2.8979758018
H42         2.8185564651        -2.3966174167        -1.5058771484
H43         3.2202687882         1.5840416979         2.5584327783
H44         5.2747043301         2.7677828614         3.1637455212
H45         6.1376485710         4.5962073774         1.7335396630
H46         4.9306121453         5.2228748918        -0.3365037847
H47         2.8826530073         4.0375140133        -0.9865601073
H48         0.9705612112         1.2289519965         2.6025461701
H49         1.3857789389         3.9289920428         2.3431556392
H50         0.5498787928         3.1568679876         3.6762589979
H51        -1.6624075265         3.7776765110         2.7546513127
H52        -0.5985236052         5.1307948644         3.0426768478
H53        -2.0704336662         4.7315170142         0.7180540208
H54        -0.7599637251         5.8845713596         0.9513674744
H55         0.8553387458         4.5544970684        -0.1292116707
H56        -0.5765245760         4.6222048530        -1.1417527054
H57        -0.2682259202         2.4381831364        -1.4652832861
H58        -1.6615253969         1.0233946191        -0.3496818994
H59        -2.2905104883         2.5269488725         0.3586951936
H60        -0.9133854400         0.2747464865         1.6430676404
H61        -1.6480104348         1.6484847311         2.4563357790
&

