&gen
basis=6-31G**
igeopt=1
dftname=PBE-D3
ifreq=1
&
entry_name: J1_3826_2111.in
&zmat
C1         -4.6259755054        -1.2387747764        -2.2447473580
Si2         -3.0668520949        -1.4249844094        -1.2252552437
O3         -2.8045354793        -0.0198308480        -0.2189131946
C4         -2.4736375027         1.1511805596        -0.9454389826
C5         -3.5114831987         2.2528546137        -0.6476087026
C6         -4.8997393586         1.8814112952        -1.1002135185
C7         -5.8451552494         1.3174636787        -0.3247556448
C8         -5.6844224188         0.9603140813         1.1333834646
C9         -6.4592243858         1.9266691841         2.0382276785
C10        -5.8103670136         3.3194413731         2.0915511997
C11        -6.5169742512         4.2610794840         3.0784197645
C12        -7.8893349599         4.7152537930         2.5818404736
C13        -1.0917161695         1.6582583440        -0.4793784926
C14         0.0320229893         0.6559456634        -0.7563122701
C15         1.3578090439         1.1724604692        -0.2786433589
C16         2.4557557494         0.4262942258        -0.4025839647
C17         3.7590526432         0.9047034825         0.0792952610
P18         5.0915619227        -0.0202442257        -0.0840208886
C19         5.3260187419        -0.2702068620        -1.8541471781
C20         4.8345272999        -1.4252224262        -2.4828174023
C21         4.9729952488        -1.5871462382        -3.8646380211
C22         5.5833874961        -0.5892903579        -4.6291785434
C23         6.0464190472         0.5767835279        -4.0138686337
C24         5.9084738275         0.7418607858        -2.6324347054
C25         6.5294524934         0.7833086966         0.6479249708
C26         6.3970668444         1.5441229717         1.8206923459
C27         7.5231749160         2.1179549546         2.4189011940
C28         8.7900152205         1.9161537740         1.8650995871
C29         8.9336222611         1.1293710261         0.7194633528
C30         7.8096602164         0.5539280644         0.1192798282
C31         4.9113777612        -1.5931603018         0.7772786120
C32         3.9319928179        -1.7652555964         1.7690797420
C33         3.8301661316        -2.9805702308         2.4530605012
C34         4.7153239231        -4.0229721702         2.1653649931
C35         5.7091726349        -3.8484509492         1.1986994120
C36         5.8133567893        -2.6347995528         0.5127480576
C37        -1.6659184134        -1.7367420109        -2.4365946786
C38        -3.2306556093        -2.9183999342        -0.0587286946
C39        -3.5380805263        -4.1912509850        -0.8659927128
C40        -1.9118924043        -3.1031129369         0.7128853386
C41        -4.3694766993        -2.6565233776         0.9417775709
H42        -5.5081882675        -1.1473041442        -1.5816783780
H43        -4.7508084366        -2.1289752890        -2.8937517722
H44        -4.5442198306        -0.3398320812        -2.8880534385
H45        -2.4407013636         1.0124465909        -2.0509443418
H46        -3.4979293352         2.5304445999         0.4258714314
H47        -3.2229747759         3.1714579952        -1.2036965588
H48        -5.1523593292         2.0877144778        -2.1363250872
H49        -6.8155940132         1.1247837022        -0.7732783584
H50        -6.1090565333        -0.0563894239         1.2729912138
H51        -4.6240455614         0.8980698230         1.4502252837
H52        -7.5074064355         2.0012521227         1.6773547354
H53        -6.4825102148         1.4994484451         3.0645487043
H54        -4.7551835842         3.2085801819         2.4235621238
H55        -5.8018208909         3.7790087166         1.0793305971
H56        -6.6227374956         3.7691237665         4.0697154388
H57        -5.8823491285         5.1630793679         3.2176788465
H58        -7.8077326712         5.1642570943         1.5691544493
H59        -8.2970785790         5.4808122613         3.2750979366
H60        -8.5996845662         3.8635240521         2.5530658356
H61        -1.1264663527         1.8654149548         0.6139551592
H62        -0.8542387130         2.6107351043        -1.0041011856
H63        -0.1840979528        -0.2964839511        -0.2263844944
H64         0.0967317720         0.4680218308        -1.8491065125
H65         1.4209270679         2.1539306573         0.1792596208
H66         2.3852523214        -0.5573010009        -0.8541566930
H67         3.8446811158         1.8938105196         0.5098901530
H68         4.3376052627        -2.1970439147        -1.9102275343
H69         4.5999178309        -2.4829868739        -4.3439145964
H70         5.6878373327        -0.7148863444        -5.6990889621
H71         6.5058476325         1.3558973988        -4.6082567620
H72         6.2543186649         1.6582213942        -2.1712323725
H73         5.4280464405         1.6870994329         2.2802946107
H74         7.4146348411         2.7115352832         3.3174251424
H75         9.6611908258         2.3583309302         2.3308746052
H76         9.9170775511         0.9579965055         0.3012809355
H77         7.9419308443        -0.0736694038        -0.7523234090
H78         3.2493127579        -0.9643544723         2.0194575173
H79         3.0685256974        -3.1121280595         3.2107353632
H80         4.6363713637        -4.9623801722         2.6970349065
H81         6.4017171686        -4.6519810658         0.9839996155
H82         6.5951207665        -2.5080875057        -0.2256307477
H83        -0.7178306970        -1.9253576880        -1.8965637650
H84        -1.5443606379        -0.8695881375        -3.1155231425
H85        -1.9081402411        -2.6266475119        -3.0516943636
H86        -2.7268333059        -4.4054710227        -1.5933588746
H87        -3.6299622684        -5.0674519323        -0.1884244801
H88        -4.4941065658        -4.0868215471        -1.4213832541
H89        -1.6537202186        -2.1820326835         1.2791462671
H90        -1.0754088550        -3.3366286773         0.0209071262
H91        -1.9982800245        -3.9417639421         1.4370944775
H92        -4.1629053468        -1.7449649714         1.5424763588
H93        -4.4772686348        -3.5123530399         1.6425941883
H94        -5.3380112108        -2.5219882117         0.4153752818
&

