&gen
basis=6-31G**
igeopt=1
dftname=PBE-D3
ifreq=1
&
entry_name: J1_10338_2111.in
&zmat
C1          1.6324735981        -2.0073006453         3.6812292341
C2          1.6711570257        -2.7952105089         2.3768068361
O3          1.1608731521        -2.0091164870         1.3027796391
C4          1.8739606949        -0.9625349926         0.7087593185
O5          3.0780710224        -0.7571658121         1.0237147060
C6          1.1773874519        -0.1052421072        -0.3242630564
C7          1.9151552804         0.1563011507        -1.6322318031
C8          1.0597082035        -0.1461589210        -2.8753546045
C9          3.2990692271        -0.4758497835        -1.7740421932
C10         4.4669845071         0.3126121549        -1.8282163831
C11         5.7227843231        -0.2884251123        -1.9541326538
C12         5.8310887875        -1.6779920102        -2.0351198076
C13         4.6830269508        -2.4709972926        -1.9928921541
C14         3.4245902030        -1.8764778689        -1.8669664667
O15         1.9971852848         1.5508481331        -1.4625444730
P16         1.1921938635         1.6822250987         0.0577135000
C17         2.6977908420         2.4044134527         0.8099337962
C18         3.1911701140         1.9511726619         2.0508544116
C19         4.3552843612         2.4969228887         2.5980633423
C20         5.0483135070         3.4968034253         1.9149341772
C21         4.5779081272         3.9524296554         0.6828252401
C22         3.4129759601         3.4109659369         0.1324554475
C23         0.2337872057         1.7414488714         1.6345177832
C24        -0.6103665241         0.6864937208         2.0460366271
C25        -1.3427555939         0.7755953110         3.2333559865
C26        -1.2748135026         1.9262910795         4.0169867523
C27        -0.4870207906         2.9997851072         3.6062913470
C28         0.2484732109         2.9164550937         2.4218956151
C29        -0.0827210946         2.7519405228        -0.6551604140
C30        -1.2791532379         2.1952176881        -1.1382856756
C31        -2.2688078950         3.0144077131        -1.6888287229
C32        -2.0768877812         4.3960824648        -1.7552907702
C33        -0.8973635391         4.9606687311        -1.2648170813
C34         0.0952583543         4.1444433063        -0.7144094061
H35         2.2981340224        -1.1217495110         3.6185412164
H36         1.9752667805        -2.6521489130         4.5174113544
H37         0.5953898656        -1.6687531585         3.8888355331
H38         2.7087230643        -3.1277302605         2.1557677737
H39         1.0351848887        -3.6986014409         2.4866320757
H40         0.1502134222        -0.4779472808        -0.5168002555
H41         0.1154883367         0.4355567653        -2.8589665138
H42         1.6144752982         0.1313910277        -3.7971052740
H43         0.8031328051        -1.2253797198        -2.9214877332
H44         4.4169363551         1.3914711836        -1.7734235922
H45         6.6137325740         0.3251417064        -1.9902163677
H46         6.8049202766        -2.1402415196        -2.1320186335
H47         4.7678925216        -3.5481650249        -2.0555598456
H48         2.5472122014        -2.5093972405        -1.8254241330
H49         2.6699860216         1.1861458020         2.6091403716
H50         4.7196450997         2.1439171631         3.5541343931
H51         5.9508266358         3.9171753418         2.3393526812
H52         5.1194341657         4.7232103304         0.1498332041
H53         3.0843810797         3.7691104866        -0.8337966629
H54        -0.7375299772        -0.2067514327         1.4614159471
H55        -1.9746989302        -0.0478951825         3.5403727588
H56        -1.8461167441         1.9924539616         4.9338432220
H57        -0.4506440327         3.9022411049         4.2027262218
H58         0.8315838725         3.7765138110         2.1209553139
H59        -1.4548717378         1.1302574947        -1.0807171441
H60        -3.1869783970         2.5778690784        -2.0600549577
H61        -2.8448943436         5.0296758342        -2.1796868162
H62        -0.7542003821         6.0327293996        -1.3055921454
H63         0.9858426663         4.6077151583        -0.3186563022
&

