&zmat
 C9             -2.1364070798            -3.2752957958             0.2615876266
 O8             -2.4620099933            -1.8940591854             0.2514782197
 C7             -1.3259733435            -1.0355288311             0.0962802066
 C6             -0.4956259579            -0.9231666115             1.3886723871
 C5              0.6467639392             0.1136241492             1.2730236565
 C4              1.7893886934            -0.4008644446             0.3687343482
 C3              3.0267631536             0.4975362438             0.3498322035
 C2              4.1699914415            -0.0515521330            -0.4750033728
 O1              4.1323012668            -1.0989309238            -1.1024081869
 C14             0.0664407655             1.4743052909             0.8274726923
 C11            -0.7489547231             1.3754953860            -0.4660787345
 O12            -1.2480645213             2.6910111580            -0.7286840605
 C13            -1.7536921388             2.8579878460            -2.0440512390
 C10            -1.8725350619             0.3351797468            -0.3167233643
 H24            -1.5757631954            -3.5748808531            -0.6493336781
 H25            -3.0893756578            -3.8262319726             0.2866265387
 H26            -1.5384792099            -3.5754418240             1.1459785196
 H23            -0.6838882774            -1.4340752287            -0.7221609605
 H21            -1.1882958883            -0.6245612157             2.1969965086
 H22            -0.0777657040            -1.9067010836             1.6673893602
 H20             1.0746077498             0.2509180719             2.2854212773
 H18             2.0933625718            -1.4066954884             0.7096714884
 H19             1.4448835625            -0.5430644571            -0.6701307312
 H16             2.8053273527             1.5091102855            -0.0467728213
 H17             3.4146061846             0.6845522010             1.3728326658
 H15             5.0947353817             0.5899447496            -0.4802312134
 H33             0.8566348151             2.2332152244             0.6975901056
 H34            -0.6073867214             1.8597233751             1.6143910111
 H29            -0.0827534156             1.0704844987            -1.3064608687
 H30            -1.0016771767             2.5823467126            -2.8140918134
 H31            -2.6722058190             2.2672276881            -2.2344786696
 H32            -1.9994785685             3.9252226639            -2.1571058242
 H27            -2.5734373751             0.6865111758             0.4627658058
 H28            -2.4485951230             0.2211705023            -1.2500583404
&

