&gen
basis=6-31G**
igeopt=1
dftname=PBE-D3
ifreq=1
&
entry_name: J1_10303_2111.in
&zmat
C1          2.0168760135        -1.4198782182        -0.6101800183
C2          1.1480773551        -0.4744916289         0.1717028227
O3          1.5960208863        -0.0219165041         1.2116939498
C4         -0.2998696459        -0.2119551794        -0.2168991982
C5         -0.5097914295        -0.0823315747        -1.7073922404
C6         -1.3631055654        -1.1942762307        -2.3603804615
O7         -1.2580399925        -1.1099723462        -3.7600428411
C8         -2.3982114097        -1.7562228370        -4.2718317645
C9         -3.5185869738        -1.6432219172        -3.2474347555
O10        -4.0693499870        -2.8898469039        -2.9529941003
C11        -4.0216568450        -3.0086396891        -1.5486004249
C12        -5.4294253382        -2.8110077838        -0.9732252076
C13        -3.4984547709        -4.4016076891        -1.1927121004
O14        -3.1565416021        -2.0471025109        -0.9894001727
C15        -2.8522817994        -1.1549453637        -2.0172690885
O16        -1.1525406860         1.1625309035        -1.6728661578
P17        -0.9213229735         1.5036513572         0.0009936450
C18        -2.6910084087         1.7962579279         0.2621740616
C19        -3.5160397678         0.7567616717         0.7268070526
C20        -4.8825414043         0.9703938657         0.9244799531
C21        -5.4353857937         2.2294057382         0.6822293077
C22        -4.6194519045         3.2780963040         0.2517293782
C23        -3.2525143356         3.0661545383         0.0476973749
C24        -0.7380155645         1.7497854830         1.8189599353
C25        -0.7265475072         3.0539640648         2.3656439638
C26        -0.6563168671         3.2541961127         3.7464195786
C27        -0.6350530374         2.1617650988         4.6118615620
C28        -0.7055254889         0.8675968840         4.0982949020
C29        -0.7759947296         0.6609622929         2.7177487314
C30         0.1966763394         2.8816079226        -0.4536417317
C31        -0.1849018122         3.7999250146        -1.4521443614
C32         0.6691402434         4.8389880043        -1.8318275300
C33         1.9205386309         4.9721943454        -1.2299671491
C34         2.3214882024         4.0630480046        -0.2507624947
C35         1.4713786804         3.0212640623         0.1308598411
H36         2.4525257594        -2.1778968439         0.0743882293
H37         1.4419483324        -1.9594165782        -1.3896601212
H38         2.8400445673        -0.8521338016        -1.0917161727
H39        -0.9804587722        -0.9636305154         0.2308720045
H40         0.4476456629         0.0379754090        -2.2624184353
H41        -0.9357880189        -2.1763792956        -2.0501624572
H42        -2.6993715844        -1.2703455434        -5.2240975868
H43        -2.1508873354        -2.8204574375        -4.4836271303
H44        -4.3141590910        -0.9433027986        -3.5891080984
H45        -5.4136745778        -2.9108615143         0.1333736092
H46        -5.8037561788        -1.7963005653        -1.2274723566
H47        -6.1307133304        -3.5623203389        -1.3953521751
H48        -3.4464946251        -4.5273451194        -0.0898446692
H49        -2.4784704510        -4.5386049052        -1.6114388881
H50        -4.1620403595        -5.1861116559        -1.6156930125
H51        -3.2208339019        -0.1378882362        -1.7775696510
H52        -3.1044250128        -0.2192880056         0.9389900710
H53        -5.5116250689         0.1602915316         1.2702265453
H54        -6.4933007158         2.3954646834         0.8390030591
H55        -5.0452440158         4.2586222472         0.0822293120
H56        -2.6396758610         3.9013666184        -0.2524314406
H57        -0.7885671912         3.9251400625         1.7276711298
H58        -0.6329558638         4.2598175718         4.1460417283
H59        -0.5855625972         2.3185482984         5.6816240313
H60        -0.7192797891         0.0207064794         4.7722569088
H61        -0.8716541077        -0.3550544416         2.3707258755
H62        -1.1358939070         3.7051888715        -1.9582095329
H63         0.3623511377         5.5374031287        -2.5996936859
H64         2.5809183605         5.7773570398        -1.5249789478
H65         3.2922579902         4.1667738931         0.2165820363
H66         1.8054123823         2.3529685809         0.9060057551
&

