&gen
basis=6-31G**
igeopt=1
dftname=PBE-D3
ifreq=1
&
entry_name: J1_10536_2111.in
&zmat
C1          6.0359340438        -2.1872095833        -3.8805008199
O2          4.9624060522        -1.3439752457        -3.4762040440
C3          3.7385538320        -1.8070412935        -2.9706260302
C4          3.4513586587        -3.1773064278        -2.8275464189
C5          2.2167389106        -3.5866037419        -2.3192888941
C6          1.2633640757        -2.6393310796        -1.9414470467
C7          1.5375388240        -1.2678647870        -2.0606837163
C8          0.4828597283        -0.2662567372        -1.6326612096
O9          0.9601690383         1.0551004053        -1.6718620402
P10         0.8745900648         1.4081366587         0.0139690743
C11         2.6666984398         1.6465743004         0.0890357137
C12         3.5114335574         0.5486732457         0.3246314292
C13         4.8980831272         0.7185372098         0.3605007302
C14         5.4530155251         1.9860797761         0.1713244145
C15         4.6210017147         3.0859239411        -0.0506752888
C16         3.2335415164         2.9192201076        -0.0917308581
C17         0.8540360344         1.6579068013         1.8436943817
C18         0.9745433263         2.9609453686         2.3833214258
C19         0.9976310250         3.1712476841         3.7639312685
C20         0.9376056637         2.0874447675         4.6371655395
C21         0.8778618831         0.7909490539         4.1296256915
C22         0.8552488314         0.5745554958         2.7487441648
C23        -0.2351796116         2.8241407938        -0.3127363501
C24         0.0748728841         3.7432329295        -1.3323943927
C25        -0.7722304778         4.8225064367        -1.5995832344
C26        -1.9419276204         4.9960587665        -0.8578248784
C27        -2.2679180002         4.0890944292         0.1516018478
C28        -1.4236947988         3.0093956365         0.4230406476
C29         0.2072816189        -0.2883792788        -0.1474456031
C30        -1.2656437741        -0.4478193457         0.2082456155
C31        -2.2930264607         0.2098385012        -0.5025476713
C32        -3.6321501819         0.0349392127        -0.1431002100
C33        -3.9686777907        -0.8082935984         0.9164638175
C34        -2.9665818631        -1.4840255740         1.6141008519
C35        -1.6255438868        -1.3112008790         1.2597395012
C36         2.7752771568        -0.8625157430        -2.5965707437
H37         6.3840553080        -2.7998455650        -3.0221588661
H38         6.8785510388        -1.5575769164        -4.2324796892
H39         5.7114283731        -2.8454582464        -4.7139111778
H40         4.1727602559        -3.9322526331        -3.1085728344
H41         1.9986624926        -4.6417463892        -2.2158526098
H42         0.3116526741        -2.9733871439        -1.5462470365
H43        -0.4128716806        -0.3704702173        -2.2801295435
H44         3.1023165308        -0.4401937892         0.4764999090
H45         5.5424607909        -0.1332637474         0.5354581945
H46         6.5269746644         2.1167713748         0.2009391332
H47         5.0513249189         4.0693068639        -0.1892463301
H48         2.6103522468         3.7867447532        -0.2489272556
H49         1.0558282341         3.8246383930         1.7376293578
H50         1.0726620934         4.1772071185         4.1562935211
H51         0.9599013464         2.2508071215         5.7068583549
H52         0.8661654873        -0.0523486399         4.8082256004
H53         0.8725887608        -0.4459309076         2.4171882922
H54         0.9673130661         3.6228963200        -1.9320501076
H55        -0.5229783343         5.5229213640        -2.3861838707
H56        -2.5971048071         5.8316643719        -1.0672978390
H57        -3.1762974686         4.2218710603         0.7248282597
H58        -1.6982271540         2.3217660097         1.2121718302
H59         0.8466021665        -1.0407429648         0.3580960736
H60        -2.0650491032         0.8743318673        -1.3250018796
H61        -4.4097182301         0.5555086804        -0.6870272535
H62        -5.0063733875        -0.9430183406         1.1929150235
H63        -3.2289814226        -2.1471565761         2.4282837403
H64        -0.8709396049        -1.8637768615         1.8035701529
H65         3.0075045621         0.1878689084        -2.7170477962
&

