&gen
basis=6-31G**
igeopt=1
dftname=PBE-D3
ifreq=1
&
entry_name: J1_10150_2111.in
&zmat
C1          1.8006403574        -2.6926909203         2.5826606300
C2          0.8726844570        -1.9281875564         1.6436769409
C3          1.6566410070        -1.2763466610         0.4921459559
C4          0.7733389803        -0.2903620543        -0.3190200464
C5          1.1278400018        -0.0948919550        -1.7995032393
C6          2.2647335759        -0.9443400041        -2.4004536527
C7         -0.0903940970        -0.1943339841        -2.7112450917
C8         -0.9247885571        -1.3255526247        -2.6573730182
C9         -2.0349584056        -1.4304487030        -3.4988670168
C10        -2.3229164384        -0.4238634185        -4.4259648119
O11        -3.4557356474        -0.5710080976        -5.2400096050
C12        -3.8721325124         0.3780410472        -6.2163668420
C13        -1.4701581680         0.6915151463        -4.5137139748
C14        -0.3572809137         0.7964604961        -3.6752596948
O15         1.5374523127         1.2494382140        -1.6657271717
P16         1.0934292908         1.4878480533        -0.0181633858
C17         2.7212869486         2.2379471570         0.3564051907
C18         3.9189584822         1.6059074566        -0.0192611174
C19         5.1564544881         2.1823475414         0.2816388596
C20         5.2163330574         3.3951602866         0.9690589536
C21         4.0380644968         4.0300256665         1.3626567779
C22         2.7997509495         3.4562806727         1.0628177471
C23         0.6032150371         1.4894616202         1.7728836669
C24        -0.7191734651         1.7524414063         2.2018382794
C25        -1.0614713469         1.7135915978         3.5567765769
C26        -0.1040974543         1.3946040956         4.5161038316
C27         1.1984430273         1.1026780138         4.1226475644
C28         1.5481899380         1.1395904290         2.7712224976
C29        -0.1725724679         2.6635614393        -0.6032889678
C30         0.1683721670         3.9944744851        -0.9066241062
C31        -0.7785780087         4.8650786196        -1.4546136898
C32        -2.0659946531         4.4102692448        -1.7427928850
C33        -2.4037685636         3.0791407292        -1.4983676585
C34        -1.4604915074         2.2073812758        -0.9488006338
H35         2.3514483010        -3.4797021069         2.0248663487
H36         2.5282547142        -1.9975043164         3.0533210136
H37         1.2030537968        -3.1757342461         3.3841560616
H38         0.1254651065        -2.6353458111         1.2215079320
H39         0.3139881531        -1.1736024620         2.2308964129
H40         1.9894605723        -2.1177549613        -0.1478851893
H41         2.5685784905        -0.7733352834         0.8698681352
H42        -0.3052178685        -0.5072454479        -0.1639474455
H43         3.1785981424        -0.9358011234        -1.7808888081
H44         1.9372752404        -1.9991649465        -2.5204605933
H45         2.5347820389        -0.5506753073        -3.4036785504
H46        -0.7180141012        -2.1260808853        -1.9578605928
H47        -2.6750505036        -2.3010035201        -3.4314697414
H48        -4.7980572175         0.0124481628        -6.7055793512
H49        -4.0869623639         1.3542790212        -5.7324343784
H50        -3.0852503722         0.4997591909        -6.9904368896
H51        -1.6562883697         1.4817164273        -5.2280504240
H52         0.2862267590         1.6612860797        -3.7735580303
H53         3.9076907918         0.6661593162        -0.5362892404
H54         6.0706578020         1.6849388156        -0.0156435175
H55         6.1753828326         3.8387705241         1.2032237765
H56         4.0834128586         4.9642946905         1.9071769714
H57         1.9014482670         3.9532489158         1.4053621325
H58        -1.5137124282         1.9800355509         1.5193088861
H59        -2.0782917656         1.9245983095         3.8625358189
H60        -0.3748903468         1.3620231393         5.5634916375
H61         1.9393916138         0.8361688933         4.8653112007
H62         2.5637887695         0.8744561892         2.5162591051
H63         1.1721948699         4.3609664533        -0.7672073232
H64        -0.5062950081         5.8888532306        -1.6766564926
H65        -2.7951727019         5.0839992797        -2.1737602936
H66        -3.3943702999         2.7186631146        -1.7437349019
H67        -1.7448989997         1.1781981530        -0.7835012824
&

