&gen
basis=6-31G**
igeopt=1
dftname=PBE-D3
ifreq=1
&
entry_name: J1_10039_2111.in
&zmat
C1         -1.7973580526        -2.0344905973        -2.5212823892
C2         -2.3274034869        -0.5903985275        -2.4373489881
C3         -3.8391398460        -0.5234996313        -2.1369098247
C4         -4.6526578406        -1.2729090571        -3.1642459539
C5         -5.1159682675        -2.5727320383        -2.8964687712
C6         -5.8464567533        -3.2730136950        -3.8613977919
C7         -6.1157346188        -2.6845686120        -5.1000050651
C8         -5.6529922867        -1.3953354790        -5.3768649453
C9         -4.9217780367        -0.6914813871        -4.4151051545
C10        -1.4201564500         0.3127808403        -1.5496310847
O11        -1.8824782461         1.6347699788        -1.4051744590
P12        -1.3332748214         1.8731958946         0.2139252213
C13        -2.8711343431         2.7360530578         0.7095350895
C14        -2.8039984266         3.9526300935         1.4207797315
C15        -3.9687728977         4.6185814809         1.8110994838
C16        -5.2181615985         4.0799977367         1.5032977989
C17        -5.3023449867         2.8719644263         0.8104260643
C18        -4.1382754663         2.2038858442         0.4196227131
C19        -0.7386957285         1.8498765803         1.9707532466
C20         0.5691021356         2.2331308425         2.3543008577
C21         0.9708208978         2.1842407086         3.6927358463
C22         0.0875542308         1.7492104684         4.6779174746
C23        -1.2021697581         1.3591710781         4.3278180608
C24        -1.6106076156         1.4052614987         2.9932662576
C25        -0.0378711183         2.9588971543        -0.4644339467
C26         1.2019028052         2.4180461735        -0.8578165396
C27         2.1764148514         3.2283940799        -1.4466781282
C28         1.9136017134         4.5783952033        -1.6839028280
C29         0.6695475727         5.1149957065        -1.3478044207
C30        -0.3075648292         4.3077428056        -0.7575448287
C31        -1.1253625069         0.0780389774        -0.0785048339
C32        -2.0832661159        -0.8080592428         0.7271024920
H33        -2.1116640853        -2.4944164683        -3.4825690344
H34        -2.1956445581        -2.6710745893        -1.7086254563
H35        -0.6872093604        -2.0539078839        -2.4889798398
H36        -2.2087808853        -0.1700654006        -3.4623898379
H37        -4.1629150056         0.5372256458        -2.1665100423
H38        -4.0611635987        -0.9261888694        -1.1304577369
H39        -4.9083229688        -3.0443556173        -1.9439713515
H40        -6.2016937697        -4.2732379000        -3.6497361667
H41        -6.6805766958        -3.2284810426        -5.8460302519
H42        -5.8588812527        -0.9420531440        -6.3379017567
H43        -4.5637078828         0.3046089923        -4.6443549793
H44        -0.4394806334         0.3650484495        -2.0775936317
H45        -1.8474653430         4.3807602471         1.6911614266
H46        -3.9015914964         5.5505510698         2.3573128342
H47        -6.1203744644         4.5950050576         1.8069012768
H48        -6.2714323898         2.4492703665         0.5784532533
H49        -4.2393641349         1.2719671188        -0.0975113582
H50         1.3035396851         2.5783851394         1.6516018222
H51         1.9741372608         2.4852106942         3.9661489610
H52         0.4034409821         1.7129667472         5.7125051632
H53        -1.8891693467         1.0186337209         5.0917845408
H54        -2.6200295226         1.0926495200         2.7642477828
H55         1.4274675346         1.3748580969        -0.6875013701
H56         3.1342575700         2.8074915387        -1.7238240154
H57         2.6672562862         5.2043417203        -2.1439088604
H58         0.4551114266         6.1543111277        -1.5608764697
H59        -1.2783948657         4.7374951551        -0.5685919454
H60        -0.0742715796        -0.2467005957         0.0787786878
H61        -1.6701602736        -0.9590979647         1.7445013128
H62        -3.0911433525        -0.3730222242         0.8300524400
H63        -2.1577507505        -1.8161728995         0.2873113540
&

