&gen
basis=6-31G**
igeopt=1
dftname=PBE-D3
ifreq=1
&
entry_name: J1_10362_2111.in
&zmat
O1          3.1041443795        -1.8696260849         0.1975040066
C2          1.7687289329        -1.7474720510        -0.2103876009
C3          1.2653840294        -0.3252739571         0.0486278799
C4         -0.2445127330        -0.1899934674        -0.2350860050
C5         -0.5703956174        -0.1096886338        -1.7081972058
C6         -1.6593604770        -1.0739652861        -2.1458943501
C7         -1.4522604900        -2.4601237385        -2.0291180704
C8         -2.4402248969        -3.3627198842        -2.4332870532
C9         -3.6408315210        -2.8935986274        -2.9697225664
C10        -3.8528090258        -1.5207821281        -3.1097435049
C11        -2.8673173985        -0.6138356834        -2.7092914658
O12        -1.0359990757         1.2150367378        -1.6833277414
P13        -0.8758197326         1.5069497880         0.0052245555
C14        -2.6596250617         1.7632317065         0.1694976892
C15        -3.5081983029         0.6625768372         0.3758282421
C16        -4.8894462318         0.8452966432         0.4845746388
C17        -5.4350263190         2.1277769486         0.3953995782
C18        -4.5989693485         3.2294872746         0.1999249205
C19        -3.2170734875         3.0503647076         0.0870461011
C20        -0.7537170965         1.7037397426         1.8366899545
C21        -0.6848981896         0.5959180306         2.7112700725
C22        -0.6381317574         0.7772733482         4.0967015009
C23        -0.6858365438         2.0596536411         4.6404363913
C24        -0.7944197740         3.1655990094         3.8001464820
C25        -0.8411114897         2.9918459240         2.4151070054
C26         0.2478671890         2.9044612752        -0.3398763017
C27        -0.1156853166         3.8860064562        -1.2806631071
C28         0.7429558850         4.9515273157        -1.5653018437
C29         1.9779718437         5.0472275799        -0.9219305630
C30         2.3582214362         4.0747924085         0.0043543672
C31         1.5034178005         3.0070292631         0.2914838915
H32         3.6546936990        -1.4125969827        -0.4909590447
H33         1.6768429289        -2.0010837283        -1.2902109321
H34         1.1575845754        -2.4703021664         0.3710661865
H35         1.8472278861         0.3807063218        -0.5827100853
H36         1.4631119257        -0.0804112805         1.1123510873
H37        -0.8528975409        -0.9573173594         0.2856235502
H38         0.3164147106        -0.1869039044        -2.3746086072
H39        -0.5301768246        -2.8454886218        -1.6182632858
H40        -2.2739612977        -4.4273260102        -2.3310052014
H41        -4.4048887001        -3.5939622814        -3.2813708249
H42        -4.7812798909        -1.1581667298        -3.5316053437
H43        -3.0577884856         0.4439182680        -2.8359241037
H44        -3.1064482719        -0.3380895170         0.4504795965
H45        -5.5369172712        -0.0081832276         0.6386702307
H46        -6.5047104004         2.2682690032         0.4814115965
H47        -5.0217029637         4.2239236476         0.1380516402
H48        -2.5906362578         3.9191734834        -0.0474586138
H49        -0.6752486373        -0.4182440966         2.3536318434
H50        -0.5742529347        -0.0823395023         4.7515213354
H51        -0.6526447957         2.1952596460         5.7137284131
H52        -0.8508572041         4.1607136724         4.2221731988
H53        -0.9505545977         3.8720338736         1.7966534422
H54        -1.0578991428         3.8229544526        -1.8084592531
H55         0.4520937901         5.7010782242        -2.2898969894
H56         2.6416537371         5.8729166660        -1.1436671931
H57         3.3163142111         4.1487881761         0.5023920769
H58         1.8181800573         2.2762233016         1.0224745444
&

