&gen
basis=6-31G**
igeopt=1
dftname=PBE-D3
ifreq=1
&
entry_name: J1_10208_2111.in
&zmat
C1         -4.0344527099        -2.4180816312        -3.5882391645
C2         -4.3331991103        -1.0650123136        -3.4108423410
C3         -3.4013183683        -0.2130261543        -2.8104968071
C4         -2.1620798905        -0.7157497983        -2.3676340083
C5         -1.1264265092         0.1769700107        -1.7150246452
O6         -1.5698919010         1.4958488511        -1.5262436274
P7         -1.1237431367         1.6767979442         0.1308776276
C8         -2.8268882236         2.1869939497         0.5687813470
C9         -3.4900650088         1.6589350263         1.6967472182
C10        -4.7946907555         2.0523399615         2.0053527942
C11        -5.4575579015         2.9756103669         1.1958615652
C12        -4.8168018778         3.5060154127         0.0752343938
C13        -3.5119900920         3.1152650497        -0.2380220929
C14        -0.5110583366         1.8052325344         1.8694455662
C15        -0.8432050753         2.9360057348         2.6533943265
C16        -0.3678807864         3.0746342256         3.9593142033
C17         0.4720347403         2.1058740126         4.5038804094
C18         0.8516863444         1.0066455952         3.7360557259
C19         0.3797937381         0.8627508655         2.4280075591
C20         0.1002248713         2.9343992510        -0.3125836175
C21        -0.2345901596         4.2992573585        -0.3097037060
C22         0.7178746547         5.2606490203        -0.6601274315
C23         2.0097149558         4.8691201077        -1.0187235021
C24         2.3514888977         3.5149403084        -1.0257115619
C25         1.4022176050         2.5504980191        -0.6752288660
C26        -0.7685170720        -0.0777279837        -0.2671796087
C27        -1.5988833531        -1.1113780173         0.4940849060
C28        -3.0093354140        -1.1191152344         0.4853365061
C29        -3.7230708499        -2.0972370044         1.1822947979
C30        -3.0433599594        -3.0901192413         1.8880998587
C31        -1.6482404157        -3.1111738632         1.8899062805
C32        -0.9307560505        -2.1348051896         1.1930224733
C33        -1.8645653416        -2.0742598611        -2.5707892495
C34        -2.8000725670        -2.9215451597        -3.1711906228
H35        -4.7579780864        -3.0755667368        -4.0525720201
H36        -5.2881807775        -0.6754863363        -3.7390673104
H37        -3.6572532659         0.8307535009        -2.6827017865
H38        -0.2119945528         0.1958297374        -2.3496339334
H39        -3.0015019490         0.9388909956         2.3398737926
H40        -5.2925078812         1.6389611506         2.8729209856
H41        -6.4684485219         3.2787197164         1.4358459566
H42        -5.3326368439         4.2196571752        -0.5541001382
H43        -3.0426789887         3.5355572593        -1.1176500331
H44        -1.4756507984         3.7187983935         2.2578045966
H45        -0.6465600877         3.9397958801         4.5469919527
H46         0.8426288392         2.2154830153         5.5148589588
H47         1.5260296178         0.2682492344         4.1506084474
H48         0.7468363620         0.0219982738         1.8714267707
H49        -1.2225709740         4.6275870534        -0.0232823188
H50         0.4545984065         6.3104422169        -0.6512234737
H51         2.7459864526         5.6147913004        -1.2894016827
H52         3.3530247225         3.2119541458        -1.3024200486
H53         1.6886537692         1.5085413273        -0.6846781816
H54         0.3166034571        -0.3023632882        -0.2184855275
H55        -3.5654837133        -0.3759798051        -0.0653404222
H56        -4.8052805349        -2.0868935756         1.1707642053
H57        -3.5975124439        -3.8479906421         2.4265144234
H58        -1.1208158931        -3.8885629414         2.4274424785
H59         0.1504719096        -2.1861710210         1.1950554325
H60        -0.9112961446        -2.4776525195        -2.2517680896
H61        -2.5674507428        -3.9688905802        -3.3136845368
&

