&zmat
 C15             3.5021669912             4.3932973124            -1.0117114448
 C14             3.2244204600             3.0821008264            -1.1034740636
 C13             2.8544158842             2.2292321191             0.0706700056
 P12             1.0639961602             1.6259517966            -0.0145590493
 C16             0.7580684559             1.6864580178             1.8820393968
 C17            -0.4994417466             2.0150648422             2.4292361207
 C18            -0.7534975269             1.8913632253             3.8024610316
 C19             0.2401348948             1.4088432116             4.6643881602
 C20             1.4861554848             1.0441446569             4.1368439108
 C21             1.7362134619             1.1801275104             2.7632054226
 C22            -0.0173329122             3.0383008263            -0.5023020822
 C23            -0.7767976098             2.9869431884            -1.6856296599
 C24            -1.5643452612             4.0795545687            -2.0705514704
 C25            -1.5691276685             5.2507514881            -1.3013949209
 C26            -0.7866307317             5.3239096744            -0.1405954356
 C27            -0.0247610615             4.2210835834             0.2637283816
 O11             1.3697059124             1.0943378915            -1.7533267345
 C4              0.6621773712            -0.1410287671            -1.6664240648
 C5              1.4324978201            -1.2988771823            -2.3211597611
 C6              0.6988214502            -2.6413471549            -2.1557998039
 C7              1.3241115970            -3.7340126155            -3.0581745557
 C8              2.8463601665            -3.5212787171            -3.2597991533
 C9              3.4695671006            -2.8417692305            -2.0305859115
 C10             2.8991110235            -1.4156931939            -1.8333343234
 C3              0.4327313405            -0.2040240109            -0.1491012890
 C1             -0.9155498771            -0.5476655765             0.3699361767
 C2             -1.1574009616            -1.2330994131             1.5016704257
 H47             3.4818323130             4.9220116074            -0.0521618038
 H48             3.7576897018             4.9851971993            -1.8948689728
 H46             3.2239850981             2.5794508417            -2.0756936875
 H44             2.9926128282             2.7712773089             1.0190713463
 H45             3.4689810055             1.3103656532             0.0980129136
 H49            -1.2959472337             2.3816947212             1.7742899527
 H50            -1.7369804504             2.1667419334             4.1973683230
 H51             0.0433164544             1.3112591202             5.7363566680
 H52             2.2695577648             0.6561186784             4.7959973335
 H53             2.7185108022             0.8792643857             2.3810323305
 H54            -0.7210271678             2.0996373011            -2.3189636071
 H55            -2.1627731212             4.0200940743            -2.9849104449
 H56            -2.1742886065             6.1087032559            -1.6105200776
 H57            -0.7711747097             6.2412485598             0.4557988543
 H58             0.5654554292             4.2780388238             1.1827539689
 H32            -0.3304246595            -0.0772397332            -2.1762663241
 H33             1.4559256825            -1.0610313727            -3.4032090536
 H34            -0.3770544466            -2.5265989165            -2.3799843932
 H35             0.7508587331            -2.9456143199            -1.0933225789
 H36             1.1382085252            -4.7262901614            -2.6102303510
 H37             0.8211816108            -3.7416944900            -4.0414382301
 H38             3.0242014452            -2.8844549478            -4.1464090736
 H39             3.3422638362            -4.4840549359            -3.4714467580
 H40             4.5690106856            -2.8027822337            -2.1171163213
 H41             3.2550689968            -3.4598707057            -1.1387558223
 H42             3.5102744608            -0.6731670203            -2.3723171756
 H43             2.9699954832            -1.1421060492            -0.7638051424
 H31             1.2102924583            -0.7922354859             0.3740009199
 H28            -1.7618151189            -0.1722081373            -0.2222932419
 H29            -0.3412624068            -1.6029324178             2.1310515341
 H30            -2.1762388447            -1.4237304425             1.8499393813
&

