&gen
basis=6-31G**
igeopt=1
dftname=PBE-D3
ifreq=1
&
entry_name: J1_5341_2111.in
&zmat
C1          2.2898852631        -0.5237325017        -1.3702219402
C2          2.3610514573        -0.3793130201        -0.0573278241
C3          1.2225906621        -0.4025245246         0.8846133974
P4         -0.3259526882        -0.0784112216         0.4584503471
C5         -0.9462408609        -1.3801036301        -0.6332334356
C6         -0.4045656884        -2.6746436123        -0.5712067854
C7         -0.9084593054        -3.6898364015        -1.3898124424
C8         -1.9691439779        -3.4263523693        -2.2600986853
C9         -2.5335845230        -2.1492560633        -2.3059227320
C10        -2.0312706655        -1.1317257842        -1.4896239428
C11        -0.3682028069         1.5538501221        -0.3207493257
C12        -0.3286260783         1.6897035913        -1.7192843850
C13        -0.3144309596         2.9580547322        -2.3069615787
C14        -0.3250941152         4.1015814543        -1.5057754416
C15        -0.3437281956         3.9776351162        -0.1150840322
C16        -0.3576417943         2.7106842106         0.4758703406
C17        -1.3627735767        -0.0443970271         1.9433851679
C18        -0.8630602223         0.4735364815         3.1517754960
C19        -1.6749699935         0.5284502089         4.2884844084
C20        -2.9955288692         0.0790499804         4.2282440810
C21        -3.5081219836        -0.4187308666         3.0285818635
C22        -2.6996906941        -0.4743765786         1.8891448979
C23         3.7653650761        -0.2663801866         0.4135941576
C24         4.5988176564        -0.2267852436        -0.8691797035
C25         3.6237205647        -0.5015163719        -2.0155365037
H26         1.3785298723        -0.6928982903        -1.9216923512
H27         1.4503289796        -0.5665598635         1.9282848067
H28         0.4078120676        -2.9015489041         0.1066391015
H29        -0.4799520229        -4.6827191387        -1.3453026476
H30        -2.3599584810        -4.2139139564        -2.8912849988
H31        -3.3655004080        -1.9493926521        -2.9687517171
H32        -2.4961487801        -0.1547815685        -1.5186117730
H33        -0.3102910202         0.8229010640        -2.3629601323
H34        -0.2908747046         3.0539897873        -3.3847998395
H35        -0.3122479744         5.0829120147        -1.9621034461
H36        -0.3414417958         4.8638982282         0.5062345114
H37        -0.3548237628         2.6407191359         1.5536254011
H38         0.1491207412         0.8489785745         3.2179463295
H39        -1.2814375877         0.9258714055         5.2151387666
H40        -3.6235630012         0.1235858904         5.1085974202
H41        -4.5347966560        -0.7580122166         2.9797799301
H42        -3.1261739443        -0.8532007415         0.9724818004
H43         4.0300233585        -1.1548026928         1.0270342912
H44         3.9018402858         0.6628085082         1.0080761602
H45         5.4032234296        -0.9939540694        -0.8418177952
H46         5.0599093653         0.7777615475        -0.9936060963
H47         3.8298380726        -1.4881199964        -2.4833153088
H48         3.6662402856         0.3020174397        -2.7817178121
&

