&zmat
 O8              1.5490733575            -0.7795206417            -1.8684539682
 C1              1.7026995568            -0.6070737651            -0.6749046173
 C2              1.0471161473             0.5040658433             0.1480836043
 C7              0.1855890303            -0.1009512938             1.2777789435
 C6             -1.0094827852            -0.8583837517             0.6746756954
 C5             -1.6139401764            -0.0439092175            -0.4383822780
 C4             -0.9525900094             0.9804284358            -1.0090894948
 O3              0.3175566051             1.3996876324            -0.6881819928
 H9              2.3579457833            -1.2828574190            -0.0532543111
 H10             1.8687741291             1.1024625898             0.5884793898
 H15            -0.1681775456             0.7290465027             1.9114031929
 H16             0.8107023805            -0.7554021914             1.9090387049
 H13            -1.7579167742            -1.0608328501             1.4615198451
 H14            -0.6859555869            -1.8525230590             0.3041358690
 H12            -2.6186339783            -0.2753403051            -0.7995902459
 H11            -1.3721076564             1.6125900530            -1.7957876805
&

