&gen
basis=6-31G**
igeopt=1
dftname=PBE-D3
ifreq=1
&
entry_name: J1_9763_2111.in
&zmat
C1          1.3008395855         2.4273654400        -2.0258132840
C2          0.3850287831         1.2437173702        -1.9976387955
P3          0.2047351135         0.3415583424        -0.6530935079
C4          1.7409924610        -0.3500918532        -0.0332542720
C5          1.9599711349        -0.4709619846         1.3468985453
C6          3.1461303214        -1.0393284202         1.8217827579
C7          4.1120632219        -1.4990646522         0.9219498781
C8          3.8906187270        -1.3953479600        -0.4543268406
C9          2.7055302762        -0.8274981968        -0.9321123552
C10        -1.0493272164        -0.9075378429        -0.8432618933
C11        -0.9945821384        -2.0011261268        -1.7067647180
C12        -2.0728457364        -2.8972910074        -1.7271946175
C13        -3.1831733988        -2.6906751192        -0.8891675586
C14        -3.2239125381        -1.5865694750        -0.0234737179
C15        -2.1433115818        -0.6973251336        -0.0103580590
C16        -1.9890729503         0.5078441953         0.8203344610
C17        -2.8915131415         1.0067703146         1.7664350265
C18        -2.5599468075         2.1750472553         2.4698439327
C19        -1.3395602774         2.8298077139         2.2265578980
C20        -0.4413806653         2.3225525890         1.2769159804
C21        -0.7845353101         1.1622579279         0.5826616672
H22         0.7127680075         3.3394290324        -2.2565514391
H23         2.0646589783         2.2782816925        -2.8166320050
H24         1.8194048507         2.5698080486        -1.0538909511
H25        -0.1603432177         0.9744624402        -2.8960420657
H26         1.2171144158        -0.1294164387         2.0557815877
H27         3.3148806469        -1.1268891817         2.8872837928
H28         5.0290933126        -1.9399494608         1.2908467762
H29         4.6355639277        -1.7580245110        -1.1506927926
H30         2.5409363214        -0.7604689079        -2.0001801313
H31        -0.1368871762        -2.1563700497        -2.3484386796
H32        -2.0499209293        -3.7520956576        -2.3905128007
H33        -4.0108048883        -3.3876965939        -0.9111756371
H34        -4.0807645103        -1.4357602762         0.6190043932
H35        -3.8310156267         0.5077301602         1.9613877676
H36        -3.2468815289         2.5733884023         3.2051921444
H37        -1.0914106321         3.7286296840         2.7758697263
H38         0.5008601860         2.8208382403         1.0918297862
&

