&gen
basis=6-31G**
igeopt=1
dftname=PBE-D3
ifreq=1
&
entry_name: J1_10549_2111.in
&zmat
C1          2.1297189873        -0.9153594555         1.0362405938
C2          1.3707835664        -0.1140340294        -0.0345743032
C3          2.0549931489         0.1310126889        -1.3860602492
C4          1.1429088412        -0.3636894577        -2.5502036529
C5          1.8861005370        -0.4539298879        -3.8828051506
C6          3.0636041915        -1.4449114082        -3.8179699113
C7          3.6349434391        -1.6288713355        -2.3983740741
C8          3.5635025983        -0.3383021570        -1.5519800280
C9          4.4995987899         0.7693594814        -2.1192938073
C10         5.9571904324         0.3912818423        -2.0247523002
C11         6.6572491632        -0.0541173671        -3.1587321678
C12         8.0036462233        -0.4174879386        -3.0568545762
C13         8.6596775536        -0.3390654281        -1.8252525619
C14         7.9704184288         0.1028285516        -0.6926995754
C15         6.6240591040         0.4663248905        -0.7895981687
O16         1.9830192781         1.5360427025        -1.3037947518
P17         1.2674410499         1.6864658769         0.2582074824
C18         2.7671029484         2.5341950338         0.8710057603
C19         3.4103896214         2.1256573324         2.0565599377
C20         4.5833596848         2.7545715026         2.4827313771
C21         5.1312147433         3.7971769712         1.7342777709
C22         4.5026368135         4.2175945428         0.5615028925
C23         3.3281886344         3.5933870012         0.1326530041
C24         0.3860953659         1.7553139335         1.8790090336
C25         0.4652805386         2.9128702382         2.6895095007
C26        -0.2431151633         3.0022400424         3.8901243021
C27        -1.0765381480         1.9597795925         4.2899931370
C28        -1.2207834455         0.8367360509         3.4774695464
C29        -0.5146294823         0.7416319284         2.2748666785
C30        -0.1098453831         2.6441863192        -0.4202287385
C31        -1.2432329811         1.9865021701        -0.9270838739
C32        -2.3108985454         2.7203493589        -1.4516956089
C33        -2.2604071982         4.1159338508        -1.4679037128
C34        -1.1444591505         4.7794687930        -0.9530435308
C35        -0.0741506670         4.0489388253        -0.4285794267
H36         1.5111155067        -1.0271508666         1.9480297244
H37         2.3395319391        -1.9352676487         0.6515248545
H38         3.0813244019        -0.4435772848         1.3366292058
H39         0.3619183568        -0.5527152801        -0.1714359577
H40         0.7420190188        -1.3749727448        -2.3150734162
H41         0.2727273997         0.3150155787        -2.6742823563
H42         1.1780440172        -0.7793828170        -4.6755526397
H43         2.2453786797         0.5572849459        -4.1683367641
H44         2.7299970490        -2.4370367795        -4.1929889470
H45         3.8665781034        -1.0933611965        -4.5006414250
H46         3.0515191399        -2.4202576292        -1.8778506656
H47         4.6785678113        -2.0040109646        -2.4624421830
H48         4.0038337723        -0.5963088984        -0.5761108079
H49         4.3766104168         1.7035850084        -1.5373697047
H50         4.2369414170         1.0231808430        -3.1656725301
H51         6.1622187442        -0.1215829565        -4.1190297379
H52         8.5385177377        -0.7605812562        -3.9329998119
H53         9.7018467466        -0.6208668294        -1.7485374445
H54         8.4791568358         0.1629037222         0.2607154519
H55         6.1000760070         0.8060288412         0.0958915991
H56         2.9936798383         1.3421485682         2.6733511171
H57         5.0658450221         2.4351645643         3.3973688122
H58         6.0412393482         4.2810367868         2.0644969957
H59         4.9294849339         5.0238962064        -0.0207545549
H60         2.8754265850         3.9211650174        -0.7936268721
H61         1.0650084911         3.7621924827         2.3929219898
H62        -0.1556661092         3.8891200048         4.5044202188
H63        -1.6289406660         2.0324915882         5.2178964158
H64        -1.8950100726         0.0426650482         3.7717523413
H65        -0.7055017806        -0.1214895376         1.6606195099
H66        -1.3099794188         0.9080358316        -0.9091162165
H67        -3.1798395827         2.2064930940        -1.8419575920
H68        -3.0887740586         4.6830790834        -1.8722999177
H69        -1.1109401771         5.8612828549        -0.9548638935
H70         0.7657580482         4.5850495164        -0.0129396354
&

