&gen
basis=6-31G**
igeopt=1
dftname=PBE-D3
ifreq=1
&
entry_name: J1_9976_2111.in
&zmat
O1          2.7383013815        -0.9622747300         0.6262350009
C2          1.4916082145        -1.1103762764         0.5121431351
O3          0.8619849623        -2.2308895503         1.0642227583
C4          1.5725568041        -3.3013406412         1.6820601083
C5          2.2347085106        -4.1546380068         0.6355315388
C6          1.4695380730        -5.0592253949        -0.1185156294
C7          2.0696616243        -5.8198514817        -1.1268653752
C8          3.4337562726        -5.6762261508        -1.3945178460
C9          4.2001475307        -4.7725960021        -0.6534202385
C10         3.6044890358        -4.0122758099         0.3577071196
C11         0.6486080508        -0.0963201492        -0.2212878731
C12         0.9457055601         0.1090685451        -1.6921570442
C13         1.9394611747        -0.8312862551        -2.3923771972
S14         1.2017347660        -2.4795913173        -2.6144200512
O15         1.4541084324         1.4166774469        -1.5651082281
P16         1.0789633204         1.6416729700         0.1023668108
C17         2.7683601422         2.2568153062         0.4753386810
C18         3.9018018629         1.6913482335        -0.1402296472
C19         5.1843721315         2.1686306555         0.1445658089
C20         5.3573834709         3.2224866601         1.0418795023
C21         4.2470062608         3.8037030991         1.6537103618
C22         2.9631346672         3.3298911982         1.3716788137
C23         0.5841491312         1.5780067440         1.8862047165
C24         1.4720155310         1.0382150918         2.8469512792
C25         1.1079924711         0.9321007337         4.1910950728
C26        -0.1569126309         1.3394508497         4.6074772077
C27        -1.0639239710         1.8423072983         3.6772822283
C28        -0.7066338094         1.9503868564         2.3299897826
C29        -0.1053938865         2.9270633547        -0.4016755495
C30        -1.3733095078         2.5588507860        -0.8912010597
C31        -2.2759814957         3.5318963932        -1.3288015674
C32        -1.9149368576         4.8799668933        -1.3099852398
C33        -0.6455522253         5.2547284896        -0.8661213502
C34         0.2602911920         4.2844554188        -0.4266965328
H35         0.8516151864        -3.9207012449         2.2565810077
H36         2.3126893900        -2.9022110533         2.4102107335
H37         0.4085698442        -5.1684468507         0.0695118594
H38         1.4755820760        -6.5151178236        -1.7056608252
H39         3.8959797203        -6.2623349457        -2.1781989701
H40         5.2555385625        -4.6588740158        -0.8645897547
H41         4.2096643199        -3.3114250806         0.9189538595
H42        -0.4328507847        -0.2804082081        -0.0451403673
H43        -0.0003104581         0.1475750293        -2.2772586723
H44         2.1725801091        -0.4193478738        -3.3967864125
H45         2.8939744559        -0.9279168409        -1.8426874286
H46         2.3814183312        -3.0060765418        -3.1737824729
H47         3.8069907351         0.8858268140        -0.8481077392
H48         6.0457111215         1.7216688230        -0.3349362246
H49         6.3514285891         3.5904057242         1.2607952639
H50         4.3802756691         4.6223885653         2.3490240004
H51         2.1221622966         3.7957083028         1.8684553803
H52         2.4580570462         0.6980711795         2.5656075739
H53         1.8083265338         0.5270165835         4.9101452593
H54        -0.4387421841         1.2544001798         5.6490089372
H55        -2.0535522247         2.1409302016         3.9987302683
H56        -1.4631330359         2.3151390297         1.6586122779
H57        -1.6743933158         1.5212435448        -0.9183946543
H58        -3.2548149092         3.2395619678        -1.6863852450
H59        -2.6133972906         5.6326854313        -1.6520091176
H60        -0.3575190752         6.2980654615        -0.8748151859
H61         1.2471404438         4.6043979843        -0.1368645692
&

