&gen
basis=6-31G**
igeopt=1
dftname=PBE-D3
ifreq=1
&
entry_name: J1_10051_2111.in
&zmat
O1          1.9913224400         0.1389310816        -0.3948522570
C2          1.0644500388        -0.3647379449         0.2978449994
C3          1.4199821727        -1.1073808410         1.5258167908
C4          2.4676746593        -0.6449955707         2.3410943921
C5          2.8002899436        -1.3234581074         3.5172771611
C6          2.0998225591        -2.4749898386         3.8836855478
C7          1.0702985326        -2.9544155087         3.0704552678
C8          0.7328242622        -2.2789194973         1.8937632679
C9         -0.3817976975        -0.1607924328        -0.1080193501
C10        -0.5915619530        -0.1213748409        -1.6021759875
C11        -1.6269297846        -1.1161807992        -2.0852260401
C12        -2.8462174281        -0.7040987685        -2.6580576619
C13        -3.7790890229        -1.6522256448        -3.0887227274
C14        -3.5022638863        -3.0157074501        -2.9641078387
C15        -2.2898294789        -3.4345389408        -2.4112929397
C16        -1.3543319211        -2.4907916928        -1.9775725883
O17        -1.0580759545         1.2029603819        -1.6519589385
P18        -0.9549651252         1.5666936374         0.0288500430
C19        -2.7266960155         1.9201464631         0.1042747421
C20        -3.2040464253         3.2379969899         0.0077198969
C21        -4.5770629789         3.4963287557         0.0574847840
C22        -5.4834626510         2.4436194775         0.2040691765
C23        -5.0174859829         1.1309686086         0.3068506944
C24        -3.6454624829         0.8690209482         0.2607049196
C25        -0.9050903439         1.8237197835         1.8569604115
C26        -0.8625284325         3.1308926550         2.3975787758
C27        -0.8496934135         3.3397652452         3.7787873267
C28        -0.9160608430         2.2553152760         4.6511001795
C29        -1.0226341089         0.9623180722         4.1426000577
C30        -1.0399728937         0.7479178826         2.7617718992
C31         0.2416571019         2.8977213747        -0.3295273620
C32         1.4748836734         2.9732319883         0.3471285038
C33         2.3868249617         3.9898261298         0.0509403829
C34         2.0847447358         4.9382486704        -0.9278103902
C35         0.8702219665         4.8703749870        -1.6129412051
C36        -0.0452092482         3.8557039882        -1.3192471424
H37         3.0161196500         0.2507947825         2.0772125556
H38         3.6007292660        -0.9550689961         4.1457782106
H39         2.3587849320        -2.9991722877         4.7944881296
H40         0.5359522647        -3.8533213365         3.3495559230
H41        -0.0520554777        -2.6836406430         1.2686600726
H42        -1.0812292565        -0.8694965691         0.3742976977
H43         0.3389602465        -0.2143685965        -2.2033327844
H44        -3.0846213032         0.3456791350        -2.7689459655
H45        -4.7174146071        -1.3291089020        -3.5207366519
H46        -4.2259958625        -3.7476147907        -3.2986781023
H47        -2.0744577553        -4.4911552891        -2.3185504662
H48        -0.4183897391        -2.8297528275        -1.5502420735
H49        -2.5213903787         4.0691532249        -0.0901289805
H50        -4.9383639210         4.5139789513        -0.0151300139
H51        -6.5461240205         2.6453615431         0.2416275640
H52        -5.7196098056         0.3155789584         0.4232810347
H53        -3.3057605479        -0.1535680282         0.3453793500
H54        -0.8439331030         4.0003330129         1.7553094961
H55        -0.7977819558         4.3466302205         4.1725703176
H56        -0.9084638963         2.4184707898         5.7210114324
H57        -1.1086707042         0.1224155499         4.8200942811
H58        -1.1853446594        -0.2628848487         2.4277433503
H59         1.7246771826         2.2612313351         1.1213380438
H60         3.3277083852         4.0434196723         0.5831897163
H61         2.7922653569         5.7247285446        -1.1564017540
H62         0.6389154383         5.6025104324        -2.3757779675
H63        -0.9728490407         3.8139631487        -1.8746998185
&

