&gen
basis=6-31G**
igeopt=1
dftname=PBE-D3
ifreq=1
&
entry_name: J1_9986_2111.in
&zmat
C1         -2.8129105372         2.3697272691         0.3629561370
P2         -1.1159970096         1.6877639538         0.1059728269
C3         -0.5655327318         1.6615124901         1.8699960241
C4          0.7878483703         1.3657979824         2.1481070606
C5          1.2648175906         1.3211396492         3.4599290270
C6          0.4015800415         1.5604155846         4.5264506197
C7         -0.9417296366         1.8386705045         4.2824136148
C8         -1.4267714739         1.8866273932         2.9719673443
C9          0.1059934712         2.9704884318        -0.2788749395
C10        -0.0640613971         4.2853100569         0.1885741506
C11         0.8815593928         5.2699396226        -0.1129177355
C12         2.0019161946         4.9530373334        -0.8843727614
C13         2.1790487587         3.6500731832        -1.3549865741
C14         1.2363587303         2.6623092722        -1.0555992171
O15        -1.4976695028         1.4890522718        -1.5646240305
C16        -1.1561173846         0.1300941572        -1.6880870145
C17        -2.3360124489        -0.7092708064        -2.2609127087
C18        -2.3524203532        -0.6083937621        -3.8096432438
C19        -3.7164784367        -0.9589165315        -4.4426922896
C20        -4.5330794405        -1.9059666185        -3.5584380990
C21        -4.8185430191        -1.2869555991        -2.1758297518
C22        -3.7192944580        -0.3154830753        -1.7001586513
C23        -0.7208818064        -0.0643085784        -0.2494681649
C24        -1.3605147347        -1.2156601398         0.5221780549
C25        -2.3392939281        -1.0627365950         1.5230875562
C26        -2.8563021067        -2.1758613441         2.1926041385
C27        -2.3972221147        -3.4564576750         1.8843965373
C28        -1.4149831213        -3.6257571857         0.9091005285
C29        -0.8958754518        -2.5149948955         0.2390435278
H30        -3.5125352405         1.6194844422         0.7696145506
H31        -2.7903311688         3.2574957882         1.0240149421
H32        -3.2459312731         2.7339217189        -0.5920518842
H33         1.4868417259         1.1719017001         1.3463570728
H34         2.3070464930         1.0982227096         3.6486829941
H35         0.7718171511         1.5229307524         5.5428009807
H36        -1.6143197541         2.0099409085         5.1131733058
H37        -2.4815700234         2.0703364747         2.8584673853
H38        -0.9166253071         4.5517367288         0.7961736707
H39         0.7464697756         6.2792305864         0.2539027073
H40         2.7331473559         5.7165329044        -1.1162949575
H41         3.0479394809         3.4047147853        -1.9518695606
H42         1.3943794211         1.6595546334        -1.4271951786
H43        -0.2686354342         0.0314410443        -2.3535497054
H44        -2.1531508291        -1.7762122205        -2.0121920646
H45        -1.5756809596        -1.2924247215        -4.2172121946
H46        -2.0812662402         0.4220853249        -4.1301309127
H47        -4.3014598965        -0.0260399657        -4.6017005565
H48        -3.5557488767        -1.4259221210        -5.4384010071
H49        -3.9695297641        -2.8566684360        -3.4318104845
H50        -5.4935514584        -2.1504652614        -4.0613994056
H51        -5.7863692433        -0.7406214115        -2.2083844649
H52        -4.9281357628        -2.1096207712        -1.4355704705
H53        -3.9741427906         0.7129270998        -2.0387316728
H54        -3.7165193382        -0.3084588269        -0.5963790092
H55         0.3825630531        -0.1918184822        -0.2138308430
H56        -2.7213666400        -0.1021908774         1.7955819767
H57        -3.6143332627        -2.0438612030         2.9539384365
H58        -2.7993041535        -4.3164232405         2.4041798717
H59        -1.0532829693        -4.6180361961         0.6725091282
H60        -0.1316064858        -2.6681120623        -0.5134198873
&

