&gen
basis=6-31G**
igeopt=1
dftname=PBE-D3
ifreq=1
&
entry_name: J1_1825_2111.in
&zmat
N1          2.5787914718         2.3057239428        -2.6101557614
C2          1.6140492669         1.6975476915        -2.4142072930
C3          0.4158175647         0.9422024671        -2.1700382811
P4          0.1103473277         0.2804282215        -0.7096320372
C5         -0.1049428493        -1.5023210122        -0.8965611735
C6         -0.7498878078        -2.0249939874        -2.0293223010
C7         -0.9554842205        -3.4027611920        -2.1506491492
C8         -0.5358009295        -4.2659157455        -1.1354592803
C9          0.0817562199        -3.7512831479         0.0070509807
C10         0.2889355840        -2.3743288990         0.1317599131
C11         1.4796052029         0.6137102622         0.4198300672
C12         2.7167945786        -0.0179402755         0.2185922061
C13         3.7903916809         0.2463003158         1.0739319031
C14         3.6378904953         1.1483196992         2.1301236488
C15         2.4122693003         1.7894184440         2.3297251004
C16         1.3360911152         1.5274373126         1.4760745506
C17        -1.4187044048         0.9737433719        -0.0529247385
C18        -2.1969183125         0.2343302528         0.8513619963
C19        -3.3594904474         0.7877817038         1.3963805483
C20        -3.7439046034         2.0869176204         1.0544097795
C21        -2.9621892111         2.8369283041         0.1718850645
C22        -1.7991696708         2.2865587060        -0.3753310313
H23        -0.3286665961         0.8806844633        -2.9513641302
H24        -1.0999545595        -1.3721698833        -2.8171869109
H25        -1.4464572748        -3.8006976733        -3.0293258924
H26        -0.6979462079        -5.3318666707        -1.2296537404
H27         0.3934924463        -4.4187939974         0.7999508486
H28         0.7474864484        -1.9927403570         1.0343554653
H29         2.8486737935        -0.7141167344        -0.6002072755
H30         4.7411018265        -0.2463630288         0.9164698682
H31         4.4698625183         1.3530780675         2.7914067514
H32         2.2966713887         2.4918303729         3.1450294349
H33         0.3986499175         2.0395258024         1.6441406704
H34        -1.9061844102        -0.7668744729         1.1397868196
H35        -3.9595097399         0.2112544762         2.0885065894
H36        -4.6428528699         2.5148551093         1.4788770271
H37        -3.2543373265         3.8472132757        -0.0838720826
H38        -1.1962767060         2.8873771936        -1.0437581549
&

