&gen
basis=6-31G**
igeopt=1
dftname=PBE-D3
ifreq=1
&
entry_name: J1_10357_2111.in
&zmat
C1          2.0848797164        -0.1244331329        -4.1860589732
C2          1.2405655020        -0.4623623351        -2.9286676544
C3          1.0006770677        -1.9882690194        -2.9069705930
C4         -0.1283323050         0.2382351545        -3.1259977730
C5          1.9805261976         0.0061732199        -1.5952422838
C6          3.4577114418        -0.4705702726        -1.5386965314
O7          1.9871892030         1.4106908274        -1.4882841187
P8          1.2603741011         1.5851865937         0.0763236322
C9          2.7951627302         2.3644359012         0.7439192342
C10         3.2489757957         2.1312592956         2.0635529778
C11         4.4105649573         2.7412151187         2.5436152957
C12         5.1447887862         3.5943918272         1.7218826678
C13         4.7200072871         3.8367271237         0.4166549480
C14         3.5590507509         3.2293502079        -0.0694414947
C15         0.3594902766         1.6851427704         1.6879936754
C16        -0.4252185559         0.6230366783         2.1882766331
C17        -1.1252642893         0.7527569513         3.3913078035
C18        -1.0886940300         1.9521598540         4.1006794572
C19        -0.3692534998         3.0340843092         3.5973000512
C20         0.3325731134         2.9101459905         2.3963206214
C21        -0.0405736452         2.6599009690        -0.5953974887
C22        -1.3539641058         2.1782814481        -0.7508866708
C23        -2.3556649580         3.0036939449        -1.2682852915
C24        -2.0614757791         4.3206710100        -1.6258111262
C25        -0.7667469649         4.8157936350        -1.4579073342
C26         0.2384384169         3.9927476706        -0.9414357362
C27         1.1966853710        -0.2125851789        -0.2973444370
C28         1.7274067021        -1.2399644989         0.7131094508
C29         0.9930911957        -2.4325129943         0.8860743115
C30         1.4112187814        -3.4119620064         1.7905491709
C31         2.5775419300        -3.2270444153         2.5309228453
C32         3.3306471181        -2.0665225514         2.3595475804
C33         2.9147368640        -1.0849323198         1.4554843153
H34         1.4961322041        -0.2660262492        -5.1184286177
H35         2.4288601597         0.9317311716        -4.1546562698
H36         2.9651969651        -0.7934245827        -4.2839325259
H37         0.5136238970        -2.3205604201        -3.8494620022
H38         0.3374864040        -2.2768363922        -2.0668193131
H39         1.9556580371        -2.5442775885        -2.8069597182
H40        -0.8744744411        -0.0711912676        -2.3708482264
H41        -0.0137716883         1.3418365846        -3.1128011755
H42        -0.5729915077        -0.0342870751        -4.1077433318
H43         4.0167429348        -0.2086569962        -2.4556335034
H44         3.5257522063        -1.5656674066        -1.3747266085
H45         4.0157008470         0.0600602238        -0.7462720714
H46         2.7161581890         1.4676552362         2.7307149667
H47         4.7427720151         2.5488305042         3.5556259043
H48         6.0447899486         4.0653767886         2.0954995733
H49         5.2925787321         4.4962328357        -0.2227341238
H50         3.2710765197         3.4385829465        -1.0899624067
H51        -0.5458089712        -0.3001438761         1.6524252797
H52        -1.7134443096        -0.0755315814         3.7651300489
H53        -1.6361332538         2.0499149596         5.0292045310
H54        -0.3620254657         3.9744481485         4.1331192351
H55         0.8591384620         3.7763782306         2.0168746698
H56        -1.6080396835         1.1679565298        -0.4618681642
H57        -3.3617322274         2.6229568838        -1.3874684006
H58        -2.8383619478         4.9599979584        -2.0246418411
H59        -0.5423616870         5.8408333718        -1.7232794835
H60         1.2226545219         4.4089324568        -0.8012613327
H61         0.1407748406        -0.4505951738        -0.5121710657
H62         0.0795934558        -2.6026716405         0.3307960193
H63         0.8285559919        -4.3152846216         1.9171060077
H64         2.9022857009        -3.9862909056         3.2305637850
H65         4.2457206726        -1.9300092575         2.9214414310
H66         3.5494722827        -0.2342410337         1.3288857951
&

