&zmat
 C2             -2.2549349907            -1.0961711412             1.5116870577
 C1             -1.2074491019            -0.9539479717             0.6797681846
 C3             -0.8566649568             0.2323589849            -0.1718870668
 C4             -1.2309686620             0.3862946353            -1.6926726616
 C5             -2.2800085195            -0.5446914967            -2.3705282552
 C6             -1.7964918609            -2.0053592918            -2.3160238534
 C7             -2.3584906023            -0.1026412317            -3.8465214456
 C8             -3.6748287780            -0.3586417462            -1.6957433090
 C9             -4.7548881312            -1.3059050963            -2.1622170872
 C10            -5.5878777772            -0.9927437923            -3.2540800145
 C11            -6.5713817227            -1.8884962501            -3.6946432751
 C12            -6.7469616888            -3.1176888325            -3.0444704676
 C13            -5.9364692807            -3.4385113912            -1.9464452144
 C14            -4.9548906237            -2.5398035351            -1.5116563889
 O15            -1.6286134177             1.7476981846            -1.6715677591
 P16            -1.4446746143             2.0030449829             0.1756522995
 C17            -3.2306404214             2.4547345784             0.3637116489
 C18            -3.8956563178             3.0649808946            -0.7197806816
 C19            -5.2440515271             3.4246492635            -0.6160512630
 C20            -5.9619296776             3.1452361905             0.5560188702
 C21            -5.3153657480             2.5271948305             1.6332955379
 C22            -3.9540193557             2.2034786513             1.5457636551
 C23            -0.9031459720             2.1083721474             2.0294263148
 C24             0.4513836404             2.8296650873             2.0135764709
 C25             0.2795870419             4.0233079313             1.0544771284
 C26            -0.3221856497             3.4529247029            -0.2313515401
 H28            -2.3972667017            -2.0158380826             2.0860058986
 H29            -3.0069451599            -0.3134360326             1.6436588447
 H27            -0.4987242013            -1.7908729136             0.6052979686
 H30             0.2449845501             0.3477475270            -0.1064254600
 H31            -0.3003564252             0.2655143871            -2.2954244166
 H32            -1.8261656743            -2.4156011039            -1.2947623297
 H33            -0.7589002178            -2.0835698277            -2.6870625354
 H34            -2.4283016495            -2.6486517740            -2.9491328158
 H35            -2.6073123248             0.9688350148            -3.9126488924
 H36            -1.3905337593            -0.2595038077            -4.3544476813
 H37            -3.1217615581            -0.6821962289            -4.3909468357
 H38            -3.5577404711            -0.4743137429            -0.6076696496
 H39            -3.9869359614             0.6829923989            -1.8690128392
 H40            -5.4634037783            -0.0283057980            -3.7583127061
 H41            -7.2069335018            -1.6233636139            -4.5458636017
 H42            -7.5154919632            -3.8181198164            -3.3862718257
 H43            -6.0727710094            -4.3911225231            -1.4241050423
 H44            -4.3287044334            -2.7898655487            -0.6478030197
 H45            -3.3507767380             3.2127493082            -1.6552012732
 H46            -5.7430637647             3.9036350208            -1.4641170021
 H47            -7.0231930651             3.4025628624             0.6260305544
 H48            -5.8681304843             2.2979879642             2.5493825573
 H49            -3.4641632804             1.7408872340             2.4063188511
 H50            -0.8628909129             1.1137243780             2.4999197818
 H51            -1.6167700184             2.7257587179             2.6014426502
 H52             0.7666455396             3.1514767565             3.0211023422
 H53             1.2464013816             2.1598886820             1.6309345510
 H54            -0.4112859967             4.7568724536             1.5087487461
 H55             1.2309700551             4.5478070495             0.8616379214
 H56            -0.9098590898             4.1595707694            -0.8378314809
 H57             0.4471457114             3.0372026093            -0.9033656308
&

