&gen
basis=6-31G**
igeopt=1
dftname=PBE-D3
ifreq=1
&
entry_name: J1_9928_2111.in
&zmat
C1         -1.4929419302        -0.5467656136         1.1361855577
C2         -2.7462126621        -0.6350605703         1.5834534126
C3         -0.9839531619         0.4252685721         0.0889900142
C4         -1.4338643371         0.3234544003        -1.3588463879
C5         -2.2153064794        -0.8801984595        -2.0016230353
C6         -1.4199536143        -2.1842040706        -1.7721921377
C7         -2.2446318164        -0.6109694693        -3.5316540767
C8         -3.6756169427        -1.0295036732        -1.4522756368
C9         -4.6441907640        -1.7384780847        -2.3748298577
C10        -5.4690820249        -0.9982203518        -3.2402690404
C11        -6.3516555206        -1.6523607064        -4.1049886123
C12        -6.4202428600        -3.0478980707        -4.1118585246
C13        -5.6075563531        -3.7918399722        -3.2525089041
C14        -4.7230947470        -3.1421081610        -2.3862526018
O15        -2.1557537410         1.5310377480        -1.3782351858
P16        -1.6313453168         2.1308277887         0.1519600222
C17        -3.3219321743         2.6443288873         0.6113000277
C18        -4.0776656770         3.3838740095        -0.3168469101
C19        -5.3697361260         3.8150916685        -0.0038676594
C20        -5.9199646344         3.5282820675         1.2460516980
C21        -5.1752291564         2.8171444929         2.1879751861
C22        -3.8824168211         2.3840927272         1.8795678117
C23        -0.8941617298         2.6189698247         1.7647301106
C24         0.5729355243         2.9636636000         1.5485144948
C25         0.7535278687         3.4408363002         0.1134173974
C26        -0.6054151740         3.4565267822        -0.5670106915
H27        -0.7503066400        -1.1805491686         1.6116804789
H28        -2.9904549956        -1.3419439034         2.3693978678
H29        -3.5458255516        -0.0533823355         1.1534656308
H30         0.1271123861         0.4416863129         0.1357669947
H31        -0.5147412979         0.4831489978        -1.9715511624
H32        -1.4334634830        -2.4858753266        -0.7055814989
H33        -0.3604203769        -2.0565141734        -2.0828575508
H34        -1.8483979674        -3.0190388555        -2.3654124196
H35        -2.8366800013         0.3023585538        -3.7555776625
H36        -1.2189282776        -0.4652107607        -3.9346222307
H37        -2.6831216712        -1.4647910803        -4.0909043200
H38        -3.6656702255        -1.6171900983        -0.5172964597
H39        -4.0963652685        -0.0318945376        -1.2028766998
H40        -5.4240155752         0.0838283541        -3.2486913124
H41        -6.9818637623        -1.0770482525        -4.7707832175
H42        -7.1039696680        -3.5527015450        -4.7820163926
H43        -5.6635587931        -4.8727119105        -3.2568278195
H44        -4.1048542172        -3.7325253953        -1.7219371849
H45        -3.6663966886         3.6315604906        -1.2872038598
H46        -5.9429300139         4.3764820619        -0.7303456715
H47        -6.9202435713         3.8637617280         1.4875341671
H48        -5.5985242754         2.6039281050         3.1610576230
H49        -3.3301838678         1.8460473218         2.6362530626
H50        -0.9812852061         1.8055068172         2.5151542810
H51        -1.4052646928         3.5224623667         2.1654427281
H52         0.8903781992         3.7511601410         2.2665561639
H53         1.2001423555         2.0624643527         1.7261920944
H54         1.2065743976         4.4556640198         0.0875926641
H55         1.4284018292         2.7423540160        -0.4291033700
H56        -1.1050782332         4.4338222895        -0.3904149745
H57        -0.4790461973         3.3236646984        -1.6627896523
&

