&gen
basis=6-31G**
igeopt=1
dftname=PBE-D3
ifreq=1
&
entry_name: J1_9836_2111.in
&zmat
C1         -0.6689744375        -2.2252993694        -5.2297549286
O2         -0.9985421403        -1.3900922071        -4.1248475774
C3         -2.2796470607        -1.2816037315        -3.5576482236
C4         -3.3738037800        -2.0074214052        -4.0711174405
C5         -4.6349912452        -1.8969030190        -3.4853044725
C6         -4.8233122199        -1.0633886345        -2.3856496523
C7         -3.7517357572        -0.3363192980        -1.8679017297
C8         -2.4699162927        -0.4336311501        -2.4399404754
C9         -1.2986519876         0.3517939601        -1.8588547987
O10        -1.6752129902         1.6776395066        -1.6030587635
P11        -1.2074964815         1.7691520020         0.0523163713
C12        -2.9077046159         2.3392057129         0.4154593532
C13        -3.7828120151         1.6342088916         1.2643514596
C14        -5.0808415112         2.0985895353         1.4959204045
C15        -5.5291895406         3.2659843519         0.8779782009
C16        -4.6813812403         3.9684450289         0.0219187524
C17        -3.3833580171         3.5073087488        -0.2119936044
C18        -0.5756776289         1.7871285447         1.7858488194
C19        -1.1621249934         2.5920904175         2.7919797662
C20        -0.6438946921         2.6115879803         4.0895478982
C21         0.4871007477         1.8615074801         4.4049527523
C22         1.1172720312         1.1083700987         3.4166686554
C23         0.6048850820         1.0842389192         2.1170195604
C24         0.0209286481         3.0545984675        -0.3121844452
C25         1.1739613299         2.7402410139        -1.0522120463
C26         2.1254056158         3.7251409038        -1.3332159646
C27         1.9372555248         5.0317602715        -0.8779702520
C28         0.7974517779         5.3553852540        -0.1392209239
C29        -0.1567756379         4.3740628785         0.1435001549
C30        -0.8102802487         0.0321095744        -0.4520478910
C31        -1.4370431740        -1.1914512667         0.2305723951
C32        -1.8046181021        -1.2249291307         1.5915415178
C33        -2.2977465565        -2.3955037133         2.1763954977
C34        -2.3670965768        -3.5743095570         1.4366038264
C35        -1.9041786288        -3.5928639420         0.1230675666
C36        -1.4114511738        -2.4232839206        -0.4605195585
H37        -1.2528732232        -1.9231264039        -6.1246369230
H38        -0.8724864726        -3.2878008522        -4.9789847723
H39         0.4110308404        -2.1150907145        -5.4571075262
H40        -3.2593151844        -2.6640478532        -4.9223842010
H41        -5.4684446886        -2.4600905439        -3.8850269121
H42        -5.8023970133        -0.9803319290        -1.9316676716
H43        -3.9264637260         0.2950712636        -1.0157314904
H44        -0.4394230750         0.3710891245        -2.5637315181
H45        -3.4836677709         0.7316314956         1.7540082853
H46        -5.7413812697         1.5493863361         2.1544535498
H47        -6.5352010394         3.6224737983         1.0575082457
H48        -5.0316983433         4.8683949319        -0.4667579074
H49        -2.7545616190         4.0577746391        -0.8990597992
H50        -2.0057432407         3.2338093800         2.5897017514
H51        -1.1134225892         3.2231850948         4.8492705469
H52         0.8887368331         1.8822246767         5.4097805457
H53         2.0139837747         0.5505311996         3.6540646168
H54         1.1523529267         0.5233308992         1.3781186573
H55         1.3434357425         1.7370967259        -1.4152095755
H56         3.0099825792         3.4745058063        -1.9043445053
H57         2.6755572715         5.7926347230        -1.0956394800
H58         0.6543447406         6.3670412856         0.2178656095
H59        -1.0231257879         4.6452474419         0.7301000134
H60         0.2857586659        -0.1235692696        -0.4954067301
H61        -1.6981092155        -0.3753793128         2.2338456673
H62        -2.6036186006        -2.3929536885         3.2147911896
H63        -2.7419427803        -4.4811170328         1.8933294174
H64        -1.9055099739        -4.5185820772        -0.4377972625
H65        -0.9921168716        -2.4871677970        -1.4549840110
&

