&gen
basis=6-31G**
igeopt=1
dftname=PBE-D3
ifreq=1
&
entry_name: J1_10333_2111.in
&zmat
C1          1.6119090255         0.2208647485        -4.0607557090
C2          1.1573983222        -0.3948821581        -2.7269989660
C3          1.0630064630        -1.9235065489        -2.8533890982
C4          2.0448360796         0.0485227451        -1.5171828267
C5          3.5063993490        -0.4503173176        -1.6220662159
O6          2.0599790252         1.4517954824        -1.4206171501
P7          1.3549564525         1.6201948400         0.1434945963
C8          2.9048892465         2.3504166818         0.7780715502
C9          3.5522868120         3.3714996006         0.0573041794
C10         4.7527226366         3.9179718071         0.5196897668
C11         5.3271649696         3.4480529445         1.7017763836
C12         4.7036607743         2.4278507730         2.4217775088
C13         3.5039728365         1.8773704979         1.9626886265
C14         0.4800086590         1.7231973593         1.7649347351
C15        -0.4482901635         0.7399498412         2.1733012614
C16        -1.1445007586         0.8665030262         3.3788786201
C17        -0.9592911692         1.9899028795         4.1828855232
C18        -0.0922926719         3.0008039218         3.7730108540
C19         0.6064685145         2.8800961541         2.5695594895
C20         0.0403077631         2.6682141122        -0.5244686335
C21        -1.1480038046         2.0892745939        -1.0003571433
C22        -2.1662944688         2.8924608031        -1.5214965995
C23        -2.0108414171         4.2797343262        -1.5649975243
C24        -0.8394216525         4.8658509215        -1.0801279400
C25         0.1817056820         4.0656677514        -0.5591483620
C26         1.3552909437        -0.1784880857        -0.1711341641
C27         2.1159239013        -1.0249527402         0.8651059839
H28         0.8502739666         0.0208047675        -4.8445466659
H29         1.7205154879         1.3219460098        -3.9680681974
H30         2.5739143917        -0.2129227339        -4.4032547144
H31         0.1255968373        -0.0190367153        -2.5574212358
H32         0.3110946783        -2.1931755446        -3.6254434577
H33         0.7445125682        -2.3783130796        -1.8922849353
H34         2.0393742540        -2.3601576215        -3.1513068517
H35         3.5637170834        -1.5508027125        -1.4926582310
H36         3.9480335982        -0.1845217597        -2.6025058073
H37         4.1448644231         0.0375018471        -0.8559709214
H38         3.1399521316         3.7382460693        -0.8731228026
H39         5.2409571625         4.7032049456        -0.0428881830
H40         6.2568631959         3.8723506034         2.0581906277
H41         5.1493433238         2.0635924636         3.3383582438
H42         3.0351230561         1.0989965175         2.5486050857
H43        -0.6655024923        -0.1242018658         1.5694013981
H44        -1.8414267388         0.0961209584         3.6830796122
H45        -1.5037356164         2.0866471762         5.1132933779
H46         0.0300201167         3.8869424839         4.3823903217
H47         1.2386609875         3.7030971102         2.2653101801
H48        -1.2971024491         1.0199575599        -0.9559920650
H49        -3.0786356782         2.4391677535        -1.8869640232
H50        -2.8010173324         4.9008106188        -1.9665812410
H51        -0.7245171809         5.9418354028        -1.1026948931
H52         1.0668005779         4.5435584563        -0.1672810082
H53         0.3265079355        -0.5684138419        -0.3034564438
H54         2.1601428562        -2.0770490492         0.5142196427
H55         1.5874561142        -1.0192802780         1.8383565907
H56         3.1493394474        -0.6700840958         1.0347978916
&

