&gen
basis=6-31G**
igeopt=1
dftname=PBE-D3
ifreq=1
&
entry_name: J1_10173_2111.in
&zmat
C1          4.7508789976        -1.7764345803         1.6084524778
C2          3.2655040603        -2.0847338719         1.5137214747
O3          2.6117384854        -1.0669955380         0.7634705870
C4          1.2567843341        -1.1331983986         0.4229692878
O5          0.5517797894        -2.0951399638         0.8334233255
C6          0.6250278834        -0.0938247448        -0.4791818266
C7          1.3660438872         0.2570702776        -1.7715215255
C8          2.7241640689        -0.4309510894        -1.9709998655
C9          3.9188712409         0.3138680096        -2.0288129832
C10         5.1472220213        -0.3237910606        -2.2177829405
C11         5.2146507441        -1.7120839973        -2.3641626241
O12         6.4742489941        -2.3040041304        -2.5383692248
C13         6.6916096827        -3.7044605247        -2.6746301802
C14         4.0263441661        -2.4626558021        -2.3294225566
C15         2.7962259746        -1.8272676730        -2.1435088646
C16         0.4759516328         0.1392270071        -3.0479607438
C17         1.1950090159         0.6365205775        -4.3064658262
F18         0.0937242340        -1.1767810967        -3.2428892754
F19        -0.6731401890         0.8940262538        -2.9006265171
O20         1.5363821775         1.6183998258        -1.4477355475
P21         0.8038437601         1.6255439695         0.1147194682
C22         2.3928856505         2.1206645331         0.8848588823
C23         3.1917840295         3.1146322438         0.2856736692
C24         4.4103559524         3.4925557335         0.8558840338
C25         4.8518526901         2.8860488153         2.0318734433
C26         4.0782518307         1.8952823192         2.6361342416
C27         2.8638217969         1.5067002479         2.0645705229
C28        -0.0909102291         1.5726663911         1.7290269320
C29        -1.0040638392         0.5458132021         2.0544295725
C30        -1.6949739496         0.5597661342         3.2697303290
C31        -1.5146608775         1.6092521204         4.1694622213
C32        -0.6560056081         2.6587910491         3.8483811973
C33         0.0372398768         2.6506770228         2.6360155993
C34        -0.4027333158         2.8794797230        -0.3936436390
C35        -0.0657501347         4.2434900114        -0.3983085789
C36        -1.0075620578         5.2033499914        -0.7808216986
C37        -2.2958559338         4.8126744888        -1.1521665496
C38        -2.6474638779         3.4615269033        -1.1319874170
C39        -1.7088558159         2.4993236825        -0.7494366245
H40         4.9082600248        -0.8124366148         2.1335540294
H41         5.1915514134        -1.7129603106         0.5918848300
H42         5.2650025982        -2.5815529669         2.1741117125
H43         2.8305131576        -2.1345761963         2.5351952996
H44         3.1317066600        -3.0664712315         1.0093210845
H45        -0.4378842284        -0.3395556767        -0.6843992937
H46         3.9116337071         1.3906283096        -1.9328748251
H47         6.0545461018         0.2660419953        -2.2498516592
H48         6.1667118846        -4.0864891086        -3.5755748783
H49         6.3323751074        -4.2361397666        -1.7681541247
H50         7.7785313705        -3.8931113781        -2.7900244263
H51         4.0419403023        -3.5381561973        -2.4401425028
H52         1.9005466626        -2.4326767174        -2.1050875569
H53         0.4938692414         0.6218833004        -5.1675931407
H54         2.0573631634        -0.0170454697        -4.5553286224
H55         1.5543485458         1.6775941376        -4.1622311816
H56         2.8889436510         3.5892311283        -0.6373871622
H57         5.0149868044         4.2550097353         0.3820446415
H58         5.7951565788         3.1811520814         2.4728016916
H59         4.4219594029         1.4226938130         3.5471608396
H60         2.2885315712         0.7348324238         2.5574669572
H61        -1.2207050733        -0.2617607881         1.3780650292
H62        -2.3839628821        -0.2404440283         3.5078612206
H63        -2.0545831406         1.6181225848         5.1074537143
H64        -0.5332491079         3.4858260476         4.5357069794
H65         0.6746800178         3.4938626580         2.4042516886
H66         0.9113243358         4.5757076042        -0.0862894214
H67        -0.7402078129         6.2521623729        -0.7818607209
H68        -3.0241122085         5.5574550714        -1.4459829586
H69        -3.6495501887         3.1595377460        -1.4076830012
H70        -2.0064499052         1.4600135925        -0.7211316463
&

