&gen
basis=6-31G**
igeopt=1
dftname=PBE-D3
ifreq=1
&
entry_name: J1_10088_2111.in
&zmat
C1         -6.0305408454         2.5851430133         0.6806457822
C2         -5.0683242921         3.4911906058        -0.0879634643
C3         -3.7997172881         2.7567937000        -0.5487019384
C4         -2.8711061147         2.3902738671         0.6251343511
P5         -1.2192000799         1.6756655418         0.1434432198
C6         -0.5826939007         1.7009840768         1.9133126150
C7         -1.5229530560         1.2106041432         3.0382542756
C8         -0.7910157142         1.0694384149         4.3842722053
C9          0.0001335018        -0.2330360389         4.4942749832
C10         0.1139882281         2.8615957393        -0.3607689018
C11        -0.3455620374         4.3234438011        -0.2614281785
C12         0.7425163609         5.3139942452        -0.7035822684
C13         1.8704913020         5.4474415094         0.3195978055
O14        -1.6591075852         1.4611811702        -1.5114426221
C15        -1.2191914231         0.1359382728        -1.6617741610
C16        -2.2646217727        -0.7291437191        -2.4102326883
C17        -2.5967871746        -0.0969944022        -3.7889889560
C18        -3.1428340254        -1.1086244802        -4.8197244263
C19        -3.8255404528        -2.3029909090        -4.1461717158
C20        -2.8522554318        -3.0703342535        -3.2292735838
C21        -1.7648362716        -2.1742117197        -2.6021419822
C22        -0.9173460455        -0.0918096287        -0.1931705551
C23        -1.7858003746        -1.0767546059         0.5718009083
C24        -3.1084169836        -1.0429123464         0.7019251245
C25        -3.6274637326        -2.1576227909         1.5322975349
C26        -2.3779174666        -2.9096496714         1.9930956148
C27        -1.1913674456        -2.2271843713         1.3097080633
H28        -5.6022019527         2.2995419774         1.6636028257
H29        -6.2558166441         1.6689723820         0.0942686003
H30        -6.9808955316         3.1289698523         0.8647920931
H31        -5.5965705284         3.8749886108        -0.9876165594
H32        -4.7976949253         4.3670929891         0.5407949710
H33        -4.0939813755         1.8394221219        -1.1039335769
H34        -3.2616626181         3.4254159222        -1.2519727295
H35        -2.6952289387         3.3065735011         1.2272727933
H36        -3.4104379330         1.6664682253         1.2602534127
H37        -0.2854980420         2.7350097437         2.1894572382
H38         0.3468201164         1.0958984721         1.9361930701
H39        -2.3198037574         1.9660308212         3.1991204611
H40        -2.0106664419         0.2536169474         2.7870770253
H41        -1.5450844947         1.0802672547         5.2013864400
H42        -0.1117182309         1.9343341538         4.5478237383
H43        -0.6798894165        -1.1049509849         4.3933437404
H44         0.4871650723        -0.2845722163         5.4907019673
H45         0.7908451442        -0.2875126971         3.7185503607
H46         1.0331016702         2.7001231760         0.2391107617
H47         0.4177126801         2.6570531541        -1.4101713739
H48        -0.6666535678         4.5648520943         0.7736488795
H49        -1.2203863370         4.4657927900        -0.9282349072
H50         1.1633479353         5.0104575725        -1.6867737747
H51         0.2740768465         6.3136812205        -0.8340339831
H52         1.4604799570         5.7022047573         1.3199940244
H53         2.5593775794         6.2591598881         0.0042311604
H54         2.4555436958         4.5075641557         0.3884960989
H55        -0.2665981060         0.1419589093        -2.2395763060
H56        -3.2132078582        -0.7557618070        -1.8443535223
H57        -1.6923185450         0.3815306988        -4.2257631046
H58        -3.3489387772         0.7085433025        -3.6370254169
H59        -3.8648175764        -0.5996105171        -5.4942750975
H60        -2.3056689843        -1.4844480558        -5.4486827078
H61        -4.6886133279        -1.9350499758        -3.5484715485
H62        -4.2247008710        -2.9909068100        -4.9224935214
H63        -3.4387412992        -3.5578813644        -2.4199431805
H64        -2.3561602384        -3.8777923396        -3.8106896183
H65        -0.8697303619        -2.1655193321        -3.2632435801
H66        -1.4532788609        -2.6188800464        -1.6369177264
H67         0.1601931205        -0.3294663324        -0.0540495750
H68        -3.7550651794        -0.3010740056         0.2529334490
H69        -4.1946015047        -1.7547676985         2.3986414712
H70        -4.2813311142        -2.8114153703         0.9161790846
H71        -2.4354908598        -3.9807978456         1.7003200537
H72        -2.2750408088        -2.8415020600         3.0983575010
H73        -0.6903312851        -2.9211382300         0.6021996219
H74        -0.4547574935        -1.8651908204         2.0563426071
&

