&gen
basis=6-31G**
igeopt=1
dftname=PBE-D3
ifreq=1
&
entry_name: J1_10011_2111.in
&zmat
C1          1.9247786290         1.5922091156        -4.1002006756
C2          1.3066805620         0.2327975857        -3.8924035213
C3          0.5190146572        -0.2932466915        -4.9332757277
C4         -0.0345821618        -1.5684983407        -4.8371235358
C5          0.1968861775        -2.3446233986        -3.7064062410
C6          0.9564816332        -1.8368600205        -2.6535657608
C7          1.4811951639        -0.5269755786        -2.6956515836
C8          2.2972004844        -0.0448830380        -1.4885972345
C9          3.7400492445        -0.5733891272        -1.5858090049
O10         2.3249799823         1.3569481168        -1.3941426872
P11         1.5135249864         1.5479205918         0.1114146283
C12         2.9962406572         2.3495853960         0.8090445227
C13         3.5611991638         1.9123488006         2.0229814773
C14         4.7100152263         2.5240238345         2.5322409420
C15         5.3135461950         3.5720205875         1.8349103703
C16         4.7690058298         4.0100180802         0.6264004569
C17         3.6194874945         3.4022592584         0.1139432794
C18         0.5377597474         1.6674513270         1.6745349627
C19         0.5980062262         2.8390501317         2.4661394739
C20        -0.1722074966         2.9679074869         3.6242514530
C21        -1.0439037500         1.9489066495         4.0017107590
C22        -1.1605172950         0.8077587324         3.2104695888
C23        -0.3928107347         0.6726217614         2.0500313561
C24         0.2234279874         2.5310996784        -0.6871622146
C25        -0.8251961468         1.8904686556        -1.3681263724
C26        -1.8099603746         2.6416870802        -2.0153904480
C27        -1.7587375683         4.0371149466        -1.9854846348
C28        -0.7225351613         4.6829931376        -1.3070068011
C29         0.2662795053         3.9351300540        -0.6611625257
C30         1.5705947590        -0.2543273875        -0.1586970953
C31         2.3245454389        -1.0443562832         0.9233766086
H32         1.3656256704         2.3548852016        -3.5193770650
H33         2.9927518457         1.5841669890        -3.7990544843
H34         1.8968581305         1.8928034616        -5.1692897938
H35         0.3438793701         0.2800860503        -5.8354938012
H36        -0.6296590860        -1.9628733865        -5.6507423071
H37        -0.2129562887        -3.3445153742        -3.6444398122
H38         1.1303879235        -2.4707169661        -1.7928658722
H39         4.1611185807        -0.3453911250        -2.5880542231
H40         4.3961795797        -0.0835478499        -0.8359162635
H41         3.7643042406        -1.6740118247        -1.4406478275
H42         3.1021189632         1.1166193700         2.5928821822
H43         5.1308596441         2.1866771246         3.4705974114
H44         6.2035399001         4.0440392033         2.2305088296
H45         5.2403156929         4.8189430855         0.0833220191
H46         3.2251332783         3.7477284610        -0.8326895138
H47         1.2346994784         3.6676956643         2.1894985563
H48        -0.1003311907         3.8661837049         4.2238448183
H49        -1.6432356959         2.0517569356         4.8970713077
H50        -1.8585708341         0.0288817774         3.4894966364
H51        -0.5574297238        -0.2096654541         1.4572930745
H52        -0.8825643197         0.8118884803        -1.4056594035
H53        -2.6126949269         2.1413149217        -2.5413387391
H54        -2.5224086704         4.6177157871        -2.4865358957
H55        -0.6853232968         5.7643566937        -1.2812491300
H56         1.0532347765         4.4560068015        -0.1357787152
H57         0.5552101193        -0.6690530352        -0.3076233729
H58         1.7752305871        -1.0055697297         1.8849125134
H59         3.3488230590        -0.6619200278         1.0929736254
H60         2.3935709874        -2.1090021338         0.6174717565
&

