&zmat
 C6             -0.1654747649             2.0810296236             2.9846696864
 O5             -0.9861879988             1.8318943658             1.8478507048
 C4             -0.9114046733             0.4892859365             1.3710758834
 O3             -2.0073213220             0.2864983825             0.5103254044
 C2             -1.6350954203             0.8759149260            -0.7503081882
 C1             -1.9268918232             2.3825957091            -0.7596683789
 O14            -1.3468162737             3.1717474998            -1.4877554714
 C8             -0.1428237186             0.5575831250            -0.9445450025
 O9              0.0130942754            -0.6852964000            -1.6280207033
 C10             0.8963315719            -1.5105149034            -0.8525678979
 C11             0.4274791910            -2.9528518105            -0.9731903400
 C12             2.3500196327            -1.2938314949            -1.2905646627
 O13             0.7196967666            -1.0948355939             0.5136696217
 C7              0.3533359783             0.2801537051             0.5039264544
 H18            -0.3554862732             3.1202780615             3.2891497170
 H19             0.9157350164             1.9681832172             2.7688601404
 H20            -0.4238134656             1.4048105967             3.8245332815
 H17            -0.9818266298            -0.2391513642             2.2020649436
 H16            -2.2418765831             0.3936725486            -1.5377358956
 H15            -2.7343564584             2.6906783015            -0.0480393795
 H22             0.3776137301             1.3818880535            -1.4622359064
 H23             1.0522414806            -3.6101699410            -0.3502042196
 H24            -0.6171386246            -3.0161808470            -0.6363390553
 H25             0.4938509276            -3.2869030798            -2.0193358559
 H26             2.6313666918            -0.2342984019            -1.1798267809
 H27             2.4759006866            -1.5761773005            -2.3470558458
 H28             3.0313695446            -1.9010539417            -0.6747792845
 H21             1.1902001117             0.9323859256             0.8153897281
&

