&gen
basis=6-31G**
igeopt=1
dftname=PBE-D3
ifreq=1
&
entry_name: J1_10457_2111.in
&zmat
C1         -3.7455438475        -2.2892803989        -2.4554209290
C2         -2.8412284168        -1.2771417291        -1.8245070087
C3         -1.5320809218        -1.2553165453        -2.1105489161
C4         -0.5678335548        -0.2590738557        -1.5140854751
O5         -1.0509146357         1.0535909399        -1.6157444420
P6         -0.9248049073         1.4837246879         0.0485614476
C7         -2.7071654687         1.8326567228         0.1437943633
C8         -3.3169461805         2.6922301247        -0.7875520474
C9         -4.6946591993         2.9244507924        -0.7435077696
C10        -5.4835148663         2.2818288503         0.2123835031
C11        -4.8982117680         1.3918581897         1.1145822330
C12        -3.5212673332         1.1565353267         1.0735151779
C13        -0.7307543707         1.8408183049         1.8603930985
C14        -0.9023446749         3.1546330388         2.3549995549
C15        -0.7761143803         3.4418572613         3.7164985849
C16        -0.5153055109         2.4213670458         4.6262715528
C17        -0.4114862502         1.1074261759         4.1786094740
C18        -0.5377369207         0.8142361725         2.8178617854
C19         0.2457647854         2.7987003068        -0.4501666257
C20        -0.1936784488         4.1237919021        -0.6451653419
C21         0.6918126200         5.1173651623        -1.0718789299
C22         2.0204828054         4.7987568152        -1.3491003652
C23         2.4587628044         3.4814101443        -1.2203531708
C24         1.5759504435         2.4857809724        -0.7918074435
C25        -0.4580355121        -0.2861544959        -0.0126778114
C26         0.9388106051        -0.6077627349         0.4830014417
C27         1.4511458013        -1.8495992180         0.5095136775
C28         0.6810496364        -3.0786803558         0.0996959658
C29         1.6028295092        -4.2583802590        -0.0609365069
C30         2.3803667609        -4.4646509235        -1.1405809590
C31         2.3831746109        -3.5855783737        -2.3667038509
C32         1.3337920557        -4.0615465916        -3.3783656472
C33         1.3088218956        -3.1510991691        -4.6153538817
C34         0.3760854709        -3.6796162171        -5.7168354743
C35        -1.1029337886        -3.4840258894        -5.3854778918
H36        -3.4104341435        -3.3140451303        -2.1890426583
H37        -4.7836228393        -2.1436508834        -2.0902119727
H38        -3.7326374979        -2.1723654336        -3.5597542571
H39        -3.2655798047        -0.5623783675        -1.1308938515
H40        -1.1332734588        -1.9764739445        -2.8153471917
H41         0.4216060441        -0.3316770885        -2.0191850093
H42        -2.7378086565         3.1599845802        -1.5712757187
H43        -5.1531398162         3.5924469197        -1.4611617703
H44        -6.5507331112         2.4594435636         0.2420432993
H45        -5.5133669199         0.8751435986         1.8398338392
H46        -3.0966828366         0.4369207049         1.7599321984
H47        -1.1742634665         3.9679235110         1.7090652939
H48        -0.8999281555         4.4581410908         4.0681145647
H49        -0.4239903341         2.6445651630         5.6814089179
H50        -0.2513184373         0.3079153090         4.8906707839
H51        -0.5188831925        -0.2276674382         2.5514041985
H52        -1.2176896115         4.4069407456        -0.4611136027
H53         0.3436479284         6.1347079732        -1.1959779530
H54         2.7041315952         5.5677031780        -1.6849357681
H55         3.4801972506         3.2261902023        -1.4718234583
H56         1.9364942081         1.4732568724        -0.7795520909
H57        -1.2353693259        -0.9171869196         0.4709795824
H58         1.5372173483         0.1803167029         0.9257598095
H59         2.4540823585        -1.9742832983         0.9105013833
H60         0.1290670838        -2.9143767033        -0.8424917504
H61        -0.0643682976        -3.3060562683         0.8909266217
H62         1.6563929634        -4.9727897599         0.7554725294
H63         3.0233939732        -5.3400195403        -1.1489940388
H64         3.3895896118        -3.6476655486        -2.8342080420
H65         2.2125264858        -2.5216320421        -2.0970795064
H66         0.3328380539        -4.0676182357        -2.8993477059
H67         1.5775132657        -5.1017029496        -3.6884761618
H68         1.0066984847        -2.1211128044        -4.3236510877
H69         2.3363740185        -3.0930058464        -5.0368084989
H70         0.5948906076        -3.1294906243        -6.6576705484
H71         0.5766042448        -4.7566407062        -5.9056093312
H72        -1.3236732285        -2.4075184255        -5.2257474990
H73        -1.3871509962        -4.0606068956        -4.4811908047
H74        -1.7211002954        -3.8446878334        -6.2342937001
&

