&zmat
 O1             -1.3011558712             0.9742806423             3.5862013312
 C2             -0.4367491777            -0.1801786781             3.3151916922
 C3              0.6005513936             0.1116961124             2.2936996288
 P4              0.2528679533             0.1175266096             0.6242053815
 C5             -0.7755600975             1.4330524974            -0.2059703599
 C6             -1.7065530508             2.1268394561             0.5888791637
 C7             -2.5256419603             3.1052867880             0.0077410621
 C8             -2.4156726830             3.4035284009            -1.3581150476
 C9             -1.4796525647             2.7212862150            -2.1502620649
 C10            -0.6620221697             1.7373000523            -1.5783491594
 C11             1.8285278623             0.1908610613            -0.3111142782
 C12             2.4694231134             1.4330723013            -0.4890397897
 C13             3.7128918574             1.4976012088            -1.1321143903
 C14             4.3171796027             0.3286665242            -1.6163937159
 C15             3.6770613193            -0.9082700398            -1.4504050483
 C16             2.4403326755            -0.9795146182            -0.7965059623
 C17            -0.6115483474            -1.4419406949             0.1673728050
 C18            -0.2319689944            -2.6163968073             0.8493989451
 C19            -0.8139655719            -3.8453791354             0.5145228774
 C20            -1.7763419745            -3.9126394891            -0.5032730982
 C21            -2.1605438387            -2.7467343477            -1.1803127561
 C22            -1.5838240969            -1.5138769096            -0.8472834272
 H23            -1.9842992687             0.6684850582             4.2156320147
 H24            -1.0668055405            -1.0368470562             2.9929183970
 H25             0.0608630681            -0.4801727413             4.2615671499
 H26             1.4389898547             0.7594638883             2.5691644846
 H27            -1.7677991896             1.8942113686             1.6621891660
 H28            -3.2507310585             3.6423309514             0.6276939726
 H29            -3.0530140857             4.1724716434            -1.8058462617
 H30            -1.3854759585             2.9565520980            -3.2153394305
 H31             0.0688027110             1.2075055706            -2.1986832710
 H32             1.9880008700             2.3498574945            -0.1350389871
 H33             4.2067216697             2.4654590507            -1.2616643930
 H34             5.2834895411             0.3820683811            -2.1269033063
 H35             4.1414129378            -1.8225136257            -1.8325071595
 H36             1.9453601774            -1.9462622676            -0.6656320209
 H37             0.5169233965            -2.5366874871             1.6449830771
 H38            -0.5154377678            -4.7521805817             1.0496066997
 H39            -2.2296302704            -4.8733698919            -0.7669097717
 H40            -2.9172013528            -2.7954628652            -1.9694669378
 H41            -1.8939999177            -0.6059120968            -1.3717758140
&

