&gen
basis=6-31G**
igeopt=1
dftname=PBE-D3
ifreq=1
&
entry_name: J1_7947_2111.in
&zmat
O1         -0.3544571477         0.2545389098         4.3328566484
C2         -0.4345278808        -0.3432492672         3.0697822124
C3          0.1131627437         0.5934644511         2.0355781960
P4          0.0952171708         0.2292973971         0.4394145424
C5         -0.8497194881         1.4864296429        -0.4429125475
C6         -1.8833083036         2.1837137064         0.2040340799
C7         -2.6428497619         3.1259858437        -0.4960421218
C8         -2.3859777899         3.3679157709        -1.8479569379
C9         -1.3736748680         2.6623115508        -2.5033938125
C10        -0.6123777656         1.7190012958        -1.8066134958
C11         1.7845769010         0.2329914071        -0.1997469746
C12         2.7435882209         1.1160163229         0.3232508757
C13         4.0381757263         1.1443239216        -0.2045739222
C14         4.3798263890         0.3057501683        -1.2683859431
C15         3.4243516775        -0.5560979248        -1.8120417850
C16         2.1291927795        -0.5871389377        -1.2868402280
C17        -0.6550059674        -1.3924281479         0.1796482288
C18         0.0731696204        -2.5557195562         0.4744049342
C19        -0.5110661605        -3.8144700097         0.3064071605
C20        -1.8290455287        -3.9195030669        -0.1455090603
C21        -2.5656008685        -2.7652869893        -0.4249155722
C22        -1.9841994882        -1.5045725996        -0.2580429813
H23        -0.7294625189        -0.4046324487         4.9730829160
H24        -1.4972643629        -0.5727457240         2.8327581988
H25         0.1594803247        -1.2832704316         3.0652459687
H26         0.4756753279         1.5687164024         2.3445318857
H27        -2.1080595002         1.9967347307         1.2459899606
H28        -3.4346892003         3.6645474644         0.0083243346
H29        -2.9760047631         4.0961414683        -2.3892197723
H30        -1.1823806657         2.8422146515        -3.5533907505
H31         0.1561315144         1.1712377565        -2.3346696239
H32         2.4958460751         1.7867806571         1.1341465244
H33         4.7751584676         1.8215001716         0.2074709606
H34         5.3815844055         0.3306955683        -1.6773766528
H35         3.6851225492        -1.1953711953        -2.6455630169
H36         1.3963057432        -1.2445079599        -1.7358848357
H37         1.0915440910        -2.4877279509         0.8356737193
H38         0.0566775130        -4.7082706838         0.5303474149
H39        -2.2811559891        -4.8944438576        -0.2738827310
H40        -3.5891001863        -2.8473290964        -0.7672142573
H41        -2.5748590355        -0.6235434116        -0.4687717392
&

