&zmat
 O17             -2.6689094471            -0.1564264635            -2.6249918042
 C1              -3.3395810827            -0.2699554999            -1.6055598177
 C2              -3.0408099633            -1.3525112989            -0.5820458919
 O3              -1.9329802517            -2.1189172236            -0.9948437208
 C4              -2.8620280979            -0.7475962036             0.8328465618
 C5              -1.8699935775             0.4279626052             0.9356871666
 O6              -1.8984966282             0.9898410374             2.2551422426
 C7              -0.4185433387             0.0363008690             0.6653057914
 C8               0.5133579505             1.2624148154             0.5923204580
 C9               1.9386236618             0.8778981933             0.2786606597
 C10              2.9015281299             0.7931210096             1.3019270715
 C11              4.2242309833             0.4074453952             1.0623041220
 C12              4.6059676240             0.0947246074            -0.2470835322
 Cl13             6.2605283278            -0.3881919311            -0.5817690465
 C14              3.6892770139             0.1600350219            -1.3019922373
 C15              2.3724397018             0.5456325160            -1.0218078787
 Cl16             1.2444495863             0.6112771652            -2.3740401751
 H18             -4.2072778486             0.4037265104            -1.3905518365
 H19             -3.9590896772            -1.9873582925            -0.5448204549
 H20             -1.6961547283            -1.7468587199            -1.8779271830
 H21             -2.5569963735            -1.5551275216             1.5194582468
 H22             -3.8563173195            -0.3973000757             1.1733802030
 H23             -2.1651862157             1.2013153585             0.1860271344
 H24             -2.7939294078             1.3464212476             2.4009167734
 H25             -0.3736332530            -0.5404526646            -0.2699223508
 H26             -0.0881714855            -0.6428004329             1.4717917173
 H27              0.1363425846             1.9528220818            -0.1838576147
 H28              0.4755787841             1.8019924616             1.5521682624
 H29              2.5947305261             1.0409751735             2.3233597657
 H30              4.9510032477             0.3516066660             1.8754707392
 H31              3.9909095349            -0.0841003350            -2.3217283419
&

