&gen
basis=6-31G**
igeopt=1
dftname=PBE-D3
ifreq=1
&
entry_name: J1_10378_2111.in
&zmat
C1         -1.2504781332        -2.4888464135         0.7280581570
C2         -1.7096244450        -1.0328161855         0.7308142000
C3         -0.7576003058        -0.1311517442        -0.0884739589
C4         -0.9818488466        -0.0362043316        -1.5841106787
C5         -2.0734855206        -0.8868467630        -2.2063960813
C6         -1.7298939198        -2.1029947381        -2.8219208170
C7         -2.7155136552        -2.9101358250        -3.3975820164
C8         -4.0529830589        -2.5091037337        -3.3706641700
C9         -4.4066432495        -1.2987185293        -2.7704809715
C10        -3.4245713101        -0.4882630704        -2.1938107272
O11        -1.3084056233         1.3287146119        -1.6061684872
P12        -1.0998530121         1.6592856685         0.0721770817
C13        -2.8357581405         2.2073899393         0.1709226949
C14        -3.7325142383         1.6389683188         1.0958472067
C15        -5.0687307439         2.0470597977         1.1311428077
C16        -5.5282628396         3.0197651863         0.2415592517
C17        -4.6516148424         3.5866566405        -0.6851177426
C18        -3.3143391822         3.1824995894        -0.7233311330
C19        -0.7565676397         1.9306250653         1.8673209886
C20         0.1710321119         1.1288782107         2.5702686673
C21         0.4599627822         1.3742110202         3.9156694835
C22        -0.1405315872         2.4417067838         4.5800265243
C23        -1.0179603882         3.2791508475         3.8948856952
C24        -1.3115621657         3.0393844779         2.5503792305
C25         0.2097430127         2.8546874976        -0.2867558157
C26         1.5045157743         2.4040159964        -0.5928639554
C27         2.5232375209         3.3192084762        -0.8736890250
C28         2.2585322507         4.6904573607        -0.8521713950
C29         0.9742547483         5.1483673039        -0.5491819115
C30        -0.0474271615         4.2364341836        -0.2685650520
H31        -1.2299079308        -2.8999148280        -0.2992478722
H32        -1.9512013688        -3.0991648616         1.3358027027
H33        -0.2352387937        -2.5716676216         1.1712735249
H34        -1.7099782126        -0.7017062091         1.7886392076
H35        -2.7552641236        -0.9705874637         0.3693402521
H36         0.3070051547        -0.3724544087         0.1050913851
H37        -0.0230592748        -0.1787677568        -2.1318109272
H38        -0.6977924325        -2.4302662290        -2.8488047123
H39        -2.4418240747        -3.8475320367        -3.8642754319
H40        -4.8149848458        -3.1353373568        -3.8162996810
H41        -5.4431186650        -0.9874289687        -2.7519954117
H42        -3.7244201753         0.4427317883        -1.7367516288
H43        -3.4005559829         0.8999065873         1.8088588146
H44        -5.7481467996         1.6099592758         1.8513801716
H45        -6.5637365687         3.3333899713         0.2696121124
H46        -5.0096935930         4.3359570234        -1.3791708133
H47        -2.6584242675         3.6188482430        -1.4649959778
H48         0.6953787426         0.3165725685         2.0983063351
H49         1.1627536205         0.7403335699         4.4410736936
H50         0.0889879371         2.6312591739         5.6206215220
H51        -1.4640025935         4.1245060797         4.4028533690
H52        -1.9673085704         3.7365897118         2.0487105131
H53         1.7304662389         1.3472506564        -0.6155126087
H54         3.5186424068         2.9647758280        -1.1081954411
H55         3.0484668448         5.3978583881        -1.0689335440
H56         0.7704582534         6.2111561825        -0.5292182281
H57        -1.0292366908         4.6147127578        -0.0244174741
&

