&gen
basis=6-31G**
igeopt=1
dftname=PBE-D3
ifreq=1
&
entry_name: J1_10148_2111.in
&zmat
C1          1.1022724325       -10.0193170349        -1.4919215740
C2          1.8400906815        -9.1615900220        -0.4636678951
C3          1.9499478877        -7.6861476375        -0.8900562922
C4          0.6380996577        -6.8960377140        -0.7215670322
C5          0.3317744615        -6.5336311437         0.7529864604
C6          0.5437291535        -5.0420376222         1.1055446563
C7          2.0199459383        -4.6142298303         0.9445701079
C8          2.2009227472        -3.1268603406         1.2672136498
C9          1.2406317186        -2.2638536373         0.4779564948
C10         1.3947844891        -0.9220257831         0.5241314506
C11         0.5215869256         0.0572771017        -0.2353633316
C12         0.8792141268         0.2942096455        -1.6917430232
C13         1.9836345897        -0.5280578393        -2.3177444123
C14         2.3917782042        -0.2679340197        -3.5650345713
C15         3.5130986247        -1.0555235887        -4.1794530893
O16         4.0019193249        -0.4229964807        -5.3420006677
C17         4.8680367026        -0.4425468284        -4.2297110812
C18         5.0638186656         0.9589373195        -3.6259560919
C19         6.4377802683         1.5450386225        -3.9744927164
C20         7.5683009309         0.8971697075        -3.1646013960
C21         8.8763604361         1.5471242394        -3.4852584823
O22         9.5874875133         1.0951514223        -4.4240765503
O23         9.2757174467         2.6786139927        -2.7682901487
C24        10.4931302866         3.3639011796        -3.0351545501
O25         1.2921437654         1.6305242349        -1.5347127395
P26         0.8852564750         1.8005251210         0.1274252272
C27         2.5769410525         2.3710767523         0.5242332907
C28         3.6948865879         1.6561968220         0.0567524578
C29         4.9915341743         2.0867314033         0.3507602981
C30         5.1909392346         3.2288775963         1.1271475413
C31         4.0931827472         3.9343056785         1.6222224394
C32         2.7948868299         3.5073779283         1.3292762635
C33         0.3368825428         1.7203287092         1.8972603607
C34         1.2355957742         1.3540642391         2.9303041198
C35         0.8094838660         1.2440479585         4.2561635876
C36        -0.5260013307         1.4625108352         4.5832898429
C37        -1.4418165362         1.7725350772         3.5812165659
C38        -1.0222468459         1.8839480817         2.2526629345
C39        -0.3122942591         3.0734060585        -0.3859174408
C40        -1.5514527774         2.6840296167        -0.9309258688
C41        -2.4617427331         3.6411014007        -1.3871252403
C42        -2.1332038059         4.9963482599        -1.3404420440
C43        -0.8862468656         5.3933294651        -0.8553222223
C44         0.0266503344         4.4383473850        -0.3970225188
C45         0.2102134823        -2.9521824375        -0.3986018097
C46        -0.4585736457        -4.1063559780         0.3623794268
H47         1.5826853781        -9.9301878182        -2.4894037020
H48         1.1400092993       -11.0837866236        -1.1781055503
H49         0.0369584066        -9.7203127709        -1.5677080186
H50         1.3368064584        -9.2532821453         0.5217531794
H51         2.8678625381        -9.5696391215        -0.3504744835
H52         2.2712495706        -7.6343725478        -1.9533485668
H53         2.7514021690        -7.2004633464        -0.2931195544
H54        -0.2089366886        -7.4786868249        -1.1394353723
H55         0.7030905506        -5.9787900452        -1.3443022623
H56         0.9402760612        -7.1505517913         1.4489744968
H57        -0.7284888363        -6.7924300437         0.9683014658
H58         0.3159884097        -4.9530487435         2.1925965806
H59         2.3691849742        -4.7936757894        -0.0946295936
H60         2.6614001058        -5.2146658369         1.6258436480
H61         2.0316779278        -2.9598288148         2.3533227768
H62         3.2477157552        -2.8373651943         1.0279147680
H63         2.1926089112        -0.5284914286         1.1422476246
H64        -0.5601684954        -0.1361164110        -0.0773675933
H65        -0.0339681128         0.2535607373        -2.3258392837
H66         2.4660839959        -1.3319795945        -1.7734291730
H67         1.9308329267         0.5369088815        -4.1324867217
H68         3.4159805721        -2.1517930340        -4.3248617342
H69         5.7193094822        -1.1402856644        -4.3706205470
H70         4.9520570639         0.8980744234        -2.5240855089
H71         4.2850087528         1.6579681444        -4.0037251773
H72         6.6308540781         1.4274277435        -5.0639341028
H73         6.4174429525         2.6344380570        -3.7491243253
H74         7.6350973896        -0.1882868114        -3.3894474358
H75         7.3678403481         1.0123507269        -2.0776290682
H76        10.5881924603         4.2225296530        -2.3392950307
H77        10.4942605024         3.7443715163        -4.0785861089
H78        11.3553102592         2.6803851746        -2.8836574001
H79         3.5706262474         0.7589405155        -0.5284633051
H80         5.8426139282         1.5300235148        -0.0191706503
H81         6.1957429032         3.5591595264         1.3566386309
H82         4.2476924133         4.8067967462         2.2437578943
H83         1.9638599929         4.0421140931         1.7684525542
H84         2.2748464692         1.1409305488         2.7294141827
H85         1.5172058351         0.9773611871         5.0305848953
H86        -0.8549957515         1.3724363461         5.6104767790
H87        -2.4855560014         1.9135258343         3.8313673997
H88        -1.7839667965         2.0765136052         1.5191372586
H89        -1.8235576478         1.6394028896        -0.9898899182
H90        -3.4197341946         3.3305162259        -1.7836576360
H91        -2.8365173915         5.7371334949        -1.6982217014
H92        -0.6186333114         6.4421410269        -0.8509740746
H93         1.0008926375         4.7783573467        -0.0937702616
H94        -0.5841791320        -2.2662429823        -0.7529896345
H95         0.7213614791        -3.3520292158        -1.3004861399
H96        -1.1576677621        -3.6674106569         1.1086194230
H97        -1.0918902166        -4.6755080746        -0.3522643954
&

