&gen
basis=6-31G**
igeopt=1
dftname=PBE-D3
ifreq=1
&
entry_name: J1_10062_2111.in
&zmat
C1         -2.3643511057        -1.1272534221         1.4396861332
C2         -1.3699939235        -1.2459451375         0.5498437169
C3         -0.7683627852        -0.0945875691        -0.2555847550
C4         -1.2417611395         0.1027306363        -1.6795125184
C5         -2.3951712249        -0.7719036146        -2.2457605596
C6         -3.7908145832        -0.4413608769        -1.6524511687
C7         -4.6048839627         0.6224176761        -2.4168863033
C8         -5.6180340249        -0.0036760368        -3.3914678267
C9         -4.9962137087        -0.5251271009        -4.6940570705
C10        -3.8754995278        -1.5463160950        -4.4771630540
S11        -2.3150364179        -0.6858086228        -4.0837368449
O12        -1.6131912903         1.4525738286        -1.5342192344
P13        -1.1552652354         1.6540996272         0.1181756183
C14        -2.8172580063         2.3916173198         0.4449301559
C15        -0.5549444270         1.5968742008         1.8632847442
C16         0.8172305301         1.3585566125         2.1017997092
C17         1.3206516502         1.2684686080         3.4013476872
C18         0.4652467949         1.3971951350         4.4931907133
C19        -0.8970684976         1.6052597926         4.2863571049
C20        -1.4085446439         1.6961538031         2.9883433645
C21         0.0642749767         2.9270442759        -0.3119194526
C22         1.1545722872         2.6151434849        -1.1431835234
C23         2.0933604873         3.5957088981        -1.4764095272
C24         1.9532060553         4.8954194006        -0.9853053211
C25         0.8741603852         5.2161353428        -0.1588255626
C26        -0.0674336507         4.2387656966         0.1768151329
Si27        -0.5890323605        -2.9285386424         0.3650967082
C28         0.6812191253        -2.9576624225        -1.0077616101
C29         0.2571787732        -3.3682060689         1.9699058142
C30        -1.8991984433        -4.2110183728        -0.0013532068
H31        -2.7164940219        -1.9863996291         2.0019215176
H32        -2.8517952535        -0.1942885754         1.6411610344
H33         0.3361578518        -0.2041312554        -0.2442096273
H34        -0.3614543388         0.0374552611        -2.3577633315
H35        -2.1666706049        -1.8262379051        -1.9966546740
H36        -3.6742819529        -0.0967008639        -0.6140091324
H37        -4.3771342635        -1.3806787234        -1.5571263356
H38        -5.1855822784         1.2084710685        -1.6709121574
H39        -3.9466103029         1.3486588472        -2.9401512902
H40        -6.3638889093         0.7748816933        -3.6628428672
H41        -6.1822828086        -0.8208792586        -2.8910459339
H42        -4.6198706766         0.3293085478        -5.2983723249
H43        -5.8025972506        -1.0101322001        -5.2860215970
H44        -4.1453435590        -2.3027076173        -3.7107410445
H45        -3.7132814489        -2.0926838494        -5.4301197694
H46        -3.2373626061         2.8363312131        -0.4815140828
H47        -3.5509389282         1.6576455579         0.8170522397
H48        -2.7461425312         3.2285412071         1.1667783538
H49         1.5081570906         1.2348026899         1.2794069632
H50         2.3765622840         1.0919027363         3.5607523293
H51         0.8560313913         1.3238631148         5.4998399798
H52        -1.5634471135         1.6854833818         5.1356606862
H53        -2.4751802700         1.8163902342         2.8973337986
H54         1.2873515942         1.6149333985        -1.5298003100
H55         2.9311008173         3.3469843025        -2.1149893846
H56         2.6815078710         5.6532674387        -1.2434677814
H57         0.7681181928         6.2228179520         0.2243620634
H58        -0.8865669632         4.5090482698         0.8269298996
H59         1.5143725205        -2.2678850111        -0.7630433977
H60         1.0808233683        -3.9868646986        -1.1138353876
H61         0.2101257299        -2.6480959799        -1.9625638707
H62         1.0278049609        -2.6039891896         2.2002488783
H63         0.7380534774        -4.3631694560         1.8740808043
H64        -0.4912302331        -3.3959650102         2.7881606088
H65        -2.6377443112        -4.2368636988         0.8254877338
H66        -2.4168812942        -3.9630263361        -0.9495426380
H67        -1.4203178022        -5.2070772970        -0.0953914437
&

