&gen
basis=6-31G**
igeopt=1
dftname=PBE-D3
ifreq=1
&
entry_name: J1_10297_2111.in
&zmat
C1          4.8593806862        -2.5647415168        -1.5054070608
Si2          3.7640893749        -2.4994642199        -3.0484543912
C3          3.4685040097        -4.2417107256        -3.7312851416
C4          4.5721083498        -1.4051662634        -4.3655845812
C5          2.1552841415        -1.7464072422        -2.5685405925
C6          1.1528494016        -1.1510672316        -2.1763608610
C7         -0.0057671009        -0.4134464746        -1.6460025200
O8          0.1099435018         1.0048185144        -1.7223342108
P9          0.7204620889         1.1598621963         0.0546470652
C10         2.4960388496         1.3443427319        -0.5328629776
C11         3.6019831289         1.1496443846         0.3199486557
C12         4.9110603934         1.3214397497        -0.1517353176
C13         5.1433568786         1.7164904306        -1.4752613063
C14         4.0515711856         1.9158968252        -2.3322024652
C15         2.7443239922         1.7105896036        -1.8742110032
C16         1.1778405090         1.1192697461         1.9211863412
C17         1.5237928476         2.3121963318         2.5970804713
C18         1.9565640410         2.3038405833         3.9280923873
C19         2.0691222674         1.0930786903         4.6247897057
C20         1.7604572227        -0.1042968479         3.9699898918
C21         1.3284700587        -0.0866552712         2.6350003723
C22        -0.1673946733         2.7934254881         0.1318383246
C23        -1.0585628380         3.0978256169         1.1792747389
C24        -1.7564755415         4.3116273475         1.1922467719
C25        -1.5517212070         5.2506764522         0.1731220518
C26        -0.6557642535         4.9620589883        -0.8650729666
C27         0.0211893204         3.7360451838        -0.8955634554
C28        -0.1402546758        -0.5541838846        -0.1087883362
C29        -1.6135986357        -0.7369522866         0.3454848807
C30        -1.7972062336        -0.8587288296         1.8723469346
C31        -3.2492579462        -1.2056438569         2.2426919739
C32        -4.2399842091        -0.1919069681         1.6505086147
C33        -4.0607450810        -0.0781522337         0.1286858191
C34        -2.6128328155         0.2875678933        -0.2340311452
H35         4.4080382439        -3.1978060883        -0.7244793667
H36         4.9914776309        -1.5526977168        -1.0892850050
H37         5.8547539785        -2.9751505376        -1.7460050615
H38         2.9835687807        -4.8853650258        -2.9799892469
H39         4.4227579216        -4.7144707136        -4.0200021613
H40         2.8192070696        -4.2115511694        -4.6213808704
H41         3.9384733538        -1.3286388122        -5.2637535173
H42         4.7268082364        -0.3890419134        -3.9680959984
H43         5.5518219616        -1.8115990378        -4.6689462697
H44        -0.9204273491        -0.7538606590        -2.1744556230
H45         3.4544628233         0.8533756185         1.3587047209
H46         5.7514562980         1.1486947474         0.5273823712
H47         6.1656407094         1.8600049527        -1.8381394398
H48         4.2146736267         2.2132959469        -3.3729645859
H49         1.8960974757         1.7808521051        -2.5582756384
H50         1.4599933928         3.2684823187         2.0698074960
H51         2.2104901011         3.2474928042         4.4213273916
H52         2.4036819065         1.0831921885         5.6664826093
H53         1.8578877794        -1.0599404731         4.4946714162
H54         1.1203540723        -1.0425623346         2.1496225914
H55        -1.2004568514         2.3877331591         1.9986145420
H56        -2.4539550986         4.5254633832         2.0076519071
H57        -2.0867416683         6.2050417683         0.1889339737
H58        -0.4858665393         5.6916627457        -1.6629085232
H59         0.7014503358         3.5124676625        -1.7200079581
H60         0.4689779041        -1.3685762148         0.3175096511
H61        -1.8913405432        -1.7275403009        -0.0798008239
H62        -1.1129606181        -1.6254228044         2.2773361195
H63        -1.5113053156         0.0920432714         2.3594545215
H64        -3.4902536349        -2.2155681404         1.8564557561
H65        -3.3543745545        -1.2576028151         3.3407851906
H66        -5.2778245159        -0.4736800675         1.9015730025
H67        -4.0633497070         0.8005481215         2.1102183393
H68        -4.7527025449         0.6754455704        -0.2864995681
H69        -4.3301342797        -1.0440369296        -0.3429008819
H70        -2.3896914549         1.2883446596         0.1700572842
H71        -2.4961799496         0.3763305881        -1.3267418259
&

