&zmat
 C3             -2.8001550328            -2.4365733374             1.9245549293
 C2             -2.3321399709            -1.3126809814             1.0504615314
 C1             -1.0982115694            -1.2107960045             0.5179647017
 C4             -0.6077609222            -0.0944757758            -0.3512053356
 C5             -1.0707357921             0.0656845611            -1.8283170684
 C6             -2.1907058628            -0.8543369208            -2.3167509893
 C7             -2.8197009999            -0.3101279776            -3.6248264071
 C8             -3.5882184271            -1.4077634069            -4.4046014982
 C9             -4.1247637534            -2.4907645617            -3.4550647576
 C10            -2.9590692001            -3.2284783154            -2.7473978655
 C11            -1.7339294086            -2.3063751535            -2.5303950859
 O12            -1.4949413762             1.4320949060            -1.7792957377
 P13            -1.1474915165             1.7318277959            -0.0139890714
 C14            -2.8113081233             2.5506436415             0.1561898369
 C15            -3.9566224447             2.0113178580            -0.4549630260
 C16            -5.2042155542             2.6296296017            -0.2949449688
 C17            -5.3148694409             3.8132620665             0.4458181240
 C18            -4.1724040237             4.3720495856             1.0358506637
 C19            -2.9317054202             3.7367237428             0.9058807657
 C20            -0.8369292996             1.5494254493             1.8785857930
 C21             0.4719112957             1.2444054423             2.3138109331
 C22             0.7390781949             0.8843960642             3.6397854033
 C23            -0.3073265852             0.8043052723             4.5703989887
 C24            -1.6137162805             1.0903440824             4.1581919180
 C25            -1.8724308147             1.4563028366             2.8277383690
 C26             0.1330974031             3.0428621567            -0.3451262691
 C27             0.6072089538             3.2325798812            -1.6582509605
 C28             1.5402519751             4.2387414375            -1.9421080195
 C29             1.9994859966             5.0870016513            -0.9258027561
 C30             1.5216521825             4.9184028815             0.3810429269
 C31             0.6037991050             3.9010807348             0.6715258822
 H34            -3.0744751801            -2.0622315310             2.9278248919
 H35            -2.0212526769            -3.2062184212             2.0482102126
 H36            -3.7022566823            -2.9230425729             1.5111247287
 H33            -3.0554993893            -0.5036976331             0.8741074992
 H32            -0.3742651585            -2.0058208510             0.7457637882
 H37             0.4955050527            -0.0551113621            -0.2929702442
 H38            -0.2040310129            -0.0410809442            -2.5203091413
 H39            -2.9696805948            -0.8694995152            -1.5285636549
 H40            -2.0213302235             0.1128606134            -4.2621974488
 H41            -3.4805650103             0.5378635248            -3.3787843052
 H42            -4.4083872588            -0.9575457185            -4.9899268960
 H43            -2.9169141104            -1.8871865766            -5.1416012964
 H44            -4.7607784862            -3.2112178570            -3.9976361198
 H45            -4.7797125915            -2.0126944697            -2.7025384519
 H46            -3.3066719436            -3.6126144585            -1.7714361633
 H47            -2.6562246461            -4.1111602740            -3.3382687497
 H48            -1.1396154826            -2.6628874242            -1.6720269360
 H49            -1.0623663797            -2.3391934392            -3.4098684333
 H50            -3.8615685649             1.1169768414            -1.0743007208
 H51            -6.0897503645             2.1905968872            -0.7651844996
 H52            -6.2866853274             4.3038541565             0.5583202668
 H53            -4.2466988336             5.3036139457             1.6056038827
 H54            -2.0503431078             4.1715057319             1.3859623564
 H55             1.3060721422             1.3042810497             1.6046343114
 H56             1.7668828585             0.6669459676             3.9485418029
 H57            -0.1036911535             0.5195832993             5.6073565664
 H58            -2.4412523865             1.0272572965             4.8726275497
 H59            -2.9040025855             1.6665447150             2.5306340294
 H60             0.2054537470             2.5970227933            -2.4507208898
 H61             1.9004506156             4.3658349647            -2.9677299402
 H62             2.7220157389             5.8777068121            -1.1502651140
 H63             1.8667008919             5.5780234159             1.1833448716
 H64             0.2610839146             3.7691512695             1.7008056910
&

