&gen
basis=6-31G**
igeopt=1
dftname=PBE-D3
ifreq=1
&
entry_name: J1_10510_2111.in
&zmat
C1         -1.5289300851        -1.1459518758         0.5749000832
C2         -2.8346709074        -1.1553525784         0.8770504134
C3         -3.4206835137        -2.2533053847         1.7081572726
C4         -0.8057413289        -0.0902229776        -0.2486911446
C5         -1.1715650031         0.1103661414        -1.7052340118
C6         -2.2748656265        -0.7692052697        -2.3451198599
C7         -2.7452822691        -0.1550785263        -3.6910170911
C8         -3.3714468525        -1.1843753743        -4.6566274919
C9         -3.9719565341        -2.3800219605        -3.9107221365
C10        -2.9066987630        -3.1261855731        -3.0826969452
C11        -1.7756624710        -2.2106956311        -2.5712627315
O12        -1.5742648641         1.4560511313        -1.5716283280
P13        -1.1688750296         1.6632238673         0.0916235818
C14        -2.8201742087         2.3983888641         0.4642243950
C15        -3.9731386392         2.0267618031        -0.2607924430
C16        -5.2123534336         2.6150321259         0.0066163794
C17        -5.3244917748         3.6005091656         0.9859980156
C18        -4.1948387175         4.0065642959         1.6940757659
C19        -2.9538612028         3.4212141876         1.4308555323
C20        -0.6401191621         1.5572741723         1.8617255168
C21         0.7050457117         1.7550091699         2.2503645690
C22         1.0981734904         1.6096936353         3.5839516350
C23         0.1704127602         1.2336125461         4.5530806866
C24        -1.1509215879         0.9863820694         4.1882382668
C25        -1.5501280561         1.1308839245         2.8576273611
C26         0.0730570258         2.8984404990        -0.4089206147
C27         1.2818477372         2.4806287009        -0.9992731810
C28         2.2275608804         3.4176285279        -1.4243899971
C29         1.9702681517         4.7823245715        -1.2889774268
C30         0.7613102362         5.2111976821        -0.7392715480
C31        -0.1874905354         4.2772658464        -0.3120852622
H32        -0.9108425301        -1.9511077335         0.9636658887
H33        -3.4907026593        -0.3715649571         0.5423429282
H34        -2.9279299579        -2.2785268011         2.7031156412
H35        -3.2792187561        -3.2297022316         1.1983293093
H36        -4.5073056477        -2.0765813140         1.8505034834
H37         0.2868933086        -0.2686661850        -0.1567692780
H38        -0.2556331074         0.0737637519        -2.3375849695
H39        -3.1592243086        -0.8100874692        -1.6821466067
H40        -1.8921452624         0.3307431400        -4.2144782651
H41        -3.4913289691         0.6413037709        -3.4767117204
H42        -4.1602171974        -0.6917294851        -5.2653417080
H43        -2.5917776418        -1.5562158210        -5.3577122599
H44        -4.4336152638        -3.0806510998        -4.6395675146
H45        -4.7794833213        -2.0162735248        -3.2375745189
H46        -3.4075897478        -3.6108953046        -2.2162391177
H47        -2.4583075521        -3.9346175815        -3.7003950841
H48        -1.3630671487        -2.6424896190        -1.6361459890
H49        -0.9499603323        -2.1973240452        -3.3172724552
H50        -3.9327309422         1.2812967452        -1.0376461364
H51        -6.0871594508         2.3088155355        -0.5524992945
H52        -6.2850214433         4.0557571882         1.1898490896
H53        -4.2785822843         4.7803064181         2.4463025471
H54        -2.0978757265         3.7703566590         1.9927716167
H55         1.4741515245         2.0023468320         1.5391721055
H56         2.1305783041         1.7763102671         3.8635551818
H57         0.4792848732         1.1178688092         5.5839238670
H58        -1.8679361704         0.6738095098         4.9364130260
H59        -2.5793633838         0.9100588438         2.6155469003
H60         1.5054825253         1.4310262710        -1.1206382358
H61         3.1594453491         3.0845230005        -1.8626964525
H62         2.7021145515         5.5073087868        -1.6209730526
H63         0.5533547095         6.2700282054        -0.6540553701
H64        -1.1239022874         4.6468894123         0.0680315723
&

