&gen
basis=6-31G**
igeopt=1
dftname=PBE-D3
ifreq=1
&
entry_name: J1_9803_2111.in
&zmat
C1         -0.3312949606        -0.4090897906        -3.1867979470
C2         -0.8592639732         0.3445246316        -2.0038655109
P3         -0.2626026467         0.1395316326        -0.4879881535
C4          1.1698225033        -0.9772737482        -0.5806174012
C5          1.1039817136        -2.3049441870        -0.1077961986
F6         -0.0232477169        -2.8024073826         0.4549765183
C7          2.2135886676        -3.1486951778        -0.2226526980
C8          3.3894943357        -2.6903382367        -0.8172350261
C9          3.4602382848        -1.3861930893        -1.3064585348
C10         2.3582027769        -0.5337010051        -1.1972714559
F11         2.4558785099         0.7274811215        -1.6896135330
C12         0.2155614280         1.7669935771         0.1762005445
C13         1.3786723545         1.9213816725         0.9641474719
F14         2.1570002038         0.8613950213         1.2921197281
C15         1.7265169402         3.1757955666         1.4743304992
C16         0.9119628804         4.2821348219         1.2385591221
C17        -0.2684463923         4.1338466035         0.5120915519
C18        -0.6273562848         2.8849505048        -0.0040411979
F19        -1.8165947571         2.7742347758        -0.6439435261
C20        -1.5660023540        -0.5279934870         0.5880678488
C21        -1.4755684275        -0.3770832953         1.9873765010
F22        -0.4240020183         0.2586172206         2.5581146098
C23        -2.4656203961        -0.9048003863         2.8215800131
C24        -3.5432315136        -1.6039914030         2.2791383070
C25        -3.6280427961        -1.7912236926         0.8998843464
C26        -2.6444283133        -1.2683913169         0.0545971304
F27        -2.7439367763        -1.5158869230        -1.2746608615
H28        -0.9792981622        -0.2179640828        -4.0674024781
H29        -0.3312450733        -1.4998665701        -2.9792466794
H30         0.6954617705        -0.0715270173        -3.4318566840
H31        -1.7590800784         0.9304628700        -2.1455040872
H32         2.1598094078        -4.1651085277         0.1458883079
H33         4.2442765413        -3.3485022044        -0.9046502161
H34         4.3711984624        -1.0356613600        -1.7743429372
H35         2.6233412160         3.2871394995         2.0702568037
H36         1.1828355718         5.2498900803         1.6405397091
H37        -0.9159205701         4.9879694770         0.3601532974
H38        -2.3922958621        -0.7790546449         3.8942367830
H39        -4.3054759514        -2.0136907430         2.9292363834
H40        -4.4548885442        -2.3529608050         0.4844496494
&

