&gen
basis=6-31G**
igeopt=1
dftname=PBE-D3
ifreq=1
&
entry_name: J1_10458_2111.in
&zmat
C1          0.1979794369        -1.9707362139         4.4685314864
C2          0.7309201742        -2.0163996612         3.0462173065
O3         -0.1676493934        -1.3273462616         2.1859084483
C4          0.0354065647        -1.2090308908         0.8057753012
O5          1.0795741694        -1.6919234990         0.2882946575
C6         -1.0162333734        -0.4918731931        -0.0393159026
C7         -2.4307957085        -0.6233462317         0.6081377126
C8         -2.7917739950        -2.0052827571         1.1078940468
C9         -2.3073380297        -3.2444040407         0.6810377490
N10        -2.9168504964        -4.2492905949         1.3491309084
C11        -3.7904072270        -3.6637381700         2.1843494058
C12        -4.6587941144        -4.2934036503         3.0748925641
C13        -5.5034932711        -3.4821337877         3.8540886085
C14        -5.4634850314        -2.0762186971         3.7250374921
C15        -4.5772789541        -1.4687305618         2.8171405454
C16        -3.7482840020        -2.2989847713         2.0611145850
C17        -0.9317408758        -0.8037999041        -1.5410561675
C18        -2.1824586442        -1.3043383742        -2.3155063428
C19        -1.7574311475        -1.8260006999        -3.7015081569
N20        -2.8971496559        -2.3849379698        -4.4269058578
C21        -3.5931063394        -1.6747147710        -5.4577154026
O22        -3.2303154209        -0.5111514905        -5.7808324045
O23        -4.6843429468        -2.2924126983        -6.0865356957
C24        -5.5127432275        -1.7185726441        -7.1089216224
C25        -4.6773318589        -1.3689728530        -8.3557410249
C26        -6.5577930828        -2.7768213883        -7.4939204706
C27        -6.2421652135        -0.4709661122        -6.5762529582
O28        -3.1311179316        -0.2445758053        -2.4785487066
C29        -4.5140395459        -0.4508794825        -2.5720576834
C30        -5.4115272262         0.7006699954        -2.8654166344
O31        -5.0139527188        -1.5900623655        -2.3658173258
O32        -0.5929200429         0.4964384652        -1.9549625286
P33        -0.5254656677         1.2569821332        -0.4098250041
C34        -1.6997421857         2.4960965842        -1.0715812160
C35        -1.2385709379         3.4321198125        -2.0186042421
C36        -2.1115127137         4.3547951565        -2.6009883883
C37        -3.4634603379         4.3489068751        -2.2617034033
C38        -3.9454598457         3.4100884051        -1.3510145986
C39        -3.0789464713         2.4719725367        -0.7820604662
C40        -0.4364650892         1.8637945349         1.3500989970
C41        -1.3963219456         2.7208981331         1.9409669168
C42        -1.2854391960         3.1203631626         3.2765362112
C43        -0.2131526147         2.6919244398         4.0539123585
C44         0.7611807353         1.8724014408         3.4938166403
C45         0.6565585027         1.4702648947         2.1611994786
C46         1.2152941264         1.7519561261        -0.6957088481
C47         1.6325078313         3.0717429095        -0.4237492747
C48         2.9577324334         3.4596416800        -0.6365864780
C49         3.8835703379         2.5422948634        -1.1345347302
C50         3.4827608143         1.2381461174        -1.4279427520
C51         2.1579753987         0.8453162854        -1.2162141590
H52        -0.8012082156        -2.4542059006         4.5135134428
H53         0.8921929999        -2.5093621587         5.1472062445
H54         0.1076332138        -0.9162763041         4.8055170210
H55         0.8227591926        -3.0755143453         2.7215385682
H56         1.7309804065        -1.5325690999         3.0109001920
H57        -3.2333782523        -0.3245417438        -0.0792343082
H58        -2.4805549930         0.0659449669         1.4757955484
H59        -1.5456473469        -3.4065382027        -0.0696960320
H60        -2.7440562978        -5.2724404692         1.2321353746
H61        -4.6845964006        -5.3717470530         3.1638838149
H62        -6.1898010728        -3.9385697109         4.5553610396
H63        -6.1194592231        -1.4619537811         4.3279553898
H64        -4.5448738357        -0.3920896962         2.7128372022
H65        -0.0830312986        -1.4827612881        -1.7671419945
H66        -2.6346674983        -2.1476921372        -1.7575833439
H67        -0.9991943884        -2.6299073665        -3.5808041899
H68        -1.2810790001        -1.0086084174        -4.2856100740
H69        -3.2672546915        -3.3152627812        -4.1284485872
H70        -5.3379330724        -1.0601708669        -9.1946160519
H71        -3.9789176215        -0.5313998623        -8.1551800459
H72        -4.0836891972        -2.2508812622        -8.6786223251
H73        -7.1641800046        -3.0603767270        -6.6067277792
H74        -6.0564166794        -3.6926025668        -7.8748841591
H75        -7.2420204564        -2.3939606563        -8.2820585069
H76        -6.9530302734        -0.0803099963        -7.3360876353
H77        -6.8123329471        -0.7255000314        -5.6577169561
H78        -5.5286880379         0.3417107326        -6.3302624401
H79        -6.2744762360         0.3660567488        -3.4772815350
H80        -5.7872872755         1.1259336454        -1.9124866881
H81        -4.8556934419         1.4798806382        -3.4275684150
H82        -0.2063813928         3.4380090685        -2.3364486063
H83        -1.7393048582         5.0698396841        -3.3232707319
H84        -4.1384093050         5.0670907586        -2.7088936774
H85        -4.9946089158         3.4075987252        -1.0853991877
H86        -3.4880609577         1.7896546055        -0.0605492161
H87        -2.2349708379         3.1158869467         1.4089779171
H88        -2.0347089581         3.7713736662         3.7087876550
H89        -0.1321133074         3.0038459021         5.0871262318
H90         1.6024100774         1.5467459307         4.0920604568
H91         1.4453451828         0.8460365957         1.7652331302
H92         0.9313005184         3.8020627781        -0.0405129512
H93         3.2661511183         4.4734661180        -0.4165112105
H94         4.9096413966         2.8440150453        -1.3004730343
H95         4.1983948440         0.5309620697        -1.8270741290
H96         1.8770060622        -0.1604735102        -1.4813673863
&

