&zmat
 C7              1.2654804048             0.1668740557            -1.5332073880
 C6              1.4724703990             0.1315912877             0.0028021947
 C5              2.6758823314             1.0436440590             0.3644516248
 C4              4.0098049316             0.6046192992            -0.2827050215
 C2              4.2049101837            -0.9368016602            -0.3281010161
 O1              5.5726177972            -1.3199382034            -0.1582597585
 C3              3.2742855310            -1.6229677521             0.6867133445
 C8              1.8184383772            -1.3027382123             0.4270056496
 C9              0.8433731559            -2.2274352440             0.5329861716
 C10            -0.6030709660            -1.8545319124             0.3550665205
 C11            -0.8882930698            -0.5053496275             1.0591954979
 C12             0.2003440555             0.6167360002             0.7962276620
 C13            -0.4218954467             1.9575429456             0.2912846097
 C14            -1.5156747240             1.8798743808            -0.7995118098
 C15            -2.5479856342             0.7603883386            -0.5329745529
 C16            -2.6579869783            -0.1763028332            -1.7667017542
 C20            -4.0009450031             1.2234529637            -0.2982420331
 O21            -4.5249534343             2.2264293590            -0.7569101538
 C19            -4.6818266219             0.1974474233             0.6364595010
 C18            -3.5559573115            -0.7638708774             1.0928477601
 C17            -2.2896774564             0.0751585431             0.8346822235
 H30             1.0991951195             1.1981160195            -1.8864915072
 H31             0.4076318351            -0.4453606501            -1.8453183837
 H32             2.1471847362            -0.2245046802            -2.0639474290
 H28             2.7849828405             1.0393532451             1.4649488190
 H29             2.4587384613             2.0896234855             0.0863929428
 H26             4.1136087018             1.0209192387            -1.2987108873
 H27             4.8452928808             1.0334047257             0.3007891658
 H23             3.9489696245            -1.3169219320            -1.3333543066
 H22             5.8267229581            -1.0306839152             0.7391519501
 H24             3.5600747215            -1.2666625424             1.7003714055
 H25             3.4464469706            -2.7119611276             0.6766851496
 H33             1.0981508569            -3.2629994954             0.7895886103
 H34            -1.2603754007            -2.6310090008             0.7834553782
 H35            -0.8622540894            -1.8111237850            -0.7169639295
 H36            -0.8241669110            -0.7447615248             2.1372710347
 H37             0.6076001532             0.8581510565             1.7950169033
 H38            -0.8483980154             2.4715859082             1.1709134555
 H39             0.3838099607             2.6268279985            -0.0580331086
 H40            -2.0412734580             2.8496200790            -0.8700151634
 H41            -1.0529935176             1.7174497825            -1.7862249768
 H42            -1.6750151052            -0.5738680792            -2.0598980678
 H43            -3.0449863834             0.4088595683            -2.6180816479
 H44            -3.3372607571            -1.0301531584            -1.6112794343
 H48            -5.1232890677             0.7549184909             1.4806969562
 H49            -5.5224196796            -0.2902316230             0.1151262350
 H46            -3.6504367114            -1.0618601442             2.1499672392
 H47            -3.5550251154            -1.6908123940             0.4945739863
 H45            -2.3639688165             0.9093349955             1.5662139515
&

