&gen
basis=6-31G**
igeopt=1
dftname=PBE-D3
ifreq=1
&
entry_name: J1_1290_2111.in
&zmat
O1          5.5376071767        -1.3741546523        -0.0018928752
C2          4.2127604982        -0.9894029618        -0.2715283966
C3          3.2395110475        -1.6796664999         0.6931353068
C4          4.0751096606         0.5513282799        -0.2572055577
C5          2.7067273366         1.0612569556         0.2493282359
C6          1.4870428297         0.1381564745        -0.0893916021
C7          1.2736258839         0.1353179080        -1.6248933533
C8          1.8150999064        -1.2923807580         0.3640222260
C9          0.8282561103        -2.1865168162         0.5750378991
C10        -0.6109251270        -1.8108296411         0.3785505039
C11        -0.8787395740        -0.4434260362         1.0337341572
C12         0.2084426468         0.6513460863         0.7028966254
C13        -0.3676021891         2.0501652336         0.2549046521
C14        -1.6701682269         2.0857774143        -0.6012100095
C15        -2.5701081133         0.8271645455        -0.4810163812
C16        -2.4415127973        -0.0526994831        -1.7455873423
C17        -2.2988990136         0.1239064737         0.8546190773
C18        -3.5259664022        -0.7397024124         1.1456617173
C19        -4.6892411463         0.1297152865         0.6419363281
C20        -4.0377999260         1.0861618750        -0.3121722510
O21        -4.6555756087         1.9398806740        -0.9303734026
H22         5.7407213520        -1.1161481634         0.9354919305
H23         3.9713250665        -1.3482921153        -1.2963038533
H24         3.4607636922        -1.3834118160         1.7414547175
H25         3.3782751457        -2.7802782054         0.6065256291
H26         4.2572019337         0.9370492627        -1.2839957275
H27         4.8653046575         0.9995890105         0.3845282970
H28         2.7911700257         1.1670701804         1.3537620031
H29         2.5528121337         2.0834026176        -0.1544113922
H30         0.7802471525         1.0624212172        -1.9763064661
H31         0.6922168154        -0.7434059064        -1.9570144450
H32         2.2350762516         0.0609571745        -2.1699698279
H33         1.0573520380        -3.1775434063         0.9575933815
H34        -1.2492621498        -2.5868705648         0.8526356717
H35        -0.8330944038        -1.8241673893        -0.6984257918
H36        -0.8013547763        -0.6573125464         2.1276317820
H37         0.6166375356         0.8800899934         1.7152933988
H38        -0.5917361801         2.6226029884         1.1837763214
H39         0.4046669597         2.6557075321        -0.2587781131
H40        -2.2488427429         2.9860791352        -0.2968543669
H41        -1.3953897463         2.2654614565        -1.6639785597
H42        -1.3951361927        -0.1613489839        -2.0587703143
H43        -2.9613030340         0.4308935420        -2.6015624719
H44        -2.8933231704        -1.0565514223        -1.6038535285
H45        -2.3584772249         0.9166489296         1.6449785309
H46        -3.6231742829        -0.9575480586         2.2315307673
H47        -3.4864725516        -1.6943894670         0.5794601168
H48        -5.1483042190         0.6940907874         1.4819677343
H49        -5.4555450557        -0.4861937289         0.1247005912
&

