&gen
basis=6-31G**
igeopt=1
dftname=PBE-D3
ifreq=1
&
entry_name: J1_10304_2111.in
&zmat
C1          4.2135313404         0.4236242272        -2.6530178754
C2          3.3778528738        -0.4805353006        -1.7277365063
C3          3.0558820626        -1.8089542978        -2.4196108844
C4          1.6577337878        -1.6708755843        -3.0274742327
C5          1.1058752483        -0.3178819743        -2.5897566664
C6          1.9892047090         0.1289904527        -1.4192767243
O7          2.0260799192         1.5295668967        -1.3166795607
P8          1.3239349864         1.6915686079         0.2490534670
C9          2.8582240140         2.4725915390         0.8637938033
C10         3.4742756225         3.4976463761         0.1210252069
C11         4.6615648730         4.0851363278         0.5664468452
C12         5.2527156536         3.6556805841         1.7555467724
C13         4.6582959778         2.6360615942         2.5004184765
C14         3.4720948671         2.0441277043         2.0581433081
C15         0.4570963607         1.7908750019         1.8760199388
C16         0.5533208693         2.9640976157         2.6612886945
C17        -0.1372093052         3.0818830784         3.8697014108
C18        -0.9659881019         2.0500212804         4.3050712867
C19        -1.1210153135         0.9076309805         3.5219016904
C20        -0.4328641887         0.7837564365         2.3113536587
C21        -0.0181258997         2.6990109252        -0.4252805579
C22        -1.1815134599         2.0827924803        -0.9148740762
C23        -2.2210846901         2.8540339033        -1.4423611481
C24        -2.1102771639         4.2458202101        -1.4812352444
C25        -0.9615140695         4.8682372992        -0.9872617789
C26         0.0806734481         4.1001243478        -0.4597712955
C27         1.3565005881        -0.1139516690        -0.0499840501
C28         2.1770589613        -0.9112533362         0.9759627405
H29         4.4542509496         1.3790188808        -2.1400698733
H30         3.6710479569         0.6460977115        -3.5964305426
H31         5.1743751189        -0.0739610051        -2.9046592984
H32         3.9994928531        -0.6623534386        -0.8313058009
H33         3.0484267916        -2.6243591377        -1.6634312856
H34         3.8044052361        -2.0768503815        -3.1977058738
H35         1.0004733405        -2.4874077048        -2.6555262862
H36         1.7043739264        -1.7280974508        -4.1369501466
H37         0.0259874895        -0.3876618245        -2.3414089278
H38         1.2096082293         0.4059999040        -3.4282565528
H39         3.0465847481         3.8370788454        -0.8129586128
H40         5.1260127527         4.8717243835        -0.0140801303
H41         6.1719992133         4.1120769615         2.0990767490
H42         5.1158291213         2.3047273483         3.4236317858
H43         3.0249916613         1.2686092344         2.6647270635
H44         1.1567388457         3.8015145095         2.3387154561
H45        -0.0378878025         3.9814124154         4.4634448057
H46        -1.5041000717         2.1442054916         5.2394190131
H47        -1.7883889769         0.1195408089         3.8463880764
H48        -0.6278334211        -0.0980430250         1.7266813151
H49        -1.2935630652         1.0088230097        -0.8784194034
H50        -3.1147609454         2.3723623562        -1.8175244137
H51        -2.9167125774         4.8420312797        -1.8881479245
H52        -0.8801537703         5.9472936118        -1.0088322585
H53         0.9496592235         4.6046242073        -0.0645313225
H54         0.3404658049        -0.5446459406        -0.1425557018
H55         3.1751140320        -0.4724003180         1.1578030345
H56         2.3029074619        -1.9541196977         0.6190020017
H57         1.6448704624        -0.9538502299         1.9466237979
&

