&zmat
 C10            -1.8729646565             1.6413794245            -0.5334711657
 C9             -0.6926283642             0.7196409273            -0.7714670781
 O8              0.4844904173             1.2362818109            -0.1433378010
 C5              1.4145203401             0.1496248990            -0.0698309626
 C6              2.1905889588             0.2778008014             1.2363002979
 C7              2.3175714891             0.0995167444            -1.3055181468
 O4              0.6142038654            -1.0657994704            -0.0457756624
 C2             -0.7720075052            -0.7113851881            -0.1440933051
 C3             -1.4671679823            -0.7726679738             1.2149670544
 C1             -1.4178654872            -1.6430965121            -1.1656892830
 O11            -2.6088038790            -1.9076815357            -1.1924750603
 H23            -1.7038942219             2.6104527971            -1.0267032451
 H24            -2.7871222365             1.1904587818            -0.9514782355
 H25            -2.0245769541             1.8199548265             0.5412588812
 H22            -0.5227238967             0.6121425415            -1.8665005709
 H16             2.7713772597             1.2129096453             1.2463798552
 H17             1.4894323688             0.2821687719             2.0833444807
 H18             2.8824420832            -0.5704528702             1.3483842918
 H19             2.9507957713            -0.8004141218            -1.2726408588
 H20             1.7116329916             0.0582366692            -2.2235241853
 H21             2.9643602723             0.9896131770            -1.3457265528
 H13            -1.2347273084            -1.7360152947             1.6934239502
 H14            -2.5585076761            -0.6997072869             1.0928002790
 H15            -1.1097565189             0.0384358371             1.8670215922
 H12            -0.6919857251            -2.0332313610            -1.9302465422
&

