&zmat
 C13            -1.7974262239            -1.8034124935            -1.0282496130
 O12            -1.5821168067            -0.4069874041            -0.8223946439
 C11            -1.6416333864            -0.0241103561             0.5402819725
 C5             -0.3406380991            -0.3561571586             1.3544480986
 O6              0.6179787460            -1.1235305676             0.6465205026
 C7              1.7092419522            -0.2563715337             0.2411455076
 C8              1.5260475374             0.2473665220            -1.1903555181
 C9              3.0091409289            -1.0184987709             0.4560820855
 O10             1.6766901364             0.8369520285             1.1880434001
 C4              0.3543763896             1.0176615012             1.5855423694
 O3             -0.3361440621             1.9727899159             0.7623845459
 C2             -1.6711129635             1.5272269105             0.5969455779
 C1             -2.2898775908             2.1121031727            -0.6683675739
 O14            -1.6906524056             2.7878523350            -1.4813533115
 H26            -2.7834457819            -2.1191655311            -0.6285532175
 H27            -1.0007721760            -2.4092041221            -0.5639218449
 H28            -1.7870099482            -1.9594324584            -2.1170561761
 H25            -2.5370555862            -0.4652591557             1.0244502094
 H18            -0.5845075497            -0.8748261292             2.2979786583
 H19             0.5963001234             0.8210699640            -1.2896481445
 H20             2.3730751548             0.8966255609            -1.4608581734
 H21             1.4979385030            -0.6069278053            -1.8846453388
 H22             3.0763420456            -1.3444709852             1.5039907704
 H23             3.8685983344            -0.3732650196             0.2204212163
 H24             3.0399859593            -1.9006126190            -0.2008569486
 H17             0.3630114603             1.3735532392             2.6329352087
 H16            -2.3128568048             1.8405018304             1.4549761262
 H15            -3.3807868426             1.8652447433            -0.7764282270
&

