&gen
basis=6-31G**
igeopt=1
dftname=PBE-D3
ifreq=1
&
entry_name: J1_9833_2111.in
&zmat
C1         -1.8789072519        -1.0567193873        -2.2218690290
C2         -0.9168648666        -0.0040136117        -1.6631678748
O3         -1.4935767642         1.2806570338        -1.6512966033
P4         -1.1479014807         1.6607479342        -0.0082048580
C5         -2.8300579909         2.2742126960         0.2869996565
C6         -3.9611183273         1.4769640019         0.0483811226
C7         -5.2453330906         1.9819287441         0.2739469852
C8         -5.4144045647         3.2922411927         0.7255525727
C9         -4.2990926873         4.1033908240         0.9419154875
C10        -3.0143820585         3.6016204915         0.7161715277
C11        -0.7174529823         1.8668582573         1.7463370982
C12        -1.3849526986         1.2504022945         2.8159317658
C13        -0.9463112633         1.4785256501         4.1263790399
C14         0.1381998541         2.3338862724         4.3688155121
C15         0.7798102235         2.9769648253         3.3030380106
C16         0.3349192803         2.7346580182         1.9975032913
C17         0.8156771734         3.3589615923         0.7803584380
C18         1.8237603887         4.3248278777         0.6726243734
C19         2.1177881531         4.8608982093        -0.5867087801
C20         1.4028300194         4.4390082037        -1.7168147802
C21         0.3937792264         3.4741607179        -1.5954920223
C22         0.1075640475         2.9295242899        -0.3344801429
C23        -0.5621192607        -0.0486476084        -0.1896776950
C24        -1.2452051125        -1.0803251311         0.6934098432
O25        -2.4888080090        -1.2610103845         0.6129163877
C26        -0.4776963306        -1.8882422641         1.6760715642
C27         0.7007158165        -1.4000110338         2.2765877280
C28         1.3899935201        -2.1726968326         3.2158132453
C29         0.9142268583        -3.4364691188         3.5698747950
C30        -0.2564732840        -3.9283785060         2.9899597991
C31        -0.9520287875        -3.1590276660         2.0524927151
H32        -1.5016911562        -2.0760598377        -1.9947567888
H33        -2.9030043071        -0.9382352281        -1.8205300182
H34        -1.9386038695        -0.9452772341        -3.3248696037
H35         0.0080325623         0.0145763660        -2.2825106502
H36        -3.8651104345         0.4770477670        -0.3314519675
H37        -6.1109276096         1.3586410105         0.0900469119
H38        -6.4093297089         3.6817208124         0.8982774914
H39        -4.4295705687         5.1226094916         1.2819110018
H40        -2.1627609099         4.2483285373         0.8837878662
H41        -2.2347875860         0.6051030151         2.6415170465
H42        -1.4494422996         0.9969142792         4.9546516512
H43         0.4702556945         2.5095637567         5.3837602176
H44         1.5986576641         3.6549664892         3.5006901253
H45         2.3702035151         4.6658637133         1.5412175522
H46         2.8940109405         5.6083773440        -0.6872245410
H47         1.6303606877         4.8617037932        -2.6868371877
H48        -0.1494681942         3.1663399251        -2.4778856724
H49         0.5427168219        -0.0816665501        -0.0886919200
H50         1.0798452699        -0.4130973158         2.0514087297
H51         2.2908395809        -1.7870386852         3.6755418149
H52         1.4496880626        -4.0322153725         4.2977581928
H53        -0.6268792081        -4.9066929648         3.2678802453
H54        -1.8567559173        -3.5619945624         1.6141614846
&

