&gen
basis=6-31G**
igeopt=1
dftname=PBE-D3
ifreq=1
&
entry_name: J1_10046_2111.in
&zmat
C1         -1.5294365513        -1.1185618783         0.5527170419
C2         -0.7553010923        -0.1085136841        -0.3017949091
C3         -1.1397939630         0.1214064570        -1.7565522257
C4         -2.2945159644        -0.6313799157        -2.5181893963
C5         -2.1905911582        -2.1643744688        -2.3591771598
C6         -2.1302054410        -0.3084548008        -4.0236782525
C7         -3.7094735472        -0.1509733035        -2.1103497948
O8         -1.4466476396         1.4850602147        -1.6100001353
P9         -1.0990298411         1.6472263481         0.0695292780
C10        -2.8306149100         2.1221279770         0.3806399416
C11        -3.4192745581         3.1573701079        -0.3678444780
C12        -4.7572021970         3.5072205779        -0.1661846168
C13        -5.5236127353         2.8272445433         0.7821201129
C14        -4.9526615972         1.7965352269         1.5309184774
C15        -3.6155554759         1.4422542560         1.3314998833
C16        -0.5824999159         1.7484145241         1.8400959683
C17         0.4724703204         0.9521173795         2.3393620215
C18         0.8997245354         1.0716215996         3.6647997673
C19         0.3138302085         2.0124287008         4.5093395403
C20        -0.6859419467         2.8523219494         4.0235707936
C21        -1.1175438303         2.7377422061         2.6998276339
C22         0.1396830839         2.9157416829        -0.2839789358
C23         1.4049193117         2.5444128750        -0.7676293614
C24         2.3679035877         3.5186957686        -1.0463830545
C25         2.0757668966         4.8699091918        -0.8459098300
C26         0.8197696792         5.2486263444        -0.3659644134
C27        -0.1462068012         4.2774792658        -0.0867700746
H28        -1.2047938394        -2.1463134066         0.2921548540
H29        -2.6202494504        -1.0397983747         0.4485394403
H30        -1.2869195997        -0.9793028410         1.6243565565
H31         0.3293648435        -0.3327702569        -0.2493938237
H32        -0.2055900629         0.0398881107        -2.3593596122
H33        -2.6581684877        -2.5131517022        -1.4183052321
H34        -2.7355163677        -2.6865144607        -3.1754851184
H35        -1.1294178231        -2.4926649929        -2.3891340997
H36        -2.1544323299         0.7896695605        -4.1960836624
H37        -1.1632696152        -0.6991498658        -4.4092993252
H38        -2.9459575906        -0.7669659223        -4.6244252665
H39        -4.4837733007        -0.7024546471        -2.6864737437
H40        -3.9282300408        -0.3097067587        -1.0424146071
H41        -3.8398822360         0.9306372187        -2.3271075256
H42        -2.8490971371         3.6847817766        -1.1212859363
H43        -5.2013952804         4.3031951373        -0.7496878166
H44        -6.5596134443         3.0993424795         0.9370733989
H45        -5.5457838861         1.2730961605         2.2695568051
H46        -3.1915943071         0.6570228967         1.9403968169
H47         0.9922581103         0.2440433380         1.7170284098
H48         1.6990124323         0.4414606391         4.0332669276
H49         0.6505105889         2.1059451197         5.5337150041
H50        -1.1190124070         3.6049811580         4.6697656937
H51        -1.8612259405         3.4410967528         2.3535582164
H52         1.6498798992         1.5040557853        -0.9301197987
H53         3.3412410125         3.2257587935        -1.4181880538
H54         2.8226019986         5.6230291844        -1.0614073121
H55         0.5949856038         6.2954929947        -0.2079245481
H56        -1.1068657560         4.5919707350         0.2949498096
&

