&gen
basis=6-31G**
igeopt=1
dftname=PBE-D3
ifreq=1
&
entry_name: J1_10500_2111.in
&zmat
C1          1.7279256533        -1.2562366833         1.2028020708
C2          1.3194610498        -0.2049251939         0.2148129529
O3          2.1894318887         0.4811230792        -0.3007972898
C4         -0.1331652321        -0.0394163249        -0.1889197024
C5         -0.3178551195         0.0666221296        -1.6813338366
C6         -1.3072924014        -0.9571605276        -2.2644337211
C7         -1.5940202802        -0.6926854136        -3.7342313436
C8         -1.7653942258        -2.0774096271        -4.3049233351
O9         -0.9424314245        -2.2728991055        -5.4139443551
C10         0.0113226396        -3.2413896325        -5.0362411886
C11         1.3956860566        -2.5845880265        -4.9770567729
C12         0.0085245290        -4.3635227838        -6.0770806332
O13        -0.2899087102        -3.7950771845        -3.7744735150
C14        -1.2934265053        -3.0002892708        -3.2259940940
O15        -0.7699993268        -2.2520868210        -2.1536443588
O16        -0.8753864393         1.3546360956        -1.6744589778
P17        -0.8086891287         1.6455641626         0.0230614482
C18        -2.6013656264         1.8832827532         0.0944333327
C19        -3.1678706332         3.1572020505        -0.0802329488
C20        -4.5545524274         3.3266846637        -0.0269485542
C21        -5.3864609123         2.2289516351         0.2046400592
C22        -4.8319877281         0.9607791187         0.3909256884
C23        -3.4460005580         0.7875897515         0.3396943892
C24        -0.7957952670         1.8311424872         1.8586482937
C25        -0.9504582272         3.1114749493         2.4402094784
C26        -0.9793180317         3.2744458918         3.8271052976
C27        -0.8848623088         2.1640265063         4.6635919703
C28        -0.7801841281         0.8876812597         4.1131816887
C29        -0.7515128772         0.7181678760         2.7258507700
C30         0.3125184099         3.0650690727        -0.2453553288
C31         0.0172846998         4.0218968021        -1.2348071584
C32         0.8733684127         5.1042528960        -1.4569568075
C33         2.0386325029         5.2428185901        -0.7013033881
C34         2.3522948833         4.2963319002         0.2751799381
C35         1.4999933186         3.2119478675         0.5002576206
H36         2.4996531765        -1.9126261746         0.7488560746
H37         2.1501281489        -0.7694216899         2.1066427868
H38         0.8674677913        -1.8889657132         1.5034362958
H39        -0.7930308143        -0.8167295921         0.2476410729
H40         0.6373113573         0.0693488845        -2.2532686004
H41        -2.2661191139        -0.9207490434        -1.7001203409
H42        -0.7454549545        -0.1671641426        -4.2279734473
H43        -2.5181747084        -0.0866321092        -3.8576448396
H44        -2.8258069403        -2.2784868831        -4.5750615240
H45         1.3998517154        -1.7749441371        -4.2164724193
H46         2.1687663012        -3.3321223438        -4.6975485295
H47         1.6585412335        -2.1430476150        -5.9621998274
H48         0.7550286821        -5.1426324397        -5.8113847415
H49         0.2496354250        -3.9605375084        -7.0842274331
H50        -0.9956888432        -4.8369178382        -6.1179565617
H51        -2.1221907635        -3.6463000288        -2.8617959192
H52        -2.5453976034         4.0248400547        -0.2370527925
H53        -4.9841039913         4.3111318386        -0.1603922827
H54        -6.4597092861         2.3621834333         0.2466799617
H55        -5.4761528392         0.1116784181         0.5793257861
H56        -3.0367250010        -0.1991400278         0.5031843265
H57        -1.0529138129         3.9926041994         1.8213111399
H58        -1.0838283576         4.2639952001         4.2529936048
H59        -0.9108501322         2.2908035975         5.7381506516
H60        -0.7347898251         0.0234314510         4.7633948489
H61        -0.7199363965        -0.2906874663         2.3580291653
H62        -0.8689568329         3.9281386204        -1.8479489012
H63         0.6347560002         5.8340072490        -2.2198488854
H64         2.7003235950         6.0815066351        -0.8750052866
H65         3.2570065737         4.4027718424         0.8596507706
H66         1.7631983639         2.4978101620         1.2690765978
&

