&zmat
 O42             2.7438742762             1.5616470418            -1.6036466473
 C1              2.1866876295             1.6291688059            -0.5249287603
 C2              1.4583062360             0.4333180494             0.1174242445
 O3              1.9132107958            -0.8036931378            -0.4402130060
 C4              3.2151107785            -1.1227451834            -0.1359691072
 O11             3.9234733805            -0.4142861793             0.5688228277
 C5              3.6143465568            -2.4115996669            -0.7595649520
 C6              4.9717859147            -2.7762892079            -0.6934730922
 C7              5.4020897852            -3.9707348455            -1.2773310447
 C8              4.4795695408            -4.8082039043            -1.9232510798
 C9              3.1241219037            -4.4517106680            -1.9804963154
 C10             2.6866304773            -3.2561351711            -1.4011052409
 C12            -0.0455674878             0.5022550722            -0.1954208762
 O33            -0.4172551803             1.8625210618             0.1211938840
 C34            -1.5007668798             2.3642776973            -0.5716669577
 O41            -2.0434236074             1.7617628692            -1.4870365441
 C35            -1.8851611599             3.7046907250            -0.0604615406
 C36            -2.8652904530             4.4187795617            -0.7737678206
 C37            -3.2692855482             5.6810826029            -0.3314142151
 C38            -2.7033093714             6.2313098527             0.8285693245
 C39            -1.7328547143             5.5169754080             1.5468482557
 C40            -1.3201270229             4.2560552020             1.1058540037
 C13            -0.9366620900            -0.4337873302             0.6456596938
 C14            -0.6729174971            -1.9305431199             0.4553700921
 O15            -0.5933908020            -2.2372275870            -0.9488516343
 C16            -1.7873651855            -2.4980463979            -1.5811579127
 O23            -2.8572071245            -2.5742832960            -0.9932121819
 C17            -1.5873746611            -2.6773597108            -3.0446374456
 C18            -2.6776958746            -3.1534896331            -3.7959468364
 C19            -2.5484137655            -3.3381658130            -5.1746992623
 C20            -1.3337664163            -3.0398737525            -5.8108241995
 C21            -0.2492255459            -2.5524756521            -5.0667144770
 C22            -0.3706422221            -2.3695254138            -3.6852463002
 O24            -0.6826686590            -0.1579237191             2.0405042388
 C25            -1.5270564034             0.7444911722             2.6512227417
 O32            -2.5745853281             1.1425034178             2.1614627861
 C26            -0.9793225940             1.1873592257             3.9624594280
 C27            -1.6973674055             2.1762960548             4.6614179612
 C28            -1.2107403076             2.6642667419             5.8770044470
 C29            -0.0080245773             2.1665073620             6.4012004866
 C30             0.7088694311             1.1802940737             5.7074931743
 C31             0.2288400038             0.6906497985             4.4885281312
 H43             2.1329107177             2.5746109588             0.0708164669
 H44             1.6302456336             0.4591397260             1.2088347786
 H45             5.6688263574            -2.1038338239            -0.1859235901
 H46             6.4586525569            -4.2504399031            -1.2319648485
 H47             4.8185699026            -5.7424021410            -2.3816937250
 H48             2.4029817870            -5.1063175099            -2.4790543006
 H49             1.6295031327            -2.9807290838            -1.4307177823
 H50            -0.2143948135             0.3067971199            -1.2671905024
 H64            -3.2947786578             3.9616779506            -1.6694402296
 H65            -4.0284655196             6.2374526250            -0.8888023943
 H66            -3.0220298678             7.2190419032             1.1758571424
 H67            -1.2980185939             5.9434547981             2.4556379772
 H68            -0.5718720362             3.6899659378             1.6647873521
 H51            -1.9881655879            -0.2003115175             0.4093089432
 H52            -1.4811174860            -2.5102513340             0.9276851365
 H53             0.3014610203            -2.2131344751             0.8770388652
 H54            -3.6143905930            -3.3696284977            -3.2747497655
 H55            -3.3958162336            -3.7118265235            -5.7568658518
 H56            -1.2343344678            -3.1815482359            -6.8914633076
 H57             0.6932874560            -2.3076883069            -5.5650488945
 H58             0.4662758121            -1.9738548611            -3.1046213553
 H59            -2.6268580631             2.5502525071             4.2231371293
 H60            -1.7671969024             3.4357234500             6.4172848368
 H61             0.3739251933             2.5505852716             7.3521215681
 H62             1.6474410260             0.7949609333             6.1164058752
 H63             0.7830322930            -0.0738969641             3.9390696185
&

