&gen
basis=6-31G**
igeopt=1
dftname=PBE-D3
ifreq=1
&
entry_name: J1_9877_2111.in
&zmat
C1          6.1007624367        -0.9063086365         1.4654954780
O2          4.8524740922        -1.3319877981         2.0020439362
C3          3.6050797109        -1.0451404638         1.4281588666
C4          3.4722314688        -0.3006273935         0.2431271399
C5          2.2066398260        -0.0346802548        -0.2871818387
C6          1.0443814566        -0.5054767877         0.3538018915
C7         -0.3674579978        -0.2033494624        -0.1335609728
C8         -0.5824571525        -0.1448546350        -1.6287695195
C9         -1.6082275177        -1.1424714981        -2.1250580057
C10        -2.7724580416        -0.7318000948        -2.8033252383
C11        -3.6941935004        -1.6786854320        -3.2598544328
C12        -3.4569995646        -3.0408544168        -3.0615144961
C13        -2.2942077279        -3.4597284542        -2.4107993939
C14        -1.3704149686        -2.5169888946        -1.9504708174
O15        -1.0683494346         1.1795526227        -1.6563592483
P16        -0.9262145496         1.5211936599         0.0256728357
C17        -2.7150254440         1.8485450077         0.0599653216
C18        -3.2135234212         3.1565839136        -0.0711117792
C19        -4.5915915998         3.3906403370        -0.1035286070
C20        -5.4867871463         2.3220922481        -0.0299052594
C21        -5.0050775271         1.0158655503         0.0661709833
C22        -3.6286942396         0.7777322642         0.1007221048
C23        -0.6592094274         1.5904067997         1.8559735394
C24        -1.6825703332         1.2902404116         2.7844344376
C25        -1.4295646400         1.2948670895         4.1594196815
C26        -0.1506644274         1.5715119510         4.6387750526
C27         0.8835339499         1.8333828987         3.7434164718
C28         0.6372605985         1.8329933987         2.3690151837
C29         0.1041189493         3.0100227511        -0.3053858440
C30        -0.0239085166         4.1675836897         0.4945158821
C31         0.7516785167         5.3025469385         0.2451177263
C32         1.6541236811         5.3136121328        -0.8174625437
C33         1.7718440313         4.1940934573        -1.6404010339
C34         0.9982143194         3.0560079394        -1.3951828397
C35         1.1905525756        -1.2562760809         1.5348280818
C36         2.4556290378        -1.5202942071         2.0641586039
H37         6.1414518872         0.2028193013         1.4271304741
H38         6.9194127777        -1.2694899602         2.1198955196
H39         6.2436932000        -1.3297535089         0.4488955449
H40         4.3412075034         0.0795057074        -0.2764076064
H41         2.1566048301         0.5337526835        -1.1972194146
H42        -1.1033229174        -0.8721438501         0.3637342143
H43         0.3416103022        -0.2258488992        -2.2358083171
H44        -2.9764644667         0.3169165661        -2.9761856337
H45        -4.5920733370        -1.3557533362        -3.7707573691
H46        -4.1715088193        -3.7719586553        -3.4170124899
H47        -2.1073952973        -4.5157023574        -2.2643536616
H48        -0.4708498584        -2.8566581499        -1.4516408638
H49        -2.5513975593         4.0002348605        -0.1744104281
H50        -4.9655855580         4.4018578676        -0.1990618310
H51        -6.5530405435         2.5054883522        -0.0590826877
H52        -5.6983513218         0.1858676579         0.1099564351
H53        -3.2833692466        -0.2429815724         0.1715792767
H54        -2.6805076252         1.0337153944         2.4761272408
H55        -2.2276789281         1.0708213285         4.8555554885
H56         0.0418909098         1.5685485204         5.7038102459
H57         1.8821475581         2.0270158187         4.1132236740
H58         1.4726644729         2.0093303111         1.7049928706
H59        -0.7199687493         4.1951928583         1.3225595505
H60         0.6496415200         6.1760840075         0.8760036204
H61         2.2528590818         6.1942073006        -1.0110790153
H62         2.4565899903         4.2110702076        -2.4785347003
H63         1.0884161031         2.2317006100        -2.0838919991
H64         0.3193468119        -1.6245217846         2.0625945879
H65         2.5425162943        -2.0927577822         2.9789624125
&

