&gen
basis=6-31G**
igeopt=1
dftname=PBE-D3
ifreq=1
&
entry_name: J1_10447_2111.in
&zmat
C1          1.9385775052        -3.1878193464        -0.5201277813
C2          0.8066259771        -3.4409898600         0.4690009015
O3         -0.2839982037        -2.5599607394         0.2128809173
C4         -0.2704262244        -1.1996736598         0.5441480516
O5          0.6755179303        -0.7301776253         1.2336615298
C6         -1.4008778175        -0.3231723748         0.0282794570
C7         -2.7650154092        -0.8050981667         0.5811223545
C8         -1.3130643228        -0.2560120556        -1.4964358948
C9         -2.4527071686        -0.8747475300        -2.3817982313
C10        -1.8440780378        -1.4313324307        -3.6900187343
O11        -2.8312461338        -2.1126022457        -4.4281917054
Si12        -2.4348544297        -2.2057171241        -6.1190358461
C13        -2.2635041770        -0.4952750364        -6.8692137321
C14        -3.9236223586        -2.9813464843        -6.9441120817
C15        -0.8920815983        -3.2790288902        -6.4680707892
C16         0.3969258672        -2.4851512486        -6.1839768822
C17        -0.8919722724        -3.7033343777        -7.9484390617
C18        -0.9339913799        -4.5356709073        -5.5817068695
C19        -3.6381974087         0.1167818943        -2.6595332591
O20        -3.4206177142         0.8605397439        -3.8336564514
C21        -4.9909200455        -0.6136853698        -2.7672430645
C22        -6.1596650617         0.3704235670        -2.8099224859
O23        -1.2529638279         1.1399748507        -1.5888711610
P24        -1.1828981083         1.5231929535         0.0929140947
C25        -2.6894335625         2.5428854907        -0.0718786929
C26        -2.7850095722         3.4936939595        -1.1055592559
C27        -3.9530692046         4.2405476411        -1.2801872697
C28        -5.0417116411         4.0477297018        -0.4284580074
C29        -4.9639015112         3.1073381387         0.5998248466
C30        -3.7986161505         2.3568761095         0.7775851036
C31        -1.0726703173         1.8986647121         1.9181426779
C32        -1.0025754100         0.9078712392         2.9277583661
C33        -0.9086121097         1.2502487137         4.2801624000
C34        -0.9070625018         2.5854568828         4.6698336957
C35        -1.0214660482         3.5828542225         3.7080945292
C36        -1.1143401485         3.2464085467         2.3559154454
C37         0.4375458412         2.3109610121        -0.2269973397
C38         0.5521114426         3.7122188937        -0.3309953044
C39         1.7840959254         4.3129931841        -0.6047520665
C40         2.9128128011         3.5256353786        -0.8271638602
C41         2.8020501424         2.1360866691        -0.8095206903
C42         1.5711907963         1.5333492616        -0.5348865930
H43         2.7549375762        -3.9207030905        -0.3496544961
H44         2.3452907712        -2.1633044120        -0.3887050641
H45         1.5642517516        -3.2992184617        -1.5600046281
H46         0.4527683055        -4.4862615604         0.3470182278
H47         1.1690514537        -3.3178827433         1.5127000287
H48        -2.8834103101        -1.8982384527         0.4273287802
H49        -3.6193668630        -0.3009966033         0.0978220632
H50        -2.8637844541        -0.6259676416         1.6658149295
H51        -0.3264648872        -0.6428902414        -1.8437982032
H52        -2.8407728664        -1.7675331529        -1.8492208954
H53        -1.0519257232        -2.1601979291        -3.4174478732
H54        -1.3727770560        -0.5888079647        -4.2427501319
H55        -2.1716080344        -0.5866582131        -7.9706670744
H56        -1.3661077866         0.0213508019        -6.4747621482
H57        -3.1664255025         0.1016437372        -6.6271779018
H58        -4.8332258196        -2.4118776508        -6.6631803720
H59        -3.8031025540        -2.9514280748        -8.0462176757
H60        -4.0315066929        -4.0326659038        -6.6080225070
H61         0.4581974054        -2.1681389867        -5.1251779944
H62         0.4540338179        -1.5814943638        -6.8268792486
H63         1.2913652291        -3.1096972999        -6.3967967175
H64        -1.7684681242        -4.3447894677        -8.1801844332
H65         0.0233184523        -4.2868367581        -8.1878845109
H66        -0.9184087480        -2.8132052947        -8.6132682248
H67        -0.9114098810        -4.2656534668        -4.5056032681
H68        -0.0589426559        -5.1886315206        -5.7896664257
H69        -1.8570930498        -5.1232640888        -5.7746250513
H70        -3.7420556840         0.8178727813        -1.8081215057
H71        -2.7708427787         1.5763121659        -3.6115408757
H72        -5.0251219965        -1.2398889758        -3.6825373138
H73        -5.1317499884        -1.2771691349        -1.8863681902
H74        -6.0794450356         1.0312208912        -3.6989168641
H75        -7.1155594405        -0.1910068293        -2.8725905453
H76        -6.1751450446         0.9935913991        -1.8900021449
H77        -1.9649836704         3.6433432715        -1.7952088710
H78        -4.0165171858         4.9643867609        -2.0822863798
H79        -5.9464773605         4.6252806995        -0.5667721814
H80        -5.8086984323         2.9575580821         1.2595413196
H81        -3.7655388597         1.6388011722         1.5845073316
H82        -1.0407725655        -0.1404122028         2.7235058248
H83        -0.8479290302         0.4724626480         5.0308459132
H84        -0.8392337676         2.8460401702         5.7181578336
H85        -1.0538325465         4.6218131206         4.0102610520
H86        -1.2661651497         4.0554211716         1.6637463895
H87        -0.3065639741         4.3548602532        -0.2328543933
H88         1.8585788263         5.3912693801        -0.6631528334
H89         3.8647592847         3.9914466166        -1.0468197964
H90         3.6660273242         1.5233274551        -1.0326572280
H91         1.5110506718         0.4639744797        -0.6233318279
&

