MAEFILE: J1_3217_2111.01.mae
&gen 
basis=6-31g** 
igeopt=1 
dftname=pbe-d3 
ifreq=1 
&
&zmat
 S1             1.9019703792             0.3638230491             0.1476626036
 C2             0.3018012451            -0.5484449999             0.0343372160
 C3            -0.8496589910             0.3293310014             0.5000640962
 O4            -1.6214202143             0.0206102541             1.3904819935
 H5             1.6835639980             1.1845069729            -0.9123329962
 H6             0.3797893420            -1.4227842774             0.6974471447
 H7             0.1394743287            -0.8980474843            -0.9998633062
 H8            -0.9289677571             1.3136129353            -0.0376057272
&
&guess  basgss=6-31g** numd=6
    1 Orbital Energy   -88.085725 Occupation  1.000000
 -0.996099020993058 -0.014912914150977  0.000076676786868  0.000004595419683
  0.000039351174713  0.025025792388895 -0.000152479405773 -0.000054041050448
  0.000000686407633 -0.003434654819294  0.000278929910109 -0.000078974210146
  0.000246294590220 -0.008756377281791 -0.008800580094695 -0.008821791480183
  0.000020081613632 -0.000022200368010  0.000043848204376  0.000024071649438
  0.000029807954498 -0.000098736081594 -0.000042006562084  0.000004242549188
 -0.000754197209198  0.000275396133016 -0.000070880496654 -0.000195152565631
  0.000046400426170  0.000032414115273  0.000011146810507  0.000034743572139
  0.000012674238270 -0.000005019479116 -0.000011499137252 -0.000084206483279
 -0.000006908930868 -0.000015093871642 -0.000007622514770  0.000718822928414
  0.000328236306053 -0.000285019121310  0.000115723291656  0.000018432903428
 -0.000011798121162  0.000006246930256 -0.000016229833606 -0.000028776176076
 -0.000015729633447  0.000007967078411  0.000039070287269  0.000002489606138
 -0.000005577253083  0.000007896880502 -0.000265500996906 -0.000132088626485
  0.000024871091892  0.000035284280409  0.000000935440833  0.000026875947834
  0.000023846152358 -0.000006399248584  0.000015961887106 -0.000004937371492
 -0.000162295929607  0.000544110804044  0.000011870519900 -0.000091084543606
  0.000112231132013  0.000064849921846  0.000252802721346  0.000016545588401
  0.000035700164350 -0.000001313606290  0.000038304552606  0.000212996900763
  0.000024584712249  0.000032328001188  0.000023880368884 -0.000031902224056
  0.000192476378228  0.000008329243435 -0.000009104267787  0.000001988584977
    2 Orbital Energy   -18.785447 Occupation  1.000000
  0.000000311464566  0.000007799823393  0.000002629785203 -0.000000338074483
  0.000009750163579  0.000025586907046 -0.000029090131290  0.000002875618410
 -0.000054767727445  0.000013613983821  0.000026191799896 -0.000044141182134
 -0.000002041106874 -0.000002572416417 -0.000001450902271  0.000027264133636
  0.000018782853871  0.000025708739975  0.000021066432620  0.000002175397059
  0.000030399779888 -0.000024774064081  0.000052453901857 -0.000026340242286
 -0.000012968108344 -0.000033421823079 -0.000595337713992  0.000552158204144
 -0.000001070787080  0.000026977344787 -0.000004571749888 -0.000007159517622
  0.000017567668643 -0.000013133486129  0.000025002434558  0.000535936571414
  0.000027750586561 -0.000023983630627 -0.000017484833412 -0.002961137772202
  0.001694601558864  0.001067653826525 -0.002197765916344 -0.000351623693169
 -0.000053187817101 -0.000462114498212 -0.000162129213742  0.000448714464722
  0.000177831097043  0.992491119433326  0.026764633084239  0.000713222594901
  0.000278464264577 -0.000819947373619  0.013978734359956  0.000994795195438
  0.000326102899655 -0.001105776888723 -0.008387400520118 -0.008585758615619
 -0.008321564793643  0.000106880093543 -0.000257277416194 -0.000083326864894
  0.000024012639653 -0.000015963423813 -0.000004531881979 -0.000003904730524
 -0.000007011841595 -0.000021125304371 -0.000473188963526 -0.000032200643363
 -0.000011959261054  0.000045491567067  0.000020592561969  0.000137595328734
  0.000027543545378  0.000028111859891 -0.000010991188054 -0.000032719866238
 -0.000486797305755 -0.000016207652858  0.000040210145962 -0.000009552993297
    3 Orbital Energy    -9.998928 Occupation  1.000000
  0.000009218014676  0.000083931462551  0.000018393506464 -0.000005420262414
 -0.000006013775706  0.000393429770345 -0.000205154877400  0.000029001247335
  0.000035779942758 -0.001575276130452  0.000905045537640 -0.000067039855129
  0.000167419846160  0.000044629981331  0.000121578521566  0.000188333257404
  0.000015069482925  0.000026410091265  0.000032143149069 -0.001310151821347
  0.000015023435547 -0.000295106997266  0.000190906962742  0.000090456078631
 -0.003157603888224  0.001867399484857 -0.001369221224518 -0.000305803942074
  0.000396613269880  0.000275787697134  0.000197762015330 -0.000168057546929
 -0.000143023067712  0.000050734009971 -0.992406292357121 -0.052399795014826
  0.000497422412913  0.000229447323814 -0.000747435593399  0.010094065736997
  0.002882777404697 -0.000080486120923 -0.002188863186442  0.009980678709228
  0.010260909011779  0.009807286293443 -0.000181310740173  0.000672176340703
  0.000359998546614  0.000103222732092 -0.000254727895306  0.000174953027526
  0.000030778209733 -0.000147597387664  0.002611863418578  0.001101901325269
  0.000732891504544 -0.001600409500977 -0.000025393066079 -0.000221933407187
  0.000117212327777  0.000116206035397 -0.000476206987677 -0.000237563153982
  0.000025184789929  0.000587680764872 -0.000055764813731 -0.000027740241897
  0.000023904535110  0.000047263517895 -0.000314803990953 -0.000009489426393
 -0.000052915137651  0.000044183879799  0.000153744665361 -0.000180646710020
  0.000018121430475 -0.000015810033274 -0.000064025276812  0.000404896508482
 -0.002133213932171 -0.000111093783962 -0.000207617797146  0.000214167067800
    4 Orbital Energy    -9.953445 Occupation  1.000000
  0.000002274309405 -0.000022500016082  0.000024653716492  0.000005195288151
 -0.000002701885324  0.000165753490159 -0.000423432582065 -0.000193893651182
  0.000009184399310  0.002888070522387 -0.001580833348670 -0.000630555820413
 -0.000286914550401 -0.000024670930136 -0.000132013386611 -0.000069317545474
  0.000026833858619  0.000006309896575 -0.000075673212885  0.992602947487750
  0.053300563943646  0.000330628981955  0.000128480756075 -0.000075526520451
 -0.018889566373808  0.000529524222989 -0.001251847065450 -0.000643473882974
 -0.009977003752766 -0.009721152886987 -0.009548778401398 -0.000042246186925
  0.000077912519237 -0.000044914367384 -0.001505809855560 -0.000408354400161
 -0.000106277805641  0.000193724119474  0.000038653797845  0.004836224056356
  0.002147954172177 -0.001922826152910 -0.000750017589231 -0.000337219506328
 -0.000228693841263 -0.000158962724987  0.000185498503720  0.000076016017652
 -0.000137705708302 -0.000031643793681 -0.000143289614225 -0.000019540179574
 -0.000023160537782  0.000022004431540  0.000319905811532 -0.000098998689755
  0.000386216439430 -0.000114207811025 -0.000115856376226 -0.000047393339454
 -0.000090494411338 -0.000008022902451 -0.000073134962909 -0.000107913640244
 -0.000120697572225 -0.000273106842173 -0.000050193397472 -0.000020348207182
 -0.000011800385921 -0.000165751087278  0.002632953306431  0.000002180683216
 -0.000173497240548  0.000193305921917 -0.000210017788375  0.002462344563473
 -0.000079875725494 -0.000057676906685 -0.000289960613051 -0.000099650572066
  0.000292305226269 -0.000053134056507 -0.000019185856959  0.000048937312781
    5 Orbital Energy    -7.695893 Occupation  1.000000
 -0.279402365640067  1.021033494678474 -0.006818884185547  0.000797043606744
 -0.005633229283431  0.085256527044080 -0.001944695257503 -0.000007729735047
 -0.000890238803743 -0.021654556997139  0.003134827336138 -0.000697303164097
  0.002500111441193 -0.018678804217292 -0.018870801730959 -0.018852738779558
  0.000374997269369  0.000066875083948 -0.000498768040156  0.000147542452763
  0.001227466809397 -0.000529839160958 -0.000269608796891  0.000017062242818
 -0.005209982210200  0.002458437461567 -0.001160062287125 -0.001681269143158
 -0.000603707889176 -0.000109505525597  0.000162586232921 -0.000327494442516
  0.000019234979440 -0.000101739266654 -0.000184315704056 -0.000924993941907
 -0.000243795844359 -0.000117645523995 -0.000046705395135  0.006505959197294
  0.003806870498873 -0.001988801494538  0.000311736216519 -0.000007563200851
 -0.000235758451003 -0.000240141343596 -0.000106894071984 -0.000155735490936
 -0.000099424516359  0.000040118558014  0.000199306739787  0.000107069908936
 -0.000032101429659  0.000060110570585 -0.001183191688899 -0.001110194771337
  0.000288592113594 -0.000034136712961 -0.000045280758697  0.000162572770305
  0.000174795256532 -0.000027336689533  0.000084790993783 -0.000070439513326
 -0.001575802544988  0.004795020789472 -0.000182430498021  0.000194969160976
 -0.000315919903235  0.000216989317241  0.001656254520507  0.000141123423677
  0.000218456392997  0.000059339345864  0.000002218390862  0.001448922638016
  0.000159489713124  0.000220615881440  0.000070610377409 -0.000382384563292
  0.001210462832448 -0.000084886092487 -0.000065387268042  0.000038222324166
    6 Orbital Energy    -5.719935 Occupation  1.000000
  0.000238413246125 -0.000907518907318 -0.534977757996813 -0.713819579682585
  0.429520314736004  0.000523363521451 -0.018324322540496 -0.024099064910409
  0.014531849897758  0.003027063389078  0.004008489943651  0.006738784295366
 -0.004959123314014  0.001206702186235 -0.000438178436266 -0.001246972821981
  0.001162236427683 -0.000117595358326  0.000907590077352  0.000229296467076
  0.002301033931796 -0.000708593459428 -0.000440953744354  0.000004868669428
 -0.007939020294520 -0.001445939494904 -0.001162914322946 -0.002309646242850
 -0.001255285249400 -0.000093238605236  0.000372252661960 -0.000797530728538
 -0.000246452160370 -0.000079946259333 -0.000061019178871 -0.000431456158804
  0.000030710310729 -0.000043189442605 -0.000002530116343  0.004338937178488
  0.001696960809487 -0.001355320809891  0.001075870200235  0.000201901561830
 -0.000096345675542  0.000004070519173 -0.000081869543565 -0.000047705422344
 -0.000156859815407  0.000076270333461  0.000357151104569  0.000034070461926
 -0.000067537270292  0.000006637463964 -0.002197641937070 -0.000887328164343
  0.000240835810699  0.000353355802275  0.000116415383029  0.000231336731446
  0.000212267376526 -0.000009195853285  0.000105495221066 -0.000059660251338
  0.002030028873743 -0.002506446548461  0.000489258773225 -0.000516604539315
  0.000922133189332  0.000426278502599  0.003394717445427  0.000463726001910
  0.000371288399331  0.000056657363953  0.000182214877533  0.000073084645308
  0.000155197014560  0.000034945521292 -0.000027900032101 -0.000013501864450
  0.000179777699849 -0.000079372288815  0.000004695605392 -0.000047036828433
    7 Orbital Energy    -5.715957 Occupation  1.000000
 -0.002615719498384  0.009670164085536  0.734162768330351 -0.162616370294483
  0.644255833955641  0.000217744736619  0.024565641161674 -0.005280997622965
  0.021211288673109  0.000560624814288 -0.006798444507123  0.002605109344465
 -0.006680908437761 -0.001173810718282 -0.000245558975052 -0.000883133504790
 -0.000155951549237 -0.000995938406653  0.000552876946581 -0.000158893998638
 -0.001475833472101  0.000390397366673  0.000157418435831  0.000066021566697
  0.004804330868442  0.000557175274887  0.003087572033311 -0.001152116571654
  0.000542484050650  0.000196774638620 -0.000329186656567  0.000728024363474
 -0.000205260771442  0.000130740174963  0.000067810718541  0.000463298725045
 -0.000140253018677  0.000060465977092  0.000004267457369 -0.001440289462854
 -0.003191865820979 -0.000159151194588  0.002018238688225 -0.000189591437365
  0.000098408267514  0.000055444672551  0.000005312278040  0.000076442244865
  0.000032179211874  0.000116757906913  0.000512226880921  0.000011154969573
  0.000035248384973 -0.000061798751947 -0.003251156581081 -0.000237081948305
 -0.000364943770040  0.000672386930137  0.000344896791115  0.000324558472915
  0.000299851166860 -0.000013617820857 -0.000000581588944  0.000037772247190
  0.001978947334450 -0.002650568929523 -0.000143021835778 -0.000702644662576
  0.000681928119490 -0.000048471036403  0.001484411540291  0.000012487276407
  0.000084952905230 -0.000112413514710 -0.000262518205512 -0.002093343955252
 -0.000335993402280 -0.000384770215459  0.000020204893556  0.000396734055687
 -0.000704393302761 -0.000000102086256  0.000056586481335 -0.000083635750546
    8 Orbital Energy    -5.707242 Occupation  1.000000
 -0.000055197777862  0.000281116842393 -0.394120067517229  0.667017615446420
  0.617526203672214  0.000307430656857 -0.012458921266962  0.020714852537903
  0.019233632344128 -0.000954030244888  0.004007935529742 -0.006083161576326
 -0.005040028507736  0.000508562185430  0.000135960801979 -0.000454525402613
 -0.000417431083860 -0.000266505061625 -0.000296846156308  0.000040971681200
  0.000164168357551  0.000175434075163 -0.000020474885063  0.000046865075100
 -0.001261354587993  0.001079078937953 -0.000907100523811 -0.002254736542456
  0.000269401149096 -0.000240452853491  0.000180694478815 -0.000033552307153
 -0.000071597096278 -0.000201461668162 -0.000074977462662 -0.000451367916908
 -0.000108522973804  0.000025589089925  0.000006701296933  0.004508838544573
  0.001124487894462 -0.002000047757475  0.001935964676561  0.000168066188196
 -0.000209674855759 -0.000037630325262  0.000015863189875 -0.000122120971938
 -0.000084635182970  0.000117991266574  0.000547547281264  0.000035337876921
  0.000000584829479  0.000001038562959 -0.003510685670536 -0.001099045579784
 -0.000068345953623  0.000640333592958  0.000222881087636  0.000358569699289
  0.000292160686564 -0.000048775269813  0.000115922191426 -0.000010535798045
  0.000039208934149  0.000525413184058  0.000169740411548 -0.000342410991875
 -0.000242010327568  0.000157840421346 -0.000008475648902 -0.000071165265940
  0.000056642563047  0.000139516016741 -0.000086193857214 -0.001941956681689
 -0.000290111755293 -0.000069263843157 -0.000087477516806 -0.000156044869882
  0.001613195864304  0.000069506590807 -0.000099926615501 -0.000003693390709
    9 Orbital Energy    -0.962780 Occupation  1.000000
 -0.001165955349833  0.004969132613393 -0.002469403217661 -0.000636747265199
 -0.000111578685396 -0.010534014279224  0.005711886146824  0.001319263423403
  0.000684970641737  0.001472332601677 -0.002837552900412  0.000950168602991
  0.000446761635851 -0.001347317346345 -0.000112883098905  0.000045070606972
 -0.001024648565868 -0.000374078206026 -0.000072702228773  0.019049721035169
 -0.032528417361424  0.020752020754651 -0.010814434312346 -0.012384325571053
 -0.021924452690598  0.004000333449908  0.005718789515809 -0.011262624146911
 -0.004201586225943  0.000143687308007 -0.000085312800055  0.003030170543901
  0.003627833539247 -0.001912289049256  0.118743679308482 -0.229605804714881
  0.113652434322693  0.052352279403179 -0.135608492049642 -0.079159745273863
 -0.015731896050993 -0.012441256408288  0.021808054508234  0.001529081614654
  0.016469979293990 -0.003645201728833 -0.007752757875238  0.021931900356009
  0.007985737580448  0.193997761650471 -0.424431331344642 -0.107004459125615
 -0.040875501391026  0.122443581993257 -0.389864062927566 -0.036962832681353
 -0.012407407922933  0.041913724607693 -0.000635119444282  0.008073048816295
 -0.003657894491941 -0.005469859314075  0.008594017805762  0.002088562564325
 -0.001529528234100 -0.000949370347984  0.000179420735987  0.000116893531517
 -0.000153946734762 -0.008233095230049  0.003729464514448  0.000806392707647
 -0.001122808829292  0.000203411686352 -0.006073484691786 -0.001505815258027
 -0.000383447440965 -0.000344231065805 -0.000513034849819 -0.028063863047588
  0.009084610041669  0.001177310318970  0.004914010559010 -0.004090342701879
   10 Orbital Energy    -0.739265 Occupation  1.000000
 -0.047842234335925  0.217990898441988 -0.046314342619181 -0.009683567340929
 -0.019334540318349 -0.431798330024322  0.106774384663626  0.020952730860969
  0.046262168720684 -0.114268412481529 -0.000604740755913 -0.002876129994172
  0.002004296886428 -0.014622112473356  0.003123738661449  0.006555493758440
 -0.017279349831398 -0.007051084154340  0.010817717555882  0.147398366028167
 -0.274827505245469 -0.029134623778659 -0.043729887822730 -0.004270644903766
 -0.277341210522973 -0.014786610963365 -0.025705841756787  0.001583906191124
 -0.002172464683468  0.002429255312256  0.007267986698825 -0.003617356613195
 -0.000325867723300 -0.001065052051837  0.046606761153806 -0.092170995156617
 -0.102978180424328  0.023491657629789  0.066853768636268 -0.052729418853893
 -0.011250391652883 -0.003501587010237  0.012281904908755 -0.002732700841669
 -0.002477648821344  0.005288015994803  0.007144649989424 -0.001462253872554
 -0.003158818263275 -0.038315590285898  0.087861190622141 -0.002275854979355
  0.012460533079371 -0.008271263382252  0.084693654134827 -0.005305713838524
  0.004290706324223  0.000969237626980 -0.001831978247464  0.000004515722885
 -0.000020618089486  0.001009485173656  0.001637171207013 -0.000571491804162
 -0.079712139145654 -0.030447450022081 -0.000196788992203  0.005161058833922
 -0.005970930731245 -0.078411677740503 -0.015121960865016 -0.000169050056718
 -0.006633182444958  0.004830740414202 -0.082060478206269 -0.012640930426756
 -0.001548196143281 -0.002925782904470 -0.007473274557080 -0.030322485427639
 -0.005555314815683 -0.001756420636816  0.002517933950216 -0.000319646168396
   11 Orbital Energy    -0.624015 Occupation  1.000000
 -0.054520575379150  0.247966645989835  0.002820699086252  0.027297761909990
 -0.033837397388313 -0.514309025046379 -0.002107794634657 -0.064263080963951
  0.083210353798903 -0.200750892824520  0.004986463666043 -0.003991328128702
  0.009591809165047  0.013423822949750 -0.000639282406815 -0.008167615982304
  0.001146339775088 -0.006527934276319  0.020533777627010 -0.100845199215072
  0.199705954710732 -0.134881720693521 -0.017359839546129  0.009280210279277
  0.190147568136775 -0.032481460992106 -0.008139461507480  0.001141567455253
 -0.005522965577314 -0.001492492725945 -0.000985866438807 -0.009733431956493
 -0.000628061444613  0.001342171899450 -0.079882067409378  0.163675576463687
  0.106556554608912 -0.037081243736844 -0.095832588955449  0.140883202965885
  0.028846088469453 -0.004420126510516 -0.030551590645958 -0.004041190393244
  0.003661301587217 -0.006882607975774 -0.008648096976067  0.002606187298907
  0.003034650213201  0.048473693840210 -0.112315485558437  0.022598425146708
 -0.014994735032122 -0.017709451959958 -0.124878116841082  0.014397318721432
 -0.004159265414341 -0.012592904613244  0.002524287107322 -0.000369617243093
  0.002239147399596 -0.001187696422075 -0.004192998256978 -0.000047247346675
 -0.133628153842446 -0.062587146197088 -0.002398686095241  0.006465743299841
 -0.008512575641877  0.076337489243408  0.023850931001356 -0.002324913278238
  0.004717206933136 -0.003785099125742  0.079971013021513  0.029497856735222
 -0.001674895061045  0.001864958502837  0.006409009247069  0.057936934400926
  0.017615051473142  0.001344003005252 -0.004623834683771  0.001006647490553
   12 Orbital Energy    -0.531016 Occupation  1.000000
  0.007077839312175 -0.032279970774580 -0.010020235305271 -0.042630886519864
  0.014266730255057  0.069187230299364  0.023277609794556  0.102865037825378
 -0.035112247228233  0.039596850654166 -0.005036695203870  0.017836305742098
 -0.004316935817122 -0.002691555768223 -0.006461271092563  0.006236647665678
 -0.017152435833584  0.000953727350527 -0.009083753005613  0.076228442827980
 -0.152315111173443 -0.083716454606157  0.175844049929711  0.005341452331374
 -0.197567376465625 -0.030163331962441  0.056719190387168 -0.003056185340593
  0.004352443150505  0.006835808352788 -0.004236220238539 -0.007194769354967
 -0.002290848448873  0.004004714459183 -0.126520344422679  0.267298735281845
  0.024905871064402  0.174259829135764 -0.117564692673601  0.259508451084791
  0.035385497634872  0.059856458200132 -0.061725111595383 -0.008168804762423
 -0.002269713493698 -0.008697004398293 -0.001160566240837  0.004014432541094
 -0.002113997498494  0.060951148125832 -0.142774726709439  0.031891603768249
  0.082358726173059 -0.074510744351909 -0.168539730133665  0.021428214619972
  0.042993924437422 -0.044506138589398  0.000000788785348  0.001782707455316
  0.005168661212816  0.004546946684542 -0.005785348069835 -0.007628104325570
  0.055924989028077  0.038654832623505 -0.000063965399450 -0.001315180549975
  0.003114447404742 -0.131605592823637 -0.064130597041003 -0.000372494766594
 -0.005138911342203  0.005421458100957 -0.087409475013329 -0.043481367987478
 -0.002281371404239  0.000922855225740 -0.005913462297493  0.197321990176945
  0.097630901183121  0.001661261251825 -0.010527510824636  0.005074634872741
   13 Orbital Energy    -0.435854 Occupation  1.000000
  0.009087489978188 -0.041249700815756  0.005678837490947  0.019249482468089
 -0.065366411803457  0.090681544637391 -0.015718319433695 -0.048582143367987
  0.161089317905371  0.059536040479742 -0.001080989781595 -0.002981857875837
  0.042876952937535  0.010986427590157 -0.001211534545501 -0.011199926713031
  0.003933324844524 -0.021704697385924 -0.002750173039548  0.016020077622008
 -0.031057154323558 -0.001710411017038  0.073620835081400  0.354175253555742
 -0.035589303779093  0.006449882176003  0.010612682527353  0.185737333337002
  0.005597930933622  0.004804959167295 -0.007610761442098 -0.002126635266461
 -0.003720426888807 -0.001526851675187 -0.030944168038892  0.072143881970306
  0.131460605434397 -0.128392387093689  0.145798773766536  0.060200047269536
  0.064807310097817 -0.021870387482362  0.039243969533217 -0.002768933380142
 -0.002579754060759 -0.003924901539525 -0.002375380296513  0.006898844506851
 -0.005174891817435  0.035889793875382 -0.080653417918189  0.190368997612960
 -0.038608734923235 -0.018317887698593 -0.127820248625193  0.101488251234327
 -0.023452563489301 -0.008878323412355  0.013493648321455 -0.002246152770371
 -0.002885673217459 -0.000563472400324 -0.008832565515386  0.002731667219692
 -0.063949892797829 -0.063585736592998  0.000750756919296  0.003068805799691
 -0.000818145225335  0.071054187012359  0.031246080755226 -0.000370345206327
  0.004823340664555  0.004434596140554 -0.222232458926078 -0.147619214433405
 -0.001496909878549 -0.003437033926270 -0.005928281167857 -0.069160778611339
 -0.069143888370222  0.001162582697094  0.002923355221836  0.000610409925965
   14 Orbital Energy    -0.417820 Occupation  1.000000
 -0.002959290127041  0.013596534911793 -0.047248641194601 -0.108492397879640
  0.074035939076215 -0.028340115279495  0.118784036904972  0.271781676113506
 -0.185548671216608 -0.017145791933604  0.019459476644526  0.057623207413324
 -0.044098014807348 -0.022612397941313 -0.002765455039356  0.023858274112397
 -0.026110369681804  0.007093897265883 -0.023866432758145  0.008058019797297
 -0.013209834276090 -0.274044432150365  0.043516792342717 -0.034059120351852
 -0.049269571600007 -0.141346173010801  0.016487035549873 -0.024005086457922
 -0.001234015409304 -0.003659415540632  0.001786761233725 -0.005788502971762
 -0.008073622097952  0.002133615522458 -0.012553191516914  0.032453183954067
  0.082871597123484 -0.306607642298421 -0.011023088890851  0.005639471610496
  0.026020245448764 -0.109694764356459 -0.011138031723236 -0.004314181665772
  0.001337866738523 -0.002208707929940  0.003277753184319 -0.000367986679257
  0.000646919045695  0.011205067053100 -0.025718646301581  0.082853526034371
 -0.185602829512279 -0.059579210763668 -0.038725785070171  0.046362401869757
 -0.101703751051280 -0.034193651730327  0.005449458346858 -0.007035572387088
  0.003671678338908 -0.008201665558452 -0.006952925785075  0.010165661508389
  0.165989685238739  0.148293575848953  0.003224794376884 -0.003874320989201
  0.006628632351537 -0.053457614615727 -0.028767715028895 -0.006945397928026
 -0.001319159720996  0.001502194773973  0.026549744255398  0.019689782602779
 -0.004224102243928  0.001616181781042  0.000725481507384 -0.128782149992161
 -0.097234961204100  0.001039059793993  0.002742725704607 -0.004621819416076
   15 Orbital Energy    -0.394320 Occupation  1.000000
  0.005974944473986 -0.026740352143691 -0.055297957822195 -0.001743300679468
  0.014378576489960  0.061398672295651  0.137437369137879  0.005417663899390
 -0.036722673170993  0.036643640675564  0.047377083814476 -0.010728997628026
 -0.008641316281830 -0.023949253593822  0.013372690412479  0.009517155583793
  0.001618267063349 -0.001046967231381 -0.004738568790505  0.009769107224559
 -0.019806586387879  0.030094927231579 -0.252716141208974 -0.015808284985540
 -0.044458311150695  0.025747830912773 -0.147125144093849  0.003104046303538
  0.000283111039288 -0.003162345353472  0.005994369133856  0.000152337554471
  0.000337473015797 -0.005709961332493 -0.031970231798109  0.083800841362102
 -0.290757553051888 -0.011312154078673  0.139617877277990  0.073610776380911
 -0.080233426877484 -0.005402378537233  0.005865962942518 -0.004976834344209
 -0.002852170379032 -0.004691039335196  0.003108414003507 -0.003104044247396
 -0.000730022380364  0.080692339028002 -0.163946533477175  0.184617531245113
  0.132377747737702 -0.367273709436526 -0.362768403667448  0.084955083842368
  0.067651692997660 -0.183244046917932  0.006091692341657  0.005940591790777
  0.021379395050038  0.003507460226553 -0.013809141441636 -0.009259342563781
  0.028990140028620  0.030266691495855  0.003379301170848 -0.000993214068104
  0.000991653022902  0.106749280415589  0.054856800478048  0.000360366115457
 -0.000265278615986 -0.003794478362165  0.047544672322134  0.042347780931040
  0.000744904229589 -0.003259034498538  0.002192266239659  0.002742763719226
 -0.012129089772488 -0.005248895291255 -0.000261086220219  0.002520462017187
   16 Orbital Energy    -0.355468 Occupation  1.000000
 -0.003186440761682  0.015616090026326  0.082822126902589  0.062664145234568
 -0.002560822104342 -0.029327972773179 -0.212082460051076 -0.160293248834464
  0.007249284434024 -0.037777974043634 -0.061129853647833 -0.040073023553251
 -0.013784222427082  0.029566137556886 -0.013677081218358 -0.011355807892966
  0.012264815867109  0.015203697591678  0.023226211860052 -0.005849982638743
  0.010676268640782  0.107267599587083  0.242089502754373 -0.218792354720218
  0.042678900386531  0.061301434572312  0.126182212281590 -0.111365291733965
  0.007294601496192 -0.008086211511225  0.003351946913947  0.008355917105269
 -0.004312207736394  0.013776895727206 -0.005349275281245  0.023998056764806
 -0.004171902496785 -0.098636391364074  0.212042752004973 -0.019661358860157
  0.035472983866637 -0.023460497122818  0.067592407316606 -0.000691110858387
 -0.017851705667553  0.009206807666789  0.005224217174373 -0.010271548063092
  0.003068039938577  0.029258105410954 -0.051794891610231  0.270974787455387
  0.073291190990375 -0.102445386424072 -0.146983172819332  0.147315858183567
  0.043479538693688 -0.048973487324937  0.014997292201483  0.001069890165895
  0.002140322449147  0.004667221877592 -0.009889727796809 -0.001246893070472
 -0.077054156855150 -0.089016620435647 -0.005358171183148 -0.000661555625205
 -0.004263938673111 -0.209588390604126 -0.181346655101346  0.002225122945988
 -0.003254864944312  0.002825370411707  0.087616781642790  0.069691405050575
  0.003499500780855  0.005807220772468 -0.000817338266431 -0.119000545464453
 -0.119605116698592  0.000206417852142  0.003141532889967  0.000503013153724
   17 Orbital Energy    -0.349809 Occupation  1.000000
  0.018901538551817 -0.085614416277329 -0.021700586967025  0.070418373672373
 -0.089790336444333  0.193515622949120  0.051024174288816 -0.181151420154696
  0.228393209940462  0.155794536519993  0.027786966718078 -0.047812304310253
  0.060616827978622  0.014733173207345 -0.002909920217371 -0.014474577734731
  0.009218336279421 -0.006511361329869  0.020682077094935  0.013428056279038
 -0.027899860935180 -0.019776682218026  0.111411815530513 -0.029871328625616
 -0.028829738868900 -0.007422031696195  0.039176919812493 -0.001284212347573
  0.015684281920673 -0.006792518367023 -0.006455243846140  0.000611178631157
  0.004662895160956  0.002175396734554 -0.008856744527811  0.016684270998468
 -0.126112798917577 -0.174990752754472 -0.209597974884075  0.038895033591234
 -0.079384575448163 -0.086353072434144 -0.122888796611348  0.012735827790718
  0.001806250621572 -0.017656956096719  0.010936533737617 -0.000697698721375
 -0.002252076327620 -0.002385509874911  0.005006186037642 -0.227318340989424
 -0.220947722148901 -0.253753794615771  0.012971299877389 -0.136930610084520
 -0.131798975263910 -0.154028873644162 -0.014851027281308 -0.006201318968069
  0.020453921995925 -0.011740202353979 -0.000275899893411  0.006549304670455
 -0.152772747433331 -0.174328403978297 -0.000410579522549  0.003774801319663
 -0.004828931690771 -0.089962546363602 -0.083814935949063  0.000792953850793
 -0.001376074805208  0.002357394710601 -0.023703606802173 -0.019706988079322
 -0.002061670502685  0.002194047859063 -0.001244716978068 -0.022463875164961
 -0.034278375727255 -0.002912470167504 -0.002201504282784 -0.004317221887755
   18 Orbital Energy    -0.310099 Occupation  1.000000
  0.023225333914409 -0.108530247417232 -0.157394275069173  0.008543622719108
 -0.103053881099006  0.230241203083074  0.404833025828975 -0.021484672186870
  0.264018275695257  0.258540883378384  0.153628886677589 -0.000978992512251
  0.092560894296779 -0.011952908977851  0.003080179157585 -0.002080533454511
 -0.009092339806767 -0.012614235369512  0.018477699408826  0.017011117077025
 -0.031530417508818 -0.187469026388945 -0.072943258691983 -0.149071245885293
 -0.098513696828917 -0.092569299349401 -0.064468291030843 -0.053369059869565
 -0.003507300745172 -0.005675998632816  0.008921843025718 -0.007656746445959
  0.003681313814380  0.009318211624738 -0.010678907045394  0.019332993361658
  0.111401302258871  0.031903918839102  0.041297851129718  0.068122397378434
  0.062309652297434  0.018169062829683  0.029725330229774 -0.018235587964012
  0.001389849131296  0.014928223591042 -0.006386548478732  0.000550859620007
  0.005073014288180 -0.002888009629361  0.005721917018826  0.154982263770161
  0.064983180636682  0.217165950462037  0.012756770772002  0.100811723640991
  0.044885799012342  0.140105008781155  0.010256133422051  0.002174408235737
 -0.013215837453677  0.004755652691995  0.000225723850642  0.000281153704445
 -0.132900047484243 -0.164132316808987  0.005673994930299  0.005636826545050
 -0.003309252607700 -0.054783089039522 -0.053002114780924 -0.003053351966399
 -0.003079140955974 -0.001086422132985  0.126105823972214  0.143047696657550
 -0.004161348785947  0.000261623412221  0.002827911530608  0.009907624031772
 -0.003072529977528  0.001184397334414  0.000241609990222  0.001222022104471
   19 Orbital Energy    -0.233345 Occupation  1.000000
 -0.000955638171230  0.003993858239531 -0.065022425506622  0.150651494458790
  0.130420507498409 -0.011215566124330  0.170209034446858 -0.395605348627383
 -0.341042957846064 -0.010380136235301  0.099320537962650 -0.230037562692889
 -0.199998509942162 -0.012448847619053  0.000748178965448  0.012032387125696
  0.010833116283280  0.005349547166458  0.007272194250657  0.028860761360992
 -0.053083203291100  0.093000778058454 -0.031239047237200 -0.001362710159051
 -0.196613420786379  0.101588834689795 -0.041510207366045 -0.045100368961246
  0.012300750142791 -0.004952129707793 -0.002465143727857 -0.005726415582793
 -0.008736221217076 -0.006508130760291 -0.020427950007285  0.043769941971390
  0.027704571462146  0.033247846766513 -0.050104581900271  0.123426611043756
  0.050186851164934 -0.078831103012959 -0.018750827199540 -0.018879419515943
  0.013796175938109  0.005971201871844  0.007551721078535  0.008515812663863
 -0.020352090866664  0.000868243651197 -0.004322416051531  0.180435218419201
 -0.312176202607496  0.100309260259283 -0.006171939010511  0.126014089424643
 -0.209549241578471  0.071589441141523  0.007359209580606 -0.004467607401430
 -0.004998467502227 -0.005689671305233 -0.002985569224441  0.008692734772980
  0.003650533869335  0.012431989289730  0.003703733725947 -0.008679390697956
 -0.007552667992743 -0.001375353938346  0.047878256192500  0.000631225723328
  0.000448740427666  0.001232321017441 -0.046953315480569 -0.053220326267611
  0.003436728766604 -0.000081990663349 -0.001663934490249  0.114839478563457
  0.171212002250379  0.000457037097488 -0.002353260422753 -0.000391876636424
   20 Orbital Energy    -0.207485 Occupation  1.000000
 -0.000150777292912 -0.000557393350183  0.084988658533880 -0.094157256999126
 -0.099409757535964 -0.005997803563280 -0.226323688651956  0.245790029590478
  0.262928715681704  0.030240370927327 -0.163803921602480  0.160840670973846
  0.163166736236542 -0.000952561796185  0.011003211721169 -0.009529283745175
 -0.005070036491291  0.005408572103012  0.000234283920599  0.031113549259587
 -0.061977294534457  0.138395773063126 -0.125789905462239 -0.101985061468722
 -0.248705499600128  0.077884984017074 -0.087077786989469 -0.060829278457228
 -0.008201786023464  0.005719831502713  0.007661598349190  0.008542606512002
  0.005961210199042  0.001805555901242  0.014079089000906 -0.045896905256298
 -0.084827751187137  0.104192880901592  0.023388074472882 -0.047908197777711
  0.045876261084146 -0.025916917298330 -0.000712456467955 -0.016874985576713
  0.014290821056782  0.003915272260513  0.019013423117866  0.009692307818709
 -0.025133050849856 -0.000367189240382 -0.003200543231046  0.215441292729067
 -0.402429716042000  0.011033250901081  0.024465312502053  0.152129081313926
 -0.285346580602045  0.002684565731686  0.004896262808573 -0.006577329770886
 -0.002247588314019 -0.006239515642125 -0.004166955632039  0.008977866698966
 -0.004975391686279  0.001740426115771 -0.006326781062922  0.006872489604432
  0.005691462770414  0.016331497852531  0.079914183969343  0.000602557729723
 -0.001340780748157 -0.001359205622790  0.072715987915619  0.114599988204484
  0.002475890783208 -0.002139431470707  0.000419128411162  0.129571007589684
  0.238007912484370  0.000403333926019 -0.000087948123891  0.000983707378218
   21 Orbital Energy    -0.077858 Occupation  0.000000
  0.009170819544313 -0.031200416872705  0.090009061930357  0.029856097029607
 -0.024616213104137  0.133529418258654 -0.255651829654162 -0.083249981343444
  0.064564603232860 -0.034569497713692 -0.193621483957544 -0.153129407889539
  0.112069019063910 -0.021659891457135  0.013383080666397  0.018428608540306
 -0.011838044913155  0.013826808326417 -0.015489704323753  0.021104092155683
 -0.050575333626048 -0.073145064131450 -0.040613631811919  0.011462771006659
 -0.104524793371752 -0.136444851877567 -0.000425750147225 -0.033103781062041
  0.026162357079600 -0.009324899049820 -0.014308756435183  0.004544478428958
  0.009920018147711 -0.015254636153164  0.001842112600331 -0.006173062376311
 -0.301382859821212 -0.215546193623309 -0.327694852994248 -0.051706711984660
 -0.308031636628416 -0.194193118615497 -0.300963994539463 -0.021424531743983
 -0.003172325795150  0.023387102300869 -0.010952580593884  0.002393902562552
  0.005986008892759  0.001406281497083 -0.004553166335058  0.245998821878078
  0.193945637508485  0.288050155125861 -0.007962719482493  0.237403043813406
  0.178884005731253  0.273093340245479 -0.000487091816244 -0.000203155661440
  0.000500501557985 -0.000486651644045 -0.000071643910071 -0.000259605072771
  0.037286982834724  0.142640512149375 -0.006646701946746 -0.002245900577448
  0.002260783817637  0.016102676326258  0.071380068150552 -0.000469803731626
 -0.000342831391196  0.000213258896058 -0.080563439391253 -0.143731908818424
 -0.006594177399120  0.000938383988123  0.001135866038218 -0.004733358773315
  0.018383357379377 -0.010177003892407 -0.007183020295736 -0.011990240259552
   22 Orbital Energy    -0.014672 Occupation  0.000000
 -0.005387219648331  0.010614106630101  0.052807812016095  0.128645048717766
 -0.080538900881256 -0.102815996546419 -0.140456967328772 -0.364863962046395
  0.234203880174563 -0.005490696488256 -0.379127093652252 -0.671236570599780
  0.414411856138846 -0.083645084336300 -0.002204515033995  0.069647936368610
 -0.079341269030559  0.003983991019921 -0.064223352621784  0.078082622525937
 -0.125616965698772 -0.224909898201817 -0.077588475985287  0.023972211120683
 -0.889470882041650 -0.342112889973995 -0.056860710602122  0.074228062066736
  0.001181203475330 -0.001468214880507  0.015370727598803 -0.004191988504504
  0.006377176775284  0.011265401400427 -0.001280113847353 -0.001134014674535
  0.122860643237699  0.008464301222705  0.115811699995846 -0.023700160556703
  0.109568884712252 -0.017109400204722  0.146042727296313  0.000319008349699
  0.005313998675485 -0.004920374378826  0.003329345710451  0.004824655888075
  0.005672103325753  0.005612907476157 -0.016844181503808 -0.109408655396344
  0.001850250697089 -0.061992083528796 -0.041390056508591 -0.112037171197995
  0.003027943871057 -0.058443726535153  0.000380543511366  0.000883651135921
 -0.002798153695486  0.001156755106154  0.000925869951632  0.000255604830074
  0.172051141481979  0.891169074494641 -0.010351243927212 -0.001879928303830
 -0.008281481152791 -0.028514589637224  0.076751985700306 -0.000428638280018
 -0.001300496972240  0.002364422483414  0.072572568370628  0.448704016351336
 -0.004509004722283 -0.002599554781474 -0.002981769199258 -0.015753050381555
  0.116711092074162  0.005592609707659  0.002703348547063  0.003169122184905
   23 Orbital Energy     0.020648 Occupation  0.000000
  0.033319184084234 -0.153920251195032  0.104704837588929 -0.011725682069044
  0.101650925368388  0.374738917011510 -0.299375269720940  0.042873510429749
 -0.306769752997812  1.121043360398015 -0.793268210167486  0.046193920444692
 -0.584618309674185 -0.022685262471176 -0.004478754174826  0.014399337380682
 -0.064257796687093 -0.017014092221017  0.062679525688374  0.066260554922301
 -0.105797854422288 -0.255711536503986 -0.173994556797727 -0.004671519867555
 -0.635286118726303 -0.579758276474420 -0.387315015640228 -0.032709330853012
  0.007003303591782  0.011816822351340  0.000246524392310  0.012453039474634
 -0.010550437132793  0.005997088711415 -0.009891687612109  0.017083297662635
  0.066787034055111  0.035746330917383  0.066979840320502  0.176374977412296
 -0.046641086740260  0.111382551220934  0.210281679807729 -0.004149135921403
  0.015193076744824 -0.004896055979927  0.004132170931517  0.005339519814060
  0.005099450385824  0.014792663268706 -0.018947045511326 -0.078477160919768
 -0.006564754597103 -0.002352337688487 -0.209824984911666 -0.111354542580475
 -0.050421097035980  0.024217359350393  0.005297089148224  0.009792966045298
  0.002498040219026 -0.001046631119808  0.002557404376241  0.003583003095892
 -0.137088630392333 -1.194961086499046 -0.004760739788797 -0.010924827657286
  0.006427142859784  0.016516186693041 -0.026912180647697 -0.009978499660653
 -0.005610530575576 -0.001585923748118  0.007807371228933 -0.067076032315779
 -0.004453292779053 -0.008808856485263 -0.001346396444057  0.009321481115423
 -0.121072840208488  0.002229766792970  0.004852080020751  0.004296514672302
   24 Orbital Energy     0.088819 Occupation  0.000000
  0.004750663848001 -0.008331484557391  0.007156546002820  0.044450617767311
 -0.017220908316901  0.096440048587573 -0.018344899448356 -0.154250287678909
  0.059556070342239 -0.139615784195809 -0.026729711088952  0.087384556065158
 -0.012798887280125 -0.013598302907839  0.021100019602661  0.001333303238296
  0.018823034109848 -0.016912099521268 -0.009786289169230 -0.093827602832735
  0.127866199565523 -0.079546636020430 -0.225616360627116  0.101303037264437
  1.546007089464067 -0.126229207832402 -0.585057516363307  0.320228484479988
  0.010360911960488 -0.023411307492550 -0.008735380948638  0.010616237381931
 -0.003172285118051  0.015469659450724  0.053564118521335 -0.067903974827896
 -0.002357387320047 -0.146329788459021  0.124447594409846 -0.775048775417445
 -0.147107430447845 -0.231991209534701  0.323815738974790 -0.002577470770229
  0.027209228186294 -0.004976595495729 -0.011380269991620  0.007061558415020
 -0.001675651941792  0.004621376029277  0.010099897439082 -0.014919476565346
 -0.000648788667854  0.011205722108076 -0.130900797296522 -0.050960667866180
  0.033957775474953  0.009312182464875  0.008922833582942  0.007445964989575
  0.005529705975867 -0.002266925566255 -0.003283325989094  0.002825444085740
  0.030410370336959  0.126300147182941  0.002944974381611  0.004251670166234
 -0.000235301450890 -0.138682399401702 -1.560475460703148 -0.007063470949571
  0.007354230631340 -0.006142040668671  0.003557831348629 -0.427902496457630
 -0.001976427207709 -0.004987784289135  0.006883010660922  0.102335743634424
  0.949804567485006 -0.004119540358396  0.010161182654683  0.000776882786536
   25 Orbital Energy     0.097467 Occupation  0.000000
  0.000394789781106  0.006312664339181  0.017782485340736  0.022283981324847
 -0.026091214976391  0.028980286521278 -0.054754865710754 -0.065570580216551
  0.068011115128072 -0.126198850069968 -0.122760848697910 -0.127485315051302
  0.291579770172223 -0.055304307152312  0.044255924306555  0.020369005227070
 -0.013461573505357  0.030889338478392 -0.021907728386410 -0.034227715707642
  0.040850376354793 -0.011382286855932 -0.230343233184725 -0.251946575336950
  0.697526826434871  0.063447603686085 -0.749949482068908 -0.628018834573331
  0.006274379224827  0.002580332730977 -0.020922740993304 -0.013418482113112
 -0.000858617641947  0.004111723721049 -0.085289458603899  0.172568174873110
  0.077246096850248  0.173322413365536 -0.100250037984921  1.132108797129281
  0.289939521314994  0.443836039112659 -0.241167788744836 -0.008980048319527
  0.002059979898524 -0.004170223419201  0.006720011555121 -0.000791467880277
  0.011472088261769 -0.000299426449954 -0.012346999975945 -0.023851723133943
 -0.083669394752736  0.029500559115901  0.085532635742846 -0.008011128947008
 -0.117730393621418 -0.013178059033838 -0.004165024445351 -0.004977313427807
  0.000385326642055  0.005829088675146 -0.003371894028728  0.001772544902555
  0.108602752901871  0.346169858414444  0.001433480322436  0.003409806553779
  0.002059965726040 -0.029947820114550 -0.427119841416547  0.004043425959446
 -0.004985546733042 -0.009515771890095 -0.067406592338818 -1.339770707437431
  0.002723006831625 -0.004548924201877  0.009088823960748 -0.060165911439188
 -1.149758398730172  0.003914283604211 -0.005813107280610  0.008351867517985
   26 Orbital Energy     0.101737 Occupation  0.000000
  0.001986108065257 -0.007984834235474 -0.011272538138108  0.020477287966668
  0.004916898130578  0.026607449609567  0.037402565187432 -0.059650515648093
 -0.027247289830422  0.008936924771701 -0.021202886313091 -0.166117188183033
  0.224662273608938  0.026566799462749 -0.028091105821834 -0.000443732689175
 -0.049232640936352  0.065367782467902  0.015308403260976 -0.034025008887959
  0.043549148466379 -0.192118985099821  0.098517644019533 -0.275077945990199
  0.453382224566661 -0.458428197059444  0.441147170308900 -1.027998864915946
 -0.012136347378783  0.009484599285480 -0.007170822380118  0.007634656308448
 -0.007236489253773 -0.023029577844774  0.084989362518432 -0.121406446610149
  0.020178870820069 -0.060995393401997  0.115941020579035 -1.298638129155735
  0.115134116851372 -0.194161128538743  0.333803158261059  0.002769020492800
  0.006734484262214  0.008086197942105  0.002234433270799 -0.026967810969930
 -0.002068418472309 -0.022352904065451  0.041116241240237  0.037170640112079
  0.049188316036068 -0.124943632022568  0.243191829253071  0.046685571100438
  0.070343634086152 -0.191240742335531 -0.009365511781006 -0.002651995256242
 -0.008810080870659 -0.001924863142968 -0.003629308234809 -0.001399509396499
 -0.038267048335200  0.104143389464277 -0.016551351944936 -0.003499081549103
  0.000306552664350  0.105538826035797  1.006988155518897 -0.005753627188025
 -0.002992262011371  0.000617680875310 -0.094904901076485 -1.324049799491836
 -0.001824040814885  0.006576306321438  0.004377671723804  0.052418922873666
  0.945343075917818  0.007299545739588  0.005151395769071 -0.002825060201182
   27 Orbital Energy     0.193417 Occupation  0.000000
  0.014943417242893 -0.007662843528108  0.017379400110493  0.013010052967925
  0.005173028837470  0.362369917849972 -0.078368082105807 -0.029424232523674
 -0.029004355393188 -0.669083574099527  0.336978630263322 -0.274187094192438
  0.114794180776915  0.082478514838210 -0.075756683982270  0.046679293862003
 -0.000497055036869 -0.010814160229956 -0.084590981521662 -0.085039200892727
  0.034275457744979 -0.185433527655481  0.115812431312645  0.038790876861485
  1.836348643166294 -1.067102066626206  0.963190542881297  0.585791402041995
 -0.020044125478601 -0.011332012161085  0.004407215105835  0.039034189164956
  0.021683967818568 -0.005432965849527  0.051356534537904 -0.059088089737377
 -0.270844345677473  0.427554878007874  0.078106653867541 -1.086495434553639
 -1.148529563039030  1.089858699484725  0.334673016607647 -0.003449303465503
  0.009903521527066 -0.005345765482598 -0.014941663285526  0.002576564096031
  0.002690916004942  0.012384900461740 -0.016144119561821  0.069162304334142
 -0.159072856727420  0.005887920920128 -0.237849938244997  0.139657508064206
 -0.341980059556728  0.071198610568663  0.002859041760832  0.014069700933967
 -0.000761164156706 -0.000887536443431  0.002772301730580 -0.008141482036443
  0.080539954207641  0.285134345353828  0.004294258231436 -0.012735960250008
  0.000422609074190  0.022272138874212 -0.019084390272271 -0.011607629066291
  0.006296745890390  0.004421609539462  0.085359216152580  0.124556042655260
 -0.013851773280273  0.004931864241992  0.004262664847010  0.038146605784227
 -0.737613729201120 -0.013102993388894 -0.002718968717540  0.012273833498434
   28 Orbital Energy     0.224146 Occupation  0.000000
 -0.011446313325672  0.027261639877140  0.003770689875341  0.001607443011202
  0.060498771091214 -0.211854051805841 -0.007026620105397 -0.016072578231864
 -0.249394146332577  0.014467954845852  0.124526326177560  0.124509536362759
  0.460681132162666 -0.039321164028196  0.001662450903435  0.014794103765236
  0.058603060664310  0.053806012650504  0.015304793494208  0.011807538145632
 -0.017881186667022  0.121388354227378  0.081345919153101 -0.150652512701455
  0.106009218689527  0.185332180520321  0.433314377090339 -0.663403627091985
  0.018229146685511 -0.028687504969597  0.009314108397214  0.003620952671971
 -0.019146466948022  0.016078998015982 -0.045565714233987  0.000159173477477
 -0.055850668244631 -0.156541298253451  0.110248031080549  1.512278168106350
 -1.183351545803606 -0.740936197628834  1.557866771113683  0.011633630300472
  0.006081214210879  0.005453439976239 -0.000100920871272  0.013977385331818
  0.010458921365171  0.109545786170977 -0.107278697299097 -0.119037157428171
 -0.034220819659440  0.129682918479872 -2.144701766199330 -0.580422066932701
 -0.185551605202231  0.644207621097598  0.040810650276166  0.062549212670899
  0.032574121618832 -0.014217670168855  0.036544399349159  0.016188083650026
  0.045532035750219  0.077508734837212  0.004484396072481 -0.004254555758522
 -0.000458553802599 -0.090579634333371  0.588533417379655 -0.005132116660260
  0.006927077230060  0.007562333913282 -0.001929080345572 -0.330362280669713
  0.007397847501423 -0.003219074014386 -0.000063026152948 -0.068817023694349
  0.519013804422910 -0.011865420314695  0.005666553478062  0.007224122262059
   29 Orbital Energy     0.297699 Occupation  0.000000
 -0.033142550454939  0.015862989094557  0.141572638696631  0.146279971787228
 -0.063771866078199 -0.826890082017097 -0.557866950475596 -0.603939268377636
  0.295058860272073  1.551589598325643  0.279977056643929  0.765477182692040
 -0.742953974923929  0.043106521011991 -0.053565690526577 -0.084118365744639
 -0.026362151294907 -0.065389166014000  0.147175985690110  0.012771428223753
 -0.058228894520646 -0.125769489510339 -0.006376108770255 -0.013158695481243
  0.010188931819235 -0.339825690808540 -0.222411976170579  0.056547849269939
  0.009105242640569  0.010247620601641 -0.020227811330492  0.037012656845874
  0.003126825338116 -0.010556150614398 -0.000449084648162 -0.101394470899524
 -0.174623369429694  0.084962753396899 -0.027037615544486  0.254135964798358
  0.064393229714812  0.231947707587615  0.059656237519171 -0.010753057653455
 -0.001351438400449 -0.014105962418444  0.005489681026385 -0.004352106461648
  0.013894172691339  0.006070255458299 -0.020383464621972  0.014674009213089
 -0.008787151153303  0.024615372420361 -0.050853621669475 -0.035929972090425
 -0.068396517415608  0.012603250432550 -0.011718435560932  0.005187434967005
  0.005128092358489 -0.000056859189290  0.001214868526822 -0.001378213592563
 -0.207083387501095 -0.462215873506965 -0.008663016191523  0.022832123876678
 -0.034450143402703  0.008455832152055  0.026524498316568 -0.017981551428391
 -0.007581158132979 -0.001561355358350 -0.075302918037639 -0.073296359753441
 -0.004205606232233  0.002788280028381  0.004133975796121 -0.052123992015098
 -0.297959321308581  0.002070096174296 -0.001000913341241  0.007086000102835
   30 Orbital Energy     0.320464 Occupation  0.000000
  0.038456872907918 -0.049616340368481 -0.098596467203822  0.132708856560919
 -0.146992718451674  0.856059754087447  0.391289009564451 -0.553641134988808
  0.594955601478462 -1.229820955571121 -0.246721494889757  0.752566251442856
 -0.589180367293281  0.040785829331386  0.069589948396824 -0.015410911173876
  0.109614347128116 -0.009086823247630  0.015878159693652  0.021924616034227
 -0.092454774037938  0.080805611120320  0.093076055494193 -0.108510219629427
  0.001344768394779  0.237242685956559  0.064163741046800 -0.032642673754216
  0.025006254862298 -0.000761151930810 -0.011628530547424  0.008806495248083
 -0.002914174975536 -0.005143931114777 -0.022917791649206  0.073974842490447
  0.118055495396519  0.013121269403006  0.090283359550389  0.357721647511768
 -0.244007238159899 -0.198167575855323  0.149114330108929  0.000717672522484
  0.002578276967546  0.007938617795191  0.006705218307820 -0.002052764200471
  0.005625367800167  0.020022448416696 -0.055300410632392 -0.042108423284815
  0.017077898906668  0.020151596404193 -0.311172163779389 -0.098346551560713
 -0.019442137781079  0.119591735170905  0.004085842664311  0.002319723390790
 -0.014490776981584 -0.001297499558527  0.005191534807318  0.003795160443340
 -0.057674220542030  0.150108767704876  0.007651274909621  0.020177023790028
 -0.017518682049174  0.022280254131066  0.437821060878411 -0.016032882027983
 -0.018041168981594  0.002700432250385 -0.018935217221234  0.025716420748688
 -0.001004747825320  0.004599400586417 -0.001051963849349 -0.035278344550041
  0.007288271389324  0.006012890212731 -0.000853084193793  0.003561578196488
&
&hess
   1
   1  1.686589E-01
   2  3.866314E-02  1.479247E-01
   3  6.395432E-02 -1.176700E-01  1.936193E-01
   4 -1.023524E-01 -4.066446E-02 -9.247242E-03  3.120312E-01
   5 -3.036702E-02 -4.973090E-02  1.133392E-02 -4.545374E-02  4.612384E-01
   6 -3.613361E-02 -4.633811E-03 -3.874006E-02  1.593637E-02 -5.345622E-02
   7 -2.997886E-02  5.850692E-04  2.201216E-03 -1.062767E-01  5.462322E-02
   8 -1.789587E-02  1.484442E-03  2.332719E-03  6.163330E-02 -1.298416E-01
   9  1.537707E-03  5.325061E-03  2.027139E-03  3.053078E-03 -8.801673E-03
  10 -3.651879E-04  3.620246E-04  1.394741E-03 -2.599580E-02  3.204688E-03
  11  5.443985E-03  1.562120E-03 -1.126768E-03  6.772109E-03  2.131241E-02
  12  3.491843E-03 -2.697261E-03 -1.844626E-03  3.458325E-02 -7.659406E-04
  13 -2.733532E-02  3.001323E-02 -5.250549E-02  2.113020E-03 -1.581831E-02
  14  1.428865E-02 -8.864153E-02  1.075701E-01  1.661011E-03 -1.046951E-02
  15 -3.549523E-02  1.202312E-01 -1.600621E-01 -2.910345E-04 -1.774933E-03
  16 -1.452347E-04 -1.756079E-02  1.483222E-02 -4.182663E-02  1.497859E-02
  17 -8.525042E-04 -7.641798E-03  5.719486E-03  1.799410E-02 -2.110755E-01
  18  2.271589E-04 -2.326322E-03  1.538417E-03 -1.386904E-02  1.305059E-01
  19 -1.270307E-02 -1.207154E-02 -1.970528E-02 -3.801378E-02 -3.509000E-03
  20 -1.063884E-02 -6.384809E-03 -8.450572E-03 -3.980557E-03 -6.900370E-02
  21  1.998002E-03  1.778673E-03  3.484825E-03 -3.536447E-02 -7.394803E-02
  22  3.874934E-03  6.114408E-04 -8.270775E-04  3.911996E-04  2.233060E-02
  23  1.268272E-03  1.228081E-03 -9.242808E-05  2.036121E-03 -1.239489E-02
  24  6.001977E-04 -3.941723E-04 -2.250927E-04  5.178660E-03 -3.069376E-03
   6
   6  5.340649E-01
   7  1.133240E-02  5.255564E-01
   8 -4.751118E-03  5.658661E-03  4.944408E-01
   9 -8.472015E-02 -3.136143E-01 -1.970207E-01  6.033044E-01
  10  4.167730E-02 -3.383199E-01 -9.658711E-02  3.126217E-01  3.605640E-01
  11 -1.145322E-02 -9.379191E-02 -1.376848E-01  1.369488E-01  1.061717E-01
  12 -7.342181E-03  3.126596E-01  1.377648E-01 -4.278792E-01 -3.729772E-01
  13  1.629693E-02  1.409806E-03 -1.804881E-03  2.092216E-03 -2.938288E-04
  14  1.138148E-02  3.654110E-04  8.178970E-04 -1.155295E-03 -8.308997E-05
  15  2.203448E-03 -6.105595E-04  9.272192E-04 -1.398031E-03 -1.017677E-04
  16 -1.208909E-02 -3.588194E-04  2.130150E-02 -1.708954E-02  1.701913E-03
  17  1.301248E-01  1.835364E-03 -1.827367E-02  1.383855E-02 -2.845241E-03
  18 -1.450409E-01  1.385724E-03 -9.245942E-03  5.876118E-03 -1.633771E-03
  19 -3.297338E-02  6.309211E-03  3.140940E-03  2.428594E-02 -5.247775E-03
  20 -7.976988E-02 -3.960938E-03 -1.147609E-03 -1.729331E-02  2.536917E-03
  21 -2.744309E-01 -3.016588E-04  4.478212E-04 -8.508474E-03  1.834308E-03
  22 -4.010615E-03 -5.836639E-02  2.454436E-02 -1.289087E-02  8.069022E-03
  23  1.256801E-02  3.467649E-02 -2.098967E-01  6.827863E-02 -1.272714E-02
  24  1.399208E-02 -1.301478E-02  6.964190E-02 -8.870344E-02  1.654004E-02
  11
  11  1.124835E-01
  12 -1.553141E-01  4.523985E-01
  13  1.094516E-03 -7.456300E-04  2.834530E-02
  14 -1.738266E-04  2.020704E-04 -1.337685E-02  9.836349E-02
  15 -4.123781E-04  8.637142E-04  3.586976E-02 -1.172205E-01  1.567642E-01
  16 -3.565044E-03  2.553824E-04 -5.280529E-03 -3.967804E-03 -6.884919E-04
  17  3.638773E-03 -1.552431E-03 -1.231683E-03 -7.728701E-04 -9.377191E-04
  18 -1.276619E-05  5.180184E-05 -5.220813E-04 -1.269346E-03  5.880869E-04
  19  1.088026E-03 -1.407445E-03  1.483620E-03  1.219277E-03  7.687494E-04
  20 -9.516958E-04  4.879332E-05  5.796790E-04  5.927968E-04 -3.981617E-04
  21 -2.058040E-03  6.082251E-04 -4.599130E-05  2.220280E-04  9.510138E-04
  22 -2.319257E-02  2.355513E-02 -4.412721E-04 -9.844151E-05  5.158862E-04
  23 -4.710057E-04  2.216622E-02  5.631024E-04  2.589223E-04 -3.563019E-04
  24  3.330014E-02 -1.672447E-02 -4.883061E-04  3.248832E-04  2.505869E-05
  16
  16  4.896304E-02
  17 -1.769301E-02  2.262317E-01
  18  1.413071E-02 -1.389666E-01  1.504935E-01
  19 -3.322455E-04 -3.691289E-04 -1.858703E-03  4.930877E-02
  20  3.994279E-03  9.191101E-03  2.223229E-02  1.066363E-02  6.775426E-02
  21 -2.013506E-03 -7.175361E-03 -1.383948E-02  3.339288E-02  8.132837E-02
  22 -2.739517E-03  3.160266E-03  2.137303E-03 -8.265768E-04  8.013411E-04
  23  2.509288E-03 -1.302056E-03 -9.224648E-04 -1.652329E-04 -5.766506E-05
  24  2.663567E-03 -1.063363E-03  3.355771E-04 -2.499484E-03  2.311477E-03
  21
  21  2.914151E-01
  22  5.017610E-04  5.002514E-02
  23 -5.934818E-04 -2.815503E-02  2.226425E-01
  24  3.303868E-04 -8.982263E-03 -1.010644E-01  9.096991E-02
&
&valid
version=1.0
geometry
atom_num=8
  16     1.9019703792     0.3638230491     0.1476626036
   6     0.3018012451    -0.5484449999     0.0343372160
   6    -0.8496589910     0.3293310014     0.5000640962
   8    -1.6214202143     0.0206102541     1.3904819935
   1     1.6835639980     1.1845069729    -0.9123329962
   1     0.3797893420    -1.4227842774     0.6974471447
   1     0.1394743287    -0.8980474843    -0.9998633062
   1    -0.9289677571     1.3136129353    -0.0376057272
end
molecule
molchg=0
multip=1
qs_cuts=   0    0    0
end
basis
name=6-31g**                         
numd=6
atom_basis_num=0
end
&
