&zmat
 O4            -1.6214202143             0.0206102541             1.3904819935
 C3            -0.8496589910             0.3293310014             0.5000640962
 C2             0.3018012451            -0.5484449999             0.0343372160
 S1             1.9019703792             0.3638230491             0.1476626036
 H8            -0.9289677571             1.3136129353            -0.0376057272
 H6             0.3797893420            -1.4227842774             0.6974471447
 H7             0.1394743287            -0.8980474843            -0.9998633062
 H5             1.6835639980             1.1845069729            -0.9123329962
&

