&gen
basis=6-31G**
igeopt=1
dftname=PBE-D3
ifreq=1
&
entry_name: J1_9799_2111.in
&zmat
C1          1.2306920874        -0.0370940681        -0.9332913384
C2         -0.1206790966        -0.6221733151        -1.0755225259
P3         -1.1891896684        -0.8090563989         0.1492427217
C4         -0.4726982519        -1.9188842547         1.4022411822
C5         -1.6101271721         0.7968645286         0.8529570953
C6         -1.7568376072         1.9124655209         0.0140504610
C7         -2.1120548540         3.1539644789         0.5496715278
C8         -2.3352237968         3.2858855173         1.9227817851
C9         -2.2087455850         2.1747590140         2.7608698905
C10        -1.8533979010         0.9315481863         2.2284334542
C11        -2.6677830629        -1.6131893690        -0.4927345771
C12        -3.9361085033        -1.0327523346        -0.3284090939
C13        -5.0738038019        -1.6778752458        -0.8235766174
C14        -4.9538736610        -2.9056251678        -1.4801095210
C15        -3.6955916458        -3.4915775484        -1.6407503698
C16        -2.5559035589        -2.8495943827        -1.1470531733
C17         1.6934399205         0.5621809306         0.1719691780
C18         3.0768484667         1.1426158657         0.2240938380
C19         4.1391007758         0.0335322530         0.2573248616
C20         5.5573768345         0.5825471684         0.4737583622
C21         6.0871296958         1.3436418239        -0.7411846527
H22         1.8730391894        -0.0891244121        -1.8041047345
H23        -0.4016208269        -0.9837381758        -2.0557716326
H24         0.3732036171        -1.4232657224         1.9187388967
H25        -1.2489954769        -2.1885492671         2.1470857848
H26        -0.1085515696        -2.8448969874         0.9117972462
H27        -1.5974599690         1.8220504435        -1.0528614554
H28        -2.2181547611         4.0128416978        -0.1002922809
H29        -2.6115733836         4.2471350991         2.3363300366
H30        -2.3898651397         2.2759581559         3.8231278426
H31        -1.7706847468         0.0809483364         2.8908995274
H32        -4.0534037727        -0.0861432413         0.1808763297
H33        -6.0492876979        -1.2264054031        -0.6966272538
H34        -5.8356379596        -3.4035829067        -1.8621544535
H35        -3.6033110859        -4.4438924101        -2.1467310167
H36        -1.5871421012        -3.3158488747        -1.2754903124
H37         1.0734863974         0.6745846516         1.0488990078
H38         3.2276181547         1.8047558239        -0.6550398295
H39         3.1647977474         1.7628167937         1.1424409626
H40         4.1068371649        -0.5564575487        -0.6847726837
H41         3.9066181871        -0.6591940579         1.0962044073
H42         5.5802330011         1.2438514600         1.3670875261
H43         6.2383879159        -0.2732965533         0.6723306769
H44         6.0256712355         0.7121576078        -1.6529056240
H45         7.1502400571         1.6153255701        -0.5711131355
H46         5.5129862094         2.2797867182        -0.8997735347
&

