&gen
basis=6-31G**
igeopt=1
dftname=PBE-D3
ifreq=1
&
entry_name: J1_10118_2111.in
&zmat
C1          3.6430293610        -0.2123145417         0.2622356108
C2          2.3079524215         0.2940580726        -0.2771997026
C3          1.1395398897        -0.5041720439         0.3230169200
C4         -0.3003069518        -0.1451343792        -0.1311374596
C5         -0.5537971059        -0.1102028668        -1.6197684183
C6         -1.5727137575        -1.1303839905        -2.0850194223
C7         -2.7439736669        -0.7452995204        -2.7666092671
C8         -3.6592249964        -1.7098103811        -3.1984746562
C9         -3.4078821707        -3.0652410023        -2.9741425498
C10        -2.2369661405        -3.4597163982        -2.3229722241
C11        -1.3196584577        -2.4991632338        -1.8870246273
O12        -1.0642853014         1.2043640471        -1.6509414814
P13        -0.8986904581         1.5694536417         0.0245508264
C14        -2.7002814046         1.8449464428         0.0887801448
C15        -3.2447679985         3.1360316339        -0.0370941415
C16        -4.6299927675         3.3257493799        -0.0536933999
C17        -5.4896151381         2.2294707187         0.0256868118
C18        -4.9650591273         0.9396035655         0.1085984515
C19        -3.5815143486         0.7461940818         0.1272192845
C20        -0.6298073967         1.6599705401         1.8550517717
C21         0.5990885199         2.1113313463         2.3949187684
C22         0.8236666952         2.1234704783         3.7736407026
C23        -0.1546916668         1.6551935066         4.6467341013
C24        -1.3521299877         1.1558717887         4.1404267580
C25        -1.5824473309         1.1408439775         2.7619455920
C26         0.0737926509         3.0806809045        -0.3721138017
C27        -0.1015263393         4.2689247500         0.3702641636
C28         0.6123675755         5.4268073480         0.0511250717
C29         1.5027817582         5.4268469307        -1.0219772250
C30         1.6768901670         4.2697914224        -1.7807598884
C31         0.9646959467         3.1091052837        -1.4662626316
H32         3.7895816088        -1.2799026427        -0.0076691585
H33         3.6791370179        -0.1043465521         1.3674646762
H34         4.4716744747         0.3814146255        -0.1783337269
H35         2.2254697407         1.3582950448        -0.0055681855
H36         2.3316501953         0.2014621784        -1.3807655321
H37         1.1840333033        -0.4320642274         1.4302368841
H38         1.2973732337        -1.5770081325         0.0782879869
H39        -1.0070507000        -0.8202979607         0.3978255849
H40         0.3570055573        -0.1774996493        -2.2457220755
H41        -2.9587091681         0.2975861548        -2.9605486362
H42        -4.5628482174        -1.4058189278        -3.7108642416
H43        -4.1172279251        -3.8101613788        -3.3108004920
H44        -2.0383823713        -4.5107987355        -2.1579424245
H45        -0.4131549617        -2.8217961450        -1.3905479950
H46        -2.6172790572         4.0019567549        -0.1550303034
H47        -5.0372849981         4.3245189082        -0.1442582999
H48        -6.5614569832         2.3785791342         0.0079672712
H49        -5.6305624952         0.0871919658         0.1529620383
H50        -3.2051514619        -0.2642707700         0.1841736813
H51         1.4002454231         2.4578204790         1.7625525793
H52         1.7649009486         2.4882534789         4.1643910527
H53         0.0227461157         1.6611938083         5.7144065872
H54        -2.1005932428         0.7639499834         4.8171973485
H55        -2.5024434107         0.6959191041         2.4277694524
H56        -0.7818774689         4.3009755997         1.2110686836
H57         0.4735247365         6.3258956296         0.6374943226
H58         2.0549661107         6.3245963768        -1.2680527554
H59         2.3634574269         4.2719110827        -2.6175294978
H60         1.1230629388         2.2356488398        -2.0814226803
&

