&gen
basis=6-31G**
igeopt=1
dftname=PBE-D3
ifreq=1
&
entry_name: J1_10311_2111.in
&zmat
C1          3.0549828498        -1.1732148903         1.5326783675
O2          1.7084043192        -1.0005753941         1.1110145588
C3          1.3590632825        -0.2287851021         0.0000838845
O4          2.2544967207         0.3434259685        -0.6819101175
C5         -0.0984334151        -0.0873028809        -0.3584041173
C6         -0.3586223837         0.0975926078        -1.8338824841
C7         -1.3258427096        -0.9350617489        -2.4556926208
O8         -0.6959538716        -2.2079937450        -2.4255351353
C9         -1.4105675013        -3.1411400244        -1.6395278404
C10        -0.4918451270        -4.2785306156        -1.3067508515
C11        -0.3656546435        -5.3682456739        -2.1838390626
C12         0.5338626354        -6.4002554172        -1.8981734532
C13         1.3220192435        -6.3438065936        -0.7450543107
C14         1.2154178094        -5.2528589994         0.1221921294
C15         0.3163672144        -4.2197759272        -0.1590401495
C16        -1.6197260616        -0.5481584759        -3.9239376593
C17        -2.7357409417        -1.3506048022        -4.5431378840
O18        -2.3499479069        -1.5927940204        -5.8571977938
C19        -0.9486634105        -1.4296753337        -5.8787068625
C20        -0.5697254463        -0.5994411320        -7.1074180829
C21        -0.2818039540        -2.8088467671        -5.9506132449
O22        -0.4943042596        -0.7600337851        -4.7222502212
O23        -0.9641909910         1.3595572893        -1.7197187719
P24        -0.7998634922         1.5595154427        -0.0165703405
C25        -2.5876389142         1.7550824929         0.1752164815
C26        -3.4027058490         0.6234080641         0.3446064778
C27        -4.7860144699         0.7637082048         0.4867731603
C28        -5.3665382665         2.0338683562         0.4678251790
C29        -4.5631015975         3.1658227007         0.3123180475
C30        -3.1792360279         3.0294448485         0.1681997494
C31        -0.6767102220         1.6418841466         1.8227919313
C32        -0.7590085156         2.8890931363         2.4855165002
C33        -0.7067102819         2.9695993285         3.8790089879
C34        -0.6042164763         1.8090571588         4.6433136841
C35        -0.5746002885         0.5651507020         4.0152709689
C36        -0.6276852430         0.4777374192         2.6211703894
C37         0.2842298412         3.0042878790        -0.2793739411
C38         1.5389330984         3.0976362003         0.3546737912
C39         2.3678381943         4.2002133777         0.1305234723
C40         1.9621698000         5.2167908789        -0.7358601108
C41         0.7279869560         5.1302634773        -1.3825695395
C42        -0.1048386132         4.0298346764        -1.1606535033
H43         3.0740221508        -1.8214239634         2.4325527366
H44         3.6460050652        -1.6579240577         0.7269976736
H45         3.5016886683        -0.1888332236         1.7877510822
H46        -0.7084035385        -0.8995505065         0.0729880081
H47         0.5673888287         0.1833455009        -2.4441454690
H48        -2.2951790214        -0.8940288540        -1.9031904503
H49        -2.2864900239        -3.5247588418        -2.2038114603
H50        -1.7924801879        -2.7049231022        -0.6898368945
H51        -0.9597557852        -5.4163521864        -3.0882087893
H52         0.6242655728        -7.2409060779        -2.5738824673
H53         2.0196278906        -7.1420525827        -0.5269636627
H54         1.8329048998        -5.2050917050         1.0098705595
H55         0.2516324861        -3.3748876875         0.5151766850
H56        -1.8929905492         0.5295602519        -3.9834523362
H57        -3.6882945163        -0.7788118450        -4.5297225755
H58        -2.8975402672        -2.3228461919        -4.0362260456
H59        -0.9089547185        -1.1040027680        -8.0375533340
H60         0.5311242217        -0.4554927181        -7.1550097181
H61        -1.0535199902         0.3990657673        -7.0511889938
H62         0.8241296009        -2.7045528189        -5.9757775082
H63        -0.5568790388        -3.4109550400        -5.0584045756
H64        -0.6148263225        -3.3545381802        -6.8593639437
H65        -2.9721616304        -0.3673039401         0.3773814028
H66        -5.4076929944        -0.1128528545         0.6155058156
H67        -6.4376174946         2.1413656514         0.5801226586
H68        -5.0123585398         4.1505060396         0.3080421498
H69        -2.5770333465         3.9202448544         0.0717659628
H70        -0.8707910712         3.8088393891         1.9278376778
H71        -0.7558758631         3.9345720581         4.3667965583
H72        -0.5674365786         1.8723872468         5.7231577621
H73        -0.5245089469        -0.3372913784         4.6109641449
H74        -0.6519598812        -0.5093771974         2.1946407938
H75         1.8717577345         2.3288857240         1.0388938974
H76         3.3256113901         4.2664703544         0.6302276029
H77         2.6058151025         6.0694648344        -0.9092387386
H78         0.4180625261         5.9141210869        -2.0615145649
H79        -1.0462033122         3.9748062536        -1.6908371856
&

