MAEFILE: J1_923_2111.01.mae
&gen 
basis=6-31g** 
igeopt=1 
dftname=pbe-d3 
ifreq=1 
&
&zmat
 C1             -1.7961277844            -0.0273729239             0.4788249013
 C2             -0.3437187433            -0.3973244398             0.3743017089
 C3              0.6836940857             0.4757591767             0.2719889962
 C4              2.0711139131             0.0003267894             0.1749101528
 O5              3.0536178418             0.7297240942             0.0791658575
 H6             -2.4448647927            -0.9121973381             0.5510532077
 H7             -2.1189046838             0.5604715975            -0.3981175909
 H8             -1.9810666018             0.6033674867             1.3658088867
 H9             -0.0935901371            -1.4684401205             0.3813942839
 H10             0.5300727922             1.5615516333             0.2569425397
 H11             2.1748931622            -1.1217935124             0.1950963780
&
&guess  basgss=6-31g** numd=6
    1 Orbital Energy   -18.759470 Occupation  1.000000
  0.000017626467350  0.000092203406847 -0.000032888814072  0.000001439444055
  0.000002541747393 -0.001015085978026 -0.000393992217763  0.000185720295530
  0.000026133112969 -0.000005527933577  0.000017174886940  0.000027121511477
  0.000014310384296  0.000002606428124 -0.000000840477727  0.000015560036621
  0.000070785303351  0.000122372008708 -0.000000157242039 -0.000009554686167
  0.000337997391684 -0.001116903067576  0.000184401945994  0.000083076994721
  0.000004751969648  0.000026668046097  0.000048031986823 -0.000005569697663
  0.000004151930628  0.000001126644364 -0.000011388140022 -0.000013792618698
  0.000007521353157 -0.000040562647598  0.000000669615157  0.000656997734187
  0.000372591613581  0.000443808512340 -0.000040712940271 -0.000053346796136
  0.000022772663430 -0.000019977608558 -0.000059492137115  0.000004791270294
  0.000003639187935  0.000011461183666  0.000526563681800  0.000009795662948
  0.000040253332578 -0.000001764626520 -0.003522671352255 -0.002374812824514
 -0.002475685331430  0.000249325047668 -0.000582501382428 -0.000309360083428
 -0.000039509407294 -0.000468917400199  0.000061704069346  0.000044908229653
  0.992465675178057  0.026634613438003 -0.000869221533139 -0.000645650563416
  0.000084709950937  0.014688176759644 -0.001449005644036 -0.000965602297362
  0.000138482620316 -0.008344924533110 -0.008526524794363 -0.008639292593699
  0.000297606440089 -0.000034546246437 -0.000026793007484  0.000042003004864
  0.000050381378699  0.000005050306226 -0.000003019899406 -0.000000311645570
  0.000023206470980  0.000014001362942  0.000005691068819 -0.000004947193393
 -0.000004579454855  0.000023220386890  0.000014132373477  0.000006347345976
 -0.000004754928658  0.000003869215300  0.000093590408226 -0.000004624841306
  0.000041975398552 -0.000004961560459 -0.000003167852455 -0.000047800193149
 -0.000287131584096  0.000025657275336  0.000033744616205 -0.000002857083876
 -0.000080527548265 -0.000497811632477  0.000037446681539 -0.000029302643961
 -0.000002187036903
    2 Orbital Energy    -9.974252 Occupation  1.000000
  0.000074041589188  0.000233792026287 -0.000050065666781  0.000024212845331
  0.000003350259963 -0.002056036156595 -0.000942848831148  0.000083387458409
  0.000071421629159 -0.000018412262882  0.000066577654267  0.000062183517034
  0.000020147551820  0.000006823153211 -0.000001701840469  0.000013323050992
  0.000143016409924  0.000208164963174 -0.000061471005427 -0.000014826249158
  0.001080414164856 -0.001751607504433  0.000516665931573  0.000124616958976
 -0.000006443826552 -0.000083764620692  0.000100150451792 -0.000068442752204
  0.000011474561057  0.000010686505786 -0.001491489573593  0.000192015401719
  0.000372193470728 -0.000196250986991 -0.000024316698304 -0.004045453875313
 -0.001525151708431  0.001250413354226  0.000088290698198  0.000597037614004
  0.000326687519163  0.000193539639189 -0.000133210800654 -0.000033477873137
  0.000006566350704 -0.992405089754407 -0.052384688026920 -0.000676715025652
 -0.000547555121214  0.000067138932574  0.009532349636622 -0.004039967014026
 -0.001885245214573  0.000365202443941  0.009552552321262  0.009861916760400
  0.010532911589562 -0.000598581818520  0.000104972371202  0.000066935614740
  0.000033545783857 -0.000502071645840 -0.000188488447657 -0.000094174525474
  0.000017186739424  0.004036354589026 -0.001822325273967 -0.001672869493532
  0.000185805587676  0.000088649141739 -0.000085251561961 -0.000565622378895
  0.000499686832003 -0.000072651095350 -0.000053539089800  0.000056754436475
 -0.000056734776916  0.000009180090590 -0.000017098450953 -0.000000284962195
  0.000074735621476  0.000074577817089  0.000018261432858  0.000004093946913
 -0.000003824641521  0.000074784430343  0.000074832127412  0.000018635289402
  0.000004181992968  0.000000730353941  0.000161897763356  0.000149784845756
  0.000069480385354  0.000021263996654 -0.000005975834098  0.000015556666057
 -0.000340892442131  0.000017862398669  0.000094073662389 -0.000003730408920
  0.000346339930552 -0.002311709665621  0.000158224285727  0.000302016115400
 -0.000020063903613
    3 Orbital Energy    -9.937597 Occupation  1.000000
 -0.003551958417414  0.000016573724423  0.000311513366505 -0.000151310790153
 -0.000020738837794 -0.003891585240864 -0.002033599226456  0.000593284330804
  0.000145508276065  0.000546825102480  0.000279832033576  0.000163560308071
 -0.000188360240186 -0.000030132681289  0.000011361807362 -0.992332791947353
 -0.052620422567267  0.000042355342389 -0.000036159795173 -0.000002342489187
  0.016238903015830 -0.000350598460141  0.001908047486978 -0.000020578217676
  0.009986177998907  0.009905776284413  0.010321239302718 -0.000103846163379
  0.000033201893954  0.000020158355672 -0.010473383286630  0.000045061439414
 -0.000417145168811 -0.000315428184129  0.000040567692101 -0.005363957123667
  0.002437608255355  0.000968192388458 -0.000215115375024  0.000442796620370
  0.000522485781544  0.000271384535455  0.000119857563829 -0.000018661816387
 -0.000016694097977  0.000046547577282  0.000149514815111  0.000001616517722
 -0.000006607621788  0.000000015849357 -0.000358084956660  0.000183658115727
  0.000046654165096 -0.000015647231711 -0.000079153416471  0.000009651394138
  0.000049748581347  0.000001635444575  0.000011725824994  0.000001029671070
  0.000021755272151  0.000093469119795 -0.000025270483478  0.000002277246778
  0.000001952933737 -0.000404006190362  0.000153778699252 -0.000020190164809
 -0.000011645132067  0.000029486167500  0.000084975170367  0.000077461755094
  0.000014624370156  0.000004023403947 -0.000001375303954  0.000100032858871
  0.000126066222351  0.000007543322525 -0.000034636003681  0.000000191144491
  0.000157772167040 -0.000392404910226 -0.000063813969217  0.000042346618811
 -0.000054791960207  0.000157882827769 -0.000393830916902 -0.000054803820127
  0.000045284090967  0.000061942846119  0.000532939125429 -0.001797936431500
 -0.000074248381147  0.000293526155626 -0.000001465656125  0.000110992746526
  0.000291173030847 -0.000049055962300  0.000076066616868  0.000001938256019
  0.000008983229404  0.000138646278037 -0.000016453029237 -0.000003245709027
  0.000001365142094
    4 Orbital Energy    -9.916713 Occupation  1.000000
  0.992548138888351  0.053297006738268  0.000031961374775  0.000055842428681
 -0.000003772994679 -0.019015206896614 -0.001601432991860  0.000273399932857
  0.000118227828874 -0.009868181153546 -0.009700779144322 -0.009690084280847
  0.000075323587692  0.000014303037481 -0.000005554745161 -0.003766012927315
 -0.000458016843957  0.000329377872343 -0.000072700599957 -0.000024045818673
  0.004712477045485 -0.003263879234524  0.000142275518257  0.000252122579010
 -0.000488442317716 -0.000108514484374 -0.000121281598013  0.000073589958943
  0.000031422265010 -0.000006180077037 -0.000061733774778 -0.000048032131554
  0.000115679734344 -0.000055018990265 -0.000007268131032 -0.000450338556911
 -0.001374357431719 -0.000081404379569  0.000109749477111 -0.000028211543545
  0.000131893510876 -0.000053226884813  0.000068403600333 -0.000004660696413
 -0.000010740749878 -0.000012826686441 -0.000197334146585 -0.000003295770558
  0.000002136125362  0.000000197183631  0.001310685448717 -0.001162636478152
  0.000302710343352  0.000083946813754  0.000002191257109 -0.000042264269156
 -0.000096578565702 -0.000027584248768 -0.000008398447034  0.000000623774661
 -0.000023091215340 -0.000093109763919 -0.000000308646816  0.000017200506565
 -0.000000401576739  0.000492966910510  0.000008430311459 -0.000189928049827
  0.000004095330060 -0.000072857579786 -0.000035997932915 -0.000087368668245
  0.000012297541392 -0.000001637261207 -0.000002474515437 -0.000213885058650
  0.002692550951142 -0.000112387944065 -0.000245288283206  0.000014760630799
 -0.000175644508303  0.002809671151933 -0.000009924359290  0.000137949655502
 -0.000231532294117 -0.000175677907327  0.002810103516829  0.000025651367467
  0.000149003389439  0.000223323956949 -0.000127159084624 -0.000171816373920
  0.000105010287739  0.000036741584914 -0.000009155620539 -0.000088340170373
  0.000109945940476  0.000070490558882  0.000027500742423 -0.000006272876749
 -0.000068801649253  0.000267672693250  0.000026089432300  0.000023164926533
 -0.000002657120663
    5 Orbital Energy    -9.911902 Occupation  1.000000
  0.000018269355183 -0.000050314209515 -0.000018915282159 -0.000009117484525
  0.000001691899493  0.000151916564979  0.000232673379869 -0.000281853826114
 -0.000011403904551  0.000068623522209  0.000024941086426 -0.000037632625554
 -0.000021902851432 -0.000008811449787 -0.000000493912851 -0.010913385129711
 -0.001186996570290 -0.000427901338556 -0.000321811916940  0.000041537540419
  0.006516221022627  0.003003454753511  0.001285004693325 -0.000267501759556
 -0.000261110392293 -0.000325380204425 -0.000045362396566 -0.000139401220541
  0.000023203907625  0.000019013766800  0.992302524792104  0.053187680672553
 -0.000056202079730 -0.000214504616431  0.000009668143515 -0.018047754256129
 -0.000472477448245  0.003133614462133 -0.000040631476061 -0.010104565198481
 -0.009948179498861 -0.010422333287156  0.000128237861022 -0.000032210603961
 -0.000023797300802 -0.001768114839322 -0.000475093181136  0.000330207795446
 -0.000113348643249 -0.000023174754141  0.005944407641955 -0.002528011298944
  0.000613624159022  0.000183052468117 -0.000497499896932 -0.000260947638266
 -0.000159814250572  0.000208110199935  0.000025500182201 -0.000013540021691
  0.000015081405589  0.000042146345876 -0.000038694700687  0.000009494602741
  0.000002964839734 -0.000482646146983  0.000386961469189 -0.000115772092524
 -0.000027512625825  0.000054146894610  0.000123724028073 -0.000009057146159
 -0.000006384239304 -0.000005914522946 -0.000003381090344 -0.000014012164411
  0.000129963030547  0.000031555094819 -0.000002350185657 -0.000002411496384
  0.000000074453817  0.000129345610214 -0.000017071840151 -0.000002774335431
  0.000024089837164  0.000000493945253  0.000129380866368 -0.000020543228344
 -0.000004149140224 -0.000021135781753 -0.000109910308798 -0.000355716458876
 -0.000045321706623  0.000092878736246  0.000001150113595 -0.000584851718540
  0.001411813659720 -0.000067700474153  0.000308843760997 -0.000002432120905
 -0.000134087377892 -0.000197715212163  0.000026220752208  0.000049546046323
 -0.000003323056346
    6 Orbital Energy    -0.935146 Occupation  1.000000
  0.000461994661514 -0.002738435566995 -0.000076725606275  0.000098110876951
  0.000003587862402  0.018521024315177  0.008244388518647 -0.003465592516632
 -0.000558762408772  0.000345154946244 -0.000102535354756 -0.000145074536694
 -0.000083504917596 -0.000042354666904  0.000005321426056  0.004333137194521
 -0.009232966475983 -0.007274440541610 -0.001803661634080  0.000615741523418
 -0.019207947489749  0.019131199347459 -0.010398856236444 -0.001241677295911
 -0.000548453407229  0.000458242594231  0.000126950986140  0.000040692789081
  0.000060319173831 -0.000012604472094  0.020599391594263 -0.036513136557708
 -0.027903385641872  0.003698272350148  0.002102456281190 -0.023923826007243
 -0.020344762799580 -0.007467235278523  0.001788601301835 -0.007645877001293
  0.001312367883212  0.002140039630634  0.000950519894838  0.000870212234474
 -0.000048979103974  0.118666136726620 -0.229237635540370 -0.139918421372896
 -0.112968304183444  0.013865542929581 -0.065820240743449  0.020784935762486
  0.032696359804606 -0.002460433330543 -0.007463057283159  0.004978415329944
  0.017414327693218 -0.022093194594210  0.002839957944488  0.002108118429892
  0.194100486675365 -0.421422159774323  0.133139951446775  0.097065211328231
 -0.012930096046595 -0.406796480734866  0.051513203416724  0.034524307382092
 -0.004927025492473 -0.002975025982759  0.004280396477461  0.005384193325874
 -0.011826118345910  0.001066810802245  0.000964747010818 -0.000785436794422
 -0.001157619100063 -0.000173510124741 -0.000018019644875  0.000013935532064
 -0.000622075679750  0.000070200326328 -0.000064748047399  0.000065803914711
  0.000017726370943 -0.000622246153102  0.000069682601374 -0.000066914571753
  0.000065181923286 -0.000010620739366 -0.003602717784830 -0.003405422926777
 -0.000508716964107 -0.000381221840158  0.000049408650117 -0.007683069094502
  0.000238078363359 -0.000465224479661  0.001077884008639  0.000008946052106
 -0.028068048882103  0.010526522825243 -0.001550470958896 -0.006379369917991
  0.000282991245565
    7 Orbital Energy    -0.739101 Occupation  1.000000
 -0.098965258808199  0.184554785871883  0.059736898480991 -0.008254029775043
 -0.004472413298067  0.158575970048621  0.012877064312956  0.003502385722867
 -0.001090703175960  0.005113238391388 -0.005026452264672 -0.005603783988385
 -0.002194910661939 -0.000920237085045  0.000153660980008 -0.151149969232678
  0.290515570568300  0.022054707542550  0.054278927340729 -0.003089039160144
  0.206782929161919  0.004082380118599  0.001029493678764 -0.000347679868609
  0.005693949440169 -0.002845880987758 -0.012962059469573  0.003018755512459
 -0.001775269869465 -0.000532012381319 -0.127513134700866  0.243260408728634
 -0.052491516226582 -0.066227390348638  0.005761491259915  0.164675067219936
 -0.004779880395865 -0.001764800994836  0.000416231479982  0.002786963607228
 -0.000459096274567 -0.010939588027277  0.004266791507749 -0.001358830504606
 -0.000638722019715 -0.035379645287078  0.068716668978118 -0.097005030494909
 -0.015428337179372  0.008014137647644  0.046437706956956 -0.022916502687114
 -0.011244418209215  0.002085113192213  0.004040891543604 -0.001952628676597
 -0.002158342626989 -0.006054140445354 -0.000410010360829  0.000469944558131
  0.029429184837848 -0.068683482361809  0.002176315015409  0.011741807542636
 -0.000470067379405 -0.056407975542023 -0.003632882994412  0.000044311515374
  0.000283779479316  0.001090624078359 -0.000703005844385 -0.000870979177714
 -0.000198316479349 -0.000173739644274  0.000011177955117  0.049225848112719
  0.010643640439731  0.003477304476155  0.003838701765046 -0.000364935720942
  0.052428420409980  0.007401534972988  0.002215033562172 -0.002862212852784
  0.003985347174447  0.052425572549642  0.007395514684665  0.001579670883901
 -0.003059726096671 -0.004137603207128  0.076756908027663  0.015090279925693
 -0.001187180627473  0.008046249448971 -0.000107555116638  0.058501709538154
  0.009236012080705 -0.000267950403514 -0.006517791777698  0.000183578494585
  0.023172288099856  0.004377348968038 -0.001461873952049  0.001748516641798
  0.000070540931426
    8 Orbital Energy    -0.654823 Occupation  1.000000
 -0.151657529160584  0.292382936369795  0.002536436007942 -0.008144568179672
  0.000008430144994  0.266873042276232 -0.004167419433522 -0.000391978089945
  0.000339976436029 -0.004340647838212 -0.004397668684872 -0.005201715163596
 -0.001350234933413 -0.000044229542079  0.000082998669706 -0.011314771509570
  0.022066930805155 -0.173461133831973 -0.024092250280362  0.014192643762934
  0.014332904683447 -0.041629197615671 -0.002395106708499  0.003321203949988
  0.004008135113766 -0.002666950926270 -0.000417569489494 -0.008561303330790
 -0.000185387462142  0.000735798771230  0.113800290689224 -0.222243388941495
 -0.055759056914276  0.040742843451714  0.003360274768531 -0.166921612286754
 -0.010286030486524 -0.007270781307710  0.000988478195497  0.001558413405921
  0.000213474525970  0.008617030171296  0.003023887801795  0.000568045850001
  0.000005161354196  0.066512343291766 -0.133075649806785  0.139337186206395
  0.021293720164452 -0.011494805282660 -0.107745971290621  0.039771723811879
  0.017373955415487 -0.003565918721595 -0.002193762280879  0.002460918644470
  0.003847263756257  0.008811444325502  0.000325400107524 -0.000652700621561
 -0.041739612646451  0.097985932882144  0.013220679404770 -0.009048514926621
 -0.000809313506793  0.091884605821826  0.012255126425357  0.001976367649752
 -0.001013170853400 -0.003296154258990  0.000587024272652  0.001646493121851
 -0.000826245112601  0.000472610978606  0.000096359568607  0.102865728436883
  0.030177777922892  0.005735303616082  0.007226804016883 -0.000623376110363
  0.098929174735632  0.026863693426396  0.002508581188458 -0.004878801902131
  0.007141872681021  0.098936095724525  0.026866058885009  0.001387947151246
 -0.005227899244584 -0.007200771952169  0.001963362251872  0.001366248226464
 -0.002777543303505 -0.000267764026716  0.000224293843764 -0.059457365707545
 -0.009039468320666 -0.001643277841680  0.005665240170447 -0.000012349585873
 -0.046259714047668 -0.011060947551716  0.002059550659645 -0.003627300288807
 -0.000070278689243
    9 Orbital Energy    -0.541685 Occupation  1.000000
  0.079355785467050 -0.157686952347027  0.133167402506922 -0.038062965299784
 -0.009486059364444 -0.180952634351169  0.041260435533637 -0.005536666800261
 -0.003094341426578  0.012090221758281 -0.000673256233057 -0.001693630196715
 -0.003690329992122 -0.001160749971577  0.000256994356432 -0.121617622757207
  0.247513436281509  0.059792743754988 -0.018431642907051 -0.004225597147507
  0.248546555714333  0.001880029203869 -0.011755200718083  0.000146265738221
 -0.011445994591116  0.001676728139328 -0.007903464839169  0.001824234361411
  0.000276055762712 -0.000418309281898  0.017863741006971 -0.037687451457496
 -0.222162383852633 -0.057256916232278  0.018852922583507 -0.036033523592843
 -0.040887536609890 -0.012186694959456  0.003509147433231 -0.003927061215662
  0.003463779963632  0.000607748022358  0.013953157602674  0.000061259780017
 -0.001177076868052  0.110109962742595 -0.232880002561940  0.130606622749954
  0.048750446229439 -0.011517929793166 -0.219319669657176  0.038581180564367
  0.017362397992789 -0.003480387201091  0.007991361011849  0.000745438923221
  0.005143957480278  0.011445549736118 -0.000551702863229 -0.000773824457541
 -0.063779892207713  0.145026186387098  0.062844321695538  0.028865197835251
 -0.005677056209601  0.192983839088373  0.033976223438361  0.015715573139690
 -0.003070870959107 -0.008575208313467 -0.003426912225537  0.001669955826708
 -0.004461012324557  0.001051439275225  0.000503194657297 -0.084553486640146
 -0.033959173205306 -0.001589104634444 -0.005814468553125  0.000265670433011
 -0.086976505109628 -0.040507779044165  0.000149504296488  0.002714626705228
 -0.005511521191987 -0.086981886992120 -0.040511291911005  0.000993096729986
  0.002977006099644  0.005284135734189  0.112744043013951  0.047138765199865
 -0.001508027906432  0.008296605268690 -0.000088590220016 -0.026963536704584
 -0.012456531310015 -0.003389642182232  0.000955210431541  0.000242121067338
 -0.100966450183896 -0.040912961807576  0.002134633184534 -0.007040696734217
  0.000009567670113
   10 Orbital Energy    -0.507026 Occupation  1.000000
  0.010312047638653 -0.020874021433451  0.021425588611925 -0.079043937263400
  0.000293924079392 -0.014188099298709  0.005875216230208 -0.038404276273193
  0.000493382653111  0.001949489054801  0.002042802394315 -0.002138131160650
 -0.004255860954413 -0.000263298642257  0.000215665692467 -0.048757094673298
  0.099459605722590 -0.007660873318437 -0.197027571972760  0.005513165650129
  0.111077607576886  0.013392755966607 -0.062318455310181  0.000505613716915
  0.000685389933332 -0.002819661603227 -0.003006858176368 -0.005697108480001
 -0.000192337430862  0.000441994053270  0.091134151395398 -0.183395669187447
  0.070817737908332 -0.188645618308361 -0.000840326855422 -0.209558722939565
  0.017210617542318 -0.053612161285908 -0.000009276494767  0.003095388799846
  0.002857507161144  0.005229731583732 -0.002270258187048  0.000252590946737
  0.000247746662247 -0.077503318755679  0.162887595770087  0.022213580408882
 -0.192197960343688  0.003095900973949  0.159232918407378 -0.021412508714200
 -0.072024674368250  0.003497406589573 -0.006592984228965 -0.002062575811108
 -0.003899353699413  0.001536940698491  0.000207888196218 -0.000174103400331
  0.031331700841141 -0.074653580653961  0.000273607554207 -0.087660625160699
  0.002188590840181 -0.078768960568384 -0.006565775105610 -0.048781928560773
  0.001747342889971 -0.002371492065332  0.006819662467639 -0.002051031650206
  0.006059957125259 -0.000126482002047 -0.000736774607086  0.015433203236246
  0.005744667095762  0.001420733810733 -0.000888590231474 -0.000087925024044
 -0.033026241217105 -0.018918385182791 -0.000853268753942 -0.000115536531276
 -0.001689953338833 -0.032988884235039 -0.018889101122442 -0.000578529023851
 -0.000031746680845  0.001805204228895  0.139039410409913  0.082846641743990
 -0.001345750957445  0.006515193858690 -0.000057023606099 -0.172503861402622
 -0.095676499655891 -0.000448483898639  0.010175844257505 -0.000218786732352
  0.154363767571211  0.087076351967444 -0.001880904727061  0.008501259892268
 -0.000067455438123
   11 Orbital Energy    -0.426558 Occupation  1.000000
  0.000106529620112 -0.002262355983891  0.049797451722640  0.198577713398834
 -0.008835973593812  0.012327842496675  0.027761907537946  0.094534607465112
 -0.004526183596556  0.001552418977822 -0.006107162801707  0.005029488485128
  0.001269227419738  0.000282110274256  0.000211089165927 -0.000490698898489
  0.001693730315584  0.066302554987058  0.270006191024258 -0.011911979143182
 -0.021377596509814  0.028678540005472  0.088271125823170 -0.004440995735266
 -0.002527574957744 -0.002559607228792  0.000124875486819  0.000364735394441
  0.000232358497625  0.000048231613541  0.004890399133548 -0.010909941158850
 -0.239590525745144 -0.070308568067334  0.020570342879226 -0.040811140117180
 -0.095575175909362 -0.014599830326408  0.007869952938818  0.000059954016287
 -0.001755172284224  0.000007977942131  0.001113655734915 -0.000030405262197
 -0.000037526674535 -0.011315520381549  0.020853205336337  0.164511695511604
 -0.249930923078257 -0.006629955050550  0.055762392732237  0.038505637985402
 -0.083036287942408 -0.000932302447326  0.002937906314320 -0.000567772433787
 -0.000772451968049  0.002190941237416 -0.000394954442969 -0.000179534662823
  0.002178777041141 -0.003308369634901  0.090550841613151 -0.136762510307026
 -0.003669601034769 -0.010468106421303  0.052578619175503 -0.073599450534432
 -0.002277583128377 -0.011420823025540  0.011985691065198  0.000847613282397
  0.004130969513236  0.001015290883435 -0.000648609834542 -0.107792754145734
 -0.076143404979414 -0.003941807824311 -0.000948544072648  0.000328193812621
  0.055070168214547  0.036394124906940  0.002245579380193  0.001780769658062
  0.002285512258980  0.054970421757302  0.036324613538276  0.001855267004670
  0.001662453768571 -0.002688694565931 -0.136005048285173 -0.103208504423824
  0.004437335339350 -0.003576751575146 -0.000258217276002 -0.025554236850024
 -0.020987986203131 -0.005874182851159 -0.000106161721941  0.000463861707814
  0.141968080845004  0.101372628813688  0.002117146216693  0.006203846166095
 -0.000322997870587
   12 Orbital Energy    -0.395306 Occupation  1.000000
  0.007076976694687 -0.010007274566865  0.265467011076019 -0.094401407194107
 -0.018480208322932 -0.028348745443793  0.112146784127156 -0.036630304448153
 -0.007883366708397  0.009125929861211 -0.003909784161595 -0.006251546839090
 -0.004321537686722 -0.001289056400354  0.000268519679672 -0.021157751721720
  0.050912255709087 -0.300810162764952  0.011427167117169  0.023275987222608
  0.024644233355173 -0.124430784948379 -0.007009449799594  0.009916438685767
 -0.003755454223504  0.001206061069197 -0.000107965541396 -0.004292672088425
  0.000442847961154  0.000299193021673  0.022844352010290 -0.050738053485580
  0.002873702644315  0.245293999626761 -0.006338788379929 -0.017462167891902
 -0.040337352424503  0.073387355955339  0.001338027401310  0.007133588017756
  0.000399798404686  0.000967601187805 -0.002307925279741 -0.000501225353986
  0.000196102560440 -0.046666541419513  0.111588650346310  0.168626633547351
  0.031568990449954 -0.014006826602892  0.122837559472374  0.046887586514571
  0.022606291259172 -0.004228816835736 -0.009966433785116  0.001681249097246
 -0.003716129748280 -0.003247638013985  0.000652244880616  0.000101153813283
  0.067274328769650 -0.136790630673434 -0.199917016030954 -0.185498940176084
  0.020462351105191 -0.304208661280969 -0.092074993901382 -0.088241206293153
  0.009499317389852  0.013666443761810  0.013336897639174  0.001176337188925
  0.010448215836805 -0.001412643065476 -0.001182728245853 -0.056899087924326
 -0.041438353219568  0.003189001821496 -0.004497339272421 -0.000139759906634
 -0.075751834856855 -0.056867762568103  0.004033388778115  0.000612798412714
 -0.003936277229932 -0.075792273779303 -0.056905400297331  0.004592047974729
  0.000788474662879  0.003228114197502 -0.018883705686940 -0.017242783840430
 -0.005346316494871 -0.001833158742740  0.000464536957855  0.115787510075025
  0.084303999401469  0.001251782266241 -0.002674309891629 -0.000030598555445
  0.041774302767899  0.027192191057830  0.003091149312168  0.002916335582997
 -0.000315628280866
   13 Orbital Energy    -0.384331 Occupation  1.000000
  0.000003753259683 -0.000008864922241  0.032400400113469  0.010289729549483
  0.413434525025607 -0.000009939259504  0.014872149769445  0.004721248838277
  0.189787140898974 -0.000053284640155  0.000612793447790 -0.000558144027119
  0.001132028954537 -0.000414639727060  0.014656610165093 -0.000005194145977
  0.000009631272502  0.013908694198293  0.004419714466135  0.177910226023192
  0.000027859235628  0.007291591420294  0.002323949625108  0.093198488207882
 -0.001157409557952  0.000257829660279  0.000899200864292  0.000256666208647
 -0.008490921510320  0.006009896141503 -0.000002113174735  0.000004952987582
  0.007478310518181  0.002412793938295  0.095196162606768  0.000007660611649
  0.003958126498151  0.001269127839803  0.050237012202653 -0.000455257705863
 -0.000165210615665  0.000619022731614 -0.000382968447527 -0.003325226491984
 -0.003811539873875 -0.000000630663202  0.000001894417908  0.004929738329791
  0.001583838723978  0.062648111419057 -0.000008790343729  0.002402914080747
  0.000763906284589  0.030521455104086 -0.000131465233231  0.000090917706780
  0.000040295921372  0.000138356331373 -0.000962463802345  0.002069285610541
  0.000000269925622 -0.000002904224765  0.003957811682631  0.001271584329930
  0.050332156561690  0.000006601563213  0.002195359698393  0.000706151321594
  0.027961092500472 -0.000424854007556 -0.000093549523790  0.000515158498608
 -0.000244071913127 -0.003087970985911 -0.002097180423332 -0.000155247283720
 -0.000124792032458  0.000636148103220  0.000196931080700  0.008190471154240
 -0.209873630987421 -0.171369134068782 -0.003539213977211  0.006528842930856
 -0.000957201924856  0.210006177301122  0.171479149090597  0.003377507599505
 -0.006575696494831 -0.001184908804046  0.000008341124019  0.000006716545674
  0.000292761212101  0.000094068554403  0.003746438949116  0.000019880472618
  0.000015490183646  0.000182543618506  0.000057536686247  0.002326997687036
  0.000001446496544 -0.000003027472671  0.000105718350775  0.000033855822430
  0.001345401916368
   14 Orbital Energy    -0.362519 Occupation  1.000000
 -0.002222240857406  0.006071204850731  0.109900610970651  0.269860501573302
 -0.015273277890998  0.012956512464936  0.041740725141816  0.116680633621716
 -0.006157409743398 -0.002321862367691 -0.005708093525807  0.008052929216752
 -0.009697793384660  0.001183398860755  0.001143228973524 -0.022924987717808
  0.047898852639469  0.006662444853475  0.013361214412174 -0.000881663605775
  0.115479413660919  0.027152586664942  0.022490071013445 -0.002697921390285
  0.000614570717954 -0.004010367241196 -0.000305274908551 -0.009894783640016
  0.000160918523549  0.000879958225314  0.029683959057570 -0.055574002504418
  0.097651427371125 -0.178332447192715 -0.003309951737916 -0.139264334057443
  0.052223878978022 -0.017952542653779 -0.003712247633377  0.012422094730809
 -0.010126782472903  0.001880014682991  0.005201515650330 -0.001097961788310
 -0.000061706949037 -0.028034710988097  0.070631873345820 -0.033923571936704
  0.256051250825530 -0.003944954282227  0.052467549458422 -0.062575873265605
  0.055191414214722  0.003452680882865 -0.003222548876910 -0.006136438596944
 -0.003052732847467  0.008316825733971 -0.000197640594890 -0.000570924899686
  0.036151879720407 -0.076800403044515 -0.271067231951222 -0.008718257778508
  0.021411920978812 -0.135452193753044 -0.152093056071201 -0.004832353703560
  0.012009558991388  0.018871932270940 -0.005341070695392 -0.001430975013895
  0.005264968090509 -0.001983182298465 -0.000297944232186 -0.185029139586353
 -0.166680841097611 -0.003779893893624 -0.002460382241171  0.000353001587551
  0.083210208550921  0.066968810184441  0.003319316824298  0.003107337594739
  0.003315333206355  0.083090123258350  0.066874257133443  0.002751840913070
  0.002935058060336 -0.003935836502996  0.010804480419481 -0.007995085223853
  0.000460197562724  0.001473194909293 -0.000073499502156 -0.159163250747081
 -0.141844619189595  0.000625049545415  0.005524545689466 -0.000189044799707
 -0.123795209075201 -0.127954924065957  0.000092167318834 -0.003098197350311
  0.000068355276736
   15 Orbital Energy    -0.345736 Occupation  1.000000
 -0.011281597554814  0.022806816083963  0.262305765002732  0.089601523969870
 -0.022882015196021  0.082860744131663  0.139303320667166  0.026405836300347
 -0.011625096225436  0.002753303414525 -0.006292066118075 -0.000010555348110
 -0.010147901875303  0.000005673928074  0.000961875589021  0.002506989080970
 -0.004561414403665 -0.262148134436669 -0.019474755127851  0.021061679406522
 -0.033346997809487 -0.044259215196888 -0.013281947687469  0.003817402912508
  0.004525771716441 -0.003589346222283  0.000234707634228 -0.009904462817247
 -0.000133081338377  0.000886904663565  0.017667942945508 -0.036846357008705
  0.196538096875849  0.049989440814170 -0.016511884252737 -0.055946591309133
  0.044513167053080  0.001232063633267 -0.003438277133202  0.004912661538827
 -0.002286883247688  0.000855782487922 -0.009925094615667 -0.000108020528396
  0.000864866977829  0.000945521092909 -0.013615599746198 -0.268202963540509
 -0.131720960294068  0.024767629890255  0.063392825807476 -0.049411729120493
  0.014184499459803  0.003724547008255 -0.004293162917605  0.009546035022867
  0.004521926785673 -0.010615158229688  0.001084372228851  0.000704237106253
 -0.053157873267197  0.107810650742151  0.270788448440466  0.269261223995013
 -0.027739493750051  0.221164820680506  0.147556081162455  0.149392546025291
 -0.015168873226231 -0.011943964698858 -0.010724783422137  0.001071947158292
 -0.013561761697373  0.001517488069445  0.001398972541936 -0.146078296467294
 -0.141142687531852  0.000587025545669 -0.004150240357181  0.000051665480410
  0.004862610286248  0.002527107581221  0.005113604994144  0.002034773160676
 -0.000125707653857  0.004633992618233  0.002332208981693  0.005061616725804
  0.002026290794751 -0.000767295578803 -0.025399620783292 -0.019697702361232
 -0.003964505997713 -0.002426719825276  0.000372345570829 -0.004417491176663
  0.017859968304701  0.003506033641789  0.001204682786366 -0.000302859297350
  0.068726777789069  0.079669314526026 -0.004909280613113  0.001219288239602
  0.000361657468263
   16 Orbital Energy    -0.340449 Occupation  1.000000
  0.000015338572981 -0.000032952963248 -0.008333370307078 -0.002436954260546
 -0.102988505484262 -0.000103266704439 -0.004384722992161 -0.001269954286424
 -0.054094169559744  0.000407576525558 -0.000188380497484 -0.000211606007575
 -0.000283246539674  0.003042771472350 -0.004644084276630 -0.000012407626788
  0.000022806713860  0.004265893028250  0.001165485308232  0.050395687981450
  0.000104499926012  0.002264106874041  0.000684663714859  0.027958005512140
  0.001063052277923  0.000095827684049 -0.001160535631415  0.000355352687933
  0.007853431506532  0.001982331013771 -0.000004208707259  0.000010794660091
  0.012798365533722  0.004052196342325  0.164913225292460 -0.000014781256490
  0.007243430418716  0.002309705367578  0.092336977177836  0.001273481559760
 -0.000193705214797 -0.001080079502891 -0.000108497327607  0.009330839254785
 -0.004568820250080 -0.000000554266872  0.000011557825178  0.029293723996088
  0.009517887392158  0.369268052642570 -0.000102495584963  0.016380402477562
  0.005244928756657  0.208079401545653  0.001539349632597  0.000651125387449
 -0.002202427144631  0.001488127235763  0.011163026646175  0.015087354049095
  0.000048973480820 -0.000114824179107  0.033569343339188  0.010641192711646
  0.430595153506563 -0.000151884704939  0.019970508041833  0.006328593408339
  0.256186332869529 -0.003074142572831 -0.000705767099662  0.003772996828883
 -0.001821424292461 -0.022431483183309 -0.016039600673519  0.000062666269241
  0.000069167012362 -0.000168716051617 -0.000047975837438 -0.002116158028753
  0.057604207582611  0.048645300725689  0.000305961218950 -0.001571233509072
  0.000277074374336 -0.057496145440516 -0.048543032717736 -0.000275594794584
  0.001583346247349  0.000240841432721  0.000119869444514  0.000101767764344
  0.000120713403500  0.000042013958763  0.001488135873586 -0.000021543044462
 -0.000023429167835  0.000287761410402  0.000092891958835  0.003700862194561
 -0.000101810866573 -0.000103606619963  0.000560922955382  0.000176622641142
  0.007076303840038
   17 Orbital Energy    -0.325177 Occupation  1.000000
 -0.015559792887112  0.033880489613264  0.108031009242566 -0.253507898096729
 -0.002169348835227  0.068793537924064  0.050658205595953 -0.125711230626582
 -0.000859967928303  0.010283800722351 -0.003253232224083 -0.010227596357082
  0.011041095847619 -0.002139821131746 -0.001056775418682 -0.012144316826462
  0.031156959767651 -0.075302652651412  0.302999235195476 -0.001649589154132
  0.041370531421504 -0.016616106286706  0.115686392544998 -0.001573549979672
  0.015472924700962 -0.020824965210482 -0.000803191869514  0.011503264392956
 -0.001768253858439 -0.000326850763088 -0.009339443690725  0.026185297106199
 -0.012192762256512 -0.244435241449470  0.007096782603040  0.010706445045562
  0.010008263543135 -0.062365808694125  0.000794722962370  0.013004124229694
 -0.018731383199658  0.000081668285634  0.001613440931136 -0.001213745793232
  0.000413119337059 -0.017185425898130  0.040632170813302 -0.099237266480432
  0.061176912334203  0.006394103588136  0.055840562212967 -0.040858112051381
  0.004012537494843  0.003195079348781  0.002208643817667 -0.004717347444021
  0.000075930756569  0.004193869889544 -0.000294489862725 -0.000186479648064
 -0.002709217711538  0.005845150929156 -0.039153638475137  0.061699701651790
  0.001700205045793  0.019023046995771 -0.025696925844988  0.034399434100189
  0.001258868834182  0.004153925327043 -0.005456788194643  0.000373040842697
 -0.001045997703842 -0.000327845455188  0.000245400645707  0.119791240237919
  0.103119499889518  0.004390695550360  0.000023575581395 -0.000342039787383
 -0.104461509840233 -0.110544194686232  0.000786953319105 -0.003096657339878
 -0.004438694681985 -0.104321493665212 -0.110393828366983  0.001480493704041
 -0.002885094615604  0.004407031634464 -0.223838934632984 -0.230938962801796
  0.000257000046341 -0.004061274275688  0.000081031163285 -0.173142576618683
 -0.190469530967518 -0.000880239281904  0.003222175677690 -0.000010088360933
 -0.041783669455664 -0.072971486352402 -0.000519635687379 -0.000140726120987
  0.000047865819024
   18 Orbital Energy    -0.241623 Occupation  1.000000
  0.000003512205144 -0.000003506926513  0.009969050899182  0.003169350800966
  0.127468965455333 -0.000016677118880  0.006121240265105  0.001925993519324
  0.078258712978681 -0.002016589300817  0.000441484098789  0.001569220639347
  0.000448864576401 -0.014768169721938  0.010537767835551  0.000001793128746
 -0.000007829114296 -0.026996185879697 -0.008600518453711 -0.344667082341191
  0.000006211810296 -0.019613741722684 -0.006235220382561 -0.250597461241949
 -0.002025187542388 -0.000329411436592  0.002354855413353 -0.000969736114941
 -0.014802957729893 -0.007602149312071  0.000001478591366  0.000000873582966
 -0.028632009977041 -0.009077617719101 -0.364810261132526 -0.000027919729631
 -0.019137174285265 -0.006081796663249 -0.244098108050520  0.001259278515731
  0.000487611717198 -0.001747010580492  0.001112687984827  0.009216495388114
  0.011212181367902  0.000001304987626 -0.000006755871976  0.001742663789364
  0.000527400872289  0.022064843267536  0.000008089040635  0.001034774811862
  0.000312506763379  0.012677506141080  0.003492899523069  0.000282145041745
 -0.003773290398940  0.001144957072627  0.025481363634489  0.006338628198315
  0.000001266838936 -0.000003426061023  0.023057006590091  0.007380857231867
  0.292349494896830 -0.000018151820095  0.016424229085339  0.005262561123111
  0.208249588148911 -0.001343617869798 -0.000362694028139  0.001703078051256
 -0.000903280147359 -0.009759821803655 -0.008298994154788 -0.000062672276316
 -0.000084354250804  0.000231719638972  0.000071882065651  0.002961893365673
 -0.096029414016618 -0.100131368025539  0.001603135971569  0.001713290223034
 -0.000457986720696  0.096096887882360  0.100233784926092 -0.001648322481293
 -0.001725519040102 -0.000121529999949  0.000008402243016  0.000016909764768
 -0.000687624134115 -0.000218213289506 -0.008773600966158  0.000019849110459
  0.000027783727097 -0.000693256463744 -0.000220935897481 -0.008835549071873
  0.000022817535067  0.000016406574844 -0.000039897828788 -0.000012973647208
 -0.000516931564289
   19 Orbital Energy    -0.195667 Occupation  1.000000
  0.007894289727303 -0.017308688009831 -0.045272693256850 -0.006218023118661
  0.003703244440833 -0.036307463616611 -0.028040116616420 -0.007741242360867
  0.002393667849678  0.001199818733802  0.001037630242280 -0.000888029748291
  0.003401332579653 -0.000275114721125 -0.000320373078880 -0.007142646074195
  0.009576948198897  0.047805029340215  0.049232549242507 -0.004962485994802
  0.111554035945947  0.073646328889809  0.082483951230210 -0.007808848496212
 -0.005764733758894  0.005799670863121 -0.001149786022446  0.001547134712317
  0.000380882139023 -0.000320809984109  0.040778921760955 -0.078018502351570
 -0.200609298363449  0.048757788680455  0.014505607070721 -0.366428559248228
 -0.081393292947834  0.102949260766483  0.003790672433421 -0.000535683482058
  0.004692190970423  0.001113201927872  0.001916815232140  0.000100073831174
 -0.000256266531982 -0.000368268441273 -0.012337794942045  0.068947185668089
 -0.089798084827058 -0.003157957774302  0.022879977344567 -0.099801754349250
  0.015166139154660  0.007458369111753 -0.038300478141845  0.040624012738007
 -0.001353393612542  0.012667508980462  0.003052757305615 -0.002216868297865
 -0.000141808345010 -0.008642234732692 -0.349199117914592  0.474104091746730
  0.015505441875598  0.044318294109559 -0.253997816028973  0.328034204648937
  0.011706786781525  0.013048646008304 -0.018149207547435 -0.002833352681357
 -0.006032916363681 -0.001297509262561  0.000919486766345  0.023781225573362
  0.039697890596458 -0.000790678242261  0.000504288719907  0.000049426476893
 -0.005413959735478 -0.000728954718138 -0.000679735335253  0.000108535976982
 -0.000026531304059 -0.005395790446595 -0.000714213999433 -0.000668185332130
  0.000110983584346  0.000126385198851  0.007519568941415  0.055409489089635
  0.001862216591694 -0.000234215468823 -0.000139906556870  0.024033009535353
  0.075718069404094 -0.002363376633356 -0.000127091245181  0.000187787772018
  0.171650361865142  0.281199981278459 -0.000394212903853  0.000989029440206
  0.000005661164871
   20 Orbital Energy    -0.088532 Occupation  0.000000
  0.000002336235959 -0.000000529899901  0.001945905954240  0.000635379161750
  0.024919641927726 -0.000055598906989 -0.004406160085145 -0.001335884669351
 -0.055944309345111 -0.002757205935587  0.000573448842432  0.002186633398564
  0.000547267235508 -0.020225876091595  0.013537382644699 -0.000007213261007
  0.000017988057532 -0.031609386094523 -0.010068662808337 -0.403797034796361
  0.000103297486394 -0.031453524324787 -0.010010837019345 -0.401087172409860
  0.001080391544436  0.000307799004645 -0.001389050914488  0.000757779702166
  0.007911115561963  0.007123089105707 -0.000002458686089 -0.000002168271036
  0.015764537352093  0.005017507064302  0.201238171716556  0.000039371131054
  0.018703833349686  0.005986422390989  0.238095995375600  0.003789169224314
  0.000239604187704 -0.004025871676966  0.001139220405503  0.027678858955185
  0.005525048024860  0.000001885762607 -0.000014746955928  0.026237760233607
  0.008411186622725  0.333204802717863 -0.000030636957290  0.021827889136245
  0.006966369736452  0.277842459264342 -0.003580235829514 -0.000354439035999
  0.003929436760423 -0.001290541909551 -0.026079026773828 -0.007966407043976
 -0.000006310818978 -0.000002504275465 -0.027389029340479 -0.008765294710392
 -0.347611444810952  0.000091544000429 -0.024157634625007 -0.007740848845099
 -0.306427655180439  0.000121393376267  0.000076164981335 -0.000228429742599
  0.000183731190452  0.000942787245684  0.001970002846696 -0.000055186421257
 -0.000096781887402  0.000092196542344  0.000027163692371  0.001145399887769
 -0.079808453802133 -0.194661235450575  0.002423247404490  0.000003957828321
 -0.000416102639237  0.079868399564923  0.194756860344422 -0.002461962148916
 -0.000013102021973 -0.000035346935245  0.000012742501953 -0.000029870176501
 -0.001022063885372 -0.000324478141370 -0.013053319455286 -0.000016432116472
 -0.000069084429319  0.000533668649138  0.000169458264050  0.006794709297633
 -0.000007480708924 -0.000035143667213  0.000846927255141  0.000272223199779
  0.010751203350227
   21 Orbital Energy     0.019604 Occupation  0.000000
  0.000020650962264 -0.000027532692495  0.005502599025010  0.001734991162357
  0.071103073415146 -0.000311308903971  0.014844939611436  0.004604624195028
  0.191644967262267  0.001770667432679 -0.000590190339510 -0.001181710522732
 -0.000756752869198  0.012991642813135 -0.013873274153293 -0.000022952495325
  0.000062166641455  0.016808821801284  0.005354285473616  0.214220389234694
  0.000132379158552  0.027436776456774  0.008840740079615  0.352555404807008
 -0.002302075104520 -0.000894276848101  0.003194132335800 -0.002050997929582
 -0.016755100968439 -0.020788011709617 -0.000001619333473 -0.000016160244863
 -0.031497705237551 -0.009996602581680 -0.401261156464979  0.000235466822276
 -0.045655395556183 -0.014605858898414 -0.582825689733235  0.001591662459052
 -0.000779495902056 -0.000813025002010 -0.001094169282203  0.011570391317645
 -0.017792308519352 -0.000006842453022  0.000027841531346  0.033321529431057
  0.010731952528649  0.423743473070480 -0.000137881212529  0.041905566323236
  0.013429833531646  0.531386835960996  0.000499194011324 -0.000945827874723
  0.000446460759520 -0.001630818029008  0.003764235047267 -0.021734769520827
  0.000004983181240 -0.000041948257059 -0.020470416618414 -0.006596880458159
 -0.260984202014789  0.000017468944988 -0.023594444225054 -0.007590587267311
 -0.300210994894281 -0.000267313620278 -0.000293991208639  0.000520948040106
 -0.000550338624459 -0.001864433334008 -0.006421388736000  0.000030348747682
  0.000048959829229  0.000169550427738  0.000055005147508  0.002234799653042
  0.053474678814311  0.311964031056040 -0.001399690926096  0.002318278717745
  0.000019736892539 -0.053490141011898 -0.311828202089738  0.001397124101104
 -0.002321871977529 -0.000084302113523  0.000010946057471 -0.000025714764995
  0.000865611666981  0.000277178471929  0.011078962952845 -0.000035336035507
 -0.000096278754896 -0.001364999106181 -0.000435514896419 -0.017395521390908
  0.000021052464879  0.000082477284115  0.001436777638841  0.000461091634662
  0.018225582952374
   22 Orbital Energy     0.071019 Occupation  0.000000
 -0.049862234207079  0.066988086368823 -0.130720213840006 -0.148792057329478
  0.013900773252130  0.843839824584425 -0.348798040081549 -0.354777643362015
  0.036005682561859 -0.006013130458392 -0.010869401371246  0.002972223339574
 -0.021146348105060  0.001346885181980  0.002042863385568 -0.068667660629839
  0.113622690341583  0.057332341568045 -0.248333354249266  0.001704898589835
  1.124619670166845  0.313346858166824 -0.478081840704645 -0.012576617648828
  0.012976211390131 -0.023699449933357 -0.001880946834842  0.011822622099954
 -0.001648609331987 -0.000307108475893  0.014000665172258 -0.011650885799626
  0.008962674153151 -0.061439577341070  0.000853259255671 -0.295704697274399
  0.221510101697550  0.075614397810237 -0.019311219635857 -0.020485175188363
  0.021446327427225  0.002675697612380  0.002863413643853  0.002038340330722
 -0.000761765851203 -0.011405356103333  0.009271071214340  0.085917107678964
 -0.153491254341166 -0.002913613147639  0.199754759907352  0.140647169350873
 -0.332546773665577 -0.002661479237467  0.000492849951071 -0.001074910412076
 -0.002083425052579  0.002119819932881 -0.000288359002971 -0.000196629200105
  0.001717977649757 -0.010266794632632 -0.034187117270995  0.055742617347511
  0.001290992779152  0.011267199183884 -0.059255866240079  0.095495713662394
  0.002254445892582 -0.003777903419372 -0.000486690502558 -0.001473288676652
 -0.001299995004199  0.000244865022519  0.000076379900576 -0.089045872982040
 -1.065776957001814  0.001828374571094  0.007498184489679 -0.000324959843863
  0.019470858274007 -0.067914527087821 -0.004892686329534 -0.004079350305705
 -0.000197903903892  0.019423753994901 -0.068347586430167 -0.004783008490533
 -0.004048858272165  0.001151633318623 -0.093595484716051 -1.286479714530485
 -0.003061590142318  0.010179709154820 -0.000011516651026  0.084721999257532
  0.335100678954750  0.003864737566030  0.004968095616768 -0.000426057622078
 -0.002302707328079 -0.487324078060222  0.005594010754712  0.005019630737710
 -0.000565333897822
   23 Orbital Energy     0.079432 Occupation  0.000000
  0.129138016010311 -0.176239753906090  0.119368233309145 -0.095132872969642
 -0.006972666282604 -2.055980694135970  0.344285714510643 -0.167219524088271
 -0.022770325485366  0.003490518575232  0.014213580897007  0.016164301232816
  0.000767993022358  0.001132260991174 -0.000005233512766 -0.016821691597756
 -0.002204880044744 -0.011551281749749 -0.058196696724335  0.002339067564558
  0.068025295591896 -0.325248935066705 -0.229116922490757  0.031157066275774
 -0.010110117128843 -0.009035693610974  0.004605767906937  0.004460537233914
  0.001228083382003  0.000047043021043  0.036411563894245 -0.098344267551463
 -0.011515323900839 -0.102952050686240  0.003517805271142 -0.202872585443623
 -0.253855865769374 -0.406603620171809  0.030096587964168 -0.000682241974948
  0.000620373829466 -0.000377485098683 -0.005125392228443  0.000159761050458
  0.000374791824744 -0.045892264730323  0.077589462854458 -0.025537742920322
 -0.120303996824629  0.005024754250227  0.620131981516881 -0.014021360105528
 -0.153254800326495  0.004974501184636 -0.002289810658162 -0.008094069386400
  0.000435566332024  0.004991004140706  0.000120555907086 -0.000142520934996
  0.003447509781391 -0.002727016864026 -0.002526330753198  0.034832443896426
 -0.000671967855083 -0.066944626561525  0.000246403829651  0.068290454861559
 -0.001739385456832 -0.000068009132301  0.001464540483845  0.003147060475815
  0.000733887923120  0.000275661180837 -0.000007740347628  0.024595357526863
  0.782810793487253  0.000702723724106 -0.006681082164455  0.000109243014480
  0.037852849401494  1.022830933448148  0.001097783788332  0.003111841840202
 -0.007169281593171  0.037836218743529  1.022625216782129  0.002183688468693
  0.003446681340146  0.006753436027758 -0.048054726884901 -0.331450906717392
 -0.005180469051802  0.002559641340302  0.000339853709336  0.014469186246366
  0.634639776595879 -0.004511691377368  0.002288928873990  0.000296031795451
 -0.043204761780301 -0.585655259559657 -0.000448987114069  0.005888962028573
 -0.000113366099959
   24 Orbital Energy     0.109334 Occupation  0.000000
 -0.069260647276839  0.087998075769728  0.078912106672023  0.155304352799328
 -0.009697353323934  1.111915016979651  0.407529231980171  0.585272659964001
 -0.045362985258768 -0.004839373790076  0.003564104131831 -0.016624766858196
  0.017473989884016 -0.001507550587677 -0.001945375728405  0.037801733771875
 -0.023819655700108  0.093888139053217  0.019511091052935 -0.007906588995300
 -0.799387574699263  0.271657633670506 -0.102271781984439 -0.019030602046944
  0.013363101402838  0.006475805329762 -0.005864475092721 -0.020538891359093
 -0.001247649864421  0.001259086228605  0.075330967158801 -0.117193028451279
 -0.009212632551514 -0.202849857534420  0.005790172413380 -1.062305800806997
 -0.243372788097531 -0.500141585956078  0.031630525873477  0.000024347022455
  0.025749769917601 -0.003856791158839 -0.014676719368974  0.000022951417644
  0.000303921117323 -0.041256967054769  0.065510585433446 -0.056140227981355
 -0.128546906788100  0.007730312164256  0.607246644449628 -0.312945678188768
 -0.221719393165247  0.030283298213926  0.004427866276663 -0.015399686032374
 -0.002856805249648  0.021130060877582 -0.001203184537018 -0.001297217674201
 -0.011443063160697  0.009214891299861 -0.026375221734578 -0.022047227253441
  0.002589329504565  0.186630428165008 -0.063944252759101 -0.027583747989462
  0.005692374166106 -0.009604456992977 -0.005581896417456 -0.005889041832158
  0.003330685993494  0.000251853416972 -0.000270095015086  0.084416229556683
  0.499528180774610  0.000474646898060 -0.000263536556143 -0.000023174009161
 -0.059869036162970 -0.741516056376475  0.006300424235159  0.002365785741148
  0.005838789534178 -0.059927950821668 -0.743014661200576  0.005300696269574
  0.002045094642531 -0.006853991457550  0.037927250870742  0.185606436444201
  0.006672027004576 -0.001576599219177 -0.000488346791481  0.107402041136091
  1.215374917347935 -0.006256793473968  0.010704644835826  0.000225183972132
 -0.082485475588692 -0.674647619720803 -0.009568237654860  0.005878855598193
  0.000604510011451
   25 Orbital Energy     0.123190 Occupation  0.000000
  0.026165680073619 -0.044828248873573 -0.146651735525050  0.204795712381010
  0.006365652861246 -0.313496523663853 -0.465926941124980  0.638284938572683
  0.020576312934595  0.015213318410135 -0.000398759788715 -0.011605593499952
 -0.001492440694489 -0.002397646111299 -0.000200037018144 -0.039660070768281
  0.073653553723044 -0.127576929109125 -0.015666210982596  0.010431763104569
  0.671812069715355 -0.468885703279770 -0.240134766082774  0.042700205139528
 -0.026977063202966  0.031679027136877 -0.002136108352107  0.002218076463177
  0.002201092515265 -0.001136400112301 -0.016264496668068  0.016373177544368
 -0.122314766245453  0.220346056411131  0.004072035735497  0.618791775135138
 -0.293969058042835  0.630047850567251  0.007344976070862  0.016614480815327
 -0.018609697383081 -0.000548724064669 -0.007246939365360 -0.001385393063281
  0.001091056247855 -0.093939447737792  0.161253206736192  0.009258582407758
 -0.207399417580365  0.004499581714945  1.308523055831005  0.015545265003997
 -0.550476565414224  0.012592254662286 -0.023008469739097 -0.006544445070687
  0.008935493468826 -0.016103445913556  0.003332472047836  0.001724866134512
  0.016740621515386 -0.044958842706281  0.054270710402522  0.137243879160107
 -0.007719115202854 -0.125556801425352  0.035860717301259  0.186565972101117
 -0.007501605830614  0.001395985155506 -0.000490853541698  0.003922182274560
  0.005213059335650  0.000097762776031 -0.000284823839817  0.015961172992196
  0.458269379573868 -0.006638027024201  0.001207134751599  0.000486001772351
 -0.027466377266749 -0.438963645720608 -0.005220062082175  0.002563418465019
  0.004938052585673 -0.027438040441773 -0.438303810972629 -0.005932054872173
  0.002348593686168 -0.004185754525812  0.076851017181771 -0.173041279941109
 -0.013027196925185 -0.004382024515510  0.001128151740369 -0.053895336321855
 -1.018759962486486 -0.004668178910955 -0.006241271888366  0.000523153218800
 -0.046794939203928 -1.223734984739516  0.006817512390459  0.010248650110899
 -0.000794811782147
   26 Orbital Energy     0.140625 Occupation  0.000000
 -0.000000282813413  0.000000977344807 -0.034812826767024 -0.010675624053107
 -0.446277428357590  0.000077297788153 -0.101378117438749 -0.030997513160927
 -1.300550132163322  0.000342859299941  0.000842259460234 -0.001188018770880
  0.001643870896573  0.002386852174595  0.020014559011885 -0.000078165978018
  0.000115553007445  0.011386077778208  0.003512294091855  0.143809796276028
  0.001204181331878  0.034604577246310  0.010659758447552  0.435164284024550
  0.001923255297037 -0.000242793332813 -0.001700682566133 -0.000094083070502
  0.014165916854147 -0.005221893318841  0.000100077817952 -0.000194397037391
 -0.013033422420326 -0.004321060789953 -0.168717264480163 -0.001349764022730
 -0.017521685118859 -0.006095421172958 -0.230864778480715 -0.001034531203169
 -0.000424526911048  0.001482739571848 -0.000992721148806 -0.007558638747546
 -0.010433522999411  0.000013836669346 -0.000016571871827  0.004166853311112
  0.001396544593166  0.053141979386025 -0.000332589349757  0.008830068005896
  0.002990707077621  0.109743649583574  0.000966451408802 -0.000368440430659
 -0.000590467014157 -0.000497860155394  0.007046938762683 -0.008599032655937
  0.000010632932279 -0.000035004983272 -0.001693744479552 -0.000621211606707
 -0.022160781170680 -0.000128258797485 -0.003209720480183 -0.001066697046271
 -0.041618384078488  0.000043678103554 -0.000103352232601  0.000047669038640
 -0.000181313374302  0.000355283941453 -0.002305965197644  0.000119566429717
  0.000961261879693 -0.001154252310000 -0.000354721178456 -0.014627527219705
 -0.087930302834737 -1.418090807079654  0.000557454358426 -0.010138795448159
  0.003089659967926  0.087803811151513  1.417249203470711 -0.000100582274755
  0.010283189038397  0.002636277860330 -0.000031487610042 -0.000877550671745
  0.000567876486882  0.000185281277132  0.007072384013674  0.000110088962548
  0.001260085655797 -0.000528550089858 -0.000159106091094 -0.006914746306386
  0.000013726393594  0.000315811911487  0.000371141804200  0.000119239396994
  0.004734618828835
   27 Orbital Energy     0.156392 Occupation  0.000000
 -0.045422228299184  0.049302746358801 -0.031281849917148 -0.270050125492626
  0.008651096316702  0.773877679379288  0.157711632523427 -0.936659622886328
  0.009496682137029 -0.018568793963822 -0.004469506470814  0.009790679371829
 -0.000788827241353  0.002592861485280  0.000475093195943  0.101382094453234
 -0.186120098125086  0.001101762886501  0.106609546323661 -0.002605870636393
 -1.499776935449400  0.182065937886622  0.308253259783282 -0.021385001740627
  0.008182815703603  0.007993425020554 -0.001317168417498  0.015023248991840
 -0.001227217910581 -0.001466270703225 -0.026437535145265  0.068946295273548
 -0.168127541826372  0.013218150096184  0.012712077419239  0.031868375303975
 -0.537739557934957  0.280508844283583  0.034821854740203 -0.007085009759513
  0.000559090571399  0.002441072518629 -0.024483207313863  0.001487764813984
  0.001963640008721 -0.042455626492169  0.070137590884247 -0.025384023314577
 -0.164473985674964  0.006237568740484  0.695682922990456 -0.575974735913298
 -0.526624685820057  0.058773551761230 -0.000261108378918 -0.015146778409496
  0.000075897594214  0.013995554577581 -0.000317846563527 -0.000667952206896
 -0.024078323264681  0.024222094320440 -0.047897543878673  0.023485643183816
  0.003149311123460  0.456400175634481 -0.147954672793423 -0.053343824490658
  0.012934106442065 -0.010323638007257 -0.009649075752900 -0.010005329746236
  0.012632075340871 -0.000293427140215 -0.001010073059520 -0.069494513967510
 -1.229756413533631  0.011011368397848  0.002112819442291 -0.000922019080018
  0.040158413875353  0.382887641871531  0.001464802359973 -0.005383296993470
 -0.004445999602573  0.040279443112599  0.385043736638665  0.002152319550451
 -0.005151628444674  0.004424927953772  0.061155667750249  1.074626134984150
 -0.001519777840604 -0.009184669738575  0.000358553858518  0.009057547308390
 -0.393402418283615 -0.010888020816756 -0.002691697571204  0.000912938459058
 -0.068807946072054 -0.881867125019747 -0.009717867101223  0.005728567426119
  0.000622960899255
   28 Orbital Energy     0.206118 Occupation  0.000000
  0.040372321420619 -0.031201542911247 -0.278524851780329 -0.094387678193415
  0.024068843875405 -0.899411743384051 -1.385339257127425 -0.128953370271215
  0.111583092495267  0.034814815305216 -0.017446288142469 -0.011366014727659
 -0.005101305281822 -0.004078967797167  0.000566760702941 -0.064888769236353
  0.119172775682783 -0.208896471235637  0.273497991197529  0.009537427898577
  0.799301884849705 -1.147687175245392  1.001932275718115  0.064854641085041
 -0.022229969412009  0.009533902711120  0.004974341111753  0.003152001106792
  0.002402222281510 -0.000373661475489  0.081785054661095 -0.159172718012117
 -0.071632205032977 -0.081880340089587  0.007710683066216 -1.018674316628743
  0.186834058510336 -0.904209417795263  0.008099307680970  0.038106309592684
 -0.031522188611070 -0.004780244616917  0.005653574365169 -0.004051912110594
  0.000326704402594 -0.051795148309560  0.103269294754291 -0.146238873775859
  0.146381188720430  0.007767698853661  0.447069088811232  0.296078136649423
  0.642771481852606 -0.039595397274598 -0.017239965905500 -0.004632655031903
  0.015192844583013 -0.002364172086961  0.003019779575827  0.000776047034405
  0.037303806971743 -0.056377337867757  0.123419014610049 -0.026252348096303
 -0.009042443722686 -0.626766003826344  0.283769569697767  0.070833533961857
 -0.024095500181444  0.010848227047034  0.005271790544317  0.016244582916608
 -0.009843208796864  0.000744598898992  0.001097532356275 -0.043163130061856
 -0.792755046378878 -0.007773255262397  0.011350446396550  0.000332127397924
 -0.054412964046840  0.021316070379599 -0.010825167906008 -0.002132412806671
  0.001692024845627 -0.054371871712550  0.021142351875727 -0.010956979769375
 -0.002170765092484  0.000116812166158  0.026293947252565  0.952585285821883
 -0.002107350563658 -0.003504693573799  0.000253297792603 -0.026121907544746
  1.244386346971901 -0.000377347343485  0.000704551627429  0.000015585885651
 -0.042177035016167  0.287326241903083 -0.003323501092477  0.001233828431662
  0.000226969774856
   29 Orbital Energy     0.248792 Occupation  0.000000
 -0.042070123429245  0.050265870147221  0.065460248919961 -0.010513292649819
 -0.004891908122755  0.534425463242708  0.692009650899783 -0.226777769913682
 -0.048519986866038 -0.031672729867263  0.005616408904751  0.012077031649140
  0.010810986063026  0.003706677927443 -0.000658440723109  0.044709162076636
 -0.030983466628535  0.289503597742734  0.043597092344839 -0.023720815840765
 -1.400110812720466  0.079565383198753 -0.014464629630584 -0.005951829002391
 -0.010806296607494  0.003398386626319  0.000164634530604  0.004548591698218
  0.000886742237557 -0.000443385576890 -0.023616114635289 -0.037056998979499
 -0.039822703215204 -0.085973618474450  0.005336315691893  1.174759334775069
  0.440735202510785 -0.821053580166469 -0.013960368924333 -0.002009854954609
 -0.017553117034648 -0.000482983089438  0.031524653476498 -0.000661773811563
 -0.001976173732069 -0.027410267500748 -0.022862766525230  0.250986207046817
 -0.005525691923414 -0.019617175102576  0.774459821868475  1.996552909276825
  0.775953478166848 -0.176669046956522 -0.005458352915183 -0.006627956883665
  0.020406541869310 -0.017390101442705  0.002807684932224  0.002167745058240
  0.099752937101912 -0.117134235908973  0.095977003608962  0.160041705646312
 -0.011601660247354 -1.886529683406313  0.537208714631308  0.586946284645365
 -0.057111012822845  0.017557180820838  0.039176344683941  0.052679876191969
 -0.030214482485605  0.003984994998223  0.002782631506970  0.014395293147109
 -0.031140804370706  0.012005567628687 -0.004707047248161 -0.000825109254842
  0.050716927245662  0.049876193470335  0.007445450574523 -0.002988744278298
 -0.001156523594618  0.050694890226866  0.049855499391424  0.007548383485368
 -0.002955406853071  0.000131821133753  0.059466920529227  0.455341463040815
 -0.006526378672237 -0.002732207236972  0.000580156744728 -0.083887008040957
  0.378785542483329  0.013611686820156 -0.003082832892275 -0.000988392269000
 -0.078834399659087 -0.109246586707804  0.017510218327779  0.006184811222411
 -0.001537149065241
&
&hess
   1
   1  4.848843E-01
   2  3.344920E-02  5.405254E-01
   3  6.381243E-04 -3.539393E-03  5.035072E-01
   4 -2.120047E-01  2.626429E-02  1.097444E-02  6.621130E-01
   5  3.803331E-02 -9.167422E-02 -2.265139E-03  1.054275E-01  6.747418E-01
   6  1.066098E-02 -1.350843E-03 -6.403334E-02 -4.332222E-02 -2.151461E-02
   7 -3.137559E-02 -1.418230E-02  3.245134E-03 -3.097343E-01 -1.846618E-01
   8  4.606324E-03  1.233740E-02 -5.354012E-04 -1.956414E-01 -2.836303E-01
   9  2.764639E-03  9.437978E-04  5.131708E-03  2.542263E-02  2.031687E-02
  10  5.125397E-03 -4.342033E-03  6.443359E-04 -4.888666E-02 -1.409499E-02
  11 -2.768547E-03 -3.253001E-03  6.049950E-04 -2.488018E-02  8.233495E-03
  12  6.122302E-04  7.270086E-04  1.200118E-02  4.402830E-03  8.966985E-04
  13 -2.467473E-03 -5.836324E-04 -5.568537E-05  4.262755E-03  1.248620E-02
  14 -5.533594E-04  1.213140E-03 -7.213256E-05  8.885026E-03  5.740646E-03
  15 -5.878465E-05 -7.037026E-05 -3.387203E-03 -2.744725E-04 -1.044850E-03
  16 -1.324783E-01 -1.224332E-01  9.887977E-03 -1.785945E-02 -2.635999E-02
  17 -1.262787E-01 -2.208539E-01  1.417042E-02  8.724708E-03  8.887487E-03
  18  9.980721E-03  1.387918E-02 -4.515266E-02  9.757168E-04  1.774587E-03
  19 -6.102178E-02  3.690171E-02 -6.001633E-02 -1.183657E-02  1.589789E-02
  20  3.451045E-02 -1.127910E-01  1.118707E-01  5.902695E-03 -5.707502E-03
  21 -5.748272E-02  1.107809E-01 -2.034462E-01  8.920510E-04 -3.076251E-03
  22 -4.656478E-02  2.122676E-02  3.479851E-02 -8.093937E-03  1.736753E-02
  23  1.856087E-02 -1.240304E-01 -1.202879E-01  5.328448E-03 -5.783500E-03
  24  3.237507E-02 -1.195935E-01 -2.066408E-01  7.094070E-04  8.524170E-04
  25 -5.504905E-03  2.400566E-02  4.000163E-04 -6.544750E-02  5.759242E-02
  26 -1.007372E-03 -2.841697E-03  3.320715E-04  5.573653E-02 -2.967943E-01
  27  1.024879E-03 -1.631048E-03  7.258360E-03  7.419916E-04  1.930666E-03
  28  1.396261E-03  2.212541E-04 -4.953045E-04  6.825334E-03 -2.448290E-02
  29  8.885054E-04  9.050929E-04 -2.117227E-04  5.583072E-03 -1.419721E-02
  30 -5.101536E-04 -1.630164E-04 -4.815616E-03 -3.338804E-04  2.385057E-03
  31  7.934027E-05 -5.660683E-04 -2.813829E-05  6.977840E-04  2.950139E-03
  32  5.327061E-04  4.492342E-04 -6.566102E-05 -1.226604E-03  1.956421E-04
  33 -5.572959E-05  2.081784E-05 -4.559872E-04 -1.195302E-04 -2.662671E-04
   6
   6  1.467406E-01
   7  2.507439E-02  6.426443E-01
   8  2.119970E-02  1.067996E-01  7.318723E-01
   9 -5.101887E-02 -4.500778E-02 -2.406242E-02  1.070041E-01
  10  4.127099E-03 -1.709139E-01  6.866678E-02  6.421190E-03  7.473745E-01
  11  1.727879E-03  7.761725E-02 -1.339796E-01 -4.435520E-03  1.806551E-01
  12 -1.122157E-03  6.194979E-03 -3.750675E-03 -6.796430E-02 -4.976885E-02
  13 -3.635552E-04 -7.267986E-02 -3.557840E-02  8.137612E-03 -4.700403E-01
  14 -7.437056E-04 -2.431734E-02  1.934251E-02  1.908551E-03 -2.805116E-01
  15  3.636851E-03  7.885622E-03  2.821926E-03  1.894796E-02  3.969919E-02
  16  1.824039E-03 -5.494520E-03  4.133266E-03  4.461049E-04  9.499652E-04
  17 -9.646008E-04  1.379903E-03 -2.280349E-04 -6.547247E-05  4.840610E-04
  18 -2.836093E-03  5.127501E-04 -2.797750E-04  1.478329E-03 -1.448398E-05
  19 -2.337961E-02  2.822900E-04  1.751960E-03  1.411520E-03  8.350512E-04
  20  3.428663E-03 -3.195186E-03  4.627622E-04  3.282219E-05  1.263880E-03
  21  3.768403E-03  6.628775E-04  2.385373E-04  1.399761E-03 -2.746629E-04
  22  2.443891E-02 -5.493936E-06  1.630080E-03 -1.276078E-03  5.213946E-04
  23 -3.935471E-03 -3.181729E-03  4.560415E-04  5.230878E-04  1.361323E-03
  24  1.036283E-04 -2.866014E-04 -4.487281E-04  1.690869E-03  1.165457E-04
  25  6.979364E-04  8.290947E-03 -2.291798E-02  4.203030E-04 -7.034934E-04
  26  2.067212E-03  3.162338E-03 -2.082795E-02  4.410453E-04  4.155528E-03
  27 -3.835911E-02 -2.221046E-04  2.472668E-03  6.363814E-03 -7.125829E-04
  28  4.165699E-04 -5.795754E-02  3.960987E-02  6.767424E-04 -3.165877E-04
  29  2.390174E-05  3.880020E-02 -3.139553E-01  3.878595E-03 -2.873005E-03
  30  4.322658E-03  6.972796E-04  3.811888E-03 -3.688810E-02  2.781986E-04
  31 -2.234286E-04 -2.953102E-03  2.701504E-02  6.534008E-04 -6.392217E-02
  32  5.385803E-05  1.840159E-03 -1.195830E-02  5.182044E-04  4.526769E-02
  33 -1.200578E-03  1.289982E-03 -1.469820E-03  1.394814E-02 -3.396422E-04
  11
  11  6.864635E-01
  12 -2.715727E-02  1.777217E-01
  13 -2.878266E-01  3.972533E-02  5.369685E-01
  14 -3.203594E-01  2.867369E-02  3.388885E-01  3.223388E-01
  15  2.925386E-02 -6.204288E-02 -4.911755E-02 -3.423124E-02  2.669924E-02
  16 -1.757555E-03  4.018127E-05 -1.358425E-03 -5.680628E-05  8.731990E-05
  17  4.544269E-04 -2.821177E-05  5.830461E-05 -1.463476E-04 -6.636401E-06
  18  1.475057E-04  8.856740E-04  8.324661E-05  1.247222E-06 -2.720568E-04
  19 -4.410359E-04  2.164296E-03 -4.412124E-04 -1.285623E-04 -6.304851E-04
  20 -2.495188E-04 -6.764131E-04 -5.028402E-04 -2.653382E-04  8.026325E-05
  21 -3.395506E-04 -5.856818E-05  5.861717E-05  1.466450E-04  1.046979E-04
  22 -4.930129E-04 -2.239058E-03 -3.378894E-04 -1.145314E-04  7.083246E-04
  23 -2.022791E-04  4.834526E-04 -5.074124E-04 -2.732606E-04  1.562822E-05
  24  4.260644E-04  2.079758E-04  3.534815E-05 -1.131009E-04  9.561409E-06
  25 -5.490243E-03 -4.645519E-04  6.857601E-04  2.108381E-03  1.638211E-05
  26  7.565154E-05 -5.365581E-04 -6.544963E-04  2.506587E-04  8.480395E-05
  27  2.182221E-04 -8.386687E-03  8.638693E-05 -1.311460E-04  1.572176E-03
  28  2.981764E-02 -5.346479E-04  3.091372E-03 -3.832927E-03 -3.061458E-04
  29 -8.884776E-03  5.061459E-04  1.337350E-04  2.489057E-03 -1.277470E-04
  30 -2.052264E-03  2.392066E-03 -4.060210E-04  1.836470E-04 -2.013863E-03
  31  3.550983E-02 -8.326374E-05  2.964722E-03 -4.004527E-02  2.093469E-03
  32 -2.284199E-01  8.631540E-04 -2.561427E-02 -3.078363E-02  3.206828E-03
  33  1.613715E-03 -5.361986E-02  1.740881E-03  4.359122E-03  1.653912E-02
  16
  16  1.469893E-01
  17  1.331678E-01  2.360124E-01
  18 -1.133595E-02 -1.509532E-02  4.464362E-02
  19  5.286324E-03 -8.600419E-03  1.545962E-02  6.891545E-02
  20  8.125771E-03 -1.231399E-02  2.023319E-02 -4.253509E-02  1.210480E-01
  21  1.816821E-04 -9.593470E-04 -9.562399E-04  6.227785E-02 -1.203525E-01
  22  2.750199E-03 -9.054999E-03 -1.554132E-02  9.261408E-04 -5.246816E-03
  23  4.900899E-03 -1.321535E-02 -2.059500E-02 -2.700645E-03  9.701822E-03
  24 -1.007330E-03  3.000437E-03  2.478241E-03  3.407398E-03 -1.514749E-02
  25  1.185090E-03 -1.338221E-05 -8.200238E-05 -2.880254E-03  1.611659E-03
  26 -7.987999E-05  1.142238E-03 -2.011169E-05  5.352108E-04 -4.218721E-05
  27 -7.946417E-05 -2.398718E-05  1.433070E-04  2.108091E-04 -3.676141E-04
  28  1.207705E-04  2.195543E-04 -3.580841E-05 -2.319058E-04  7.962758E-05
  29  6.022663E-05  2.450363E-04 -1.807876E-05 -6.550221E-04  7.592194E-05
  30 -3.223409E-05 -2.998090E-05 -2.603412E-04 -8.100730E-04  7.995108E-04
  31 -9.911748E-05 -7.587836E-05 -2.769230E-06  1.585213E-04 -1.771083E-05
  32  3.137748E-04  3.220365E-05 -2.901740E-05 -2.921114E-05  8.319289E-05
  33 -1.251621E-05  1.106114E-06 -1.572895E-04 -9.243921E-05  8.879469E-05
  21
  21  2.208010E-01
  22 -6.528398E-03  5.364087E-02
  23  1.431127E-02 -2.532280E-02  1.332340E-01
  24 -2.014958E-02 -3.527499E-02  1.303442E-01  2.238716E-01
  25  5.193692E-04 -2.951626E-03  1.624146E-03 -3.097907E-04  7.047231E-02
  26 -6.995948E-04  6.288113E-04 -1.688427E-06  5.553724E-04 -5.820839E-02
  27 -1.098963E-03  4.755957E-05  6.525720E-05 -1.066378E-03 -2.289525E-03
  28 -3.404832E-04 -5.372226E-05 -3.122795E-05  3.083234E-04 -3.118666E-03
  29 -7.932799E-05 -5.952444E-04  4.095867E-05  1.581494E-04 -1.932092E-03
  30 -2.672887E-04  8.115524E-04 -8.220107E-04 -4.114468E-04  1.108196E-03
  31  3.618026E-05  1.613085E-04 -3.413135E-05 -7.350118E-05 -4.240121E-05
  32  1.652547E-05 -2.719357E-05  7.756197E-05 -1.966651E-05  1.610227E-03
  33 -8.768358E-05  5.538893E-05 -9.259152E-05 -8.508469E-05 -1.511842E-05
  26
  26  3.191915E-01
  27 -2.828911E-03  2.297385E-02
  28 -2.741675E-03  1.129027E-03  5.489388E-02
  29 -1.004351E-03  4.363575E-04 -4.069020E-02  3.347650E-01
  30  4.987961E-04  1.030950E-02 -1.377893E-03 -4.557182E-03  2.459976E-02
  31 -1.572144E-03  6.522111E-05 -4.670990E-03  1.272626E-03  5.763943E-04
  32  8.495936E-04 -1.397738E-04  1.823713E-03 -4.718307E-04 -5.403264E-05
  33  1.089819E-04  2.861822E-04  5.610689E-04 -9.205232E-06  3.025790E-03
  31
  31  6.760543E-02
  32 -2.443633E-02  2.699671E-01
  33 -3.013019E-03 -4.355336E-03  2.179892E-02
&
&valid
version=1.0
geometry
atom_num=11
   6    -1.7961277844    -0.0273729239     0.4788249013
   6    -0.3437187433    -0.3973244398     0.3743017089
   6     0.6836940857     0.4757591767     0.2719889962
   6     2.0711139131     0.0003267894     0.1749101528
   8     3.0536178418     0.7297240942     0.0791658575
   1    -2.4448647927    -0.9121973381     0.5510532077
   1    -2.1189046838     0.5604715975    -0.3981175909
   1    -1.9810666018     0.6033674867     1.3658088867
   1    -0.0935901371    -1.4684401205     0.3813942839
   1     0.5300727922     1.5615516333     0.2569425397
   1     2.1748931622    -1.1217935124     0.1950963780
end
molecule
molchg=0
multip=1
qs_cuts=   0    0    0
end
basis
name=6-31g**                         
numd=6
atom_basis_num=0
end
&
