&gen
basis=6-31G**
igeopt=1
dftname=PBE-D3
ifreq=1
&
entry_name: J1_10151_2111.in
&zmat
C1          1.7675133457        -3.6801695800         2.0042477278
Si2          0.9460014722        -2.0024188090         1.9524043550
C3         -0.8951719137        -2.3250738738         1.9065090055
C4          1.4502573807        -1.1493441573         3.5367816445
C5          1.5770780479        -1.1670216978         0.3822664582
C6          0.6744962704        -0.0864234474        -0.2777157944
C7          1.0160571940         0.1788024509        -1.7386477760
C8          2.0844954076        -0.6722457849        -2.4000084069
C9          1.7014269256        -1.7975939500        -3.1494096265
C10         2.6683188192        -2.6198550605        -3.7355540466
C11         4.0253918455        -2.3307137021        -3.5736859100
C12         4.4182985134        -1.2201260167        -2.8230071144
C13         3.4555446575        -0.3945178209        -2.2353741162
O14         1.4545968710         1.4991492147        -1.5700993424
P15         1.0544063492         1.6806611626         0.0919521388
C16         2.7836154219         2.1343053348         0.4555942389
C17         3.4075304684         3.1520930823        -0.2891814869
C18         4.7445610851         3.4863064728        -0.0567317103
C19         5.4759797382         2.8088366799         0.9203508618
C20         4.8698185011         1.7985233842         1.6688056615
C21         3.5336980722         1.4608254277         1.4379686744
C22         0.4137992667         1.8171470855         1.8127325288
C23         1.0204359407         2.6495382862         2.7851213739
C24         0.4552885538         2.8011480834         4.0545918380
C25        -0.7525311523         2.1784497011         4.3636852347
C26        -1.4145632686         1.4310653833         3.3919183003
C27        -0.8506168394         1.2735024154         2.1231906780
C28        -0.1084231195         2.9992746712        -0.3361783017
C29        -1.3285026556         2.6865496038        -0.9579372565
C30        -2.2316861036         3.7006546916        -1.2893666086
C31        -1.9249974946         5.0330965773        -1.0023853784
C32        -0.7152648379         5.3530327247        -0.3810863828
C33         0.1908187482         4.3419256936        -0.0483733013
H34         1.4751795071        -4.2644975930         1.1076992306
H35         1.4472062166        -4.2217578707         2.9178586029
H36         2.8692845721        -3.5513664402         2.0181343583
H37        -1.4606185474        -1.4074684592         2.1468543379
H38        -1.1464120568        -3.1008956431         2.6583451997
H39        -1.1812677885        -2.6873596664         0.8978971371
H40         2.5565440947        -1.0980440637         3.5920463041
H41         1.0735953941        -1.7365655296         4.3989699281
H42         1.0322011100        -0.1317046916         3.5905907976
H43         1.6212814401        -2.0325393097        -0.3088953114
H44         2.6210310593        -0.8322185573         0.5060724116
H45        -0.4001999608        -0.3410608358        -0.1952429014
H46         0.0935509371         0.1872105370        -2.3616416926
H47         0.6535928294        -2.0416653001        -3.2734372865
H48         2.3651463337        -3.4842628763        -4.3120250581
H49         4.7725552214        -2.9696361007        -4.0263831358
H50         5.4701443071        -1.0009250618        -2.6924692965
H51         3.7831980397         0.4519339610        -1.6475947260
H52         2.8641275477         3.6803625737        -1.0617609129
H53         5.2148717334         4.2688123944        -0.6379990101
H54         6.5110586754         3.0690971147         1.0998628246
H55         5.4335226307         1.2803221014         2.4337279779
H56         3.0781033780         0.7035931468         2.0555085716
H57         1.9113222202         3.2201070112         2.5728017710
H58         0.9444526044         3.4236886446         4.7926578994
H59        -1.1926467992         2.3045197117         5.3443445522
H60        -2.3775225229         0.9895326058         3.6136827338
H61        -1.4344404729         0.7648202147         1.3737656499
H62        -1.5849110337         1.6597981112        -1.1813646845
H63        -3.1706050265         3.4530997209        -1.7674282745
H64        -2.6258594719         5.8170577850        -1.2584638313
H65        -0.4808687748         6.3849231065        -0.1537994705
H66         1.1145482919         4.6076986864         0.4468585013
&

