&gen
basis=6-31G**
igeopt=1
dftname=PBE-D3
ifreq=1
&
entry_name: J1_10495_2111.in
&zmat
C1         -1.8635690195        -1.1851972531         0.4466666903
C2         -3.1871872735        -1.1998492663         0.6310612736
C3         -1.1079007721        -0.2269406133        -0.4562275209
C4         -1.5658633532        -0.0341930008        -1.8878367604
C5         -2.6552908210        -0.9305143598        -2.5134545187
C6         -2.2518997278        -2.4111101996        -2.6227092081
C7         -1.0153723225        -2.6037745249        -3.4627375907
C8         -1.0973561701        -2.5554288120        -4.8643230818
C9          0.0551105318        -2.7020783793        -5.6425569356
C10         1.2959826392        -2.8918466649        -5.0280896026
C11         1.3867933160        -2.9339423492        -3.6341113581
C12         0.2368815211        -2.7888471023        -2.8521519914
O13        -2.0089080105         1.2902291859        -1.7225326490
P14        -1.3785885217         1.5436900856        -0.1372949064
C15        -2.9405239167         2.3227395362         0.3983989009
C16        -3.7050532795         1.8391578911         1.4801183844
C17        -4.8987280807         2.4678228318         1.8462262610
C18        -5.3483756233         3.5843103065         1.1406174883
C19        -4.6048561792         4.0738467943         0.0663939167
C20        -3.4106805772         3.4484492066        -0.3030495755
C21        -0.6004894210         1.6098240551         1.5474331904
C22         0.3537100018         2.7837257715         1.6067039813
C23         1.0096945878         2.8623172358         0.2536042272
C24        -0.0942386820         2.6961855880        -0.7711013941
H25        -1.2750441240        -1.9330123433         0.9694618004
H26        -3.6310371328        -1.9378457345         1.2909028024
H27        -3.8398136577        -0.4805780352         0.1555546972
H28        -0.0202607483        -0.4577524856        -0.4285576430
H29        -0.6812152525        -0.0183881825        -2.5636758287
H30        -3.6173340610        -0.8429503945        -1.9778009184
H31        -2.8580963801        -0.5489546788        -3.5379468616
H32        -3.0926678209        -2.9725758654        -3.0850620705
H33        -2.1060589893        -2.8509531509        -1.6149866735
H34        -2.0520591898        -2.4014990506        -5.3519048767
H35        -0.0133790027        -2.6655606197        -6.7220998370
H36         2.1872681929        -3.0034433468        -5.6318967956
H37         2.3489019729        -3.0761793920        -3.1592013750
H38         0.3230439914        -2.8147523043        -1.7729047617
H39        -3.3853888416         0.9841120904         2.0559830550
H40        -5.4751626811         2.0886740904         2.6802230715
H41        -6.2731079604         4.0692374585         1.4254938321
H42        -4.9554725711         4.9374130514        -0.4839312037
H43        -2.8624788384         3.8399066962        -1.1489796200
H44        -1.3147493287         1.6994601287         2.3858165337
H45        -0.0182340990         0.6813501550         1.7311239148
H46         1.1118929744         2.6419732106         2.4070558560
H47        -0.2140557132         3.7202597704         1.8045500715
H48         1.7485871148         2.0368815054         0.1473478393
H49         1.5316918962         3.8346797171         0.1222757361
H50        -0.5542167720         3.6851530209        -0.9737808493
H51         0.3384179473         2.3127767629        -1.7199171212
&

