&zmat
 C2             -2.8676969455            -1.1973296224             0.7685240910
 C1             -1.5349104780            -1.1138329359             0.5707779290
 C3             -0.7968962998            -0.2045206570            -0.3579051175
 C4             -1.1147782735             0.0585286490            -1.8530784282
 C5             -2.4699359675            -0.3544877713            -2.4362221844
 C6             -2.6346556170            -1.8761157001            -2.6615695609
 C7             -1.5361808162            -2.4856417768            -3.5083341962
 C8             -1.5046885899            -2.2935963818            -4.9027230190
 C9             -0.4670101090            -2.8225555531            -5.6803767404
 C10             0.5639718676            -3.5569419094            -5.0761532263
 C11             0.5450353506            -3.7574671259            -3.6892475278
 C12            -0.4962486886            -3.2264725531            -2.9157618341
 O13            -0.9449132383             1.4938934848            -1.8502253927
 P14            -0.9017692313             1.7237440778            -0.0756757667
 C15            -2.6729939159             2.1495676528             0.2408403032
 C16            -3.3005636018             1.9905501099             1.4911056537
 C17            -4.6547445630             2.3158578199             1.6551619851
 C18            -5.3964919577             2.8134333414             0.5759888188
 C19            -4.7777467372             2.9855469203            -0.6709212804
 C20            -3.4284794930             2.6522081219            -0.8378112413
 C21            -0.1836828772             1.7131172540             1.6934960714
 C22            -0.0615412935             3.1722961865             2.1195084999
 C23             0.5821679459             3.9162227829             0.9237778439
 C24            -0.0444774078             3.4010650738            -0.3821003800
 H26            -3.2793071850            -1.9045112579             1.4945223788
 H27            -3.5871632505            -0.5803302005             0.2258865980
 H25            -0.8989062646            -1.7604004280             1.1914473786
 H28             0.2822818597            -0.4309212096            -0.2864631494
 H29            -0.3264636603            -0.3827298468            -2.4927196601
 H30            -3.2950123499             0.0192936827            -1.8073849746
 H31            -2.5577836848             0.1728846515            -3.4041084275
 H32            -3.6136623365            -2.0497649315            -3.1436247145
 H33            -2.6670466876            -2.3843046462            -1.6846738154
 H34            -2.3065888219            -1.7206335550            -5.3822816317
 H35            -0.4635883203            -2.6633902418            -6.7634523199
 H36             1.3752115579            -3.9705173513            -5.6829407084
 H37             1.3434210736            -4.3304348621            -3.2066769303
 H38            -0.5066356067            -3.3816844129            -1.8307650774
 H39            -2.7405342996             1.6030953693             2.3448676857
 H40            -5.1303325567             2.1751432808             2.6307903663
 H41            -6.4539623006             3.0642726876             0.7053392046
 H42            -5.3506858429             3.3721039650            -1.5195084906
 H43            -2.9443295139             2.7472814453            -1.8146006374
 H44            -0.7700210625             1.0693852780             2.3682280405
 H45             0.8188977276             1.2506722221             1.6081646112
 H46             0.5397480634             3.3037836779             3.0358967449
 H47            -1.0646330695             3.5880226729             2.3280479721
 H48             1.6662998950             3.7027209915             0.9217585896
 H49             0.4752392356             5.0089448686             1.0282864078
 H50            -0.8295352814             4.0683811165            -0.7745150955
 H51             0.6821382672             3.2574817514            -1.1945479909
&

