&gen
basis=6-31G**
igeopt=1
dftname=PBE-D3
ifreq=1
&
entry_name: J1_9778_2111.in
&zmat
C1         -0.2830441645         5.0278573796        -0.4092498299
C2          0.5532316153         3.8189161749        -0.8186133893
C3         -0.2420459381         2.5175608394        -0.6650683536
C4          0.6075678541         1.3083352814        -1.0728824589
P5         -0.3077482143        -0.2706727689        -0.8917907028
C6          0.7018235048        -1.5257147237        -1.1864622300
C7          1.9912404887        -1.7242222638        -0.5048086238
O8          2.6708240497        -2.7493127119        -0.7819690068
O9          2.4674294999        -0.7948702095         0.4258507689
C10         3.7331453337        -0.9011255298         1.0722670115
C11         4.8534377469        -0.4896555824         0.1249678663
C12        -1.1113293348        -0.4024743493         0.7525567556
C13        -0.1192251880        -0.2783924283         1.9113626913
C14        -0.8528872473        -0.1457826407         3.2501380522
C15         0.1339085750        -0.0504853302         4.4101905606
C16        -1.6078800635        -0.2916618898        -2.1919165560
C17        -2.7752748875        -1.2502828399        -1.9055491400
C18        -2.3733245392        -2.7308247050        -1.9468271581
C19        -3.5967080362        -3.6354830647        -1.8316892217
H20         0.3178452215         5.9536946721        -0.5304313595
H21        -0.5914963700         4.9412475547         0.6544659814
H22        -1.1880652636         5.1054951167        -1.0487661317
H23         1.4635314295         3.7799796480        -0.1811411930
H24         0.8696272038         3.9422577897        -1.8774058760
H25        -1.1507321397         2.5747201977        -1.2991224600
H26        -0.5563526905         2.4114503289         0.3950702940
H27         0.9231570778         1.4101564957        -2.1330932216
H28         1.5185686585         1.2865242537        -0.4436823701
H29         0.4500659484        -2.2127949596        -1.9829236770
H30         3.7387340766        -0.2197890215         1.9490038354
H31         3.8962307195        -1.9375560202         1.4397053711
H32         5.8258390300        -0.5227018680         0.6598361447
H33         4.6781321104         0.5440928068        -0.2413196679
H34         4.8996114731        -1.1803040334        -0.7426875356
H35        -1.8779486001         0.3979824930         0.8241369858
H36        -1.6279285976        -1.3822544232         0.8263223598
H37         0.5122773656        -1.1911022808         1.9436374467
H38         0.5286658587         0.6120513043         1.7648414381
H39        -1.5099058018        -1.0290360076         3.4072371067
H40        -1.4861582599         0.7681820626         3.2420566588
H41         0.7874135833         0.8396367660         4.2884947179
H42         0.7640294701        -0.9642271889         4.4569580470
H43        -0.4235801145         0.0459213999         5.3655931338
H44        -1.1436377203        -0.5364445477        -3.1709858231
H45        -2.0326523878         0.7276323572        -2.2807822157
H46        -3.2402709678        -1.0061192349        -0.9271894385
H47        -3.5495366756        -1.0729524624        -2.6841200986
H48        -1.6917623923        -2.9638506473        -1.1027835698
H49        -1.8508917305        -2.9538348409        -2.9023566302
H50        -3.2760407903        -4.6984282914        -1.8501302812
H51        -4.1305172151        -3.4417888405        -0.8768234843
H52        -4.2893925640        -3.4595492166        -2.6821215229
&

