&gen
basis=6-31G**
igeopt=1
dftname=PBE-D3
ifreq=1
&
entry_name: J1_6997_2111.in
&zmat
C1         -0.0129292720        -1.0625966250         4.1464394013
O2         -0.1378039230        -1.0267470221         2.7326346750
C3          0.2635110046         0.0856426056         1.9957859402
P4          0.0962299200         0.1030437121         0.3761146523
C5         -0.9444308621         1.4957066150        -0.0972558913
C6         -1.9807728765         1.9249153637         0.7472289982
C7         -2.8159376305         2.9764544603         0.3576892306
C8         -2.6311473985         3.5954320352        -0.8814488733
C9         -1.6150262504         3.1588056467        -1.7356404078
C10        -0.7781952395         2.1073381605        -1.3494828612
C11         1.7182966873         0.3012968558        -0.3881368088
C12         2.6561385067         1.1888683348         0.1632736920
C13         3.8967559428         1.3762218970        -0.4538843768
C14         4.2026078531         0.6930113656        -1.6335958019
C15         3.2643374349        -0.1717287361        -2.2026369570
C16         2.0228074293        -0.3613753846        -1.5883482048
C17        -0.6479390086        -1.4523986729        -0.1537126926
C18         0.0514369084        -2.6548573384         0.0323285576
C19        -0.5146767045        -3.8685697525        -0.3683562493
C20        -1.7832408204        -3.8894177696        -0.9538820001
C21        -2.4872028682        -2.6962970359        -1.1382326907
C22        -1.9239370371        -1.4802342728        -0.7388096498
H23        -0.3901901813        -2.0360088725         4.5213526777
H24        -0.6104399278        -0.2439693365         4.6007501359
H25         1.0536557581        -0.9524789261         4.4359210924
H26         0.6757465910         0.9513486779         2.4984409520
H27        -2.1472771126         1.4451454988         1.7031064865
H28        -3.6100476582         3.3077800590         1.0142277693
H29        -3.2795709786         4.4079759604        -1.1826571440
H30        -1.4792300284         3.6315373712        -2.6997569783
H31        -0.0066553712         1.7716133894        -2.0296502935
H32         2.4296620249         1.7415069312         1.0651051542
H33         4.6187320901         2.0564073509        -0.0207965809
H34         5.1623476087         0.8408531019        -2.1115666739
H35         3.4962885035        -0.6900514807        -3.1240419096
H36         1.3013343498        -1.0179697300        -2.0560544753
H37         1.0349988205        -2.6509179566         0.4853492152
H38         0.0298276804        -4.7927967943        -0.2245028507
H39        -2.2209835932        -4.8295441269        -1.2636352292
H40        -3.4704211679        -2.7137241332        -1.5903993967
H41        -2.4866592038        -0.5692214261        -0.8892636330
&

