&zmat
 C13             4.3275505412            -2.1462457774            -0.8206042754
 O12             4.4161952686            -0.7231001341            -0.7274196704
 C11             3.1721702961            -0.1032754031            -0.8267783211
 O10             2.3622545351            -0.4601369464             0.2896526173
 C9              0.9680115577            -0.4323900767             0.0307100932
 C8              0.4158993994             0.9895073846            -0.1690651441
 O14             0.8412237496             1.7559830840             0.9546714231
 C15             0.6657494241             3.1670877742             0.8242209686
 C7             -1.1279719796             1.0292322196            -0.3342973523
 O6             -1.5701885264             0.0003031892            -1.2309149701
 C4             -2.4248007573            -0.9221412149            -0.4992542233
 C5             -3.8867191493            -0.6447388810            -0.8724851889
 C16            -2.0107661443            -2.3564245471            -0.7981646933
 O3             -2.1771668208            -0.6572426533             0.8873348491
 C2             -1.9388494896             0.7486911710             0.9675773464
 C1             -1.2693584939             1.0922598960             2.2977278547
 O17            -1.4960770721             2.1447500905             2.8761322530
 H29             3.7377866558            -2.5711802674             0.0100448947
 H30             5.3571779149            -2.5289774062            -0.7754198699
 H31             3.8666306224            -2.4580202417            -1.7812591925
 H27             2.6424632800            -0.3918459322            -1.7714001583
 H28             3.3791170691             0.9843512105            -0.8335832383
 H25             0.7099689838            -1.0219184026            -0.8721293734
 H26             0.4839462255            -0.9034695421             0.9015897963
 H24             0.8595297074             1.4157623780            -1.0966330516
 H32             1.3057484608             3.6336480941             1.5874220629
 H33             0.9806173970             3.5189247813            -0.1777869438
 H34            -0.3795791848             3.4769677415             1.0143895085
 H23            -1.4187212327             2.0133915714            -0.7454711830
 H20            -4.5571714608            -1.3231813288            -0.3224719607
 H21            -4.1657801101             0.3938344331            -0.6394636055
 H22            -4.0308767441            -0.8000462098            -1.9524867150
 H35            -2.0876520919            -2.5494119232            -1.8784802587
 H36            -0.9758931313            -2.5294535270            -0.4729870479
 H37            -2.6720704430            -3.0577545683            -0.2675179059
 H19            -2.8834334473             1.3275247102             0.9346131277
 H18            -0.6223584845             0.2876653271             2.7266782780
&

