&gen
basis=6-31G**
igeopt=1
dftname=PBE-D3
ifreq=1
&
entry_name: J1_9943_2111.in
&zmat
C1          5.3669570946        -0.2251092417        -8.8740163026
O2          4.2852681233        -0.7806026515        -8.1363132395
C3          3.6117783931        -0.0699626180        -7.1388318448
O4          3.9476436800         1.1115610998        -6.8514131681
C5          2.5015767678        -0.7329010628        -6.3837070362
C6          3.0326780026        -1.7673776948        -5.3789581684
C7          3.9006428664        -1.1624875709        -4.2639301521
C8          3.1041680853        -0.1883409479        -3.3906392253
O9          3.5792033581        -0.1754968067        -2.0618015172
C10         2.3240358343        -0.7831457747        -2.2778975462
C11         1.1428701184         0.0581456193        -1.7531419964
O12         1.4668728339         1.4200918156        -1.6333120782
P13         1.1217250374         1.6076429958         0.0428253302
C14         2.8605389015         2.0662036084         0.3477600226
C15         3.6285639155         1.4061031447         1.3265341582
C16         4.9685204377         1.7488571715         1.5272954669
C17         5.5607988964         2.7457420327         0.7498997266
C18         4.8136830977         3.4014906078        -0.2302746067
C19         3.4729085621         3.0632872834        -0.4333694703
C20         0.6368821793         1.7299009432         1.8194107432
C21         1.1114956312         2.7969776865         2.6181713079
C22         0.7217444578         2.9268984036         3.9532165575
C23        -0.1704353307         2.0151400690         4.5135173149
C24        -0.6870509269         0.9816849052         3.7340881279
C25        -0.3012621411         0.8459712496         2.3972631117
C26        -0.1162762733         2.8751696239        -0.3178730987
C27         0.1988635914         4.2413201003        -0.2220751746
C28        -0.7676612110         5.2100616178        -0.5079258862
C29        -2.0534954021         4.8244979139        -0.8940224840
C30        -2.3749419944         3.4688532535        -0.9938031090
C31        -1.4114762410         2.4970805048        -0.7080317368
C32         0.7535266584        -0.1438034750        -0.3077928394
C33         1.6078306074        -1.1042977700         0.4804048467
O34         1.0856464312        -1.9244979592         1.2175519331
H35         5.7345002552        -0.9758517208        -9.6032402731
H36         6.1963834552         0.0451930280        -8.1865973296
H37         5.0274011656         0.6769081997        -9.4258790319
H38         1.8789541317         0.0278697410        -5.8657830004
H39         1.8431820542        -1.2512658928        -7.1130832586
H40         2.1690069608        -2.2957658240        -4.9194299203
H41         3.6302772681        -2.5305992740        -5.9240237306
H42         4.3121456537        -1.9938031890        -3.6488877313
H43         4.7685665190        -0.6261650226        -4.7022398162
H44         2.8648091794         0.8344648863        -3.7516546481
H45         2.3441121351        -1.8874680534        -2.1570169703
H46         0.2654413334        -0.0608280048        -2.4258023119
H47         3.1892481118         0.6427335156         1.9535215577
H48         5.5476445455         1.2418978852         2.2882300284
H49         6.5989676140         3.0088939776         0.9058883461
H50         5.2750514151         4.1696121474        -0.8373434124
H51         2.9191635123         3.5713668300        -1.2118052010
H52         1.7834042172         3.5406740446         2.2131735451
H53         1.1064436738         3.7427621891         4.5514974791
H54        -0.4744316996         2.1190448119         5.5470700635
H55        -1.3993685569         0.2887072286         4.1632358243
H56        -0.7639944016         0.0554812895         1.8329754385
H57         1.1827377402         4.5633243946         0.0858222645
H58        -0.5199425598         6.2606292678        -0.4279115230
H59        -2.8006445090         5.5757767566        -1.1148122802
H60        -3.3714039754         3.1704677860        -1.2929208055
H61        -1.6800329094         1.4533488202        -0.7915508808
H62        -0.3273650706        -0.3854745684        -0.2437389454
H63         2.6890114930        -1.0784546107         0.4053034234
&

