&gen
basis=6-31G**
igeopt=1
dftname=PBE-D3
ifreq=1
&
entry_name: J1_10284_2111.in
&zmat
C1         -2.1927783221         0.1688212486        -0.2771297699
C2         -0.9915356473        -0.5540550116         0.3348668458
C3          0.4307367776        -0.1294982522        -0.1181440049
C4          0.6790653058        -0.0683271059        -1.6055204198
C5          1.7238824636        -1.0644685850        -2.1313980365
C6          1.1935948842        -2.4960124020        -2.1132263718
O7          1.1868361870         1.2455220116        -1.6187318625
P8          0.9565446928         1.6094680193         0.0513465974
C9          2.7407103237         1.9747167509         0.1667972557
C10         3.2273943989         3.2766091493        -0.0551798049
C11         4.6009328229         3.5373194053        -0.0363162410
C12         5.5091755642         2.4991180696         0.1723156601
C13         5.0454192746         1.1952687052         0.3467150296
C14         3.6733210108         0.9311450482         0.3273036550
C15         0.6193341196         1.7067776908         1.8730990886
C16        -0.6394190836         2.1327579860         2.3649779710
C17        -0.9133713688         2.1566799318         3.7346027631
C18         0.0442280889         1.7248771385         4.6478960568
C19         1.2705899652         1.2500510894         4.1907714552
C20         1.5504670015         1.2238253172         2.8215869334
C21        -0.0669000798         3.0741316067        -0.3841153403
C22        -0.9591898336         3.0443906142        -1.4761060593
C23        -1.7123754375         4.1716262380        -1.8162291808
C24        -1.5791853060         5.3514203504        -1.0842508432
C25        -0.6887895098         5.4078024861        -0.0124123089
C26         0.0659819716         4.2835928969         0.3319482225
H27        -2.1918818611         1.2398581327        -0.0214326342
H28        -2.2443816408         0.0357286515        -1.3748757686
H29        -3.1224825945        -0.2648931279         0.1475630439
H30        -1.1031423561        -1.6350422496         0.1027725322
H31        -1.0551536365        -0.4711649133         1.4397824168
H32         1.1684277286        -0.7794770910         0.3981762925
H33        -0.2368707055        -0.1170748381        -2.2261447954
H34         2.6598463341        -1.0116765679        -1.5396888230
H35         1.9754169010        -0.7938003482        -3.1794921301
H36         0.9843468584        -2.8205556031        -1.0722879397
H37         0.2625402801        -2.5707070130        -2.7144994862
H38         1.9533984990        -3.1784863723        -2.5487478154
H39         2.5639934922         4.0942772207        -0.2785565987
H40         4.9619455391         4.5444797756        -0.2004974267
H41         6.5721424357         2.7025744293         0.1835650857
H42         5.7495958979         0.3865683419         0.4938354238
H43         3.3454336077        -0.0873522415         0.4689786698
H44        -1.4277167707         2.4507643633         1.7024618170
H45        -1.8767900259         2.5022964934         4.0868781743
H46        -0.1712378578         1.7397753757         5.7084686893
H47         2.0039437222         0.8857645317         4.8988454271
H48         2.4919321149         0.7980587952         2.5312681438
H49        -1.0851187560         2.1523072925        -2.0707607313
H50        -2.3989212213         4.1301821386        -2.6519939460
H51        -2.1631269823         6.2230472549        -1.3501332725
H52        -0.5818001333         6.3243707337         0.5531914234
H53         0.7463433087         4.3566867395         1.1704820997
&

