&zmat
 C6              1.6281628790            -2.4987928444            -2.0495446759
 C5              1.8364552069            -0.9842507685            -2.1431110761
 C4              0.6305138678            -0.1835786153            -1.6335449443
 O7              0.8113455096             1.2250881674            -1.7794259299
 P8              0.8285895562             1.5983528023             0.0241441493
 C9              2.6501734794             1.8717607398             0.0149110166
 C10             3.1738457379             3.0668631382            -0.5123581229
 C11             4.5582561870             3.2684015654            -0.5727479434
 C12             5.4402689156             2.2791309501            -0.1174197553
 C13             4.9279835008             1.0827904261             0.4012974534
 C14             3.5428509626             0.8808844773             0.4699869864
 C15             0.5472461338             1.7134091898             1.9386785424
 C16            -0.7830671153             1.8352899891             2.4014695512
 C17            -1.0917408973             1.8479795060             3.7671487314
 C18            -0.0681193850             1.7478117407             4.7204098126
 C19             1.2580705650             1.6410424382             4.2858653735
 C20             1.5596252048             1.6234740292             2.9140342115
 C21            -0.0495521030             3.2103610327            -0.3109240774
 C22            -0.8279198684             3.3918183559            -1.4690243629
 C23            -1.4451487278             4.6250345253            -1.7208841755
 C24            -1.2660981582             5.6981489609            -0.8388776473
 C25            -0.4717717257             5.5331000950             0.3052469133
 C26             0.1185773849             4.2937164576             0.5776728139
 C3              0.3683962474            -0.2508286918            -0.1141512444
 C2             -1.0131733752            -0.7251099517             0.3555495890
 C1             -2.2151605473            -0.0528848089            -0.3203848117
 H36             1.4913077257            -2.8236473284            -1.0028534963
 H37             0.7315843074            -2.8154132188            -2.6108881201
 H38             2.4891170292            -3.0525322856            -2.4571879086
 H34             2.7362774931            -0.6788213204            -1.5807232848
 H35             2.0131625821            -0.6833472064            -3.1908487394
 H33            -0.2647113030            -0.5138403278            -2.2059371435
 H39             2.4955431173             3.8390638142            -0.8853689561
 H40             4.9488569240             4.2041731550            -0.9843225487
 H41             6.5215535574             2.4381246021            -0.1692091976
 H42             5.6063183959             0.3014581068             0.7575645221
 H43             3.1616186783            -0.0580633469             0.8833802494
 H44            -1.5988635325             1.9526401590             1.6798781987
 H45            -2.1342246384             1.9467920541             4.0872872324
 H46            -0.3025469049             1.7638878001             5.7891833338
 H47             2.0715136603             1.5808784265             5.0166518632
 H48             2.6084639041             1.5624037848             2.6110089583
 H49            -0.9140069076             2.5619981020            -2.1726104905
 H50            -2.0591132887             4.7486737870            -2.6184477284
 H51            -1.7394984531             6.6636757952            -1.0434174043
 H52            -0.3166620524             6.3696994009             0.9935226077
 H53             0.7204271639             4.1680158068             1.4818919643
 H32             1.1360796639            -0.8188649146             0.4475798858
 H30            -1.0631285193            -1.8169915181             0.1805413928
 H31            -1.0778169932            -0.5910549331             1.4494652418
 H27            -2.1982660779             1.0429282836            -0.1942726536
 H28            -2.2422811754            -0.2509489274            -1.4040993818
 H29            -3.1592158007            -0.4252234995             0.1089572607
&

