&gen
basis=6-31G**
igeopt=1
dftname=PBE-D3
ifreq=1
&
entry_name: J1_10121_2111.in
&zmat
C1          4.9762443771        -1.3347724993         1.9409292844
C2          3.6133716855        -1.0259484160         1.3962838889
C3          2.4691316098        -1.5208475565         2.0339512830
C4          1.2013716152        -1.2590820776         1.5093191808
C5          1.0485631551        -0.5050417145         0.3304684493
C6         -0.3662092611        -0.2038516647        -0.1489010911
C7         -0.5897088559        -0.1411736038        -1.6427251569
C8         -1.6179329157        -1.1378054522        -2.1359378392
C9         -1.3785565803        -2.5127166315        -1.9666465456
C10        -2.3046656198        -3.4545269449        -2.4242137245
C11        -3.4714289313        -3.0342865068        -3.0668803526
C12        -3.7103110564        -1.6716656584        -3.2599973970
C13        -2.7862712493        -0.7256968001        -2.8062470862
O14        -1.0763726692         1.1830794594        -1.6637242182
P15        -0.9257068215         1.5196115946         0.0186029666
C16        -2.7145889751         1.8453113470         0.0632139253
C17        -3.6271017150         0.7736059553         0.1063836435
C18        -5.0038516303         1.0105972812         0.0794945735
C19        -5.4871891107         2.3165975579        -0.0113217373
C20        -4.5933229532         3.3860840999        -0.0873678046
C21        -3.2149023721         3.1531747484        -0.0625955841
C22        -0.6490810222         1.5836433891         1.8477194541
C23        -1.6671423919         1.2794372324         2.7806732720
C24        -1.4067075917         1.2795228238         4.1542824407
C25        -0.1254632295         1.5555708004         4.6276862110
C26         0.9036364915         1.8215457601         3.7276737030
C27         0.6498940228         1.8258400620         2.3546420817
C28         0.1019148883         3.0099920269        -0.3132037737
C29        -0.0236457643         4.1654935613         0.4900093214
C30         0.7500369914         5.3016329811         0.2400522984
C31         1.6481414269         5.3158296838        -0.8261784210
C32         1.7634819172         4.1982279925        -1.6520764566
C33         0.9917407796         3.0589737788        -1.4062916613
C34         2.2073486710        -0.0333261173        -0.3172764399
C35         3.4753191594        -0.2973517727         0.2079819769
H36         5.6927875544        -0.5249756001         1.6862503727
H37         4.9437375933        -1.4282311323         3.0474069296
H38         5.3394226641        -2.2896841320         1.5070477154
H39         2.5567669480        -2.1038051301         2.9425023344
H40         0.3332034962        -1.6338792160         2.0374773425
H41        -1.0986212386        -0.8748082815         0.3505670541
H42         0.3306780872        -0.2201264384        -2.2554785454
H43        -0.4759533621        -2.8534351853        -1.4740521920
H44        -2.1165950782        -4.5108389911        -2.2818566212
H45        -4.1877435293        -3.7646684983        -3.4202114769
H46        -4.6113175660        -1.3476776459        -3.7646869776
H47        -2.9917092400         0.3234186549        -2.9749654219
H48        -3.2805023342        -0.2469512252         0.1732505199
H49        -5.6961667330         0.1799014233         0.1251175962
H50        -6.5537344820         2.4991200105        -0.0345947360
H51        -4.9686968201         4.3971639591        -0.1788927393
H52        -2.5540595432         3.9976107397        -0.1677090755
H53        -2.6664963836         1.0230834500         2.4769083597
H54        -2.2008550949         1.0523386058         4.8539337517
H55         0.0728484215         1.5489583656         5.6916504579
H56         1.9041144370         2.0146334650         4.0927113220
H57         1.4816007844         2.0050858202         1.6867713322
H58        -0.7161715835         4.1904745949         1.3210978733
H59         0.6499481173         6.1736159644         0.8733887502
H60         2.2454006753         6.1973349823        -1.0202156503
H61         2.4448972631         4.2176194844        -2.4928706223
H62         1.0798031078         2.2361498374        -2.0970014286
H63         2.1531004409         0.5311940054        -1.2295046483
H64         4.3510077123         0.0706027714        -0.3125859908
&

