&zmat
 C2             -0.9396455819            -1.6594618974             1.6104675558
 C1             -0.8676969132            -0.8230705978             0.5589152537
 C3              0.3934139493            -0.3198118003            -0.0477469067
 C4              0.4783689696            -0.1855752345            -1.5843140139
 C5              1.3564196673            -1.2174396992            -2.3468704153
 C6              2.8142337180            -1.1782734178            -1.8593539269
 C7              0.7631210384            -2.6218905960            -2.1405220129
 C8              1.2795778662            -0.7888449960            -3.8517012003
 C9              2.0700344298            -1.6357632732            -4.8219870875
 C10             3.4062243337            -1.3204245657            -5.1392890005
 C11             4.1532873866            -2.1229958595            -6.0114599270
 C12             3.5757283936            -3.2607358432            -6.5924344995
 C13             2.2435626245            -3.5820547286            -6.2973792782
 C14             1.5014515812            -2.7758720001            -5.4241518682
 O15             0.9658177298             1.1481070693            -1.6974146408
 P16             0.8373489078             1.5394755123             0.1048010015
 C17             2.6548468783             1.8408109070             0.2447540475
 C18             3.4092005261             1.3111221414             1.3072387648
 C19             4.7975410300             1.4985593188             1.3598469040
 C20             5.4450463060             2.2366291519             0.3612439588
 C21             4.7013262871             2.7667706922            -0.7039116338
 C22             3.3199183818             2.5547097503            -0.7716601929
 C23             0.3696879417             1.8313412916             1.9386624156
 C24             0.3111032739             3.3513105791             2.0906555410
 C25            -0.5318096168             3.8681282729             0.9019649575
 C26            -0.1112249082             3.0954943302            -0.3596109663
 H28            -0.0360562289            -2.0471983228             2.0936472462
 H29            -1.8983720243            -1.9867414559             2.0221182459
 H27            -1.7991229391            -0.4654629647             0.0969100094
 H30             1.2627239469            -0.8493790552             0.3846859629
 H31            -0.5507326379            -0.2662078518            -2.0127666023
 H32             3.2290578484            -0.1617828509            -1.9472768489
 H33             2.8997002125            -1.4864839403            -0.8033902741
 H34             3.4388921248            -1.8664845189            -2.4507771846
 H35             1.3228997561            -3.3754982166            -2.7176989528
 H36             0.7973100956            -2.9145849755            -1.0774680313
 H37            -0.2926823771            -2.6638992075            -2.4625871747
 H38             1.6158084960             0.2611563454            -3.8998905867
 H39             0.2135102202            -0.7952097545            -4.1477228408
 H40             3.8617042914            -0.4301085544            -4.6921928505
 H41             5.1898168451            -1.8563085484            -6.2416641875
 H42             4.1569694273            -3.8881649111            -7.2750288297
 H43             1.7779002696            -4.4621191391            -6.7525535097
 H44             0.4584713913            -3.0294153999            -5.2045414488
 H45             2.9197901924             0.7316709591             2.0952068466
 H46             5.3718999434             1.0662856956             2.1849235516
 H47             6.5275155517             2.3903567542             0.4059032711
 H48             5.2030363530             3.3329496370            -1.4946970704
 H49             2.7521762953             2.9134057529            -1.6343452954
 H50            -0.6315782861             1.3866584026             2.0914118901
 H51             1.0432717088             1.3415570034             2.6584277812
 H52            -0.1211853121             3.6713616403             3.0545126148
 H53             1.3330250622             3.7726270060             2.0397367710
 H54            -1.5989776364             3.6777766663             1.1141065386
 H55            -0.4223101802             4.9571362666             0.7665978472
 H56             0.5671485307             3.6598110633            -1.0206411322
 H57            -0.9499700145             2.7776908179            -0.9976875397
&

