&zmat
 C2             -0.0779724059             1.3298933603             3.9718462207
 C1              0.2544398311             0.8796137087             2.7322788489
 C3             -0.1829926195             1.4167386525             1.4635561774
 P4             -0.0145418111             0.5882701143            -0.0139580985
 C5             -0.2197511851             1.7841847198            -1.4268206721
 C6             -1.5582453550             2.4564651260            -1.3865423672
 C7             -1.7429282024             3.7522477145            -1.0805442670
 C8              1.6459852715            -0.1847773906            -0.1670779236
 C9              2.7386755326             0.5152658797             0.3822828649
 C10             4.0356198120             0.0056601802             0.2500012237
 C11             4.2519406844            -1.1990512465            -0.4349795131
 C12             3.1671181376            -1.8985121064            -0.9815218930
 C13             1.8656813948            -1.3982140554            -0.8459641141
 C14            -1.1874738893            -0.7967519738            -0.4303116557
 C15            -1.4946284935            -1.2268375098            -1.7375572554
 C16            -2.4077487635            -2.2709708803            -1.9413991680
 C17            -3.0120464767            -2.9004497017            -0.8439209892
 C18            -2.7126824960            -2.4758722482             0.4587569654
 C19            -1.8139751735            -1.4219594365             0.6647741319
 H21            -0.7733364412             2.1634495402             4.1133608680
 H22             0.3549589065             0.8842955359             4.8702478385
 H20             0.9558614403             0.0324406869             2.6787696557
 H23            -0.9077340360             2.2374194710             1.4355779190
 H24             0.6071850041             2.5050724190            -1.3301234386
 H25            -0.0674801625             1.2154522481            -2.3607462456
 H26            -2.4247495623             1.8148180016            -1.5910880905
 H27            -0.8994488086             4.4149581608            -0.8611836287
 H28            -2.7431542968             4.1916823265            -1.0406042288
 H29             2.5487272387             1.4472270593             0.9245750461
 H30             4.8795242867             0.5485287644             0.6863617821
 H31             5.2665799352            -1.5958236542            -0.5387904645
 H32             3.3327272717            -2.8439669874            -1.5071635043
 H33             1.0201866313            -1.9577243360            -1.2564041984
 H34            -1.0187591443            -0.7579207603            -2.6053138572
 H35            -2.6445059199            -2.5966532518            -2.9592271467
 H36            -3.7211330056            -3.7181979201            -1.0053425430
 H37            -3.1871853221            -2.9619467813             1.3167233652
 H38            -1.5980499892            -1.0599449581             1.6765791267
&

