&gen
basis=6-31G**
igeopt=1
dftname=PBE-D3
ifreq=1
&
entry_name: J1_9749_2111.in
&zmat
C1          0.1025573085         0.2759446806         2.6339755863
C2          0.0468376157         0.7381403497         3.8789871628
C3         -0.0175672920         1.1807402113         1.4818155628
P4          0.0925279600         0.6135602134        -0.0417202659
C5         -0.1552328280         1.9723279439        -1.2383191715
C6         -1.6112411621         2.3179491599        -1.3752315068
C7         -2.2495599100         3.0742577709        -0.4781067779
C8          1.7417056993        -0.0834571901        -0.2468668875
C9          2.8066016097         0.7280215945        -0.6679059937
C10         4.0935183334         0.1942425238        -0.7879710046
C11         4.3278370413        -1.1470942020        -0.4739404186
C12         3.2765128342        -1.9547097815        -0.0324721031
C13         1.9887706858        -1.4240666104         0.0887856961
C14        -1.1604127313        -0.6403234634        -0.3745872733
C15        -1.0099997482        -1.4985759296        -1.4741230219
C16        -1.9963796947        -2.4442481690        -1.7695563689
C17        -3.1468672047        -2.5255562007        -0.9805310466
C18        -3.3156320440        -1.6555136152         0.0999877217
C19        -2.3306120016        -0.7091060110         0.3984316645
H20         0.2318925296        -0.7876210323         2.4748618993
H21        -0.0853256940         1.7942071019         4.0799395762
H22         0.1338144385         0.0548223419         4.7136543375
H23        -0.1410177398         2.2433135481         1.6426151682
H24         0.4303892943         2.8655928132        -0.9334256687
H25         0.2195694424         1.6326463816        -2.2265546790
H26        -2.1549448641         1.9587810276        -2.2440487334
H27        -1.7343232230         3.4753033739         0.3877044019
H28        -3.3002807870         3.3071602269        -0.6158891408
H29         2.6468880172         1.7721568170        -0.9008041989
H30         4.9103903116         0.8221382866        -1.1195363444
H31         5.3247469574        -1.5583991803        -0.5656639506
H32         3.4602672727        -2.9908739026         0.2205462280
H33         1.1880765091        -2.0593510530         0.4446164468
H34        -0.1306426471        -1.4354425264        -2.1025674363
H35        -1.8715211254        -3.1100294139        -2.6136712680
H36        -3.9110852883        -3.2563118936        -1.2115350805
H37        -4.2130093802        -1.7100694297         0.7026150365
H38        -2.4872484951        -0.0305567620         1.2264918523
&

