&zmat
 C23             4.1733038131             0.1579686952            -2.6701811862
 C22             3.6075348281             0.0306010699            -1.2791735436
 C24             4.6154651183             0.0611288396            -0.1609599254
 C1              2.2636223269            -0.1260749306            -1.0802019910
 C2              1.5588220923            -0.3541566459             0.1606339482
 P3             -0.1266124704            -0.0776998047             0.3070209769
 C4             -0.7250720483            -0.7662969361             1.8933326198
 C5              0.0767525591            -1.6719199079             2.6130436863
 C6             -0.4064051371            -2.2574618139             3.7895377711
 C7             -1.7028782974            -1.9705757695             4.2422728019
 C8             -2.5164475666            -1.0919627323             3.5125395948
 C9             -2.0327110785            -0.4916290508             2.3436024106
 C10            -0.7853635132             1.6556944939             0.2485740611
 C11            -0.9105820733             2.4280920187             1.4230856542
 C12            -1.1928080569             3.7967095636             1.3475063140
 C13            -1.3346352384             4.4219971518             0.0996666287
 C14            -1.1850508120             3.6695987545            -1.0744126598
 C15            -0.9087445025             2.2996130298            -1.0025485326
 C16            -1.0480936759            -0.9282376567            -1.0407499579
 C17            -2.3748519463            -0.5795553427            -1.3607048993
 C18            -3.0891045187            -1.3256737601            -2.3063549890
 C19            -2.4846960510            -2.4207807819            -2.9401419240
 C20            -1.1666501280            -2.7755923606            -2.6184746853
 C21            -0.4532017379            -2.0416016319            -1.6628666788
 H42             4.7387751694             1.1027701559            -2.7971104542
 H43             3.3834176972             0.1333869449            -3.4392095702
 H44             4.8897379708            -0.6556513781            -2.9027550903
 H45             5.2977186686             0.9259908318            -0.2665238737
 H46             5.2603900222            -0.8400144791            -0.1633258422
 H47             4.1479293623             0.1294548849             0.8337384906
 H25             1.6418711055            -0.1182523229            -1.9885941935
 H26             2.0972422366            -0.2798105082             1.1109440682
 H27             1.0696490890            -1.9247980095             2.2299354931
 H28             0.2292099602            -2.9509022857             4.3484276639
 H29            -2.0826505821            -2.4394751688             5.1549368297
 H30            -3.5327054031            -0.8719352107             3.8534956164
 H31            -2.6693441004             0.2004823924             1.7838927147
 H32            -0.7913610254             1.9532293555             2.4020056229
 H33            -1.3036302003             4.3784079054             2.2680670424
 H34            -1.5539774841             5.4923914242             0.0426903155
 H35            -1.2870462563             4.1513279736            -2.0519301514
 H36            -0.7951651639             1.7212619600            -1.9253528567
 H37            -2.8443998858             0.2841394501            -0.8801822858
 H38            -4.1189740552            -1.0484565757            -2.5514055084
 H39            -3.0434722002            -3.0005915679            -3.6812968950
 H40            -0.6933046370            -3.6315146888            -3.1091085941
 H41             0.5689143123            -2.3173376506            -1.3853346493
&

