&gen
basis=6-31G**
igeopt=1
dftname=PBE-D3
ifreq=1
&
entry_name: J1_8549_2111.in
&zmat
C1          2.1070905217         0.2343116506        -1.0378513676
C2          1.4128700280        -0.2135393741         0.1857193325
P3         -0.2087997975        -0.0937004870         0.3062028046
C4         -0.7876063151        -0.7574278516         1.8790644426
C5         -0.1726002935        -1.8876467564         2.4414136021
C6         -0.6599933541        -2.4356963264         3.6319107214
C7         -1.7778504240        -1.8750502582         4.2550865282
C8         -2.4174938078        -0.7733281564         3.6813315031
C9         -1.9328117901        -0.2233125221         2.4908581401
C10        -0.6048851137         1.6596180403         0.1653137450
C11        -0.4249519805         2.5075074280         1.2689380421
C12        -0.6819156483         3.8769710783         1.1544023949
C13        -1.0982810562         4.4111596013        -0.0678806057
C14        -1.2484127992         3.5775521933        -1.1793686154
C15        -0.9928566340         2.2074760828        -1.0675975502
C16        -1.0392561534        -1.0574530797        -0.9700982718
C17        -2.4062921344        -0.8540678002        -1.2118768059
C18        -3.0744310421        -1.6221996047        -2.1699212657
C19        -2.3861937161        -2.6103004197        -2.8788512026
C20        -1.0308975274        -2.8366778206        -2.6241544831
C21        -0.3596613940        -2.0700025481        -1.6665839461
C22         3.4408100881         0.1839444317        -1.2021162438
C23         4.0233427674         0.6677976329        -2.5019554331
C24         4.3567478636        -0.3428045371        -0.1267794573
H25         1.4993128428         0.6188174530        -1.8501159342
H26         1.9716374482        -0.5805069766         1.0345382774
H27         0.6760972942        -2.3530807819         1.9578041168
H28        -0.1764607779        -3.3010622932         4.0664209605
H29        -2.1559732853        -2.3021239315         5.1748932741
H30        -3.2944556512        -0.3507201810         4.1543786009
H31        -2.4559217483         0.6134209000         2.0467509852
H32        -0.0853837577         2.1095302551         2.2167759333
H33        -0.5516901050         4.5250338582         2.0114000436
H34        -1.2942145337         5.4719003615        -0.1563975843
H35        -1.5554064454         3.9943124548        -2.1298865575
H36        -1.0907062167         1.5812800552        -1.9443472968
H37        -2.9539243435        -0.1004211139        -0.6600165239
H38        -4.1268556852        -1.4548308050        -2.3590491036
H39        -2.9047266200        -3.2059111041        -3.6189672948
H40        -0.5016434093        -3.6108983480        -3.1644557983
H41         0.6845643801        -2.2733368065        -1.4702859082
H42         3.7610624743         1.7360619475        -2.6561795844
H43         3.6137253597         0.0686957729        -3.3428269184
H44         5.1293253245         0.5765564344        -2.5175245785
H45         4.2561626000         0.2744097341         0.7908949346
H46         5.4198583309        -0.3120865896        -0.4437285752
H47         4.0999462371        -1.3981708923         0.1047185233
&

