&gen
basis=6-31G**
igeopt=1
dftname=PBE-D3
ifreq=1
&
entry_name: J1_2241_2111.in
&zmat
C1          3.3886212456        -1.7048103372        -0.7291709889
C2          2.6486146740        -0.3624601111        -0.7858252697
C3          2.8792361138         0.4251666083         0.5235473725
O4          4.2246242597         0.8051298808         0.6385903062
C5          1.1961752844        -0.6184316029        -1.1649001342
P6         -0.1293777056        -0.1312609129        -0.3246012863
C7         -1.6034084762        -0.7837288040        -1.1344192167
C8         -2.6687208393        -1.2975186817        -0.3767267241
C9         -3.8280296606        -1.7546484502        -1.0107947812
C10        -3.9411258232        -1.6824479227        -2.4014775617
C11        -2.8989804122        -1.1425997606        -3.1593252545
C12        -1.7382259723        -0.6848817408        -2.5286116318
C13        -0.0213830314        -0.8012223909         1.3476704224
C14         0.0674604241         0.0417307076         2.4675610756
C15         0.1710644995        -0.5032048178         3.7510116985
C16         0.1938741442        -1.8895361696         3.9244314464
C17         0.1192064630        -2.7335066292         2.8134937549
C18         0.0163698178        -2.1921634681         1.5289675876
C19        -0.3471479347         1.6595239782        -0.3652690866
C20        -1.3930219482         2.2455075231         0.3643867941
C21        -1.6088671018         3.6253256688         0.3047308403
C22        -0.7964118664         4.4263842969        -0.5016027737
C23         0.2257387805         3.8463974059        -1.2573299839
C24         0.4436843262         2.4664680730        -1.2001445955
H25         3.2942419364        -2.2392895464        -1.6989096521
H26         2.9679323535        -2.3467737807         0.0749782692
H27         4.4704401737        -1.5462088023        -0.5338162965
H28         3.0890852724         0.2292172794        -1.6177608645
H29         2.6296697020        -0.2116898589         1.3964711422
H30         2.2396240870         1.3314814956         0.5682129164
H31         4.3592644132         1.5689044061         0.0185503806
H32         1.0298542687        -1.1906080505        -2.0718752743
H33        -2.6127035138        -1.3393035191         0.7025182841
H34        -4.6425562251        -2.1574970662        -0.4228078832
H35        -4.8404319976        -2.0339212953        -2.8904856627
H36        -2.9936754134        -1.0713993135        -4.2351512634
H37        -0.9503998563        -0.2468188608        -3.1279239818
H38         0.0804061594         1.1162027605         2.3554103406
H39         0.2409301279         0.1498996018         4.6112359975
H40         0.2757102069        -2.3093990601         4.9186072787
H41         0.1435432253        -3.8071993392         2.9473610921
H42        -0.0351747030        -2.8562015660         0.6751487513
H43        -2.0417249936         1.6336281910         0.9787004964
H44        -2.4102634930         4.0724998133         0.8784661940
H45        -0.9655081042         5.4943510309        -0.5489998921
H46         0.8450030365         4.4653927760        -1.8935663904
H47         1.2267640759         2.0355203617        -1.8085559919
&

