&zmat
 C2             -1.0547869385             1.8938258960             2.4442314054
 C1             -1.9514014916             1.8531249199             1.4174686506
 C3             -1.9295400526             1.0998283881             0.1888583468
 P4             -0.7300848517            -0.0660429541            -0.1807916991
 C5              0.9496080981             0.4329065999            -0.7924519742
 C6              1.1723334104             0.6083902804            -2.1741500985
 C7              2.3853622208             1.1272647173            -2.6412125423
 C8              3.3900130063             1.4938701519            -1.7330710264
 C9              3.1735255396             1.3391139975            -0.3566230836
 C10             1.9628661477             0.8132939468             0.1114890635
 C11            -1.3881637257            -1.3083173740            -1.3823552407
 C12            -1.8764334923            -2.4476894146            -0.4592676291
 C13            -0.8008698786            -2.6379514001             0.6262926840
 C14            -0.4591248034            -1.2501733663             1.2254131509
 H16            -1.2729275587             2.4433971550             3.3620914475
 H17            -0.0798894051             1.3963703946             2.3983937947
 H15            -2.8665937751             2.4510068236             1.5460685713
 H18            -2.5493355780             1.4138589736            -0.6561286736
 H19             0.3900222553             0.3420921111            -2.8936135206
 H20             2.5480346474             1.2461905844            -3.7169861449
 H21             4.3368016346             1.9031843538            -2.0977171373
 H22             3.9515729532             1.6274165726             0.3569528150
 H23             1.8070639180             0.7045354404             1.1895480658
 H24            -2.1862947838            -0.8705583843            -2.0006799542
 H25            -0.5731829283            -1.6567695168            -2.0393886551
 H26            -2.0568184533            -3.3745712815            -1.0291596245
 H27            -2.8311704383            -2.1493874489             0.0079251280
 H28             0.1061860601            -3.0697692057             0.1651396568
 H29            -1.1281520395            -3.3389116182             1.4120578748
 H30             0.5606441601            -1.2117455644             1.6359366870
 H31            -1.1628279312            -0.9407833048             2.0149319797
&

