&zmat
 C2             -2.3530729290            -2.0770466439             1.0889606759
 C1             -2.5469179049            -0.8893127902             0.4855164974
 C3             -1.4563434082            -0.0481945097            -0.1028324954
 C4             -1.5950209597             0.3533201158            -1.6017350952
 C5             -2.1915613774            -0.5954985750            -2.6723436086
 C6             -2.0305881136             0.1335409129            -4.0231541193
 C7             -3.6892038430            -0.8728512697            -2.4461880584
 C8             -1.3450905728            -1.9057635466            -2.6368075587
 C9             -1.7393782462            -2.9479909004            -3.6567345104
 C10            -2.7223364422            -3.9102436839            -3.3545363184
 C11            -3.1299755313            -4.8506561111            -4.3085399662
 C12            -2.5552143990            -4.8500271964            -5.5870302533
 C13            -1.5666410493            -3.9069527763            -5.8991372825
 C14            -1.1631299417            -2.9678729008            -4.9412155497
 O15            -2.3532449576             1.5388523967            -1.4383465231
 P16            -1.6867848967             1.8097522853             0.2937551078
 C17            -3.2902134756             2.6362637038             0.7512116736
 C18            -4.1054261759             3.1926249748            -0.2605363286
 C19            -5.2950463997             3.8512669954             0.0689646740
 C20            -5.7151060235             3.9296014481             1.4043377770
 C21            -4.9355824797             3.3449801440             2.4096166040
 C22            -3.7267238817             2.7126463619             2.0892510879
 C23            -0.9283912062             1.8653612894             2.0511541915
 C24            -0.7351979070             0.7248654967             2.8523654350
 C25            -0.1663297841             0.8267362076             4.1329944350
 C26             0.2160616614             2.0740538547             4.6380824603
 C27             0.0229410934             3.2239072019             3.8567567237
 C28            -0.5405592616             3.1165489629             2.5813945295
 C29            -0.3696367882             2.8831592033            -0.4434327952
 C30             0.9850196320             2.5891555277            -0.2030664549
 C31             1.9917516087             3.3368833917            -0.8290364453
 C32             1.6526301819             4.4071664261            -1.6665137291
 C33             0.3027991731             4.7129454000            -1.8964112503
 C34            -0.7048400134             3.9401866980            -1.3083293336
 H36            -1.3520256119            -2.5107855136             1.1938996198
 H37            -3.1874627812            -2.6561977675             1.4939339803
 H35            -3.5650573634            -0.4912966547             0.3993063309
 H38            -0.4630030442            -0.4350571633             0.1870754111
 H39            -0.5567670124             0.5854451989            -1.9496535874
 H40            -0.9689056678             0.3481730203            -4.2389500103
 H41            -2.5685109042             1.0942771666            -3.9924392104
 H42            -2.4324969811            -0.4726753348            -4.8502318609
 H43            -3.8640639926            -1.5506013764            -1.5970080919
 H44            -4.1327626708            -1.3418650622            -3.3391163763
 H45            -4.2117936310             0.0766270331            -2.2484576444
 H46            -0.2827067576            -1.6308608712            -2.7790938747
 H47            -1.4335775760            -2.3407434337            -1.6257975326
 H48            -3.1703754803            -3.9162940237            -2.3548625754
 H49            -3.8969214703            -5.5885304966            -4.0520560706
 H50            -2.8721526364            -5.5841733851            -6.3341983415
 H51            -1.1056959547            -3.9035376087            -6.8920618925
 H52            -0.3885122192            -2.2340611274            -5.1893442657
 H53            -3.8103840937             3.0778186482            -1.3044777095
 H54            -5.9045477742             4.2924374944            -0.7257468990
 H55            -6.6518827582             4.4355142565             1.6582817021
 H56            -5.2623999965             3.3844546206             3.4531723101
 H57            -3.1239946819             2.2762881340             2.8879764254
 H58            -1.0495668870            -0.2574738967             2.4934099316
 H59            -0.0254570501            -0.0763077678             4.7359068467
 H60             0.6612915473             2.1534708865             5.6348686872
 H61             0.3162142599             4.2057811447             4.2423040042
 H62            -0.6789034256             4.0221939432             1.9805392547
 H63             1.2535711234             1.7811733075             0.4843975278
 H64             3.0424055427             3.0874957760            -0.6517694764
 H65             2.4384531642             5.0017428943            -2.1424791139
 H66             0.0328003681             5.5487921779            -2.5492025068
 H67            -1.7543609109             4.1531989122            -1.5231995983
&

