&gen
basis=6-31G**
igeopt=1
dftname=PBE-D3
ifreq=1
&
entry_name: J1_9979_2111.in
&zmat
C1         -1.8228723671        -0.8846259539         0.5312963304
C2         -1.3681464387        -2.0167816277         1.0753197088
C3         -0.9030174642         0.0576567594        -0.2048198804
C4         -1.1150628702         0.2479084008        -1.6954402532
C5         -2.0757549938        -0.6376264871        -2.5689433085
C6         -2.0345892979        -0.0505423402        -4.0035734146
C7         -3.5482724061        -0.5918133593        -2.0867774038
C8         -1.5355669411        -2.1017765426        -2.5947569558
C9         -2.3095523305        -3.0423997193        -3.4927631644
C10        -3.4223078479        -3.7456613673        -2.9987854667
C11        -4.1383479159        -4.6097294354        -3.8327166181
C12        -3.7473186334        -4.7840117651        -5.1626819864
C13        -2.6368255540        -4.0974166599        -5.6601019876
C14        -1.9176701439        -3.2325725200        -4.8296923808
O15        -1.5506953597         1.5797227924        -1.6137660129
P16        -1.3154330662         1.8167363344         0.0763446718
C17        -3.0693518154         2.2994195029         0.2676127266
C18        -3.6478279290         3.2152166852        -0.6320295608
C19        -4.9936196166         3.5739852551        -0.5174397606
C20        -5.7818446390         3.0233134811         0.4938883323
C21        -5.2252405286         2.1125386983         1.3927592822
C22        -3.8803753246         1.7493787863         1.2816306265
C23        -0.9474894094         2.0040450921         1.8763784572
C24        -0.1625537442         1.0710389882         2.5906488186
C25         0.1240007685         1.2628998648         3.9455408846
C26        -0.3442874416         2.3946738699         4.6105860898
C27        -1.0920898692         3.3454551833         3.9194093813
C28        -1.3824943183         3.1601474693         2.5659513807
C29        -0.0523397292         3.0720341467        -0.2468436336
C30         1.2862051005         2.6881017987        -0.4331701562
C31         2.2677278213         3.6493446337        -0.6915115738
C32         1.9221241589         5.0004175222        -0.7674315699
C33         0.5940690368         5.3920080635        -0.5840805281
C34        -0.3906123739         4.4337339452        -0.3263832761
H35        -2.8703171453        -0.6515267433         0.6467995278
H36        -0.3229789137        -2.2986441352         0.9931166751
H37        -2.0483305811        -2.6747303543         1.6060840317
H38         0.1684584442        -0.1597384577        -0.0112239726
H39        -0.1120870691         0.2519627583        -2.1827981452
H40        -1.0078738001        -0.1074770629        -4.4255742746
H41        -2.3520271348         1.0145344728        -4.0032896616
H42        -2.7196382034        -0.5935216115        -4.6881338975
H43        -3.7343311237        -1.2923521563        -1.2526547930
H44        -4.2395654789        -0.9061295590        -2.8980073092
H45        -3.8434203215         0.4324576123        -1.7813464542
H46        -0.4696094079        -2.0955925093        -2.9141847025
H47        -1.5334166387        -2.5267712734        -1.5727267618
H48        -3.7332129906        -3.6289205801        -1.9684828252
H49        -4.9956292222        -5.1460773335        -3.4469110579
H50        -4.3027713631        -5.4533932880        -5.8067520706
H51        -2.3326790892        -4.2355876940        -6.6895864494
H52        -1.0589038095        -2.7076928725        -5.2293605172
H53        -3.0640363031         3.6445881242        -1.4353504332
H54        -5.4266772308         4.2771881775        -1.2170120606
H55        -6.8238764989         3.3024888969         0.5811371734
H56        -5.8358702444         1.6888171321         2.1795483586
H57        -3.4736881414         1.0568479435         2.0055151546
H58         0.2520904245         0.1939770081         2.1273822752
H59         0.7199536236         0.5337549993         4.4794190026
H60        -0.1177987126         2.5402843238         5.6588905821
H61        -1.4439490901         4.2318923084         4.4312167971
H62        -1.9527207397         3.9260806047         2.0586703511
H63         1.5758209471         1.6485125148        -0.3766320522
H64         3.2971434089         3.3462877231        -0.8325847537
H65         2.6832474925         5.7436712807        -0.9665826769
H66         0.3273452516         6.4395172493        -0.6392423574
H67        -1.4076946712         4.7628106806        -0.1749108306
&

