&gen
basis=6-31G**
igeopt=1
dftname=PBE-D3
ifreq=1
&
entry_name: J1_9807_2111.in
&zmat
C1         -4.4285878362         0.0970259508        -1.6695181511
C2         -3.3444520274         0.1359631275        -2.7469126085
C3         -1.9903115452        -0.3859847890        -2.2437173639
C4         -1.2892568132         0.6115686809        -1.3122079316
P5          0.2918807671        -0.0583179790        -0.6854642684
C6          0.0813315749        -1.4841182483         0.0875898482
C7         -0.5604289109        -1.5697103240         1.4073010900
C8         -1.9276883711        -1.2924166883         1.5723049708
C9         -2.5129327385        -1.3738472539         2.8394827289
C10        -1.7424419232        -1.7453518708         3.9446658713
C11        -0.3873979696        -2.0464673211         3.7823875632
C12         0.2011223217        -1.9672803311         2.5164929378
C13         1.1062590913         1.1632581853         0.4101922433
C14         0.1266443778         1.8285596707         1.3828549924
C15         0.8635749795         2.7715959069         2.3397579176
C16        -0.1058536780         3.4345588394         3.3140139776
C17         1.3856198315        -0.3346347491        -2.1250821295
C18         2.8170085936        -0.6753611444        -1.6952936279
C19         3.6977069317        -0.9695433770        -2.9145760190
C20         5.1270081045        -1.3006445022        -2.4951926310
H21        -5.4042485280         0.3782989878        -2.1187494226
H22        -4.2044468335         0.8164486058        -0.8554710581
H23        -4.5182723204        -0.9253483803        -1.2446048734
H24        -3.6749072832        -0.5045593744        -3.5932407197
H25        -3.2374094935         1.1731288853        -3.1326782951
H26        -2.1324750913        -1.3619455583        -1.7312489963
H27        -1.3431356899        -0.5627087831        -3.1290523397
H28        -1.0776444183         1.5518044920        -1.8642190622
H29        -1.9374600617         0.8590371986        -0.4502083564
H30         0.6611763332        -2.3350029809        -0.2439146956
H31        -2.5465178681        -1.0330352077         0.7257951711
H32        -3.5656672934        -1.1552156089         2.9634906863
H33        -2.1970495579        -1.8077799573         4.9248720683
H34         0.2070814832        -2.3409902389         4.6375069245
H35         1.2535650037        -2.1980033955         2.4037815348
H36         1.5703277479         1.9469812182        -0.2258332463
H37         1.9113170666         0.6469399146         0.9757225470
H38        -0.4016298462         1.0575580148         1.9784302176
H39        -0.6238144399         2.4129040578         0.8083984897
H40         1.3875659918         3.5616153424         1.7586763845
H41         1.6204170224         2.2002621505         2.9205024836
H42        -0.6242028677         2.6654160226         3.9256518531
H43        -0.8604830004         4.0329242185         2.7603419425
H44         0.4543977836         4.1105302178         3.9937704370
H45         0.9702131216        -1.1654975050        -2.7338778954
H46         1.3937014677         0.5880649154        -2.7436137834
H47         2.8079712652        -1.5647133580        -1.0290920664
H48         3.2496737592         0.1815722437        -1.1355292161
H49         3.7160587866        -0.0836822099        -3.5863861839
H50         3.2803985646        -1.8315630692        -3.4795071508
H51         5.5774600139        -0.4439935579        -1.9499072423
H52         5.1391090561        -2.1989684852        -1.8417646092
H53         5.7401253659        -1.5093305985        -3.3971209372
&

