&gen
basis=6-31G**
igeopt=1
dftname=PBE-D3
ifreq=1
&
entry_name: J1_10203_2111.in
&zmat
C1          2.7841552096        -2.6276867656        -0.8875608389
C2          1.7950494251        -2.3573913829         0.2350779450
O3          0.6709989261        -1.6507643437        -0.2790131434
C4         -0.2831559190        -1.0416778926         0.5441763815
O5         -0.2150812750        -1.1977275855         1.7946263656
C6         -1.4223326517        -0.2273356915        -0.0499476756
C7         -2.7749023345        -0.7515138593         0.4815584030
C8         -1.3290324301        -0.0432481794        -1.5702269092
C9         -2.4209054845        -0.6461994865        -2.5089211657
C10        -2.2875982500        -0.0129051742        -3.9094025778
C11        -2.4046568011        -2.2218962939        -2.5724934691
O12        -1.7810915363        -2.7120875238        -3.7560056703
C13        -0.3813609793        -2.8823333901        -3.6015340395
C14        -0.0353708423        -4.3248681136        -3.3446334928
C15         0.0052607399        -4.8251059181        -2.0316026615
C16         0.3852578048        -6.1490661903        -1.7920037942
C17         0.7004153228        -6.9914823417        -2.8614259876
C18         0.6448560930        -6.5078657593        -4.1711950400
C19         0.2872318158        -5.1778734347        -4.4128897265
C20        -3.8493219977        -2.8143106432        -2.4807256665
C21        -4.7900820541        -2.3263057269        -3.5972564173
C22        -3.8425749184        -4.3581111324        -2.4148061950
O23        -3.6251663851        -4.9181768244        -3.7059679813
C24        -4.4447011329        -6.0517880657        -4.0252897918
C25        -5.9077969901        -5.5649098793        -4.1883505141
C26        -6.2898176863        -4.8841280319        -5.3683868428
C27        -7.5823492805        -4.3764714323        -5.5217194527
C28        -8.5125750692        -4.5066397280        -4.4920112236
C29        -8.1470192230        -5.1304188699        -3.3002127898
C30        -6.8559777270        -5.6409043341        -3.1403285556
C31        -3.9587233275        -6.6245836909        -5.3689430096
C32        -2.7655621594        -6.1735134202        -5.9748309073
C33        -2.3186678575        -6.7276093511        -7.1772246566
C34        -3.0531295807        -7.7363151526        -7.8004918538
C35        -4.2392254550        -8.1910693875        -7.2244157703
C36        -4.6900929392        -7.6432271752        -6.0205760164
C37        -4.2324367649        -7.2016432955        -3.0157701716
C38        -5.1967592406        -8.2165796529        -2.8151346924
C39        -4.9359972458        -9.2952890879        -1.9650198743
C40        -3.6950361235        -9.4105877759        -1.3389041077
C41        -2.7040189492        -8.4604803781        -1.5819883702
C42        -2.9628119105        -7.3810126046        -2.4298140267
O43        -1.3868857283         1.3638904848        -1.5513826764
P44        -1.2369166908         1.6014571252         0.1464465896
C45        -2.6752617454         2.7495930073         0.1774657665
C46        -2.6497205872         3.9198954860         0.9691034696
C47        -3.7381415125         4.7955554627         0.9919268081
C48        -4.8671402708         4.5282706547         0.2187729607
C49        -4.9057966100         3.3878475493        -0.5828326468
C50        -3.8193389299         2.5087952415        -0.6080846113
C51        -1.0750428339         1.6125666165         1.9947403687
C52         0.1778234072         1.6878733235         2.6489337591
C53         0.2640061358         1.6727633509         4.0440809365
C54        -0.8890308001         1.5704351437         4.8190935853
C55        -2.1331345978         1.4749058894         4.2007532563
C56        -2.2268980137         1.4888080152         2.8074374999
C57         0.3450857169         2.4430133253        -0.2128137325
C58         0.3821934165         3.8332140197        -0.4325434134
C59         1.5807999546         4.4724942459        -0.7631518274
C60         2.7534347691         3.7314438081        -0.9092825232
C61         2.7250791741         2.3473800793        -0.7408614644
C62         1.5283026203         1.7059307560        -0.4110623013
H63         3.1279956543        -1.6670586036        -1.3265320352
H64         2.3091617673        -3.2379960383        -1.6820500491
H65         3.6623663213        -3.1775196665        -0.4887976022
H66         1.4599606497        -3.3180935893         0.6815376055
H67         2.3007428903        -1.7478216141         1.0157515816
H68        -3.6349282930        -0.1458676847         0.1427517539
H69        -2.7857562711        -0.7660858415         1.5880791678
H70        -2.9276713673        -1.8035250384         0.1802205736
H71        -0.3277535265        -0.2992870492        -1.9652435985
H72        -3.4026111728        -0.3198442754        -2.1204455271
H73        -2.9970062589        -0.4675410901        -4.6291405555
H74        -2.5100531639         1.0743909747        -3.8629905037
H75        -1.2574916332        -0.1439398633        -4.3039323157
H76        -1.8807140438        -2.6006160649        -1.6670041086
H77         0.1064162298        -2.5502443072        -4.5424718132
H78         0.0682985714        -2.2522668266        -2.8106084006
H79        -0.2338386356        -4.1883785181        -1.1909495821
H80         0.4240368874        -6.5251034242        -0.7779383274
H81         0.9821263936        -8.0196869370        -2.6753579078
H82         0.8860402578        -7.1614063735        -4.9994706820
H83         0.2663354218        -4.8128039682        -5.4322888434
H84        -4.2949558740        -2.4647972534        -1.5245091447
H85        -4.9557192034        -1.2323575838        -3.5355328832
H86        -5.7878608324        -2.7969952007        -3.4812867243
H87        -4.3836305205        -2.5770344287        -4.5998652142
H88        -4.7836047946        -4.6891227853        -1.9357404965
H89        -3.0289783136        -4.6844010299        -1.7340737024
H90        -5.5825560731        -4.7305840296        -6.1731537945
H91        -7.8582555420        -3.8690570892        -6.4370722683
H92        -9.5117322651        -4.1079192837        -4.6107461638
H93        -8.8620085776        -5.2077671473        -2.4912783314
H94        -6.6040497433        -6.0792790162        -2.1849790054
H95        -2.1774983012        -5.3855240835        -5.5315639422
H96        -1.4009110871        -6.3713214532        -7.6272413898
H97        -2.7052880785        -8.1626520904        -8.7325092259
H98        -4.8120539261        -8.9694989848        -7.7116667133
H99        -5.6186832286        -8.0082017047        -5.6047369246
H100        -6.1515716927        -8.1897980880        -3.3206365264
H101        -5.6928799971       -10.0523874818        -1.8053726996
H102        -3.4927540195       -10.2501459092        -0.6865115026
H103        -1.7273946235        -8.5690979915        -1.1280385685
H104        -2.1625425031        -6.6923274087        -2.6479501871
H105        -1.7886421307         4.1560639542         1.5806560654
H106        -3.7046190808         5.6834134246         1.6100298155
H107        -5.7094004896         5.2077702777         0.2360143425
H108        -5.7777582912         3.1861113136        -1.1916364263
H109        -3.8804519432         1.6546703232        -1.2570967903
H110         1.1063777151         1.7379742296         2.1097017908
H111         1.2317110732         1.7326789233         4.5255147382
H112        -0.8175269898         1.5573052729         5.8989743601
H113        -3.0290813776         1.3870266944         4.8016614721
H114        -3.2114659681         1.4076069013         2.3670968995
H115        -0.5104757747         4.4331859417        -0.3846574289
H116         1.5963540847         5.5431675549        -0.9214274444
H117         3.6798709273         4.2274287010        -1.1683528640
H118         3.6305466752         1.7685685037        -0.8704072390
H119         1.5429230599         0.6399494857        -0.2937138015
&

