&zmat
 C9              4.7892166338             0.1631044895            -0.2461766578
 O8              3.5251730614            -0.2936971605             0.2849168552
 C7              2.5003175916             0.5817258521             0.1117563838
 O10             2.6173424773             1.6694525667            -0.4344065468
 C6              1.2103350005             0.0414178737             0.7085998000
 C5              0.0400640747             0.3277776149            -0.2315514374
 O11             0.1851110412            -0.5235569611            -1.3662590559
 C4             -1.3568726219             0.1195842193             0.3873766307
 O12            -2.3481101122             0.3778395106            -0.6256483078
 C13            -2.6940281675             1.7562807539            -0.7634632937
 C2             -1.6286615428            -1.3234117325             0.8531567925
 O3             -0.9244891129            -1.6486214571             2.0564101831
 C1             -3.1274426600            -1.5213199869             1.0983642836
 O14            -3.8322415645            -2.3483701742             0.5533209172
 H22             5.5055315898            -0.6407194803            -0.0326973798
 H23             4.7110577414             0.3376249806            -1.3305868457
 H24             5.0996184556             1.1018413066             0.2391111078
 H20             1.2905323122            -1.0331354277             0.9221481694
 H21             1.0490468597             0.5607760548             1.6702749292
 H19             0.1210530856             1.3953985243            -0.5332085472
 H25            -0.6257518022            -0.3753085717            -1.8947691319
 H18            -1.5030054386             0.8109494415             1.2490054703
 H26            -3.4584958184             1.8093197577            -1.5523801205
 H27            -3.1173953442             2.1592768372             0.1777738238
 H28            -1.8311708976             2.3831415473            -1.0587054830
 H16            -1.2892621776            -2.0326969828             0.0827572815
 H17            -1.2291304018            -1.0260714151             2.7462399559
 H15            -3.5279546075            -0.8483505073             1.9163973269
&

