&gen
basis=6-31G**
igeopt=1
dftname=PBE-D3
ifreq=1
&
entry_name: J1_10299_2111.in
&zmat
C1         -2.6764742101         1.7545177828        -0.1182797750
P2         -0.8685507544         1.4435575116        -0.1335893994
C3         -0.6696626609         1.5486919872         1.6966311375
C4          0.5178613229         2.0553048408         2.2742508637
C5          0.7005578443         2.0511050057         3.6593807289
C6         -0.2763184113         1.5095447629         4.4934199644
C7         -1.4280810335         0.9499401532         3.9420617337
C8         -1.6161954645         0.9501809979         2.5572713368
C9          0.0409608457         2.9849026138        -0.4763840593
C10         1.1200137991         3.0222016731        -1.3771914382
C11         1.7912562959         4.2215878444        -1.6329077494
C12         1.3801197498         5.4016168772        -1.0106888711
C13         0.2859457147         5.3869923051        -0.1442604152
C14        -0.3882345056         4.1899461978         0.1123220718
O15        -0.9210749378         1.0678249575        -1.8147475619
C16        -0.3952356631        -0.2378547375        -1.7344584499
C17        -1.3534733312        -1.2844612892        -2.2618955896
C18        -0.9229778401        -2.6172619430        -2.3391459848
C19        -1.7837683049        -3.6170913284        -2.7997027485
C20        -3.0964608115        -3.3040137695        -3.1907146837
N21        -3.9812640413        -4.3360770068        -3.6637930148
O22        -5.1490970215        -4.0638272008        -4.0118195178
O23        -3.5543518745        -5.6421226029        -3.7406816911
C24        -3.5290531814        -1.9682714951        -3.1102792130
C25        -2.6677673890        -0.9684422823        -2.6496246901
C26        -0.2691803451        -0.2685903278        -0.2305527104
C27         1.1072849385        -0.5273171474         0.3745929326
C28         2.3195293669        -0.1376510173        -0.2327072879
C29         3.5410789910        -0.3586301871         0.4107845377
C30         3.5750531948        -0.9699998555         1.6642501955
C31         2.3868401067        -1.3688048861         2.2755639529
C32         1.1637172461        -1.1527346937         1.6361496371
H33        -3.2237727718         0.7922386114        -0.0443767649
H34        -2.9719549818         2.4243485217         0.7155221318
H35        -2.9797015721         2.2578983270        -1.0599410667
H36         1.3268796743         2.4265362938         1.6609567012
H37         1.6115403182         2.4515977561         4.0850649191
H38        -0.1293581174         1.5009236656         5.5656572347
H39        -2.1697840534         0.4976732791         4.5877101046
H40        -2.4931246715         0.4551047372         2.1660453024
H41         1.4225845634         2.1421699004        -1.9168694162
H42         2.6226290542         4.2382531883        -2.3257893506
H43         1.8997436209         6.3295383634        -1.2115800956
H44        -0.0426316355         6.3042939369         0.3269296519
H45        -1.2365043139         4.2020954775         0.7840448115
H46         0.5624630020        -0.2917160265        -2.2883511869
H47         0.0829942086        -2.8826261276        -2.0369471553
H48        -1.4215697957        -4.6358011118        -2.8474295578
H49        -4.5349952292        -1.6958741614        -3.4028853826
H50        -3.0345981234         0.0479449886        -2.6000639232
H51        -1.0341718738        -0.9382208868         0.2252432133
H52         2.3483253385         0.3225365899        -1.2025780390
H53         4.4645901419        -0.0552125234        -0.0654044015
H54         4.5223428946        -1.1370248287         2.1603590152
H55         2.4119488695        -1.8422888762         3.2484922415
H56         0.2542934907        -1.4601981493         2.1375531355
&

