&gen
basis=6-31G**
igeopt=1
dftname=PBE-D3
ifreq=1
&
entry_name: J1_10012_2111.in
&zmat
C1          0.9908704660        -2.7863653177         3.2211098633
C2          2.1322962730        -1.8882543085         2.7614535328
O3          1.6507265466        -0.8938845810         1.8617538723
C4          1.3656882500        -1.1355907256         0.5142525188
O5          1.5288837979        -2.2932086938         0.0421892013
C6          0.6689251729        -0.0801696216        -0.3191948500
C7          1.1055724636         0.1147315746        -1.7617361565
C8          2.3610521970        -0.6455277537        -2.2626809432
O9          3.4787904162        -0.3858222004        -1.4494304149
C10         4.6196934523        -0.6501782878        -2.2341509686
O11         5.5618335206         0.3596522117        -2.0472114167
C12         5.9625319832         0.7597105693        -3.3387503181
C13         6.0647995754         2.2868509565        -3.3689330206
C14         7.3302698139         0.1419844312        -3.6614895957
O15         5.0223646660         0.3467616053        -4.3065972178
C16         4.2528205183        -0.6419120698        -3.6893349542
C17         2.7652827523        -0.3310528953        -3.7057136360
O18         2.4975934945         1.0016327921        -4.0793724466
O19         1.3680429973         1.4902240509        -1.6489802092
P20         1.0697390390         1.6740497728         0.0341551936
C21         2.8030504063         2.2152430921         0.1961135881
C22         3.7519236023         1.4646387559         0.9140933423
C23         5.0851142453         1.8796539950         0.9787885784
C24         5.4902478317         3.0418732074         0.3210805551
C25         4.5627314283         3.7894685480        -0.4054866822
C26         3.2297255901         3.3760087886        -0.4749267759
C27         0.6358496063         1.7492649923         1.8256559982
C28        -0.5220376553         1.0898489556         2.2945528225
C29        -0.8836891298         1.1409129479         3.6430070607
C30        -0.1220832097         1.8812017228         4.5449569853
C31         0.9893674580         2.5915867521         4.0951479020
C32         1.3578230087         2.5435848500         2.7478807078
C33        -0.1888728266         2.9409024096        -0.2665257353
C34         0.0095096482         4.2690272610         0.1513115087
C35        -0.9707991598         5.2373131544        -0.0834654314
C36        -2.1555281173         4.8904558449        -0.7368663667
C37        -2.3619473776         3.5739458304        -1.1555007723
C38        -1.3843454002         2.6022675382        -0.9220643339
H39         0.1939303071        -2.1725854262         3.6923159338
H40         1.3684459269        -3.5197978505         3.9641908798
H41         0.5625351330        -3.3389748974         2.3591089035
H42         2.9346688486        -2.4910623267         2.2832425605
H43         2.5647782544        -1.3796193180         3.6486213349
H44        -0.4251298109        -0.2566228693        -0.2929674988
H45         0.2539828831        -0.0496612595        -2.4585841821
H46         2.1387900016        -1.7348022218        -2.2262264168
H47         5.0589802020        -1.6281285523        -1.9370449287
H48         5.0809549452         2.7407124323        -3.1298907315
H49         6.8037577117         2.6415942775        -2.6186068831
H50         6.3768559795         2.6358341236        -4.3765689283
H51         7.2622521407        -0.9665743509        -3.6420841398
H52         7.6687014720         0.4552112555        -4.6724095435
H53         8.0862754477         0.4603892255        -2.9119778847
H54         4.4579026999        -1.6312986611        -4.1562449093
H55         2.2350239143        -1.0076950781        -4.4112492895
H56         3.0098528497         1.6014594241        -3.4775663112
H57         3.4753683890         0.5637637345         1.4286774280
H58         5.8061385792         1.2957030997         1.5359936255
H59         6.5240937811         3.3584612634         0.3673951559
H60         4.8795550598         4.6827276933        -0.9279905615
H61         2.5361893500         3.9526035657        -1.0721115765
H62        -1.1625340420         0.5394101672         1.6236513822
H63        -1.7642334315         0.6134049624         3.9864053799
H64        -0.4064114380         1.9229158488         5.5884142733
H65         1.5609905644         3.1933385928         4.7899926082
H66         2.1948939060         3.1531656358         2.4441784287
H67         0.9140113266         4.5557673420         0.6698689011
H68        -0.8127300825         6.2567837850         0.2438047945
H69        -2.9138006685         5.6412556035        -0.9177325545
H70        -3.2802357920         3.3058524950        -1.6617719300
H71        -1.5629404762         1.5899621213        -1.2569191222
&

