&gen
basis=6-31G**
igeopt=1
dftname=PBE-D3
ifreq=1
&
entry_name: J1_10290_2111.in
&zmat
C1          0.5346704150        -3.3021404799         2.4894842109
C2          1.0287609686        -1.8752223555         2.2863365011
O3          0.0082490760        -1.0713861272         1.7009094076
C4         -0.3273018976        -1.1104545585         0.3435931118
O5          0.2717888012        -1.9094233398        -0.4287628612
C6         -1.4830641472        -0.2737362756        -0.1712570496
C7         -2.8107521704        -0.8602706476         0.3555288911
C8         -1.3958034711         0.0045351119        -1.6774374922
C9         -2.3371715829        -0.6913106138        -2.7143636923
C10        -1.9787188648        -2.1977931677        -2.8091120065
O11        -3.6877188112        -0.5627856037        -2.3673485835
C12        -4.3911507268        -0.3351654606        -3.5797246206
C13        -5.3528486982        -1.5029008543        -3.8298258533
C14        -5.1958684702         0.9668442212        -3.4727986365
O15        -3.4964290913        -0.2288547343        -4.6675764858
C16        -2.2537182914        -0.0043409729        -4.0816362416
C17        -1.1289304538        -0.4722319812        -5.0140914900
O18        -1.5726021632         1.3959618187        -1.5853208055
P19        -1.3361830516         1.5530049019         0.1151393325
C20        -2.7640654290         2.6948583206         0.2697303312
C21        -3.9685294514         2.4441186929        -0.4078291300
C22        -5.0522912297         3.3191167984        -0.2947736084
C23        -4.9476872977         4.4646615872         0.4944744071
C24        -3.7565171426         4.7387237656         1.1668619706
C25        -2.6712360769         3.8656552639         1.0535486983
C26        -1.1316269338         1.5083392101         1.9584941368
C27         0.1036177636         1.7484717004         2.6093797170
C28         0.2076986468         1.6820804227         4.0018691672
C29        -0.9099991791         1.3844980463         4.7779906310
C30        -2.1390806344         1.1577408303         4.1642038399
C31        -2.2508744932         1.2207989085         2.7737307097
C32         0.2344713652         2.3950764405        -0.2774562584
C33         0.2474922007         3.7719079511        -0.5681431075
C34         1.4364997970         4.4135074988        -0.9267667905
C35         2.6224602734         3.6857524490        -1.0285905068
C36         2.6177073220         2.3117942572        -0.7869503935
C37         1.4308095335         1.6664079354        -0.4291926346
H38         1.3199324730        -3.9003004361         2.9976668141
H39        -0.3803243850        -3.2991592648         3.1189169259
H40         0.3024269131        -3.7747440216         1.5124867082
H41         1.9418108905        -1.8661167834         1.6521737048
H42         1.2916372244        -1.4443735462         3.2753885380
H43        -2.7457266015        -1.0418856117         1.4471590609
H44        -3.6769628871        -0.2032648279         0.1750844335
H45        -3.0252914325        -1.8468265611        -0.0901224303
H46        -0.3528270117        -0.1469303551        -2.0383827824
H47        -2.2327073846        -2.7441038048        -1.8834677970
H48        -0.8913076811        -2.3358150110        -2.9883363699
H49        -2.5256951585        -2.6881089665        -3.6395433469
H50        -4.7957968873        -2.4560103346        -3.9280579725
H51        -5.9260446710        -1.3400109147        -4.7677355838
H52        -6.0668779873        -1.6025734975        -2.9842643138
H53        -5.7889324961         1.1334807763        -4.3975358748
H54        -4.5115625058         1.8319979824        -3.3469452613
H55        -5.8891105666         0.9260116762        -2.6054536915
H56        -2.1354554466         1.0959372257        -3.9578370895
H57        -0.1465388900        -0.3951215019        -4.5028366146
H58        -1.2920472639        -1.5168441238        -5.3520563923
H59        -1.1039368320         0.1758177385        -5.9156038321
H60        -4.0722320003         1.5802877223        -1.0351966512
H61        -5.9729390552         3.1098447051        -0.8241180594
H62        -5.7874724552         5.1418790885         0.5811531370
H63        -3.6724228374         5.6294611481         1.7759127171
H64        -1.7589711033         4.1038624374         1.5850154222
H65         1.0072775202         1.9762586623         2.0745141820
H66         1.1620913638         1.8604581897         4.4805393325
H67        -0.8243715988         1.3343338951         5.8557381353
H68        -3.0104247930         0.9359474580         4.7667514114
H69        -3.2268854815         1.0601802015         2.3373992585
H70        -0.6593453334         4.3549619265        -0.5517006425
H71         1.4346888119         5.4745985785        -1.1404271342
H72         3.5416149760         4.1836070228        -1.3091204164
H73         3.5343964480         1.7439990256        -0.8809248234
H74         1.4641167662         0.6055799654        -0.2532947414
&

