&gen
basis=6-31G**
igeopt=1
dftname=B3LYP-D3
&
entry_name: ts_b3lyp_d3_6_31gss.01
&zmat
P1     -2.7051283137000   1.1252579848000  -0.2343723711000
C2     -3.3779701737000   2.3343569309000  -1.3507805731000
C3     -3.8917707553000  -0.1854937611000   0.2546971031000
C4     -1.3103300381000   0.2303105787000  -0.9888946765000
C5     -2.1557145429000   1.9172078018000   1.3097531820000
C6     -3.0872789994000   2.2451526524000   2.3068891240000
C7     -2.6816553469000   2.9570823681000   3.4339096432000
C8     -1.3486448579000   3.3496348699000   3.5672509487000
C9     -0.4253594819000   3.0393331063000   2.5684050591000
C10    -0.8233075088000   2.3323147436000   1.4352893688000
C11    -3.9095993332000  -0.7713242259000   1.5286777259000
C12    -4.7928533628000  -1.8143077843000   1.8078371430000
C13    -5.6591886786000  -2.2835852720000   0.8198158885000
C14    -5.6374742799000  -1.7131207614000  -0.4541183369000
C15    -4.7583541677000  -0.6701812729000  -0.7361674186000
C16    -1.1070821478000  -1.1278186671000  -0.6915703799000
C17    -0.0345629010000  -1.8091049685000  -1.2609121675000
C18     0.8373519097000  -1.1437831901000  -2.1255522583000
C19     0.6357530093000   0.2052416408000  -2.4153900161000
C20    -0.4359862452000   0.9039359587000  -1.8566842286000
C21    -4.8394618975000   2.7059056914000  -1.1172296763000
H22    -3.1953105578000   1.9564172794000  -2.3603921540000
H23    -4.1264981408000   1.9478284235000   2.2065521870000
H24    -3.4059262248000   3.2072309310000   4.2033530271000
H25    -1.0326143749000   3.9046008970000   4.4459199268000
H26     0.6072595971000   3.3610281951000   2.6619205062000
H27    -0.1166584991000   2.1407945676000   0.6384857633000
H28    -3.2327690866000  -0.4193474624000   2.2996338555000
H29    -4.8001431035000  -2.2623042711000   2.7971957508000
H30    -6.3471350809000  -3.0944392745000   1.0408158354000
H31    -6.3054399330000  -2.0797526664000  -1.2277196466000
H32    -4.7346917946000  -0.2345091691000  -1.7305129226000
H33    -1.7801532151000  -1.6559068925000  -0.0247149934000
H34     0.1190238350000  -2.8592564689000  -1.0298294884000
H35     1.6726798251000  -1.6786600021000  -2.5693771601000
H36     1.3184949752000   0.7273329034000  -3.0795554042000
H37    -0.5709275355000   1.9783727317000  -2.0286268306000
H38    -5.0878208947000   3.5623990543000  -1.7544656755000
H39    -5.5606050270000   1.9099732055000  -1.3451251319000
H40    -5.0178462030000   3.0187108403000  -0.0824936522000
O1     -0.9889718809000   3.6704034473000  -1.3499788850000
C42    -2.2317274455000   3.9498261179000  -1.4035577124000
C43    -2.7766022458000   4.8770466437000  -0.3080709862000
H4     -2.6751368605000   4.2271890223000  -2.3927780533000
H5     -2.2679666425000   5.8401993055000  -0.4357067238000
H6     -3.8537894703000   5.0558634228000  -0.3705225907000
H7     -2.5219516874000   4.5054140170000   0.6858481075000
&
