MAEFILE: J1_6149_2111.01.mae
&gen 
basis=6-31g** 
igeopt=1 
dftname=pbe-d3 
ifreq=1 
&
&zmat
 O1             -1.2962752728             1.0763927394             0.5665683167
 C2             -1.1793641993            -0.0878695222            -0.2431078492
 C3              0.2500410971            -0.6226646260            -0.4466137466
 C4              1.3386703978            -0.0259731213             0.4234242675
 O5              0.4530256736            -1.5092122624            -1.2681705967
 H6             -0.9803021580             1.8285327839             0.0344225053
 H7             -1.6474823214             0.0162679536            -1.2428671978
 H8             -1.7392588441            -0.8866937415             0.2777567185
 H9              2.2754942359            -0.5788327887             0.2747317867
 H10             1.4960597553             1.0359793761             0.1635624387
 H11             1.0359693602            -0.0355725231             1.4833804105
&
&guess  basgss=6-31g** numd=6
    1 Orbital Energy   -18.786670 Occupation  1.000000
  0.992514603009697  0.026932325043432  0.000378438065744  0.000125915895881
 -0.000976719948269  0.012293511602557  0.000074884158719 -0.000383318980946
 -0.000234509540934 -0.008507898655262 -0.008439637075742 -0.008510812044769
  0.000062397139552 -0.000026875063734 -0.000118604887241  0.000001233619353
  0.000186432813674 -0.000100995538696  0.000229426092977  0.000254353179882
 -0.001773567832855  0.000273313558749 -0.000799875111369 -0.001143133150114
  0.000018579227110  0.000187414662047  0.000136149890126 -0.000052357601689
 -0.000026994421790  0.000148801220303 -0.000016213378084 -0.000011932227077
 -0.000037819454333 -0.000010432529331 -0.000013218338882  0.000661899908665
  0.000487815867909  0.000550389417436  0.000737860628564 -0.000036567365569
 -0.000058112264616 -0.000021646104254  0.000049746330082  0.000004697632710
 -0.000014285387331  0.000040540766352  0.000152753550753 -0.000044290002697
  0.000057569367510  0.000033654068820 -0.001250526873525  0.000700122608735
 -0.000191050765567  0.000219207766956  0.000078103196157  0.000056499487313
  0.000066835956526 -0.000036231468102 -0.000025639290978  0.000001290299085
  0.000005607621747 -0.000017881204697 -0.000005973924269  0.000009457282524
  0.000015292857406  0.000317016130638 -0.000053921371228  0.000034540999351
 -0.000006609604820 -0.000008690784686 -0.000000170524842 -0.000000506499558
  0.000001309315916 -0.000004850094929 -0.000005356513946  0.000228328894045
 -0.001245977483059  0.000051986926717  0.000204070431222 -0.000085613365966
 -0.000012404001587 -0.000081843810279 -0.000036620868473  0.000009611415685
 -0.000022533940626  0.000127327969093  0.000196196645291 -0.000009393409306
 -0.000051137816783  0.000007859214559 -0.000020604828242 -0.000229571857848
  0.000023854937816 -0.000020230225347 -0.000014893322064  0.000083028505662
  0.000302279173522 -0.000057835282141 -0.000006241269574  0.000010645432919
  0.000138834019606 -0.000044436153576 -0.000037670398775  0.000021686989560
  0.000013080858731
    2 Orbital Energy   -18.762304 Occupation  1.000000
  0.000001249918359  0.000043348303347  0.000029691724424 -0.000012069813980
 -0.000027370097332  0.000066682151984 -0.000124467112656 -0.000078301877238
  0.000069646326749  0.000007153503840  0.000057125798381  0.000041825742912
  0.000038010754635  0.000033560686874 -0.000013208640888  0.000025940661776
  0.000178761912862 -0.000022592269497 -0.000005645430247  0.000012151726361
 -0.001047760361964 -0.000489389412008 -0.000142129719429 -0.000569177646158
 -0.000018184210603  0.000018068339730  0.000020271785051  0.000007795989661
  0.000006651607545 -0.000021190662558 -0.000013368184074  0.000396022338239
 -0.000006662392104 -0.000015664704425 -0.000016377504121 -0.002657895851570
 -0.000699544121967  0.003100207966938  0.002961303711205 -0.000035521930872
 -0.000524777685209 -0.000450842342209  0.000126571986221  0.000121989205946
 -0.000475519583088  0.000012678632351  0.000108069280904 -0.000004316571037
  0.000009994018501  0.000004307201645 -0.000982756506699  0.000937815847939
 -0.000340133997933 -0.000088499568187 -0.000016894268113  0.000010411548493
  0.000006948482650 -0.000004637345182 -0.000012741972113 -0.000015063819152
  0.992432684165519  0.026513228462638 -0.000189535237642  0.000770930679724
  0.000720226454383  0.015493510572555 -0.000314990401982  0.001419921192064
  0.001289366168686 -0.008784052858178 -0.008471342779139 -0.008518234573894
 -0.000072837177589 -0.000082521578216  0.000294942990616  0.000039561743309
  0.000037040085814  0.000010005520142 -0.000005525703069 -0.000012414188054
  0.000027120900100 -0.000172080567243  0.000050201266129 -0.000006787632395
 -0.000028829320954  0.000063052521295  0.000162130481044  0.000051439100325
 -0.000005860273470  0.000012950405983  0.000009394730587 -0.000378005777632
 -0.000020729980803 -0.000047988857922 -0.000039294314908  0.000033239468727
  0.000125277492569 -0.000012370547139  0.000015264398126  0.000042667810949
  0.000044863152479  0.000176245021879  0.000014068122733  0.000055333392572
  0.000009364641003
    3 Orbital Energy    -9.984106 Occupation  1.000000
  0.000022290950439  0.000075690144032 -0.000029636163380  0.000002153183375
  0.000053544110177 -0.001176211835494 -0.000026928938589  0.000460274123024
  0.000034434950044  0.000132483828631  0.000006332272588  0.000025238443038
 -0.000023324061190 -0.000023898552647  0.000040629497701  0.001592949040657
 -0.000251082765042 -0.000263327739867  0.000094072332888  0.000039548174553
  0.004869089322976  0.002567177453501  0.000508312903547  0.001049073083304
 -0.000451702371532 -0.000279623233382 -0.000235309238944  0.000192215801821
  0.000121174460261 -0.000001312398111  0.992498821000133  0.052639187111387
  0.000210330493874 -0.000667665164462 -0.000582261593449 -0.011895724464702
  0.000682552068605 -0.004431015512178 -0.004387077197580 -0.010289236515847
 -0.009637557502594 -0.009727353757598 -0.000131538793496 -0.000145400282998
  0.000712408183236  0.000694463718552 -0.000239731343591  0.000173342911171
  0.000147414430972  0.000169321782194  0.005095364226596 -0.002470866961239
 -0.000603969818641 -0.000949206922826 -0.000281288974247 -0.000310008414168
 -0.000353474846198 -0.000113977422776 -0.000157812865300 -0.000184900907442
 -0.000003723186167  0.000637201624941  0.000044417495939 -0.000152534879090
 -0.000150970805040 -0.005015946359937  0.000466237975435 -0.001934741407216
 -0.001720288001531  0.000504062249486  0.000114283097877  0.000200534237118
  0.000157729374787  0.000102333803438 -0.000580786730753 -0.000062071714445
 -0.000150164494368 -0.000012489475753  0.000029442588993  0.000036874769751
 -0.000078089948066  0.000474835247615 -0.000019149062141 -0.000072321768528
  0.000053418253251 -0.000199811350300  0.000408200464600  0.000042574059276
 -0.000008060986667 -0.000119489460391 -0.000081594072955  0.000225851780381
  0.000001387679753  0.000064125706641  0.000031602731371 -0.000205841585683
  0.000321235787405 -0.000026438297705 -0.000103619399594 -0.000055776955753
 -0.000204064470311 -0.000058981715305 -0.000013101469713 -0.000061331484191
 -0.000079524592836
    4 Orbital Energy    -9.953891 Occupation  1.000000
  0.000089328782936  0.000240478908363  0.000020409110464 -0.000188479089085
 -0.000118450637893 -0.002286239196473 -0.000122761588378  0.000530297072376
 -0.000115971807617  0.000064797016696  0.000586170331076  0.000363997082873
  0.000019689235068 -0.000073092607264  0.000402087192956 -0.992636666583728
 -0.052970785741569  0.000105135442384 -0.000400651830635 -0.000358698932641
  0.019369081003729  0.002127772370128 -0.001218551861093 -0.000055739335579
  0.009866404985720  0.009471372031938  0.009524178905719 -0.000102967490869
 -0.000033039085752 -0.000032915152105  0.001859335842458  0.000530636333683
 -0.000208230509816  0.000035365432414 -0.000030244759123 -0.004580262754456
  0.004332387392876 -0.001525595634905 -0.000572791484164  0.000372635154476
  0.000254394387461  0.000199426806014 -0.000106222889808 -0.000048699126534
  0.000021206757784  0.000151871247319  0.000317044350412 -0.000141316663906
  0.000030928896440 -0.000026448553595 -0.001358901232468  0.000538255667094
  0.000251316757126  0.000701372287790  0.000140331229548  0.000089946067395
  0.000083918925188 -0.000028939150019 -0.000029937564274 -0.000100187278386
  0.000080818495556  0.000364786749205  0.000007306780046  0.000023526421801
  0.000033982135910 -0.001616452099632 -0.000427847228470 -0.000354615950496
 -0.000471118073170  0.000198251305060  0.000224896692909  0.000210282641843
 -0.000021140145830 -0.000050096027677 -0.000166280713481 -0.000113606379695
 -0.000609172136146  0.000001365129930  0.000236583762807  0.000075436268075
  0.000147237497257 -0.002686435337271  0.000031998230175  0.000006994145834
  0.000220539467703  0.000096455793783 -0.003054918188831  0.000042327452466
  0.000209348726815 -0.000123375411507  0.000038025955908 -0.000311408050091
  0.000068410899724 -0.000004870191814  0.000004126643052  0.000061882929133
  0.000225194970576 -0.000064362369047 -0.000003044881491 -0.000049939959515
  0.000103950930542 -0.000222364739410 -0.000055216839608 -0.000022921825509
  0.000010645102218
    5 Orbital Energy    -9.904155 Occupation  1.000000
  0.000086288979062  0.000339151207457  0.000088143263499 -0.000039041319036
 -0.000036192227666 -0.001529349619002 -0.000265406258200  0.000183291511326
  0.000275037204592  0.000226105350201  0.000262464060367  0.000293000282671
 -0.000000601116232  0.000023362962026 -0.000023039411202 -0.000022888726434
  0.000221262986819  0.000067292277192  0.000061911231910  0.000070749133995
 -0.000898289777196 -0.000468010787655  0.000785537769567  0.000389576693306
  0.000062840606107  0.000124137545995  0.000128323718311  0.000071097661055
  0.000044198151899 -0.000058622528533  0.000939954478965  0.000399208151839
  0.000274309136050  0.000056171302181  0.000132202539397 -0.005054862571552
 -0.003450855483148 -0.001405034889837 -0.002168572598042  0.000347666913569
  0.000209707050227  0.000291575344974  0.000146370129860  0.000187720844673
  0.000077572497105 -0.992541710243108 -0.053576389541554  0.000054348217951
 -0.000205166303035 -0.000060443264659  0.019910627186064 -0.001617554092792
 -0.000526809372981 -0.001211535328643  0.009828652762669  0.009755059948075
  0.009818174313887  0.000105374739658  0.000141600468876  0.000079983230851
  0.000035456936985  0.000175791326410 -0.000022319099236  0.000018543809158
  0.000009374261547 -0.000608872741427  0.000577569575592 -0.000125725479593
  0.000019367453460  0.000034648618695  0.000098713053227  0.000129384502507
  0.000090447979343  0.000043570541394 -0.000087124369043  0.000117273204182
  0.000179367235089  0.000056259439259 -0.000032702711497 -0.000014533132623
  0.000010114946968 -0.000070096277490 -0.000033595402560 -0.000017044985027
 -0.000037334807573  0.000001073391016  0.000171742898292  0.000011011592752
 -0.000037405953306  0.000010088755834  0.000201493239871 -0.002683503532530
 -0.000199544236902  0.000155491709334  0.000068893790315  0.000162242580281
 -0.002952803012701  0.000023246200303 -0.000269864228996  0.000123082608087
  0.000158741787318 -0.002804497796807  0.000146949517649  0.000031423285787
 -0.000240667006025
    6 Orbital Energy    -0.948907 Occupation  1.000000
  0.131906813782559 -0.289520805770607 -0.028598200200219  0.010883047815621
  0.074428539162889 -0.284577315494661 -0.009590072084702  0.017732226898603
  0.033728151570967  0.006209484995830 -0.003445503031788 -0.001661582091676
 -0.000319740227533  0.003202634659319 -0.004228648307829  0.063138992582951
 -0.118779943481216 -0.014324501117537 -0.047360695126340 -0.030351236878841
 -0.034193689987320  0.000139727025501  0.010752532318515  0.019786737139711
  0.002677367947002 -0.007973351171470  0.001997751150336  0.003955605501680
  0.002610278838129 -0.009908936879183  0.096252263943593 -0.181944804910016
 -0.009102356534345  0.084886997079706  0.082034241061406 -0.074107833122664
  0.002261829456846 -0.033084573452839 -0.032809390751141  0.009257230665244
 -0.002207615142234  0.000494988236237  0.005394631686322  0.004134129928726
 -0.016851642497454  0.016394866740654 -0.030812625637870  0.014449285967647
  0.009213881103782  0.013344784264798  0.005420573502035 -0.011817134105150
  0.004308590296517  0.001797882962046 -0.001388215346653 -0.000818126423373
 -0.001645903502491 -0.001671184812873 -0.002600762520948 -0.002520571400412
  0.139484754756735 -0.301069182603451  0.021882989580765 -0.087502302914350
 -0.080638013087028 -0.297447919892214  0.008270600888841 -0.033424346586797
 -0.030431736996935  0.007864213517047 -0.001664869602223 -0.000406619395177
  0.001766559904819  0.002961071686671 -0.006254260397850 -0.091244882315840
 -0.010088344598382  0.004150040322568  0.012236729954201 -0.006699600989192
 -0.021624816577051  0.001228685172368 -0.001717073426222 -0.000394491713795
 -0.003333955862253 -0.022943961759805 -0.006731007539908 -0.001921998688483
 -0.003193760356388  0.000735512178427 -0.006520466902864  0.001871704480573
  0.001083542096867  0.000110601438591  0.000427723869628 -0.006708251427569
 -0.003594807515498  0.000609998101664  0.000532100859365 -0.000438044618763
 -0.006851305210772 -0.003773812658370  0.000170376264296 -0.000451547899051
  0.000681716166781
    7 Orbital Energy    -0.936683 Occupation  1.000000
 -0.152807896609279  0.336316511540133  0.030190222387398 -0.006000975204112
 -0.083828879500783  0.321944225005537  0.014382258537698 -0.013605524880900
 -0.037664922351457 -0.006658171681006  0.003065055628601  0.001430094326369
  0.000280207191303 -0.003821321011601  0.004278203564800 -0.045116438525392
  0.084468456853458 -0.018001036879935  0.078119898703328  0.048723624893222
  0.036252280300589  0.004725541994364  0.005422183973644 -0.000541407732012
 -0.009729018356900  0.008398001701179 -0.001292365140150  0.001563495675061
  0.000739859685736  0.009952831338996  0.072410466839768 -0.139894427107033
 -0.032897649374570  0.100570596054163  0.089231473089247 -0.045977985803521
  0.004811344152006 -0.014828583300202 -0.013255190897448  0.013197233868161
 -0.001621139729903 -0.000432796876928  0.001670811648355  0.002286354366958
 -0.014388627256786  0.008693037255061 -0.015076787431863  0.004732581956780
  0.010478557430950  0.011218934028678 -0.006782124317285 -0.006603520173705
  0.004913111142115  0.003797438782300  0.000586256030422 -0.000730286605430
 -0.001696027014349 -0.002397338733253 -0.002237350656168 -0.002216913552120
  0.133056144229171 -0.288147270555625  0.018011608699395 -0.081028303378580
 -0.075470082939041 -0.277608859966969  0.007734938311258 -0.030252096079465
 -0.027881017078136  0.007341555043162 -0.001541859386825 -0.000538719497047
  0.001433789298269  0.002504644059568 -0.006174340132453  0.106812830751494
  0.011454035929010 -0.005338809395588 -0.014075236388177  0.008101615320096
  0.013092093383607  0.000564220626186  0.000193682909211  0.000894249103795
  0.002843949695694  0.014940677813784  0.004555200742906  0.000855307287943
  0.002675203825454 -0.000464449520111 -0.004770913210911  0.001471631707420
  0.001062838545996 -0.000017004301945  0.000334933531068 -0.001676253710257
  0.002492641847871 -0.000375894572537  0.000060857499663 -0.000209129414843
 -0.001338637934242  0.000691218706296 -0.000516456807881 -0.000070204704097
 -0.000040050928131
    8 Orbital Energy    -0.681216 Occupation  1.000000
  0.041176042151036 -0.093445753954715  0.003260288003566 -0.076283015459041
  0.007784469941481 -0.114734416396172  0.003832448664677 -0.029650522126870
  0.004311190086442  0.002258014583808  0.002007360391138  0.000926757690176
 -0.002838442902464 -0.000500595954486  0.004831794340302 -0.077097166854607
  0.152240317908137  0.053994391002022 -0.039030190605099 -0.003767887363924
  0.127906428175248  0.007540342263202 -0.005849124856422  0.000446120274874
  0.004206332566517 -0.007000043899344 -0.003466591591511 -0.000529390263311
  0.000954291340990 -0.002414841233478 -0.087804990794797  0.173748183704146
  0.005031810476726  0.125506984652822  0.129006568828078  0.138545464066209
 -0.006642242086883  0.029499470409515  0.028219290517155  0.010143601978226
 -0.008205962726833 -0.005451109915337  0.003923177402415  0.007229088545824
 -0.003545427538413 -0.153837985509801  0.292802553301852 -0.046997070429670
 -0.004538814653867 -0.020437128178533  0.262206343144623 -0.007189461345774
  0.001196897941843 -0.002074698043423 -0.001213306674574 -0.005839811131642
 -0.004662023403302  0.002131646553372  0.003348501144692  0.000442223081107
  0.065360709387442 -0.148516436811663  0.007290139542989 -0.000669651474665
  0.002145432828002 -0.158164156936538  0.002994288750501  0.004828626320836
  0.005883118254435  0.001643343725280  0.001830290010231  0.002118198802985
  0.000141151537354  0.000884198490396  0.002943728699107 -0.057100042180600
 -0.015441862677122  0.003097425837289  0.004190866020234 -0.004338250778584
  0.041420091205611  0.005987146483408  0.001932441328610 -0.000775774970958
  0.003206403592724  0.049492265321400  0.009805271085321  0.003018833535420
  0.002339117379977 -0.002147999950237  0.084468993423792  0.015502803012532
 -0.007142850058967  0.004157600581659  0.001073818226209  0.096731276739839
  0.023663210007369 -0.002247683315298 -0.008616533693981  0.001567575986102
  0.095904152029000  0.020772779840267  0.001562909400608 -0.000184393295248
 -0.008872598016708
    9 Orbital Energy    -0.633123 Occupation  1.000000
  0.047549600250416 -0.108041569834405 -0.029516987510533 -0.163454869022414
 -0.009075218127502 -0.138471660621199 -0.014215408470483 -0.067739838455971
 -0.005596934188614 -0.000448643946083  0.004888894424321  0.003264983319089
 -0.002835980963878  0.001138627544415  0.010512927614743 -0.151674915782183
  0.302287657772818 -0.005448770839274 -0.060812824926963 -0.019084657635037
  0.291052686119274  0.005797171217953 -0.021531788241093 -0.010656102571762
 -0.004114362286923 -0.007926314253488 -0.002953487819380 -0.001619802702476
 -0.001912255812103 -0.001071734775019 -0.017656196864860  0.036823563147143
 -0.175176446867632  0.016507537657421 -0.017316026590579  0.030173201096341
 -0.021452356786213 -0.001680434897174 -0.001826771941629  0.006558309191709
 -0.002831393797280 -0.003921700030740 -0.004850253360462 -0.004054273482505
 -0.003460494885953  0.106438763572323 -0.202922611390832 -0.017764482435276
 -0.000302324020503  0.002849128462386 -0.203622832195986  0.001679960528526
  0.001001943087680  0.003324449791034  0.005647974562915  0.002140370849811
  0.002625806146657  0.000111024616588  0.000436504458002 -0.000940137603757
  0.016751363160925 -0.036414194187041 -0.049084573049546  0.001500864121052
 -0.007778280954788 -0.051263788049310 -0.022062023006215  0.000405210814197
 -0.005011614088051  0.002943920961138  0.001004328108366 -0.000402997320560
 -0.004274111934742 -0.003505974609326 -0.000253026193225 -0.100340921431358
 -0.038598020021288  0.003308062703458  0.006311703780840 -0.007705417547324
  0.109500842735806  0.031357895430664  0.003949382324899 -0.001847441512229
  0.008118831993653  0.118779960084950  0.034956470285523  0.005209975185282
  0.005975654408382 -0.005319703860517 -0.077779626270097 -0.026282203373382
  0.005989780794684 -0.003427598530177 -0.000677518243495 -0.074957855339697
 -0.026411750848574  0.000727555507129  0.006204456719174 -0.001640971532876
 -0.068729224093902 -0.019864292530301 -0.002424423411733 -0.000279437972796
  0.005837546297663
   10 Orbital Energy    -0.493915 Occupation  1.000000
  0.013448423016707 -0.032182485591252  0.113414208383732  0.309503665045708
 -0.031708558125589 -0.048568865296823  0.058912496809493  0.144091841009811
 -0.017961361346099  0.003176737600393 -0.004628040987586  0.002619910431240
  0.001472282716177 -0.007615663312277 -0.012599895900246  0.023626095618358
 -0.052848319474423  0.212538940431228 -0.082560184270878 -0.153353366089751
 -0.056336984640064  0.069225341569666 -0.014027450272676 -0.058849242317110
  0.014000515034871 -0.003403610381649 -0.008314079366855 -0.001472443769227
  0.003401236596174 -0.009649004408777 -0.104550219385672  0.224851030013747
 -0.094483122873003  0.084676305779927  0.021458040071162  0.220758608417633
 -0.029826342381810  0.046220909241955  0.020386328252754 -0.003056273299518
 -0.007476572613069 -0.007962198234402  0.000709928707961  0.003066914919398
 -0.004255578880421  0.045996626458450 -0.090450177618226 -0.119550895415979
 -0.021936303826894 -0.070616440180782 -0.114653571354216 -0.036438062213713
 -0.006782950253118 -0.019271865509189  0.005515252166739 -0.001255753159641
  0.001483966904221  0.003665858711392  0.006990017937560  0.000998072230665
  0.057513252118832 -0.130723415242642 -0.054457606694877  0.085304556001665
  0.051646881664320 -0.181139440023638 -0.028400060852547  0.045158123387129
  0.029405633471602  0.001641311500140  0.006454118517149  0.002546436863037
 -0.004709373228928 -0.003110598944781  0.007158349751441  0.160813844681157
  0.094767825023805 -0.002132487227389 -0.005734180918238  0.008551943878028
 -0.001978675946137 -0.006215839048840  0.003317247812882 -0.000862350690805
 -0.003026355755232 -0.076477070024479 -0.040056444705831  0.000924099445518
 -0.005324636947625  0.000184520666698 -0.079375573666739 -0.046408785219797
  0.003168878915873 -0.002987386878443 -0.001612552346927 -0.048392109404094
 -0.018648525418595 -0.002307198292276  0.003125307941787 -0.002329089415449
 -0.057521919992510 -0.034677227071347 -0.003040764177257 -0.000368945470916
  0.002846432686290
   11 Orbital Energy    -0.458130 Occupation  1.000000
  0.029323426778517 -0.068588624657976 -0.003967505594344  0.250411610644674
 -0.101371835889364 -0.106217420073336 -0.006666354628588  0.118361722095278
 -0.058965467416883 -0.001626123770085 -0.003499955040386  0.010750948960408
  0.006310127290797 -0.000168813082936 -0.007413701107461 -0.040078804250356
  0.078513571147437 -0.120577063589590 -0.057053951108111 -0.258753013970937
  0.109050449840367 -0.030744918496859 -0.015065719850349 -0.111061780935767
 -0.003665195817663 -0.002617328511580 -0.000554439200873  0.002668979536046
  0.004282440443156 -0.012626655724479  0.071725626112936 -0.157634289634107
 -0.083007655256237 -0.013191121840910 -0.108653519741674 -0.157149543158050
 -0.006162912656708 -0.021242706461378 -0.053764167478963  0.006931650702649
  0.002699865455268  0.003869324943702  0.002409935420988  0.005996467487663
 -0.001272805709915 -0.037294393415465  0.076029950492242  0.151051605741163
  0.096654082422286  0.079719796724809  0.089620224877698  0.058532455571581
  0.034755475920330  0.032596329525740 -0.005402613711472  0.002858959383384
 -0.000977691659628 -0.005459730280205 -0.006290760786459 -0.004344243938876
 -0.026578820720255  0.060935035182982 -0.044332395027600 -0.034635597496900
 -0.088163569129190  0.078961416059746 -0.026204286756575 -0.022090549023822
 -0.050201857915304  0.002797117929512 -0.000939772034631 -0.006143958369238
 -0.002834467812008 -0.001479359521410 -0.005991936935059  0.128237943616219
  0.088798297218194 -0.004450792000428 -0.003576127530038  0.003720405873663
  0.180886811495872  0.114869994329892  0.003101360992241 -0.001434890197905
  0.006221257972518  0.029692986159095  0.021258305419345 -0.001358047153624
  0.000557273086771 -0.005616527546363  0.070816268074661  0.038920078271160
 -0.001179050094490  0.004246675536303  0.002153051916147  0.089207954590322
  0.061517032420405  0.001347776213720 -0.003700466509217  0.002437910488712
  0.050646761899503  0.021744529041276  0.004402051898032  0.001686073694881
 -0.001807891075786
   12 Orbital Energy    -0.413500 Occupation  1.000000
  0.020849849250189 -0.037978862146617 -0.033904059259343 -0.152453389249887
 -0.166947407616981 -0.096899892875667 -0.021516595513045 -0.077035577247214
 -0.093950018940854 -0.000151251145784 -0.005459073690653  0.015982459091847
 -0.002263343996356 -0.000885007795401  0.009076779343333 -0.009490600452122
  0.019300032796892 -0.048085374741064  0.268119093749226 -0.116907563020012
  0.029002482421351 -0.016322674820657  0.126839419006857 -0.062840884170502
 -0.004034321150091  0.000090932362543  0.003515809430875 -0.001406505366302
  0.001422216285394  0.008968205024302 -0.016773171316984  0.039764301331177
  0.199071253424537  0.119447759051606 -0.111368215303741  0.036389366030986
  0.069558104372438  0.065280530150435 -0.054535486440280  0.000964425575581
 -0.002893812926409 -0.001565912279019 -0.005032696099498 -0.000607103064828
 -0.001854738764888  0.007097959571245 -0.012586074891276  0.019991032639421
 -0.004166141895930 -0.224784814834845 -0.016555615478035  0.020183292020413
 -0.005709065657493 -0.096950590107272 -0.000064792990279  0.002127697023463
 -0.001442928189002 -0.001428186572412  0.007966010446964  0.001644999190004
  0.016401265333005 -0.035235513378572  0.119074752473141  0.140013365864716
 -0.033574282946267 -0.064478628339103  0.066870552246613  0.073670888436251
 -0.018558090610647 -0.002564728673624  0.011847602232468 -0.004254642172760
  0.005122103570763  0.007652661589895  0.003828725242903 -0.042299008764631
 -0.033886325144207  0.000386350173315 -0.002732390572088 -0.008503902177299
  0.094950732763958  0.062985965713039  0.001715970554087  0.004177390542111
  0.002923551928605 -0.122178993914787 -0.087564698214513 -0.005648633061262
 -0.000095195340884  0.000514624462082  0.020694141054099  0.009243021483178
 -0.000871838733485  0.000207729203542 -0.004384677761162  0.023543408538426
  0.019509363225376 -0.000410650231781 -0.001507610257216 -0.004622997598320
 -0.137966103483435 -0.106711521915158 -0.000843602883244  0.000377909681275
  0.004203822905849
   13 Orbital Energy    -0.407041 Occupation  1.000000
 -0.010269638440535  0.024426604796099 -0.118665460108799  0.136625486621239
  0.031421265281219  0.028922224685580 -0.076918467203498  0.079464627825049
  0.017869840701360 -0.003731054575032  0.004890669296521 -0.000116942586938
  0.006855142122646  0.007492126445306 -0.006528149673707 -0.002046006105116
  0.004304988885214 -0.197524601422521 -0.130789992275807 -0.026128916008745
  0.001734237673637 -0.098717733075871 -0.045417544525295  0.000004310506420
 -0.000991153128665  0.001822669253712  0.001514065228578 -0.000693956532869
 -0.000693085953465 -0.009882884702341 -0.030600440967032  0.073555791085376
  0.173426272315292 -0.169067236043930  0.024104089922284  0.075797201730968
  0.044943604554312 -0.062746011981856  0.027834799612964  0.005737505472043
 -0.006347047020595 -0.007343747450724 -0.000641026141951  0.001609270041801
 -0.005402618447063 -0.001088837158896  0.005937893949937  0.071269473411643
 -0.247557512432834 -0.082327044541986  0.003301701871222  0.053722909887358
 -0.111948144126428 -0.037467618011366  0.003379433815247 -0.001695329614729
 -0.001167375691453 -0.000007688666176  0.001550350871703  0.007553897867905
  0.056689704599578 -0.119882864467499  0.058517831256325  0.097011677577963
  0.220069658898719 -0.238679008574528  0.037350524814979  0.043900333124308
  0.110920829779482  0.001349809460282  0.003520818036095  0.014652083220085
  0.003752656652979  0.002842884643565  0.011484194667385  0.040682451753726
  0.025476421736989 -0.005814261227718  0.002009782428429  0.003180776826677
  0.054626671347059  0.033835841506975 -0.002805974525659 -0.001786785218989
  0.002854395199325  0.111148245982386  0.075998357236928 -0.000036376704902
  0.002017064329107 -0.003196606233612  0.113386792877791  0.066657131641072
 -0.004898877770605 -0.001748269935351 -0.001058009713482 -0.124823272122534
 -0.101439652217107  0.003340471218025  0.002542415367059 -0.002659906065444
 -0.055298207154329 -0.035081939884109  0.000674161104251 -0.004713148324822
  0.001659092197595
   14 Orbital Energy    -0.373093 Occupation  1.000000
  0.034088211048684 -0.070725368525710  0.052719389178545 -0.013332660375286
 -0.197015185359473 -0.149432286839689  0.030973826478320 -0.004423172320907
 -0.119249499479962  0.001003902650316 -0.004908870964255  0.015922263953008
 -0.001793812776675 -0.004546507273850  0.002111881550606 -0.015474982920956
  0.028244606889452  0.009137775525666  0.153126646815596 -0.080657565093761
  0.062026337130291  0.029045922312082  0.081519699442171 -0.042357636348702
 -0.002517884557346  0.002193687262441 -0.003057488971666 -0.001042744046238
  0.010253164002518  0.000246617558865  0.015490750192160 -0.037514111304412
  0.055914311092493  0.030410484268074  0.209559897247757 -0.039722672177592
  0.033374775593553 -0.033851900793859  0.068179673006467  0.001650492085093
  0.002972938614866  0.002824914414406 -0.008922680422872  0.006066246831422
 -0.003562768951043 -0.001567710659892  0.004007110640298 -0.144435410006853
 -0.242643593708352  0.152234719602031  0.014912316110911 -0.071946941749411
 -0.110462502143106  0.076647404305451  0.004640037959707 -0.011303714006522
  0.005290313415320  0.001215725656637 -0.001881310687208  0.004552841283476
 -0.039748261590366  0.081789655651064  0.093653803651660 -0.227398976275499
 -0.054328232454789  0.170566221654714  0.050869753744997 -0.120541140279652
 -0.024347605101524 -0.002983712136519 -0.013866122580628  0.001350543142286
  0.005492205436779  0.003905135198967 -0.007364800083333  0.038958755614365
  0.014887342151767 -0.000471095466142 -0.004278352704767 -0.004545119313709
  0.068004359555706  0.056724180492643  0.000420144767151  0.002931132777006
  0.002376296774708 -0.078330597976839 -0.055082012994492 -0.001644460473844
 -0.000950365251046 -0.000498671856705 -0.009299757400752  0.001658325340881
 -0.002353297694028 -0.005288347293363  0.002500300883898 -0.187817892471431
 -0.158340198246699 -0.001123647403220  0.004978646937344  0.001028203151631
  0.118934178305881  0.082196853896382 -0.000964680013697 -0.005324122877669
 -0.003391571239152
   15 Orbital Energy    -0.361217 Occupation  1.000000
 -0.007292242127192  0.018019714594861  0.007785601355584 -0.148331255663059
 -0.057106808611834  0.046325207940774  0.002785826664513 -0.086720587972177
 -0.035236324069205 -0.001744879585706 -0.005506629695131  0.004260867838460
 -0.004367801196622 -0.001062022561655  0.006867114349868  0.010166520693800
 -0.018235637525215  0.096137040897855  0.162963867629868 -0.051322774470323
 -0.038404515992857  0.034740339313962  0.058125565734879 -0.046966171996431
 -0.005322015783246  0.003312379165123  0.003113685810134 -0.010235117189709
 -0.002442808867535  0.013782355295453 -0.015567913714088  0.043611928206417
 -0.139732409209192 -0.183713102012451 -0.192657835479616  0.020238445909988
 -0.054013991071452 -0.020358689098354 -0.019198612637425 -0.011240614220763
 -0.000526171214423  0.002800228039599 -0.005199700715481  0.004324236780229
  0.004886955391517 -0.001721091135927  0.002403196857720  0.131358629468818
 -0.045685167234113  0.233512290020155 -0.009239228928272  0.081180697807751
 -0.023877377702083  0.117889141590088 -0.000739857146476 -0.002546043411867
  0.005687251795672 -0.004477274610432 -0.007844916094036  0.000805488828370
  0.053132958541124 -0.108671678135867 -0.182714423472861  0.232802704569076
  0.200953835392101 -0.224839104934346 -0.104510611936801  0.125150633238824
  0.105636406186375  0.003763265677045  0.009767994139173  0.007217656664745
 -0.010685483689065 -0.008138438680774  0.010686337119335 -0.054712769507530
 -0.056537418467096  0.001311595098351 -0.001942317605109 -0.004432168165193
  0.000773866799525 -0.006662077491971  0.003033074742100  0.002704196131076
 -0.001358920297875 -0.138417049971555 -0.114449828264507 -0.001190579243428
 -0.002229372111762  0.002528112540990  0.066512930228127  0.036311123537639
 -0.000200805777129  0.001088591581475  0.005271268573727 -0.051474397864255
 -0.046975978284092  0.003066872744624  0.001731395657237  0.004375681223913
  0.127187412666055  0.103216580419177  0.004348520682081 -0.000740297863314
 -0.001904352310950
   16 Orbital Energy    -0.339894 Occupation  1.000000
  0.006373477307464 -0.013420091590343  0.143449321615894 -0.023442372012552
 -0.031438420196346 -0.018433990684914  0.088581410513969 -0.019156507294541
 -0.025715418748884  0.001844073839478  0.000737457842296 -0.000274973043830
 -0.003855759303496 -0.009240674064859  0.001027497406271 -0.016359715687482
  0.035816922968799  0.207346290248550 -0.019550435825392  0.071939081450892
  0.073179577255320  0.122183399870245 -0.026531804066160  0.011107308009134
  0.000138196601853  0.001793586735337 -0.006260160552845  0.001069295991260
 -0.001249521726846  0.002538510870196  0.011895857057734 -0.029802359186038
 -0.175997366216655  0.060265232169774  0.042147764547881 -0.034347556661237
 -0.032009321514402 -0.006471402324395  0.000689295042698  0.014570912686396
 -0.001520576757745 -0.006616130612096 -0.002527167641005 -0.000629458082244
 -0.006912549194478  0.001181419606626 -0.003624130608570  0.309851763002795
 -0.161232049006907 -0.129513057173249 -0.012187549817607  0.132658235500016
 -0.062099873775102 -0.052434129441966  0.014361603932865 -0.001200156894496
 -0.012747799182438 -0.011641493379472 -0.001021642015642 -0.000411004063636
 -0.018890074078935  0.034310133192877 -0.052918525896251 -0.142185885972448
 -0.112222331862117  0.089293215563126 -0.031850904352745 -0.079124851901005
 -0.060069693711895  0.002300916347823 -0.007387404497649 -0.005717186844747
 -0.003345786444745 -0.003124327118675 -0.006766590606807  0.019909785045233
  0.001171189217947  0.003668708110224 -0.002127118522036  0.000402671325421
 -0.085250493322465 -0.082923585584954  0.001981248256536 -0.000287847286835
 -0.002839884617861 -0.019570299942491 -0.016339903093768  0.003724669868158
 -0.001392506569905  0.001831983724078  0.245890481172415  0.224084004858195
 -0.004112059123348  0.003935676612505 -0.000080543626346 -0.056193445916082
 -0.045576168622477  0.006657671165797 -0.000785805811803 -0.003914557469529
 -0.142328967501095 -0.124640134650868  0.003310753629800 -0.003649479866497
  0.004374746177658
   17 Orbital Energy    -0.317984 Occupation  1.000000
  0.048275563238447 -0.098623738602626  0.116188093564971 -0.027360883374163
 -0.317797209543263 -0.209205344170306  0.075873987098898 -0.029530136146557
 -0.209051942741726  0.002442751561957  0.000011416648470  0.019274020121266
  0.000396525676345 -0.009203375351010  0.000063119230829 -0.011679334793382
  0.026420349996459 -0.032989902051072  0.062628764295707  0.119925885009583
  0.028701913828555 -0.002808160437099  0.022805228962018 -0.012687755523346
 -0.006687729614131  0.016119592604790 -0.011408746640797  0.000603242955057
  0.003376347245431 -0.001213069696247  0.006017872881161 -0.011981716935218
  0.005046818517397 -0.213354795715280  0.092116739418705 -0.030084552177228
  0.018615366267451 -0.080499207884233  0.119007603996583 -0.004997689818305
  0.020692192905486 -0.018572979093413  0.001502451657205 -0.004110039965729
  0.003603378137135  0.005408872784387 -0.007691295414193  0.022292410130179
  0.163881036630642 -0.071555946387602 -0.054388116971136  0.028870183881803
  0.078429456397261 -0.024000006179155 -0.003761839553894  0.013146986819735
 -0.007357028174637  0.004635546677977 -0.000661386174798 -0.001912417779818
  0.008853486879174 -0.016836204580834 -0.037881318356190 -0.153162957303987
  0.326974004769981 -0.026055812158971 -0.026863012739936 -0.097902492151562
  0.201583459569063 -0.000399662279315 -0.014177076744541  0.019012326317291
  0.000979787769179 -0.005058305207306  0.004919688288695  0.086947630973993
  0.072394406461624  0.001890740952738 -0.006538685825034 -0.005954515552125
 -0.056707303934037 -0.092723445856343 -0.003958249706454  0.002411821398760
  0.000616880866356  0.039139771143262  0.052602961081228  0.002343417363901
  0.001231014243382  0.000603956409353 -0.043718532949057 -0.042208215905062
  0.001860369675148  0.001520231642764 -0.002193243615287  0.133574013428821
  0.144516605140011 -0.000996469360892 -0.002175725985857  0.000228923730736
 -0.065064559431793 -0.079116911612552 -0.000530330697290  0.003416198811431
  0.001509215741360
   18 Orbital Energy    -0.290615 Occupation  1.000000
  0.049089592067502 -0.098586655478887  0.211101724028554  0.033360026753069
 -0.243112841715859 -0.233751367974146  0.140839983351732  0.012064144935905
 -0.160909597434143  0.006235280130471  0.006855750515090  0.013196598764054
  0.002522684411053 -0.012021739344535 -0.004704996557168 -0.017517768945088
  0.036302029637089 -0.048042593286714 -0.070586100192892  0.221402574529794
  0.067737482813799  0.010944854160061 -0.049127870439969  0.076499453553543
 -0.003384630963195  0.011525998959702 -0.010509410802187  0.014715282512464
 -0.005843886076191 -0.006518115169489  0.014196334980955 -0.031003614228141
  0.076251946872312  0.044666267694615 -0.157099163833713 -0.065061477505114
  0.079849672812234  0.068325790822941 -0.050133102099263 -0.001183743638965
 -0.016677303426506  0.016606268311935 -0.003666362945942 -0.014826125823503
  0.003580436205461  0.006925955514963 -0.011261966194767  0.006318172336792
 -0.037330472977015  0.106688202819408 -0.064689426730255  0.020058136142689
 -0.013641762152388  0.056901436671359 -0.001523815980645 -0.005339540155109
  0.009217479855503 -0.003999952144939 -0.002400450693061  0.001726572153143
  0.004068356562581 -0.005918152236080  0.136092912980869  0.299187683831090
 -0.160160880719437 -0.011465676332889  0.084370564942843  0.192125321155477
 -0.108066288296998 -0.002774354937140  0.018383491845106 -0.012116723204765
  0.003090111993513  0.005925832997448  0.002231063826851  0.118734376743601
  0.099780774850045  0.004205541985558 -0.005231754631421 -0.002332740978908
 -0.121526340219906 -0.130028746667687 -0.003459796601778 -0.001109508312292
 -0.000572686675327  0.165792480206149  0.156228261705908  0.002156057014334
  0.003773414779806  0.000745213662778  0.001216539094522  0.001732726167205
  0.000039071879539 -0.001113748808628  0.001596419528282 -0.054104247003885
 -0.044745571150011 -0.000888795787844  0.001510792975759  0.001838954965169
  0.076808858780271  0.082381845495008  0.000859696333182 -0.000647689311124
 -0.000792777288845
   19 Orbital Energy    -0.249077 Occupation  1.000000
 -0.007854382849099  0.011111657619038  0.472313947413002 -0.060171806334010
  0.281951163545998  0.048052526982154  0.347829424483684 -0.044574340122015
  0.206138142861638  0.011744259283653 -0.001611928383110 -0.017168698950615
 -0.001635909222727 -0.013895922677999  0.003943497461235 -0.019694012237096
  0.029412392295258 -0.009125047218753 -0.001712716908905 -0.110793289542143
  0.156078935172968  0.080705664937959 -0.032636699559233 -0.047917237084735
 -0.005726098662092 -0.011559129218292  0.015011391217134  0.017558937406963
  0.015865938183370  0.001296755213266  0.029158546245046 -0.058400922242657
  0.087251694345927 -0.077725346431772 -0.033148948844637 -0.193956418406511
  0.131480809516672 -0.035395298889099 -0.001836374673783  0.002463847248665
  0.005973062860758 -0.006469509688753 -0.014188216407978 -0.007655262508017
 -0.001336607220380  0.015824437858825 -0.034949895468557  0.039401354103608
  0.019366276887514  0.021291708888215 -0.118565511730907 -0.035672019064592
  0.033455580517801  0.020188471113505 -0.001145096085319  0.002723842253454
  0.000281807571671 -0.002200986780307 -0.002536836235801  0.002414640437406
  0.002083882230736 -0.003823584017943  0.223513982446934 -0.005767471640634
  0.152087694006486 -0.004579274765633  0.139727914025492 -0.005740225894503
  0.102447671731107 -0.003305891544130 -0.002441459026541  0.006693636934761
  0.007072270824654  0.005976956700508  0.003584394039127 -0.024655840092344
 -0.020238657866719  0.017320280340337 -0.000869489408026  0.007824169494068
  0.129128617332889  0.130116085554432  0.000310924446269 -0.000917666535773
  0.001439558487272 -0.011818654473139 -0.017951284600088 -0.001663042014343
  0.000133829120300 -0.002103697862602  0.002201165466464  0.059798641346255
 -0.000528697181728 -0.000125475337449 -0.000698585563458  0.004235231768624
  0.047344581435859  0.000026680384003  0.000260572687299  0.001244904749518
  0.000474662959015  0.038999871067692 -0.000647864943848  0.001895818386694
  0.000408300627403
   20 Orbital Energy    -0.190611 Occupation  1.000000
  0.000010146665635  0.010578436738797 -0.252680393285815  0.068493882631216
 -0.014405030889924 -0.060219426899741 -0.203575338956275  0.079745945365059
  0.002766973372504 -0.000758584415956  0.004088582420704  0.005903255419680
 -0.003128819563870  0.006798349203744 -0.002868971199421 -0.033459932789643
  0.068430987211019  0.218815378661459 -0.048533827818876 -0.022858094988631
  0.250315844534185  0.116573043866804  0.037692056580815  0.020765237253228
  0.006056590941538 -0.001850273624028 -0.006872694429065 -0.011541351421618
 -0.007086257466402 -0.003428918202194 -0.011251983205175  0.024627557516017
 -0.154829690255927  0.022309229446865 -0.017436681101587  0.118600923789572
  0.030385346119351 -0.023289542347924 -0.001187939398667  0.012145629232743
  0.000349770500058 -0.011680611976648 -0.028856102172211 -0.025065582448926
 -0.007410453614373  0.033112259912577 -0.062439148566321  0.124786541522034
  0.108655332815897  0.133725099390223 -0.226034158013192  0.118160158877913
  0.077148210219183  0.093912684606380  0.000413265578802  0.003140167487080
  0.002404165193370 -0.000809141415105 -0.002653196650670 -0.000613610865793
  0.000883065825070  0.007101608223928  0.510770838964812 -0.018025212641898
  0.117008912935498 -0.050551982977331  0.372169282298044 -0.021718078949194
  0.072347397570838 -0.001631623508700  0.002649694213934  0.007022314986926
  0.011381163779642  0.009701871117084  0.001687110074766 -0.012372928553890
 -0.012563120348521 -0.008322025056487  0.002985397873152 -0.001839314314871
 -0.044411013577785 -0.109426452352503  0.003275972319148  0.000788447919513
 -0.001304804926404 -0.036072290458433 -0.074937233179561  0.004156459438994
 -0.002664051445885  0.000940906315407  0.001691585652088  0.054649395319553
  0.001595261979464  0.000647283374907  0.000934223368757  0.035908259974429
  0.046592435494391  0.003059370767644  0.000782077468729  0.003544884553212
  0.036992535968743  0.056830631772669  0.003934887988847  0.002073673803175
  0.001106648487371
   21 Orbital Energy    -0.053593 Occupation  0.000000
 -0.010973129053704  0.023564293480966  0.020153393488232 -0.022952541892143
 -0.032412905353463  0.092991665565334  0.018191828549260  0.004554858886025
 -0.053644697504162 -0.002971742720056 -0.004374710048503  0.001728164273471
 -0.001399035146851  0.001525734484676  0.000021099870853  0.001661835828036
 -0.002680253745620  0.013319486799495 -0.015901975987545 -0.022381871478370
  0.009409661384284  0.015288031610125 -0.107432868957983  0.098765164785142
 -0.008133058816862  0.006562015801655  0.002293251223730 -0.020206135928951
  0.022710639933677  0.003506223156966  0.001008671094137  0.006138030176531
 -0.094409793251700 -0.363251832994853  0.369683581286892 -0.041826735180546
 -0.076316455148929 -0.343029255451885  0.314128748330767  0.003326619167424
 -0.024296668448784  0.022914414664244 -0.000589226453864 -0.005176842255828
  0.001195944811569 -0.001993755952990  0.002041719669349  0.001248569988219
  0.017632105890632 -0.022910506886809  0.035553885032353 -0.010075272223499
 -0.041461900744109  0.030758830415123  0.004458677608676  0.019904116253180
 -0.024482633832925  0.017715510715566 -0.008545381196197  0.000566745633842
  0.000873830488429 -0.002193324797898  0.088468109321866  0.286500086625189
 -0.291501702465438 -0.008529480731756  0.080978529839887  0.275494402288866
 -0.280751188429497  0.000252277696522 -0.002434616855906  0.002286564753997
 -0.000479132574155  0.000448964396200  0.000102725332132 -0.014170335810509
 -0.082489199539972 -0.000138962654278  0.000020716411594  0.000120679496666
  0.080215558324630  0.256292702708166 -0.001139011148206  0.000495612488299
  0.001140750722070 -0.100651704853944 -0.307909943627937  0.004018843253912
 -0.003728176104349 -0.001298976665775 -0.016954404544670 -0.051189588396567
  0.000205403881973  0.000803992276401 -0.001552676383979  0.106608152828357
  0.230880782146747  0.004508954179701  0.001372371021744  0.002815389652642
 -0.091180160651632 -0.205517139153635 -0.003832226679794 -0.000962854110218
 -0.002116040780633
   22 Orbital Energy     0.028734 Occupation  0.000000
  0.085114780796908 -0.122126042759527 -0.118663773997757 -0.127678369116982
  0.197597453166684 -1.009619012293860 -0.178852470274062 -0.182626688019099
  0.320983138601371  0.036654137741608  0.038026194435414  0.024828053908054
 -0.000263635103523  0.007758818073285 -0.001352682531962  0.016112343278253
 -0.015025877471037  0.019484317660916  0.136146076394154  0.132821385945309
 -0.368502872833331  0.055676093937085  0.354590558446827  0.356466930967657
  0.005784596166722 -0.007810232984404  0.012415410237509 -0.000271981020341
 -0.000624068965205 -0.013280867435377 -0.004834857362659 -0.028663474185976
 -0.003184991782506 -0.031291652561905  0.041093812099847  0.271596419318176
 -0.092786898041036 -0.012049909870221 -0.055819677741487 -0.016283480785403
  0.004088729417824  0.005480255571333 -0.007226629809326 -0.005233832423661
  0.000927580682922  0.059211475795367 -0.080649416934709  0.005719824451975
 -0.082293218331270  0.021146600591131 -0.755609582369273 -0.078810979235357
 -0.257561661477677  0.030810551739595  0.011660753791940  0.007977874241720
 -0.001292726243862 -0.004141961119159 -0.001023810474168 -0.002079749243773
  0.001359951779524  0.018260210345559 -0.045776464172824  0.030223426852262
 -0.006869431899253 -0.106576546461554 -0.015863838928438 -0.013313193453595
 -0.030435275011246  0.004513468172398  0.003542093264373  0.008661886242211
  0.000298234626961  0.001396359499061 -0.003782952456211  0.124741962522969
  1.105110935901049  0.005157003821045  0.008604206822330 -0.007707062823825
  0.019566314277056  0.439830687997744  0.000856510864879  0.008356620341325
 -0.001882440340851 -0.008432169808773  0.180559705126160 -0.000534682617161
  0.003165539565440  0.007521727059669  0.040319312525519  0.254461358494725
  0.002666633824081 -0.001842513102077  0.001084961917108  0.015797719668263
  0.607452408419006 -0.005900212842512  0.004523655204329 -0.001571008940659
 -0.016844247800491  0.191886043647462 -0.002961118354911 -0.000616433032427
  0.000782306185259
   23 Orbital Energy     0.098222 Occupation  0.000000
  0.048505061164612 -0.069556386370284 -0.002765720672409  0.007647842534069
  0.157313719852304 -0.562515483145869 -0.015797637037377  0.025247747740717
  0.200836440301323  0.018563617367993  0.034681560011515  0.009301245737357
  0.002443452446782  0.000904969339129  0.002852071772116 -0.090262938672961
  0.155774368742786 -0.115813739175989 -0.021744713594010  0.094508760029063
  1.232059721591636 -0.407565408084686 -0.222452997735011  0.123523321734490
  0.008362714374160 -0.017378389626452 -0.002352416937609 -0.000444861413707
  0.001033829667826 -0.004919653007304  0.020193140077995  0.036623688985993
 -0.023968470997667  0.015373002289481  0.011148276858453 -0.513469716206744
 -0.016097049533699  0.270692295950839  0.150233959174862  0.005192260881663
  0.002167162196565  0.001916983400751 -0.003349126693567  0.002200656002280
  0.013817315693604 -0.095426482165761  0.138359010932654  0.006409094859368
  0.066805994489585  0.109350383957184  1.398611198321354  0.008867913730861
  0.252839636102324  0.349424291890370  0.001501216223457 -0.009842045868920
 -0.013180323514080 -0.004889153162685  0.004330370414221  0.004937639362472
 -0.030054393936408  0.051105093716605 -0.012832481451745  0.042404111342281
  0.051490361270305  0.431380671302319 -0.025824548292849  0.133879558535976
  0.153612902468939 -0.012191719397704 -0.004197929964412 -0.003836778976702
 -0.003359079906745 -0.002786159946916  0.010493915994396  0.078188542626109
  0.534797246995124  0.001749111057720  0.012618518061812  0.000322832339601
 -0.017859678828649 -0.513711629036671 -0.003536125798803  0.004704998102393
  0.004550549892723 -0.044273987032052 -1.052985728507810 -0.003198604443494
  0.009277475560916  0.001160910935048  0.021729874157687 -0.293680451986219
 -0.001640344504753  0.003457625978473  0.003867842643365 -0.048443125502858
 -0.790785980562165 -0.003567830945423 -0.003474657449067  0.004960346255220
 -0.054455196258092 -1.017334553430783  0.002162325015638  0.003465593861663
 -0.005455423878210
   24 Orbital Energy     0.105976 Occupation  0.000000
  0.006054871323509 -0.012302374981266  0.004412159502242  0.054821259229124
  0.003454601214872 -0.083906734918719 -0.047583475139505  0.097972795000068
 -0.009443332676688  0.000088253124681 -0.000892868472896  0.001861164718675
 -0.004959251964957 -0.002031772172034 -0.008765260628454  0.088294892641494
 -0.124693949006944  0.168400699489729  0.138024520454636  0.144425802380669
 -1.453443868610638  0.341547320190677  0.493487742852886  0.426497507944936
  0.010301361649979  0.003699592068574  0.013527611371321  0.003975470530488
  0.008497148212806 -0.011492111372954 -0.010757032335091  0.013025983651675
 -0.018156120544958  0.030041136351542  0.059007183146327  0.223884326119597
 -0.189131574188052 -0.013757029133296  0.086000126395009 -0.016374393881965
  0.009394470630035  0.006050214369842 -0.004586854544574 -0.012262778061844
  0.010999559666129 -0.056451295277165  0.065345641680191  0.080381885419788
  0.205845503089975  0.070303884953934  1.034522725937474  0.131846766103685
  0.527185450251185  0.137798963882046  0.010136948471151 -0.013449994259884
 -0.013774683992998 -0.001168220369368  0.005321927776884  0.004064644166272
 -0.009054288554751  0.023155175782469  0.029064908302180  0.042191208665674
  0.043217815147460  0.055418459448861  0.032970135500079  0.052668077941437
  0.024278172935625 -0.005077252160034 -0.000700270095794 -0.000155504010397
  0.002260697252705  0.001505949461869 -0.002129798741196 -0.002425835493266
 -0.141259819501307 -0.004790751933884 -0.000389438791349 -0.003374527090053
  0.071037449027998  1.201621199513802 -0.002471838209893  0.006034208830516
 -0.007777047561807  0.051281102049237  0.934151000675840 -0.000187765889838
 -0.004464927814346  0.007852454440066  0.029663286739719 -0.086000153101881
  0.003446565080684  0.006636487589474  0.003305323618998 -0.055854375431925
 -1.058153450299087  0.001402764238947 -0.006048173431712  0.005966649051872
 -0.050039212878002 -0.532218185501844  0.000602249249868  0.004638058897563
 -0.004575733524305
   25 Orbital Energy     0.122156 Occupation  0.000000
  0.009926023147905 -0.039645534125013 -0.011676770945798  0.115972349029263
 -0.043776634193061 -0.034222464383455  0.040442883880265  0.205500979943226
 -0.043871084734746 -0.001153135629660 -0.003123315858873 -0.008342091104652
 -0.000993011750289  0.007710965535023 -0.005395198158611 -0.015824438340432
  0.008618561303896 -0.121996815585443 -0.045814601904066  0.151388782163874
  0.336944924458883 -0.325532031564298 -0.175235714932537  0.437675010564614
  0.011334513935287 -0.010521124108977 -0.002420021423574 -0.006821901891278
  0.015991607670345 -0.001483112471206 -0.004640094332035  0.018838487141980
 -0.053771047619477  0.045042696238089  0.047374358441852  0.051613007352410
 -0.018928987801971  0.114941094622105  0.184047037847267 -0.010756316396405
  0.008435888648771  0.005534352017395  0.007221459678382 -0.014197222985530
  0.021647005387250  0.071225204735910 -0.103518197142458 -0.178676323195979
  0.234645369430140 -0.119587395572358 -1.136374210612307 -0.441757036617214
  0.720352091578440 -0.277273367073747  0.023428632050194 -0.008043578194456
  0.003421908984452 -0.014256029790041 -0.007765366723382  0.003047538276447
 -0.013029032469317  0.015236099171978 -0.050790175058699  0.041278509767419
  0.045114783362450  0.193231260051075 -0.028619291398650  0.080622082710256
  0.054260707835364 -0.003123063486216 -0.007564198773755 -0.009867588419246
 -0.000978627034069 -0.001739696302696 -0.000601504282022 -0.013208844121007
 -0.220807468956269 -0.003709893483943  0.002210464278579  0.003173148003506
  0.048849153732078  0.312807926903734 -0.009231808450627  0.000950468777727
  0.001651189958240 -0.060795176493733 -0.794369315070274  0.000233809731983
  0.004858171769760 -0.000203116869913  0.112336597416176  1.483312451569206
  0.010618293704216 -0.000646666343975 -0.005982248356594 -0.061854219317462
 -0.540083596086392 -0.004073289865392 -0.000619515322906 -0.000314120274178
  0.030294099417776  0.649337209323646 -0.010149293127524  0.006547507322311
  0.003442777980116
   26 Orbital Energy     0.125153 Occupation  0.000000
  0.002909139291068 -0.025136276108376  0.020852788477798  0.162217391106166
  0.084254309585903  0.014089811123673  0.067833149611184  0.219212565443132
  0.127836248000610  0.002191590960422 -0.015155144404287 -0.005348490718903
  0.002824056621659 -0.003805563810004  0.008766254441005 -0.010863516750304
  0.014970507066172 -0.076282696180700  0.268423428538567 -0.165890661004060
  0.108357887103382 -0.219148323546845  0.661389011332302 -0.491264792494302
  0.017658076448289 -0.004786064106309 -0.012675890333876  0.011334233263614
 -0.004418688874866 -0.016380612150355 -0.013608881647714  0.014562177605636
 -0.038319645292487  0.027842986006085  0.062735315222396  0.257519211246675
 -0.043277116820607  0.153814048150294  0.239084106191489 -0.025318780542669
  0.011799035200933  0.008589640221399 -0.013630799162430  0.008097490842582
  0.007104843409479  0.028605069241473 -0.036925198735787 -0.167573513629089
 -0.011656254074591  0.211443223886120 -0.515907908712798 -0.449512621422724
  0.009826477783096  0.665145809915634  0.013585083295400  0.012721497207677
 -0.020792634683751 -0.005988751290575  0.006214089384565 -0.002500801359616
 -0.015199347438454  0.030214277047319 -0.033005856544539  0.075474799411964
 -0.013373797564504  0.187444397601515 -0.020885294825505  0.087945616093662
  0.031053803288688 -0.007611557890004 -0.002399517562387 -0.000620145413405
 -0.003579782883887 -0.001464758206276 -0.000270535685625 -0.078133575081374
 -0.429938526064712  0.004123153376100 -0.004910199074642  0.004970930353283
 -0.053437333953454 -0.872755135050543 -0.001258993054079  0.007277498705911
  0.006008827374880  0.079793878297348  0.806757637686542 -0.009494452458761
  0.000592462276452  0.002721412912117  0.073045534227033  0.895196682740363
  0.003790603867979 -0.005239437809626  0.007054524707080  0.041731141532320
  0.520122334882871 -0.004376924399794  0.005609258798371  0.004552684840357
 -0.098624194811014 -0.890586869068922 -0.000551551904818 -0.000173144929718
 -0.005441305934423
   27 Orbital Energy     0.143481 Occupation  0.000000
  0.044573654504457 -0.086437417370536  0.030341363589173  0.256753577312309
  0.141143475509426 -0.503531434758956  0.019500394628531  0.431163758110364
  0.263907706806665  0.004216582168591  0.010008589134019  0.010619094117655
  0.000195600730111  0.002636521589688  0.002716661059166 -0.073214889994758
  0.142067268784725 -0.014079442411293  0.317625643176677 -0.009067749856284
  0.719320151628327 -0.158316115509812  0.751903013309976  0.060155040460918
  0.006923683211535 -0.008517691607875 -0.004222600885765 -0.000139420748160
  0.006507762517886 -0.028671637321244 -0.014685891849786  0.023300265087783
  0.071698366010897 -0.060592165144260  0.124511858001534  0.326231876082288
 -0.013849773343350  0.028322925955967  0.453161768590953 -0.000816609263655
  0.000219260701841 -0.005128354187072 -0.004911917211641 -0.009837878292431
 -0.004973652070727  0.019409035061796 -0.020114705209309  0.237289276012053
  0.043741649802080 -0.193899405176361 -0.293840279275646  0.817228551002744
  0.109648603813658 -0.540419256282714  0.002226927265885 -0.003567614670403
  0.008023704312815  0.013696440327933 -0.000629284110327  0.002373541642800
 -0.013484204468858  0.039068307652643 -0.090325390882776  0.042135259829113
 -0.060672237798233  0.165674669899225 -0.084850249914491  0.111195718102146
 -0.055317422597513 -0.006271612220766  0.005828432700866  0.007717468543093
  0.003966315370890 -0.003257685519702  0.005734633862715 -0.022829661593032
 -0.288266397946803 -0.002798050719586  0.003221078658029  0.003791435933309
 -0.002296643376034 -0.534153763076311 -0.000537700038745  0.014988393606728
  0.008285893128617  0.011677209657630  0.202608775235531 -0.000746974891769
  0.004500179818442  0.008637717140010 -0.053627916694613 -0.788909758454491
  0.001314190753130  0.007902839765219 -0.003009598733911 -0.015541868679665
 -0.360414940685039  0.008847199147520 -0.003595442943520 -0.002271580994563
  0.043592913680633  1.081523634699521 -0.000041255125102 -0.000447257485709
  0.005697048971353
   28 Orbital Energy     0.161959 Occupation  0.000000
 -0.004962147730886  0.012657504441325  0.078799795556304  0.179671814815745
 -0.023343858029768  0.081463818391179  0.120975173128745  0.299098403117378
 -0.090641401607303 -0.001810641780044  0.010983137039717 -0.007838147173192
  0.004160103316278 -0.000623527424497 -0.000866199344066  0.007472544358971
  0.016586536625548 -0.119567151462872 -0.033639874816739  0.318125324941002
 -0.245096971716278 -0.471066994036936 -0.132304520150685  0.695557815677663
  0.019604368674852 -0.016498201589382  0.000893918271194  0.000452142128377
  0.004514698072909 -0.008439611418374 -0.079163275533860  0.118358028519193
  0.070897499838261  0.188523318527768  0.022579335686563  1.312050334069423
  0.170880365844825  0.659388386156271  0.226474434833239 -0.012436077437641
 -0.003630740001643  0.004642844109169 -0.006340092682710 -0.006889962388632
 -0.007820478236922  0.054083029496564 -0.060855823562902  0.128482610462992
 -0.149903417543244  0.198949355528737 -0.900878589819790  0.675839579100721
 -0.395060075048751  0.739117419663133  0.006482648966026  0.002384116310358
  0.002560196891100  0.012497227228698  0.018648090901776 -0.002502714174794
 -0.001572253981326 -0.009036857068843 -0.039527145325784 -0.089854430945947
  0.026168584858827  0.107977342383074 -0.085601265125206 -0.092431477672026
  0.045549691811798 -0.011759793580219  0.002892903657159 -0.000954783516941
 -0.001886619899754  0.001674809658720 -0.000558857502322 -0.043192102707491
 -0.502860891320666  0.000086030321146  0.000584618047959  0.008365412262971
  0.041504330276612  0.803206380951101 -0.010820200601327  0.002641687448744
 -0.002283686381036 -0.012266525606129 -0.777177868236850 -0.001667143731901
  0.009817557365958  0.003335827833402 -0.047623088834707 -0.439205099144498
  0.002338387722286  0.001263997279515  0.011274847690203  0.033857830101712
  0.961521135876906  0.008735154629010  0.006016296741471  0.001464120446439
 -0.043840017911532 -0.386712197157072  0.007968448031233 -0.004291215031527
  0.001756131013083
   29 Orbital Energy     0.193193 Occupation  0.000000
 -0.018576940629642  0.033699509086965  0.100836769987891 -0.249901575221417
 -0.005521790884556  0.220275989341762  0.133863699154873 -0.426928993873304
 -0.034613590641808  0.000131708557459 -0.009255146362869 -0.002351461200241
  0.012086073281701  0.001384463881785  0.002655713998937  0.077670498891620
 -0.135508653496731 -0.286064422829625 -0.033241711384189 -0.186348227544869
 -0.868866466604190 -0.786877015980577 -0.152336090255906 -0.582348044341923
  0.016390209508238  0.003108306933642 -0.014476784138164 -0.013000925367358
 -0.004187255792090  0.018634813589533 -0.142229994555063  0.224112736590351
 -0.041846950475856  0.081581846483307  0.155382063908567  2.263455592692676
  0.102561925398791  0.271628994597014  0.480491460155108 -0.005677778019161
 -0.002396109978467 -0.005775682440403  0.018698503413063  0.003587807297482
 -0.022320337337993  0.045151828868975 -0.041599882774678  0.141435991527874
  0.173437833946930  0.053009994017381 -0.808760494002588  0.732659989762510
  0.708295619594787  0.411671508652216  0.010677144260747 -0.011213809448588
  0.005058213713848  0.015512520895897  0.021012192705452  0.008937469079854
  0.030108016698374 -0.086992729102809  0.071575035860020 -0.088593466046294
 -0.129527784420261 -0.265088577717476  0.041127924850329 -0.146798687670521
 -0.196048796656611 -0.003661490806589 -0.001041312868791  0.000228049935723
  0.000329736901677 -0.007583903949208 -0.003595208595205  0.061109221340517
  0.484662301077402  0.005050070292780  0.001872158308196 -0.003559372827880
 -0.044725636211812 -0.580601377760452 -0.008102010539530 -0.004365621320101
  0.006302194060126 -0.047104615470899  0.140141100381653 -0.008755524207005
 -0.001748959570606 -0.008592670494417 -0.027793608994332  0.106059918577821
  0.006630299708778  0.009336403561272  0.005454401410909 -0.081245286019217
 -0.560851603388976  0.006053483611043 -0.002206729534477  0.006432749448876
 -0.024181250437509  0.145610284412609  0.010928555290387  0.006322457576407
  0.005082383273415
   30 Orbital Energy     0.260982 Occupation  0.000000
  0.004360326414272  0.005690011151509  0.114542365090114 -0.003123307598273
 -0.031577731299789 -0.168204799301782  0.200992283668628  0.094358908579245
  0.029010751377894  0.019599771627641 -0.011838633307404 -0.001570541712661
  0.011354174987444  0.006349459065568 -0.009503590711537  0.074137716616330
 -0.102537912265123 -0.216312644729125  0.025367863668406 -0.011412956157683
 -1.435901186596127 -1.269204354097738  0.631255953643251  0.399635373320975
  0.036691757774197  0.000250402177014 -0.012989314336664 -0.022743161636447
 -0.007721954461124  0.018491352479657 -0.016396220469378  0.022008414558577
 -0.613533334297994  0.032971679961335 -0.121722132164132  0.038324430158076
 -1.971594844538947  0.305137385108167 -0.198423384407036 -0.013179796522802
 -0.003850952767381  0.000694856199638  0.008941590606117  0.002630583033960
 -0.007493535679438 -0.054488585996332  0.019053932753475  0.037154572597162
 -0.098579020311086 -0.078487596168015  1.165650603091903 -0.431208416045909
 -0.858364931510714 -0.952167749103739  0.002123548353011 -0.008464146476021
 -0.017386726442507 -0.018536507735963 -0.022064089367011 -0.028967164604081
 -0.015673018236017  0.012430271867306  0.161751600033782 -0.001982309488652
  0.045678681214021  0.329355846990094  0.394086919240003  0.088187698180213
  0.189932809608551 -0.010616590895994 -0.000985037459172 -0.006292114045947
 -0.011040960083059 -0.011487451035842  0.006097809965643 -0.006198929265671
 -0.143691162432728  0.003878685257930 -0.003032915058875  0.001897268532420
 -0.036570126677742  0.068845837848580 -0.013167970073447 -0.000566386310383
  0.004860930069634 -0.062754849113826 -0.004993799450373 -0.012249017920373
  0.003708979130122 -0.003935207850445  0.072577526364993 -0.475312499912836
 -0.003437248046757  0.001726846898598 -0.000054754787168  0.046528785168905
  0.251852931238992 -0.005924233487781 -0.004735566275225 -0.012639194655229
  0.033796138840147  0.351796953770530 -0.009786755573395 -0.011350398378395
 -0.006282087279025
&
&hess
   1
   1  1.062090E-01
   2  1.031738E-01  5.335712E-01
   3 -1.129118E-01 -8.229194E-02  3.211340E-01
   4 -5.810990E-02  1.205609E-02  1.588532E-02  4.317274E-01
   5 -3.349587E-03 -1.817548E-01 -4.460229E-02  3.966695E-02  4.945313E-01
   6  7.059435E-03 -8.738877E-02 -1.287278E-01  2.104046E-02 -3.114081E-02
   7  7.470297E-03 -4.978525E-03 -3.605391E-03 -1.577195E-01  1.996890E-02
   8  2.374264E-02 -1.899179E-02 -1.267237E-02  1.904049E-03 -7.349873E-02
   9  1.907449E-02 -1.677163E-02 -7.592996E-03 -1.545236E-02  9.215940E-03
  10 -2.027769E-03  4.303711E-04  4.842158E-04 -1.769780E-02 -7.664979E-03
  11 -1.355349E-03  1.075361E-03  3.347109E-03  8.382983E-03  1.320699E-02
  12 -6.328237E-04  2.385123E-03 -6.798263E-04 -6.902099E-04 -6.576779E-03
  13 -8.455785E-03  9.590696E-03  6.595667E-03  1.880485E-03  2.821061E-02
  14  5.089892E-03 -3.974703E-03 -3.275036E-03  1.960692E-02 -1.079335E-02
  15  3.084155E-03 -3.052007E-03  4.280174E-04  1.491362E-02 -1.991143E-02
  16 -5.421866E-02 -1.228951E-01  9.040109E-02 -2.242736E-03  4.434720E-03
  17 -1.063701E-01 -2.927420E-01  1.658129E-01 -1.235301E-02 -3.035087E-02
  18  9.854519E-02  2.175835E-01 -1.788533E-01 -7.715629E-03 -2.946622E-02
  19  3.984396E-03 -2.018549E-03  5.193091E-03 -8.617866E-02  1.931018E-02
  20 -1.111375E-02 -6.316454E-03 -3.385734E-02  1.662238E-02 -5.092860E-02
  21 -5.556202E-03 -1.101447E-02 -1.705150E-02 -9.202342E-02  3.165052E-02
  22  4.533522E-03  2.849931E-03 -3.243522E-03 -1.093485E-01 -9.702457E-02
  23 -1.184888E-02 -3.209396E-02  7.644777E-03 -8.473852E-02 -1.592502E-01
  24 -9.792453E-03 -1.964953E-02  9.714473E-03  6.590868E-02  9.399313E-02
  25  1.012456E-03 -4.523069E-04 -3.008167E-04 -1.408033E-03 -1.926671E-03
  26  1.478367E-03  5.823802E-04  3.577442E-04 -1.124457E-03 -1.216401E-03
  27  1.381569E-03 -1.665178E-04  5.877000E-04 -1.880330E-03 -3.673450E-03
  28  3.600445E-04  1.382194E-03  1.195722E-03  8.500421E-05  9.282345E-04
  29  1.259803E-03  9.252256E-04  2.573958E-05 -9.526570E-05 -4.231238E-04
  30 -1.349309E-03 -2.222743E-04 -2.078384E-05  6.620667E-04  2.394482E-03
  31 -8.195014E-04  7.547425E-04  1.864736E-04 -1.008169E-03 -2.565373E-03
  32 -8.117595E-04 -3.912536E-04 -6.378670E-04  5.610595E-05  5.278546E-04
  33  9.492810E-04  4.343748E-04  1.118687E-03 -6.490683E-04 -1.878233E-03
   6
   6  5.302066E-01
   7 -1.332912E-03  4.647507E-01
   8  9.299397E-03 -7.230105E-02  5.783419E-01
   9 -7.598058E-02 -1.190497E-02  3.354003E-01  5.494327E-01
  10 -1.829952E-02 -1.565809E-01 -2.133029E-02 -3.921640E-02  5.152478E-01
  11 -3.287213E-03 -1.653391E-02 -8.118291E-02 -8.381739E-03 -5.633463E-02
  12  1.245518E-02 -3.849800E-02 -9.972180E-03 -1.007565E-01 -4.739018E-02
  13  2.309723E-02 -1.157883E-01  8.108117E-02  6.449210E-02  1.817246E-02
  14 -2.300316E-02  7.925735E-02 -4.024595E-01 -3.138780E-01 -4.227230E-03
  15 -1.457025E-03  6.276634E-02 -3.138856E-01 -3.560261E-01 -7.022963E-03
  16 -3.505538E-04  2.913639E-03  3.667325E-03  1.665256E-04  1.514037E-04
  17  2.030018E-02  5.556252E-04 -1.108786E-03  6.638023E-04 -1.515530E-04
  18  5.928413E-03  5.387311E-04 -4.350796E-04  5.446426E-04  3.261642E-06
  19 -9.462444E-02 -1.597477E-02  5.206219E-03 -2.924402E-02 -3.959933E-03
  20  3.391528E-02  1.729912E-04  1.356182E-03  7.971428E-03  7.823686E-04
  21 -2.344630E-01  2.496205E-03 -5.986954E-04  1.015708E-03  5.616290E-04
  22  6.824569E-02 -1.808088E-02 -2.071667E-02  1.739202E-02 -1.120224E-03
  23  8.433102E-02  2.810960E-03  6.703368E-03 -3.704618E-03  2.572245E-04
  24 -1.061451E-01 -1.768021E-04  1.285984E-03 -9.249951E-04  2.027255E-04
  25 -3.061848E-03 -2.332388E-02  1.390113E-02  5.149483E-03 -2.389572E-01
  26 -3.117569E-03 -1.404439E-02  6.479665E-03  1.949564E-03  1.190386E-01
  27 -1.051019E-03 -1.805364E-02  1.199107E-02  2.395372E-03  3.385105E-02
  28 -3.528948E-03  2.109860E-04 -2.035938E-02  1.042505E-02 -4.828002E-02
  29 -1.157254E-03  3.044775E-04 -1.304722E-02  1.476571E-03 -3.330623E-02
  30 -1.162751E-03 -3.290689E-04 -2.039479E-02  4.544149E-03  6.810579E-03
  31  1.706977E-03  1.209386E-02  5.296646E-03 -2.082224E-02 -6.491195E-02
  32  1.293433E-03  4.818232E-03 -2.674257E-03 -1.401312E-02  2.548520E-03
  33  4.037831E-04  8.062546E-03 -8.067746E-05 -1.665242E-02  7.007275E-02
  11
  11  5.073446E-01
  12  3.976526E-03  4.895369E-01
  13 -1.905118E-02 -2.042427E-02  1.013064E-01
  14 -1.320268E-02 -3.680974E-02 -9.440159E-02  4.301521E-01
  15 -3.951287E-02 -1.663740E-02 -7.125848E-02  3.773756E-01  3.762783E-01
  16  2.294782E-04 -6.045526E-04 -1.125256E-03 -5.361953E-04  1.589648E-04
  17 -2.299098E-04  2.261880E-04 -6.819572E-04  1.269323E-03  3.262884E-04
  18 -6.868011E-05 -2.906208E-04  4.127834E-05 -2.082101E-04 -7.222702E-04
  19  1.216683E-03  2.640202E-03  2.747931E-03 -2.210376E-03  2.983519E-03
  20 -6.672681E-04 -2.684326E-04  9.988025E-06  7.073158E-05 -7.536355E-04
  21 -1.312647E-04  2.179946E-04  4.256376E-04  6.449425E-04  1.616328E-03
  22  3.162185E-03 -1.650084E-03  1.464491E-03  2.767789E-03 -2.648954E-03
  23 -4.213786E-04  8.026531E-04  2.977305E-04 -5.754429E-04 -1.140109E-05
  24  4.446241E-04 -8.249483E-04  4.609536E-04 -9.556944E-04  8.367171E-04
  25  1.174481E-01  3.219443E-02  5.004138E-03 -7.878543E-04  1.547700E-03
  26 -1.138863E-01 -1.797763E-02  9.978604E-04  8.160239E-06  1.683898E-03
  27 -1.878739E-02 -5.138328E-02  2.814621E-03  5.964495E-04  4.828178E-04
  28 -3.875258E-02  8.682846E-03 -1.664911E-03  2.934229E-04 -3.420427E-03
  29 -2.776674E-01  6.229162E-02 -2.602817E-03  1.510241E-03 -1.639096E-03
  30  5.721298E-02 -4.716649E-02 -2.264565E-03  8.007572E-04 -4.478932E-03
  31  1.593669E-03  6.644493E-02 -3.530627E-03 -4.938431E-03 -1.178079E-03
  32 -3.438640E-02  1.934314E-03 -3.508661E-03 -1.952725E-03 -6.034651E-04
  33  5.208549E-03 -2.844589E-01 -3.999034E-03 -1.268590E-03 -2.184142E-04
  16
  16  5.523529E-02
  17  1.173952E-01  3.239585E-01
  18 -9.063145E-02 -1.823753E-01  1.729405E-01
  19  2.558658E-04 -8.183329E-04 -7.637844E-04  9.254296E-02
  20 -8.773666E-05  2.678706E-03 -1.169879E-03 -1.669587E-02  5.586886E-02
  21  1.478703E-03  7.895004E-05  1.019749E-03  9.985759E-02 -2.401759E-02
  22  6.091789E-04  1.714520E-03  2.614860E-04  7.329815E-03  9.729899E-03
  23 -1.369748E-03 -3.929877E-03 -4.053611E-03 -3.084106E-03 -2.190848E-03
  24 -1.006966E-03 -5.068026E-03 -9.600967E-04  1.426979E-02  1.843756E-02
  25 -5.690703E-05 -5.330531E-05 -6.629643E-05 -1.060471E-03  3.146032E-04
  26 -6.206310E-04  2.322620E-04 -1.984786E-04 -7.921035E-04  3.130401E-04
  27  2.560445E-04 -7.772752E-05 -3.943984E-05 -3.694001E-04  1.210562E-04
  28 -1.708798E-03  6.570329E-04 -3.720202E-04 -4.360357E-04  1.735939E-04
  29 -3.739064E-04  3.754702E-04  8.656050E-06 -2.616280E-04  8.204875E-05
  30  1.207887E-04  1.087467E-05  5.294482E-04 -2.683586E-04 -2.328724E-04
  31  1.727904E-04  1.043641E-04  1.567153E-04  7.388420E-04  8.827174E-05
  32  1.754141E-04 -1.328776E-04  3.522658E-04  1.468899E-04 -2.759280E-04
  33  6.676818E-06  9.446175E-05 -1.061574E-04  3.334390E-04 -1.449069E-04
  21
  21  2.601026E-01
  22 -7.645688E-03  1.147986E-01
  23  3.302440E-03  9.745932E-02  1.919829E-01
  24 -1.244242E-02 -6.980557E-02 -8.846449E-02  1.107083E-01
  25  1.214863E-04 -3.469769E-04  2.013552E-05  5.985011E-06  2.581794E-01
  26  1.626995E-04  1.112798E-04 -2.373584E-05  1.753475E-05 -1.263766E-01
  27  7.918643E-05 -7.832173E-04  2.444690E-04 -4.867509E-05 -3.361085E-02
  28  3.197432E-05  8.952258E-04 -6.944825E-06  1.434583E-04  5.624018E-03
  29  3.331270E-05  2.767604E-04 -8.206274E-05  1.123694E-05 -4.036737E-03
  30 -1.582375E-04  4.319692E-04 -2.101819E-04  5.582282E-05 -1.035973E-03
  31  2.575580E-04 -7.414842E-04  2.077416E-04 -2.199547E-04 -4.660365E-03
  32 -1.100415E-04 -3.246229E-04 -1.166379E-04 -6.456221E-05  1.929244E-03
  33  7.446219E-05 -5.587464E-04  1.195305E-04  2.498520E-05 -9.539806E-04
  26
  26  1.197961E-01
  27  2.102160E-02  4.987194E-02
  28  2.460873E-02 -7.191152E-03  4.663626E-02
  29 -1.224606E-02  3.908680E-03  3.824752E-02  3.017842E-01
  30 -4.644965E-03 -3.894690E-04 -7.996144E-03 -6.440031E-02  5.540503E-02
  31 -3.281460E-03  2.357501E-02 -1.722388E-03  5.961149E-04  5.212495E-03
  32 -3.723661E-05 -1.517718E-02 -7.170073E-03 -1.197131E-03  2.967859E-02
  33  7.460116E-04 -5.146411E-04  2.027794E-03 -5.663934E-04 -7.161177E-03
  31
  31  6.438746E-02
  32  2.142655E-03  4.063114E-02
  33 -7.532889E-02 -2.652897E-03  3.075109E-01
&
&valid
version=1.0
geometry
atom_num=11
   8    -1.2962752728     1.0763927394     0.5665683167
   6    -1.1793641993    -0.0878695222    -0.2431078492
   6     0.2500410971    -0.6226646260    -0.4466137466
   6     1.3386703978    -0.0259731213     0.4234242675
   8     0.4530256736    -1.5092122624    -1.2681705967
   1    -0.9803021580     1.8285327839     0.0344225053
   1    -1.6474823214     0.0162679536    -1.2428671978
   1    -1.7392588441    -0.8866937415     0.2777567185
   1     2.2754942359    -0.5788327887     0.2747317867
   1     1.4960597553     1.0359793761     0.1635624387
   1     1.0359693602    -0.0355725231     1.4833804105
end
molecule
molchg=0
multip=1
qs_cuts=   0    0    0
end
basis
name=6-31g**                         
numd=6
atom_basis_num=0
end
&
