&zmat
 C4              1.3386703978            -0.0259731213             0.4234242675
 C3              0.2500410971            -0.6226646260            -0.4466137466
 O5              0.4530256736            -1.5092122624            -1.2681705967
 C2             -1.1793641993            -0.0878695222            -0.2431078492
 O1             -1.2962752728             1.0763927394             0.5665683167
 H9              2.2754942359            -0.5788327887             0.2747317867
 H10             1.4960597553             1.0359793761             0.1635624387
 H11             1.0359693602            -0.0355725231             1.4833804105
 H7             -1.6474823214             0.0162679536            -1.2428671978
 H8             -1.7392588441            -0.8866937415             0.2777567185
 H6             -0.9803021580             1.8285327839             0.0344225053
&

