&zmat
 C18            -4.6076064691             5.1391811624             0.8502125390
 C17            -3.7937779893             4.1086527664             1.5936540191
 C19            -3.0174568918             4.6409022579             2.7728896150
 C16            -3.7464220841             2.8260870624             1.1605354982
 C15            -2.9155230949             1.7234639102             1.7373992473
 P14            -1.2988218116             1.4187017972             0.7767875483
 C20            -0.3026150320             1.0106968086             2.3784047981
 C21            -0.1895252182             2.0008767563             3.3822742201
 C22             0.4986552668             1.7631491154             4.5770991347
 C23             1.0952315298             0.5134467421             4.8070893935
 C24             0.9979366924            -0.4804682026             3.8268408441
 C25             0.3086210184            -0.2325252284             2.6268429124
 C26            -0.3413123850             2.9396650926             0.3230300104
 C27             1.0126485373             3.0958515142             0.6802965481
 C28             1.7286631551             4.2307234427             0.2767517467
 C29             1.0947508387             5.2368428207            -0.4643487123
 C30            -0.2511751544             5.0873243958            -0.8281547248
 C31            -0.9597191962             3.9368497081            -0.4591560636
 O13            -2.3297099955             1.5146220376            -0.7619409560
 C6             -1.4697055654             0.6561069887            -1.5040674464
 C7             -2.2262710141            -0.1948669218            -2.5342263105
 C8             -2.4624578214             0.6365140850            -3.8247307928
 C9             -3.6131753248             0.0762581237            -4.6978020733
 C10            -3.7541042913            -1.4421802390            -4.5107642716
 C11            -4.1387459565            -1.7766705168            -3.0467862295
 C12            -3.5785217917            -0.7395717419            -2.0442518489
 C5             -0.7455697137            -0.0434752492            -0.3120393474
 C1             -1.2410287321            -1.4051661369             0.0850105043
 C2             -0.7238221233            -2.5899469836            -0.3212114845
 C3             -1.3502920706            -3.8922334244             0.1117925136
 C4              0.4744502326            -2.7224406090            -1.2261348649
 H55            -5.3570839520             5.6169390822             1.5082487284
 H56            -3.9567201653             5.9543590471             0.4796341512
 H57            -5.1328550527             4.7050209874            -0.0147622989
 H58            -3.6202014707             5.3593752204             3.3558923128
 H59            -2.6786667003             3.8513248215             3.4600717272
 H60            -2.1200653318             5.1873745167             2.4250288118
 H54            -4.3064755636             2.5640346854             0.2572579838
 H52            -3.4369028138             0.7522917351             1.6579567660
 H53            -2.6607511054             1.8749226589             2.7951337811
 H61            -0.6177435703             2.9947199484             3.2095978952
 H62             0.5756391531             2.5563893086             5.3280103257
 H63             1.6336108835             0.3210857705             5.7402322783
 H64             1.4616190245            -1.4589063725             3.9905108520
 H65             0.2450998993            -1.0325126875             1.8836205088
 H66             1.5120567670             2.3287664350             1.2776246780
 H67             2.7841734090             4.3293088598             0.5488396672
 H68             1.6515363128             6.1290732609            -0.7680270018
 H69            -0.7490144195             5.8617699751            -1.4203032340
 H70            -1.9877267708             3.7789452948            -0.7893589298
 H40            -0.6995822100             1.2469334138            -2.0568080921
 H41            -1.5739059079            -1.0580346243            -2.7783445642
 H42            -1.5232740580             0.6743106274            -4.4063377831
 H43            -2.6903476125             1.6767595991            -3.5291395487
 H44            -3.4477609384             0.3301120430            -5.7591708158
 H45            -4.5674122536             0.5572851879            -4.4145545025
 H46            -4.4991538180            -1.8589720804            -5.2103819626
 H47            -2.7915710422            -1.9233513787            -4.7677194068
 H48            -3.7620747820            -2.7834723021            -2.7886741334
 H49            -5.2381171596            -1.8237737026            -2.9475215623
 H50            -4.2670018851             0.1162070716            -1.9307366453
 H51            -3.4916034008            -1.1909917396            -1.0441093245
 H39             0.3554943884            -0.0380942792            -0.4097255887
 H32            -2.1269400096            -1.4465341082             0.7323936872
 H33            -1.6918592893            -4.4771952910            -0.7623708042
 H34            -2.2153369318            -3.7314660381             0.7736592106
 H35            -0.6209299969            -4.5291295047             0.6461947687
 H36             1.2568884195            -3.3450836459            -0.7551846134
 H37             0.9208161504            -1.7545498033            -1.4960490545
 H38             0.1948938465            -3.2341828118            -2.1652692000
&

