&gen
basis=6-31G**
igeopt=1
dftname=PBE-D3
ifreq=1
&
entry_name: J1_10376_2111.in
&zmat
C1         -3.8300350542        -1.8124850807         0.4281229347
C2         -3.3941657047        -0.3564816786         0.5387319889
O3         -2.1114931322        -0.1700715926        -0.0538915219
C4         -0.9141183255        -0.5553690693         0.5573719426
O5         -0.9265293867        -1.0860094417         1.7014279230
C6          0.4106626467        -0.3068722083        -0.1144064574
C7          0.4126302885        -0.4886223173        -1.6109823743
C8          1.4804692745        -1.4786422943        -2.0974828003
C9          1.5084956350        -1.5543522219        -3.6274387457
C10         2.5621268147        -2.5251667474        -4.0880825739
C11         2.2484485225        -3.8839618285        -4.2592609924
C12         3.2373494839        -4.7903487977        -4.6544291111
C13         4.5457584718        -4.3493113355        -4.8712463285
C14         4.8685552896        -3.0016924237        -4.6891887326
C15         3.8827407446        -2.0919453112        -4.2941721435
O16         0.7745131721         0.8347296817        -1.9272723224
P17         0.8298338087         1.4439571388        -0.3189458543
C18         2.5821474171         1.9379268894        -0.5450673591
C19         0.7927002065         1.7960940381         1.4901418954
C20         1.8771563695         1.4219822381         2.3138663494
C21         1.8304829382         1.6200123592         3.6965297385
C22         0.6879790958         2.1551341413         4.2898566616
C23        -0.4196499493         2.4704951255         3.5042200103
C24        -0.3788121437         2.2750663740         2.1211925203
C25        -0.3052982788         2.7905217359        -0.7716696140
C26         0.0413881285         4.1216404190        -0.4767192034
C27        -0.8144064543         5.1709618144        -0.8233405682
C28        -2.0151730667         4.9054590536        -1.4846025644
C29        -2.3560673309         3.5909824097        -1.8099091351
C30        -1.5032071276         2.5386513129        -1.4642986018
H31        -3.1392373244        -2.4682177793         0.9978752729
H32        -4.8538447078        -1.9280122465         0.8419003468
H33        -3.8342817076        -2.1261705213        -0.6372053757
H34        -3.3796672020        -0.0351807733         1.6030007026
H35        -4.1274081158         0.2778789389        -0.0023336197
H36         1.2391803169        -0.8485811407         0.3948877191
H37        -0.5885150365        -0.7293557067        -2.0324177748
H38         1.2505333052        -2.4852988076        -1.6840853516
H39         2.4817093142        -1.1661619296        -1.7248524367
H40         1.7173591173        -0.5472774537        -4.0508534818
H41         0.5119160267        -1.8722218215        -4.0057478236
H42         1.2406026884        -4.2401587965        -4.0851302893
H43         2.9900860320        -5.8354347561        -4.7890701210
H44         5.3102356580        -5.0524020396        -5.1756922328
H45         5.8836341989        -2.6625505741        -4.8506519214
H46         4.1477929260        -1.0521728109        -4.1469190627
H47         2.8758630620         2.7459067366         0.1565575872
H48         2.7332310058         2.3304699797        -1.5723641033
H49         3.2423670910         1.0568764337        -0.4079516333
H50         2.7589179434         0.9555109537         1.8985991058
H51         2.6771928222         1.3420853808         4.3108950272
H52         0.6517707925         2.3017907157         5.3615925161
H53        -1.3197568909         2.8512867310         3.9694206662
H54        -1.2794251374         2.4769087017         1.5589427023
H55         0.9673840978         4.3475274511         0.0355517517
H56        -0.5453642328         6.1907263058        -0.5802133110
H57        -2.6762108031         5.7189010937        -1.7542962341
H58        -3.2777716483         3.3875542976        -2.3396198032
H59        -1.7713032070         1.5380913204        -1.7650471129
&

