&gen
basis=6-31G**
igeopt=1
dftname=PBE-D3
ifreq=1
&
entry_name: J1_10430_2111.in
&zmat
C1         -2.8498422025        -4.1958342972        -2.7450219732
C2         -3.9674681567        -3.4260980855        -2.0451493048
C3         -3.4679299444        -2.1714658364        -1.3083071772
C4         -2.9582141645        -1.0613015296        -2.2530322609
C5         -1.4320134750        -1.1045156429        -2.4919043877
C6         -0.5780904612        -0.0594081212        -1.7372116357
O7         -1.1722587463         1.2117673077        -1.6406610709
P8         -0.9592312036         1.4358433795         0.0584611819
C9         -2.7516247459         1.6704618897         0.2096686392
C10        -3.3577245553         2.8398802431        -0.2792036929
C11        -4.7461763562         2.9932225408        -0.2233921554
C12        -5.5437124716         1.9736191377         0.3010870945
C13        -4.9546651926         0.7946666749         0.7623721858
C14        -3.5671922782         0.6366348883         0.7063808861
C15        -0.5513256322         1.5213100275         1.8707883111
C16         0.8070851561         1.5224836399         2.2672806524
C17         1.1755050156         1.5807970146         3.6127379594
C18         0.1999716021         1.6725887433         4.6006486498
C19        -1.1438155572         1.7318018192         4.2413562964
C20        -1.5197288469         1.6737637662         2.8957294519
C21         0.0399583394         2.9307119088        -0.2278819991
C22         1.1792723408         2.8911380006        -1.0510115361
C23         1.9461957809         4.0419234051        -1.2556835954
C24         1.5863039820         5.2430621766        -0.6413804385
C25         0.4587775748         5.2953347400         0.1802022723
C26        -0.3108513098         4.1474197967         0.3872243118
C27        -0.3920410153        -0.2727432189        -0.2582385228
C28         1.0417526094        -0.5796981416         0.0978488772
C29         1.3455643183        -1.5404414895         0.9824819448
C30         2.7690021504        -1.8478859164         1.3382050971
O31         3.3473866569        -0.7422435242         1.9732792430
H32        -3.2552420769        -5.1460137854        -3.1520275918
H33        -2.0365215022        -4.4375506028        -2.0281992915
H34        -2.4412015200        -3.6051277211        -3.5911450034
H35        -4.7470065722        -3.1475184119        -2.7871510014
H36        -4.4427248923        -4.1021943283        -1.3016303674
H37        -2.6991994088        -2.4569353550        -0.5606349513
H38        -4.3316961944        -1.7674798226        -0.7380757801
H39        -3.4773551818        -1.1503594245        -3.2327169455
H40        -3.2650362576        -0.0719144976        -1.8672423563
H41        -1.0191659835        -2.1129851446        -2.2794493309
H42        -1.2632718085        -0.9316812182        -3.5775335194
H43         0.3942569981         0.0403193958        -2.2700687044
H44        -2.7645020134         3.6243765217        -0.7273632913
H45        -5.2051168063         3.8989043277        -0.5982587451
H46        -6.6186090094         2.0932871717         0.3410865379
H47        -5.5732798269         0.0004704791         1.1596885069
H48        -3.1288106208        -0.2815710721         1.0719495116
H49         1.5986530088         1.5078672011         1.5330590296
H50         2.2224395229         1.5681846895         3.8873563013
H51         0.4861283419         1.7224837391         5.6432772217
H52        -1.9000942664         1.8381549810         5.0086744993
H53        -2.5697144834         1.7843638508         2.6997845916
H54         1.4799578984         1.9777820149        -1.5392474745
H55         2.8211273943         4.0019055041        -1.8915972362
H56         2.1821665846         6.1324746699        -0.8004052500
H57         0.1826402058         6.2250876782         0.6605190393
H58        -1.1713588005         4.2051172180         1.0410468272
H59        -1.1054164210        -1.0050877492         0.1670725436
H60         1.8438641272        -0.0085892212        -0.3599812394
H61         0.5554122448        -2.1211967748         1.4505899993
H62         3.3360036348        -2.0998581213         0.4142876933
H63         2.7903736453        -2.7249157074         2.0221029773
H64         4.2837707397        -1.0005782241         2.1761112911
&

