&gen
basis=6-31G**
igeopt=1
dftname=PBE-D3
ifreq=1
&
entry_name: J1_9906_2111.in
&zmat
C1          6.5569902405         0.8051415965         1.0116306311
C2          5.7895525318        -0.4393631007         0.6070571173
O3          4.5203195493         0.0160107615         0.0503761898
C4          3.5825931756        -0.9374030193        -0.1481705063
O5          3.7655959806        -2.1329420776         0.0747531128
C6          2.2619635101        -0.3458010952        -0.6058726056
C7          2.2949562717         0.6990030720        -1.7493484135
C8          3.3516885732         0.5680902150        -2.8581348573
C9          2.8540628211        -0.3359347919        -3.9864546411
O10         2.5310681866        -1.6521854138        -3.4283472758
C11         1.1918441253        -1.9705951436        -3.3642874373
O12         0.2966146063        -1.2694237282        -3.8216957924
C13         0.9573957576        -3.2563968329        -2.6483074676
C14         1.9585770049        -3.9059333457        -1.9036648114
C15         1.6548579996        -5.0831944696        -1.2108230821
C16         0.3602886168        -5.6175602137        -1.2620077493
C17        -0.6412525398        -4.9685159248        -2.0021238438
C18        -0.3467187345        -3.7885729243        -2.6883704929
C19         3.8023806025        -0.5491423814        -5.1850383991
O20         3.1968311342        -1.4199657044        -6.1353336693
C21         5.2303285900        -1.0125418835        -4.8729991636
O22         5.2054917978        -2.3798201669        -4.3907243618
C23         5.5951082802        -2.5889518309        -3.0995009537
O24         6.0150449929        -1.7003323212        -2.3627941386
C25         5.4438323988        -4.0167700349        -2.7019475400
C26         5.6446606087        -4.3451299591        -1.3474778526
C27         5.4744952069        -5.6643270965        -0.9154261152
C28         5.1046149976        -6.6630579254        -1.8295331648
C29         4.9068369373        -6.3381898399        -3.1803756700
C30         5.0727040632        -5.0201352994        -3.6181501523
O31         2.4570602024         1.8710409737        -0.9669374322
P32         1.6902371740         1.0744211900         0.5370835926
C33         2.7544274820         2.1422916504         1.6252148052
C34         3.2744356426         3.3540672673         1.1196022293
C35         4.0780574661         4.1712125666         1.9231020209
C36         4.4128223062         3.7769659915         3.2271181474
C37         3.9306709796         2.5587849111         3.7235907733
C38         3.0993838564         1.7515338125         2.9341167498
C39         0.9452244261         0.0113615497         1.9500417754
C40         0.0780030439         0.6424148944         2.8706668427
C41        -0.5144609712        -0.0667784614         3.9203306512
C42        -0.2587642147        -1.4385616702         4.0742177684
C43         0.5940071574        -2.0817025206         3.1703905967
C44         1.1913447103        -1.3647857590         2.1185626907
C45         0.0539577363         1.7788444118         0.0436274759
C46        -0.1251299320         3.1662746082        -0.0969901277
C47        -1.3646514340         3.6757900139        -0.5015793786
C48        -2.4205903540         2.8060275911        -0.8138589375
C49        -2.2362603113         1.4217263441        -0.7016189065
C50        -1.0105480285         0.9088035223        -0.2556220015
H51         6.0021138984         1.3824303781         1.7678620811
H52         6.7330675032         1.4546780392         0.1401924936
H53         7.5340709426         0.5187001131         1.4333564805
H54         5.5739088713        -1.1000452415         1.4641436659
H55         6.3069013446        -1.0276669487        -0.1668245483
H56         1.5394576654        -1.1687691069        -0.7070048119
H57         1.2900492482         0.6755279529        -2.2335199885
H58         3.5100026789         1.5804134108        -3.2710510490
H59         4.3146072623         0.2249521244        -2.4464422060
H60         1.9130469702         0.0635207896        -4.4013353755
H61         2.9559211271        -3.4745144674        -1.8332216834
H62         2.4378607432        -5.5742759055        -0.6264183488
H63         0.1258683248        -6.5382606742        -0.7179224840
H64        -1.6539481387        -5.3815651856        -2.0363334221
H65        -1.1104084408        -3.2536770910        -3.2597329451
H66         3.8973903903         0.4343752956        -5.6835025628
H67         3.0975752870        -2.2692523765        -5.6604363566
H68         5.7387025780        -0.3695994241        -4.1379748740
H69         5.8039066870        -1.0375644552        -5.8128397633
H70         5.8861407256        -3.5461764938        -0.6432639272
H71         5.6197785455        -5.9121278950         0.1402968038
H72         4.9659427285        -7.6938929683        -1.4889166730
H73         4.6129498765        -7.1143807511        -3.8929873507
H74         4.9095280764        -4.7579346098        -4.6661151078
H75         3.0725494839         3.6271257842         0.0828187280
H76         4.4611738735         5.1132402508         1.5188878489
H77         5.0538460243         4.4104615429         3.8478482679
H78         4.1981276284         2.2304516344         4.7327036255
H79         2.7273099435         0.8085263143         3.3398472693
H80        -0.1392522138         1.7107643455         2.7594672152
H81        -1.1820220999         0.4499600361         4.6175388786
H82        -0.7240848672        -1.9987710835         4.8911419548
H83         0.8005566677        -3.1517565844         3.2757010887
H84         1.8579616847        -1.9058224961         1.4412886021
H85         0.7036308272         3.8468954567         0.1151399162
H86        -1.5025839619         4.7583161142        -0.5846952667
H87        -3.3828301366         3.2074439560        -1.1454503145
H88        -3.0506888839         0.7349195738        -0.9509294371
H89        -0.8872446790        -0.1710856233        -0.1286724999
&

