&gen
basis=6-31G**
igeopt=1
dftname=PBE-D3
ifreq=1
&
entry_name: J1_10539_2111.in
&zmat
O1          4.6567021248         1.5654400163         0.4052117193
C2          4.0644581454         0.5406934309         0.8371123552
O3          3.7616781665         0.4314992017         2.1907231487
C4          3.6647791173        -0.5472484112        -0.1100966836
C5          2.2833717212        -0.2960465349        -0.7338269757
C6          1.1364277223        -0.5634733430         0.2618997630
C7         -0.3143760135        -0.2453488251        -0.2071118782
C8         -0.5749086481        -0.1709504648        -1.6959368719
C9         -1.6470499850        -1.1357628347        -2.1592324162
C10        -2.8900379461        -0.6911352129        -2.6515297528
C11        -3.8549843086        -1.6137328757        -3.0665869417
C12        -3.5875195080        -2.9834308486        -3.0067623608
C13        -2.3526406511        -3.4339018014        -2.5343128144
C14        -1.3851321101        -2.5157579680        -2.1159243047
O15        -1.0193679900         1.1606761481        -1.7008477651
P16        -0.8714684693         1.4869379321        -0.0156053758
C17        -2.6433562870         1.8386453547         0.0994510291
C18        -3.1284539934         3.1500634585        -0.0397322224
C19        -4.5004135312         3.4072915231         0.0367286116
C20        -5.3989927866         2.3599288350         0.2519143209
C21        -4.9260929997         1.0539243043         0.3967105780
C22        -3.5549922684         0.7931056859         0.3242179635
C23        -0.7949539690         1.7132412469         1.8158792255
C24        -0.8267010615         0.6193685713         2.7100780065
C25        -0.8155661245         0.8222558374         4.0931548314
C26        -0.8050924955         2.1147925945         4.6143308577
C27        -0.8222245739         3.2099178346         3.7532400172
C28        -0.8325832590         3.0143659116         2.3703552791
C29         0.3126303657         2.8335856765        -0.3664021789
C30         1.5282439770         2.9443823117         0.3360222961
C31         2.4205363037         3.9828074825         0.0553952538
C32         2.1204300398         4.9150997652        -0.9385187951
C33         0.9254990286         4.8118556401        -1.6519354143
C34         0.0273298265         3.7788142254        -1.3700352669
H35         4.0097045908         1.1689533245         2.8393092852
H36         4.4204832196        -0.6051981119        -0.9236117877
H37         3.6751894535        -1.5249896813         0.4185949515
H38         2.1917041681        -1.0079638856        -1.5815726689
H39         2.2282547338         0.7361220186        -1.1382671656
H40         1.3370628046        -0.0302092210         1.2098064532
H41         1.1672247195        -1.6460853523         0.5134898075
H42        -1.0292445780        -0.9388914531         0.2815622153
H43         0.3054895255        -0.2531075678        -2.3580300172
H44        -3.1219788515         0.3641524594        -2.7121695129
H45        -4.8108646663        -1.2659148594        -3.4364866442
H46        -4.3359934830        -3.6955498935        -3.3293801523
H47        -2.1446938485        -4.4952216456        -2.4920265443
H48        -0.4317672712        -2.8788211706        -1.7514987336
H49        -2.4527456172         3.9784448382        -0.1911541591
H50        -4.8669150127         4.4202062851        -0.0687335347
H51        -6.4609047487         2.5607970052         0.3098407697
H52        -5.6222087899         0.2426203435         0.5658346980
H53        -3.2116078368        -0.2246147593         0.4415588839
H54        -0.8688152439        -0.3996155183         2.3672150967
H55        -0.8260072333        -0.0277707801         4.7633093450
H56        -0.8001882253         2.2674924595         5.6858209379
H57        -0.8369591693         4.2139897921         4.1571521192
H58        -0.8751049840         3.8880262986         1.7345795655
H59         1.7797995696         2.2448731251         1.1183452388
H60         3.3448760136         4.0664915821         0.6118987462
H61         2.8136422966         5.7173470349        -1.1558296228
H62         0.6944957600         5.5326422082        -2.4255973778
H63        -0.8873727784         3.7160373964        -1.9444984420
&

