&gen
basis=6-31G**
igeopt=1
dftname=PBE-D3
ifreq=1
&
entry_name: J1_10438_2111.in
&zmat
C1         -4.9024929406        -4.2991110999         2.8264949688
O2         -3.4911651786        -4.1556394464         2.7042601120
C3         -2.8597170990        -3.1418383677         1.9687323029
C4         -1.4629915029        -3.1179709707         1.9314680833
C5         -0.7872860962        -2.1274289595         1.2143479554
C6         -1.4951222505        -1.1248457920         0.5281834042
C7         -0.7088053919        -0.0737931066        -0.2556899531
C8         -1.1076943452         0.1666914628        -1.6952872018
C9         -2.1348503072        -0.7552283480        -2.3202886834
C10        -3.3965758270        -0.2864503325        -2.7360144667
C11        -4.3206937146        -1.1651762454        -3.3092072822
C12        -3.9921755264        -2.5113502223        -3.4864388921
C13        -2.7357606260        -2.9810652910        -3.0967465480
C14        -1.8078506524        -2.1069270350        -2.5236982395
O15        -1.5809861721         1.4741474646        -1.4993496801
P16        -1.0991908503         1.6724334784         0.1458109773
C17        -2.8036839053         2.1397712349         0.6245734092
C18        -3.5327806729         3.0467135807        -0.1677729364
C19        -4.8395439349         3.4036200774         0.1762560132
C20        -5.4384415090         2.8600502455         1.3136195101
C21        -4.7316156833         1.9575708639         2.1092357012
C22        -3.4247932464         1.5982201400         1.7700286368
C23        -0.4476108554         1.8227412159         1.8684198892
C24        -0.7891606785         2.9476289834         2.6567751501
C25        -0.2861214483         3.1028774128         3.9503886679
C26         0.5907813880         2.1574640660         4.4774025611
C27         0.9793435273         1.0653242214         3.7039511764
C28         0.4798487703         0.9049081886         2.4081278810
C29         0.0805776895         2.9595525043        -0.3313172541
C30        -0.2894062570         4.3152785504        -0.3246935299
C31         0.6290228406         5.2996378879        -0.7012416636
C32         1.9215270822         4.9402822690        -1.0898921358
C33         2.2980634860         3.5953704725        -1.1008573091
C34         1.3829115402         2.6080484881        -0.7242920770
C35        -2.9029992958        -1.1674775632         0.5522462667
C36        -3.5786906910        -2.1581749721         1.2682045201
H37        -5.3381400765        -3.3958667331         3.3036386576
H38        -5.1235911553        -5.1794649083         3.4639967078
H39        -5.3577708557        -4.4606847038         1.8265522679
H40        -0.8965535545        -3.8757984591         2.4577999498
H41         0.2946676703        -2.1518104955         1.1915746894
H42         0.3824847410        -0.2709478048        -0.2323133674
H43        -0.2094808152         0.2073155093        -2.3516532972
H44        -3.6758094821         0.7512306563        -2.6073148914
H45        -5.2928618447        -0.8018027519        -3.6162778748
H46        -4.7098116310        -3.1896222133        -3.9295143249
H47        -2.4802227783        -4.0230717860        -3.2391280744
H48        -0.8374024473        -2.4843549759        -2.2253855424
H49        -3.0965295717         3.4762063511        -1.0598891944
H50        -5.3894819612         4.1010723664        -0.4422596744
H51        -6.4509754306         3.1368013460         1.5773183159
H52        -5.1969853713         1.5338095513         2.9897172356
H53        -2.9017783954         0.8934693163         2.4029360664
H54        -1.4506153326         3.7127621735         2.2742795647
H55        -0.5722850998         3.9628670010         4.5420436890
H56         0.9827293591         2.2799570192         5.4788019349
H57         1.6817982243         0.3455535257         4.1043399735
H58         0.8543536505         0.0715625318         1.8454393737
H59        -1.2783726494         4.6189992149        -0.0154133707
H60         0.3388796475         6.3422948192        -0.6892884165
H61         2.6314265997         5.7037109934        -1.3807810133
H62         3.3001239618         3.3173356198        -1.4008819019
H63         1.6959157238         1.5737899958        -0.7373671672
H64        -3.4887635093        -0.4397680106         0.0116800443
H65        -4.6600416216        -2.1515898515         1.2661998470
&

