&gen
basis=6-31G**
igeopt=1
dftname=PBE-D3
ifreq=1
&
entry_name: J1_10559_2111.in
&zmat
C1          1.3991314857        -0.8454934237        -3.8594842481
C2          1.3683895807        -1.1803920032        -2.3494005894
C3          2.8235473255        -1.1670600646        -1.8261378969
C4          0.7119102922        -2.5788663910        -2.1249266958
C5          1.4167737335        -3.7244832059        -2.8166333307
C6          1.0409043458        -4.1117396974        -4.1147523625
C7          1.6967510652        -5.1684075384        -4.7536173628
C8          2.7275752561        -5.8498884918        -4.1014245425
C9          3.1025112029        -5.4776092937        -2.8079111488
C10         2.4493637862        -4.4215873258        -2.1653159173
C11         0.4775467879        -0.1008581986        -1.6480735847
O12         1.0572948249         1.1793246647        -1.6554775590
P13         0.9127167352         1.5352222479         0.0291421077
C14         2.6927676549         1.8479043968         0.1735298562
C15         3.2423214633         3.0780855399        -0.2242129552
C16         4.6160048190         3.3101534556        -0.1064710911
C17         5.4517686366         2.3220186493         0.4182468751
C18         4.9131560193         1.1038000715         0.8368640292
C19         3.5404769138         0.8689835154         0.7220113325
C20         0.8340336289         1.7918607642         1.8557438148
C21         0.7831677953         0.7143933006         2.7648939426
C22         0.7640546089         0.9390995284         4.1444169495
C23         0.8331860910         2.2380132670         4.6458508356
C24         0.9454068996         3.3150725264         3.7686416979
C25         0.9644484068         3.0958125528         2.3893615752
C26        -0.2453986807         2.9146953965        -0.3246140259
C27        -1.4164275938         3.1097626791         0.4400606034
C28        -2.2938103571         4.1574562294         0.1495597038
C29        -2.0245378921         5.0224200236        -0.9110477248
C30        -0.8803883377         4.8364635278        -1.6873785305
C31         0.0003791020         3.7894712033        -1.4014757498
C32         0.3056969577        -0.1858847302        -0.1475766551
C33        -1.1277298273        -0.4645447194         0.2966308130
C34        -1.3613909517        -1.4862794974         1.2371325618
C35        -2.6593597370        -1.7863686733         1.6596582687
C36        -3.7462461389        -1.0871610711         1.1339970869
C37        -3.5377177672        -0.0969053886         0.1736673631
C38        -2.2417030025         0.2053383465        -0.2530039862
H39         2.0697599322        -1.5355819289        -4.4137585930
H40         1.7762540473         0.1869702136        -4.0239520636
H41         0.3816790771        -0.9183231642        -4.3007503716
H42         3.4714908169        -1.8221378464        -2.4459962427
H43         2.8844214231        -1.5398105251        -0.7849417402
H44         3.2539254097        -0.1459020887        -1.8808037053
H45         0.6648063842        -2.8036031734        -1.0374838517
H46        -0.3464017026        -2.5482968057        -2.4680759125
H47         0.2432151307        -3.5935330145        -4.6322560926
H48         1.4053201894        -5.4592410449        -5.7545798043
H49         3.2342583577        -6.6676091882        -4.5974388765
H50         3.8991563762        -6.0079834418        -2.3024548439
H51         2.7491805668        -4.1460781127        -1.1618958326
H52        -0.4938781367        -0.0462579002        -2.1841136505
H53         2.6168245042         3.8689186322        -0.6055211319
H54         5.0319002351         4.2601428527        -0.4163579179
H55         6.5146613555         2.5042532937         0.5099558030
H56         5.5584671778         0.3427784189         1.2560991120
H57         3.1397928543        -0.0714721655         1.0730392996
H58         0.7974373973        -0.3069318150         2.4344054445
H59         0.7139411184         0.1005331833         4.8270644342
H60         0.8232189675         2.4079559115         5.7146942840
H61         1.0283793810         4.3218534137         4.1571896508
H62         1.0854748126         3.9500790493         1.7361604051
H63        -1.6583132562         2.4509721618         1.2633706345
H64        -3.1858069333         4.2962106186         0.7466521226
H65        -2.7060170590         5.8326572449        -1.1357562964
H66        -0.6778724752         5.5010873763        -2.5173113520
H67         0.8642912016         3.6589089900        -2.0382016268
H68         1.0261405175        -0.8942368324         0.3035987966
H69        -0.5389637332        -2.0619800856         1.6421400875
H70        -2.8225050371        -2.5674655808         2.3909244569
H71        -4.7509027486        -1.3215363868         1.4612855410
H72        -4.3821274576         0.4339923301        -0.2466096812
H73        -2.1196967353         0.9615741422        -1.0148960673
&

