&gen
basis=6-31G**
igeopt=1
dftname=PBE-D3
ifreq=1
&
entry_name: J1_10056_2111.in
&zmat
C1          1.8367187351        -3.1826243098         1.6930140174
O2          1.1797424598        -2.2250711919         0.8728579298
C3          1.8535235114        -1.1554750766         0.2776618923
O4          3.0948148171        -1.0134165473         0.4484814718
C5          1.0606780673        -0.1790179072        -0.5563945658
C6          1.6001721586         0.1433306824        -1.9325175674
C7          2.8057242756        -0.6734958595        -2.4379957371
O8          2.7167092503        -0.8727363253        -3.8308380639
C9          2.6209432498        -2.0327427023        -3.0345555129
C10         1.2155716527        -2.7010985635        -2.9990605948
O11         1.3307742217        -4.1154705537        -2.9636627567
C12         1.5525287353        -4.6992421955        -4.2356523497
O13         2.7349533541        -4.2486495342        -4.8195400101
C14         2.4642434066        -4.1607777431        -6.1998224368
C15         3.0690925810        -2.8627359079        -6.7396487965
C16         3.0910049243        -5.3640260332        -6.9159997420
O17         1.0743940526        -4.1471154389        -6.4448748829
C18         0.4469631376        -4.4420291516        -5.2311251390
C19        -0.4871627272        -3.2873892738        -4.8436956195
O20        -1.5508056688        -3.7250852147        -4.0579476860
C21        -1.9228688153        -2.5884748772        -3.3047597043
C22        -2.1489479615        -3.0061784445        -1.8472951933
C23        -3.2154059292        -1.9985281232        -3.8811167438
O24        -0.9081600717        -1.6028582643        -3.3561661583
C25         0.1614716608        -2.1910469889        -4.0403012277
O26         1.9563944199         1.4755665398        -1.6456067710
P27         1.2486301495         1.5624664453        -0.0764098801
C28         2.7595708008         2.3042145048         0.6519403201
C29         2.6640323172         3.3475336007         1.5975968665
C30         3.8125711587         3.9165925384         2.1538816809
C31         5.0743324823         3.4606730942         1.7722872549
C32         5.1884024967         2.4368279892         0.8315865122
C33         4.0417733744         1.8646025733         0.2731559151
C34         0.4470455493         1.3455544537         1.5783264975
C35         1.1850966205         0.7721288593         2.6403515954
C36         0.6033367936         0.5510978978         3.8904262096
C37        -0.7320185704         0.8811374511         4.1083110620
C38        -1.4896817465         1.4245112017         3.0729014019
C39        -0.9144666471         1.6471070573         1.8181526917
C40         0.0530954746         2.7542146855        -0.7510655316
C41         0.2929301673         4.1378394129        -0.6880022278
C42        -0.6099295769         5.0399143735        -1.2591101331
C43        -1.7462308069         4.5712635846        -1.9213480798
C44        -1.9748893928         3.1982389656        -2.0259184577
C45        -1.0750718342         2.2930982689        -1.4569037755
H46         2.2903723903        -2.6799737784         2.5735230472
H47         1.0960067836        -3.9287369884         2.0464728827
H48         2.6246197918        -3.7050046868         1.1100529931
H49        -0.0105059626        -0.4716349677        -0.5961615138
H50         0.7797932966         0.1613725046        -2.6799201541
H51         3.8364818419        -0.3865147172        -2.1499154965
H52         3.5412995792        -2.6526340175        -3.0557485026
H53         0.8178326522        -2.4526105483        -1.9972845468
H54         1.6471874997        -5.7974614971        -4.0853027966
H55         4.1590395453        -2.8238477604        -6.5271064094
H56         2.5832142968        -1.9892789870        -6.2583792853
H57         2.9110800439        -2.7863081223        -7.8368534707
H58         4.1881160803        -5.3905999662        -6.7418683839
H59         2.8994930794        -5.3087423448        -8.0091333511
H60         2.6503978967        -6.3081249686        -6.5308080748
H61        -0.1606995010        -5.3641433036        -5.3693407216
H62        -0.9138725723        -2.8540213740        -5.7790868414
H63        -1.2404923032        -3.4967428792        -1.4405110565
H64        -2.9905452003        -3.7281134014        -1.7762997602
H65        -2.3805835213        -2.1174607697        -1.2215882337
H66        -3.0525168950        -1.6778097640        -4.9319218988
H67        -3.5340202104        -1.1128849585        -3.2902568080
H68        -4.0286359756        -2.7554851888        -3.8661551302
H69         0.5938859343        -1.4483878529        -4.7411593480
H70         1.6985532903         3.7162296163         1.9186473414
H71         3.7231281929         4.7116061567         2.8828601297
H72         5.9634714584         3.9022589493         2.2033956346
H73         6.1676724374         2.0869941092         0.5311916160
H74         4.1681942349         1.0864380149        -0.4590790723
H75         2.2211187016         0.4925035142         2.5084211437
H76         1.1899390046         0.1180610059         4.6903823589
H77        -1.1824786233         0.7078218233         5.0770665920
H78        -2.5312237110         1.6678850754         3.2397336934
H79        -1.5605645745         2.0466695409         1.0571763556
H80         1.1839193622         4.5306594600        -0.2261261159
H81        -0.4209169448         6.1039987040        -1.1994663144
H82        -2.4420666039         5.2715361024        -2.3649929967
H83        -2.8480182869         2.8340586541        -2.5517788097
H84        -1.2720498250         1.2349109703        -1.5548386768
&

