MAEFILE: J1_470_2111.01.mae
&gen 
basis=6-31g** 
igeopt=1 
dftname=pbe-d3 
ifreq=1 
&
&zmat
 C1             -2.3254372873             0.2381546684             0.1447730766
 C2             -0.9771981107             0.3331295435             0.1955511634
 C3             -0.1039751871            -0.5968523728            -0.4965111538
 C4              1.2615630375            -0.5981055113            -0.5160303503
 C5              2.1326671566             0.3606960326             0.1734233608
 O6              3.3611292114             0.3092718905             0.1192198921
 H7             -2.8184624685            -0.5546127834            -0.4280628034
 H8             -2.9722080080             0.9447672339             0.6704113975
 H9             -0.5228901392             1.1405908614             0.7796536633
 H10            -0.6199656367            -1.3831177787            -1.0644970420
 H11             1.7953489090            -1.3667390242            -1.0854486890
 H12             1.6230148894             1.1641612102             0.7679462113
&
&guess  basgss=6-31g** numd=6
    1 Orbital Energy   -18.762783 Occupation  1.000000
  0.000010551534727  0.000060275105311 -0.000034798884990 -0.000002627966521
 -0.000001428634697 -0.000891387872845 -0.000433945505454 -0.000092095562942
 -0.000061286399943 -0.000030632576324  0.000012915483267  0.000019523325234
 -0.000007095396301 -0.000004253381707 -0.000011669190608  0.000000492646469
 -0.000022801159132  0.000078818959564  0.000004767139526  0.000002422823390
  0.000499151911371 -0.000858617034320  0.000129585992029  0.000106407322847
  0.000065270235497 -0.000012455878404 -0.000000435543712  0.000017873425133
  0.000012247207055 -0.000022495946511  0.000016078521006  0.000045373628065
  0.000067708139436  0.000034200005064  0.000023667165357  0.000573866003899
 -0.000023925641285  0.000100741670283  0.000074495101725  0.000043448120285
  0.000042372789696  0.000044584938651 -0.000011366681650 -0.000008724779818
 -0.000004051853320 -0.000004187695451  0.000049310339669  0.000007560939804
  0.000037167265160  0.000027802146956 -0.000077072768549  0.000703634750965
 -0.000528241715472 -0.000396366129355 -0.000109859866460  0.000014275136024
  0.000010475381133 -0.000017632529374 -0.000012536189642  0.000016297350905
  0.000016531830525  0.000536185929883  0.000035083417546 -0.000028882890331
 -0.000022007827078 -0.003177112892317 -0.003314965560137  0.000418425885229
  0.000350877647046 -0.000834456392489 -0.000005337806525 -0.000014207903670
  0.000037200844650  0.000040344696220  0.000014677595824  0.992475514338486
  0.026670671302230 -0.001077202815222  0.000040079610315  0.000043814314279
  0.014428493553123 -0.001652417286281  0.000040557397464  0.000051990034954
 -0.008159111107731 -0.008653274829099 -0.008632646969417 -0.000021258779610
 -0.000022497492234 -0.000036458804187  0.000017038544301 -0.000045150268588
  0.000013781255481 -0.000002110016242 -0.000001736504767  0.000027449129694
  0.000006652982156  0.000012437351544  0.000004505949287  0.000003120519018
  0.000060004716812 -0.000151697778458  0.000024957316558  0.000005458049347
  0.000003649099324 -0.000013086149536 -0.000029750696205  0.000002293392585
 -0.000008538471979 -0.000006397955452 -0.000048938104429 -0.000476182248693
  0.000044302065143 -0.000008162752218 -0.000005870158795 -0.000089419422916
 -0.000363704658499  0.000010731866484  0.000038687034316  0.000028164686323
    2 Orbital Energy    -9.977018 Occupation  1.000000
 -0.000029713504577 -0.000108297904617  0.000054195728355 -0.000002183795453
 -0.000002336588599  0.001582085628364  0.000787287991110  0.000131413135021
  0.000085123979867  0.000055036536655 -0.000022292332217 -0.000033957332638
  0.000007247719357  0.000003652910849  0.000020865637192 -0.000038330866062
  0.000007139562237 -0.000141583716068 -0.000029796063302 -0.000019874204003
 -0.000200482552736  0.001761037850705 -0.000059187994461 -0.000067553751782
 -0.000130234288841 -0.000010963466048 -0.000028151314560 -0.000017284321860
 -0.000011357679856  0.000031945977511  0.000013933667958 -0.000072618045654
 -0.000078964144234 -0.000065111160334 -0.000046585733936 -0.001494303979784
 -0.000105910413923 -0.000631758274520 -0.000460487136230  0.000082524460139
 -0.000056594428226 -0.000065363965016 -0.000040511359224 -0.000032150270238
  0.000017947964184  0.001616576716376 -0.000260496996809 -0.000233473280755
 -0.000321754531433 -0.000232151254912  0.005163719921578  0.000307753920834
  0.002345822720812  0.001711497845620 -0.000399615464792 -0.000413822320865
 -0.000320321393937 -0.000186433126488 -0.000133539698841 -0.000161532395046
  0.992395191950264  0.052359840741015  0.000845350330374 -0.000053921963212
 -0.000050847839286 -0.010346204111821  0.004218544433766  0.000792709979251
  0.000522726775813 -0.009242921531305 -0.010337262154051 -0.010435815470768
 -0.000060008647059 -0.000064305832381  0.000182053546224 -0.000047842406913
  0.000418016322240  0.000204603337067  0.000025525085104  0.000015901081265
 -0.003431188290443  0.002232181954947 -0.000340438140287 -0.000279126295188
 -0.000453675378627  0.000416957007023  0.000462089057267  0.000080987972720
  0.000074377570555 -0.000085876756051 -0.000025371189194  0.000065329622383
 -0.000023318544788  0.000004045209308  0.000003285647905 -0.000051188626026
  0.000030804761311 -0.000019358272531 -0.000008039734081 -0.000005605565012
 -0.000108947547996 -0.000267443374853 -0.000069549755666  0.000013501115273
  0.000010783426597  0.000003439879731  0.000009473793895  0.000020920821956
  0.000024148429121  0.000017374406163  0.000012688446331  0.000700768655441
 -0.000066524427006  0.000056133452257  0.000041942124565 -0.000378518503129
  0.002260937473434 -0.000295273181689  0.000129746058613  0.000098882762569
    3 Orbital Energy    -9.937745 Occupation  1.000000
  0.000312159100520 -0.000124645257755 -0.000016691529444 -0.000003375573609
 -0.000002704921805  0.000783972158438  0.000381524984493  0.000425484674980
  0.000306072872844  0.000071426408984  0.000003198053322 -0.000029760521318
  0.000014639307760  0.000008050241937  0.000058967373804  0.014098409231320
  0.000349650083469 -0.000245818458982  0.000266394606176  0.000198265691621
  0.005339252965247  0.002861902869231 -0.001643371035533 -0.001241137812994
 -0.000457690107708 -0.000579141543048 -0.000460266060200  0.000137747298327
  0.000102770267129 -0.000222187886895  0.992227221449763  0.052868020247088
  0.000040985151004  0.000125359209562  0.000091143526764 -0.018134351562948
 -0.001371785832559 -0.002647427608641 -0.001917532069010 -0.009859386490510
 -0.010125984306162 -0.010212511273157 -0.000000737455151 -0.000007676950160
  0.000157319368876  0.012144180407709 -0.000095411856304  0.000505222516260
 -0.000041586112664 -0.000037279038446  0.007205107874589 -0.002462324783405
  0.001702938185628  0.001279049789189 -0.000637726460513 -0.000393677611180
 -0.000375631272313 -0.000013893791833 -0.000005691620629 -0.000032148608192
 -0.000060008916343 -0.000053359582868  0.000028989854384  0.000045984805543
  0.000033049891084 -0.001922081866374  0.000321445186358  0.000608802563495
  0.000441032479037 -0.000049227833722  0.000003313467516 -0.000011968838099
  0.000006499874794  0.000005147073781  0.000027802567381 -0.000036530466332
 -0.000163150840771  0.000013487525805  0.000026593770498  0.000019287645464
  0.000862163670589 -0.000357983335670 -0.000191763933306 -0.000135493955221
 -0.000039559017063 -0.000121628677555 -0.000120565181560  0.000036941113689
  0.000025801344407 -0.000003561141947  0.000013245377997  0.000176036217375
 -0.000021342473818 -0.000000529608606 -0.000000160169856 -0.000069229421678
 -0.000011595391047  0.000008775095715  0.000003572739748  0.000002452939003
 -0.000149965380565 -0.000162717404231 -0.000116064025081 -0.000028468692771
 -0.000019009786329 -0.000596868340341  0.001256774116611 -0.000130885191081
 -0.000218465988683 -0.000157987974866  0.000032631637474  0.000627003474982
 -0.000043419405361  0.000062772355930  0.000046473721000  0.000025634771441
 -0.000132384648812  0.000008633438775  0.000001237162570  0.000000791436947
    4 Orbital Energy    -9.929504 Occupation  1.000000
 -0.055943548843856 -0.002384445604865  0.000438898025186  0.000019741436375
  0.000008341341014 -0.005166658496734 -0.002387907821656  0.000643025461041
  0.000503230174674  0.001051295544604  0.000811284850401  0.000770951864118
  0.000060983963092  0.000039398524726  0.000070527713086 -0.990689438639705
 -0.052788016807381  0.000003159218575  0.000141896836429  0.000103707851969
  0.017474173971541 -0.000788153702794 -0.002299649285064 -0.001670520494744
  0.009877572425038  0.010112630512133  0.010220455996275 -0.000039830271293
 -0.000021685529657 -0.000193970004436  0.014404840721365  0.001158240606869
 -0.000253087801587  0.000280414549125  0.000208505793970 -0.005895196727771
  0.002310224006093 -0.001774414986034 -0.001329404696684  0.000198638944740
  0.000271947449827  0.000156178631981 -0.000164434852085 -0.000123099781426
  0.000217663288920  0.000169408540947  0.000036600678202 -0.000001916271459
  0.000003280062160  0.000002448027525  0.000187787805177  0.000208730538719
  0.000635455458057  0.000461910569768 -0.000105042097133 -0.000010313349053
  0.000004031336637 -0.000028374270768 -0.000018807343157 -0.000024926707354
 -0.000005787129820  0.000066360024865 -0.000010021850740  0.000025486873798
  0.000018738372331 -0.000764759370173  0.000507461284559  0.000017178678308
  0.000005716377056  0.000059127087777  0.000037603565209  0.000044180554945
  0.000000685389868  0.000000501522526 -0.000011999745943  0.000014096055124
  0.000059804346253 -0.000000651592405  0.000000604831439  0.000000444663059
 -0.000348220726803  0.000087400991290 -0.000003984203305 -0.000004114161414
  0.000019883265511  0.000043137893215  0.000046491347443 -0.000000822834412
 -0.000000095705475 -0.000006064419986  0.000168820355465  0.000370132441194
 -0.000013589584235 -0.000050446930237 -0.000036634741169  0.000030808360812
 -0.000384020263821 -0.000029950589585  0.000042396067937  0.000031412566414
  0.000593175108884 -0.001550444997575 -0.000129559917083 -0.000215145138274
 -0.000155523497329  0.000094732564591  0.000214033015031 -0.000081421970337
 -0.000033938910058 -0.000023211328111  0.000048886979025  0.000061550692402
  0.000009215038236 -0.000008139587045 -0.000006085038859  0.000037225849129
  0.000352312948503 -0.000031028072858 -0.000013970049475 -0.000009911348649
    5 Orbital Energy    -9.924448 Occupation  1.000000
  0.990746381067649  0.052522708477699  0.000065696513710 -0.000009877301211
 -0.000008115515534 -0.014435694942754 -0.001673851364772 -0.000055079784909
 -0.000017136721438 -0.009872105979244 -0.010207978476147 -0.010354038118456
  0.000000155506883 -0.000010291489046  0.000265212782543 -0.056365241730953
 -0.003534396447268  0.000567375323839  0.000021456725336  0.000007782996812
  0.005731311876006 -0.002376962609844  0.000146398986788  0.000140020449837
  0.000071430807663  0.000319006621460  0.000379081039903 -0.000029385931840
 -0.000015546604153 -0.000107807728036  0.000476083374922 -0.000057665537305
  0.000076963558762  0.000031816937052  0.000022573641384 -0.000835548203660
 -0.001180616535245  0.000022510452926  0.000032349820173  0.000035617317892
  0.000054248476456  0.000011159039721 -0.000048753637311 -0.000037107255975
  0.000080850935199 -0.000061979636008 -0.000095566077624 -0.000009802648863
 -0.000004887994347 -0.000003473711943  0.001168876421603 -0.000867434953565
  0.000032790996070  0.000035968802973  0.000018301738027 -0.000021273794635
 -0.000026085384072 -0.000014989769659 -0.000011787516469  0.000009402470503
 -0.000000012993986 -0.000035855566837  0.000002027918589  0.000011548740386
  0.000008433736025 -0.000065350289602 -0.000124427487718 -0.000177274856678
 -0.000128079873659 -0.000036287582280 -0.000009047113321 -0.000015759105743
  0.000003164741401  0.000002520601334  0.000012066938849 -0.000015091988656
 -0.000063564841813  0.000005600151145  0.000003073443661  0.000002167382797
  0.000324296037112 -0.000115336148371  0.000007973012881  0.000007419419620
 -0.000019537853109 -0.000049125527688 -0.000052124865262 -0.000000952181034
 -0.000001262989843  0.000005508569139 -0.000496915671463  0.002117182326694
 -0.000050840568245 -0.000240334910157 -0.000175020541388 -0.000547934322213
  0.002068498388253 -0.000107931982139  0.000236333145881  0.000174305641414
 -0.000016209153760 -0.000293768586736 -0.000040859058373 -0.000090332819945
 -0.000065240433137 -0.000065470521326 -0.000147381805901  0.000042429945815
 -0.000026914249796 -0.000020241210372 -0.000015405894386  0.000123569695891
  0.000022392855722  0.000010166457191  0.000007113890376 -0.000008130301123
  0.000215136988094  0.000000013762043 -0.000009816288935 -0.000007177768792
    6 Orbital Energy    -9.918305 Occupation  1.000000
 -0.000036104533124  0.000082272007982 -0.000027198516570 -0.000028965994703
 -0.000020854726123 -0.000630724151785 -0.000454764126043  0.000485300257866
  0.000361302936471 -0.000029457470493  0.000019534853877  0.000023012703695
  0.000018133241640  0.000014182561027 -0.000007158923773 -0.000007366889088
 -0.000042890537762  0.000084298962236 -0.000006146507848 -0.000005372024839
  0.002271800532176  0.000398129210911 -0.000810380795548 -0.000598158453573
  0.000011308157505 -0.000055292055459 -0.000027486190287 -0.000005327427666
 -0.000003894710377 -0.000050568405467  0.012628813130385  0.001407215238759
  0.000565406974642  0.000038916021456  0.000020725041254 -0.007869759281727
 -0.002618483614582 -0.001741158995533 -0.001237745605618  0.000430568497435
  0.000151823723048  0.000127842400197 -0.000008002026042 -0.000011040884148
  0.000043925335584 -0.992302947181901 -0.053136788904030  0.000194915367747
 -0.000119379047619 -0.000089991085152  0.018323728801650 -0.001428895586419
  0.002586008275958  0.001910973669230  0.009901983753143  0.010199690278079
  0.010283110254399  0.000026399598003  0.000026827443887 -0.000152790634293
  0.001916587350374  0.000528862536881 -0.000214470764542 -0.000230730813678
 -0.000165843704914 -0.006196547834987  0.002128306962585  0.001718057977957
  0.001227753679196  0.000245257344892  0.000411379123904  0.000298335777693
  0.000155434722174  0.000112587085729  0.000198501519947 -0.000005326818052
  0.000011493449412  0.000019447549067  0.000034921195928  0.000025184874674
  0.000188608422505 -0.000190890779063 -0.000293752942633 -0.000212262423140
 -0.000042660927907 -0.000040394883526 -0.000005202439554  0.000026689555197
  0.000020842201926 -0.000065706429506  0.000079287739619  0.000180686943601
  0.000011222978883 -0.000003657904705 -0.000002843679450 -0.000035334488474
 -0.000265427611230  0.000009630454277  0.000004356579717  0.000003037245769
  0.000003289989374  0.000191295499615 -0.000007067374311 -0.000015566473576
 -0.000011261158621 -0.000062680331566 -0.000540389457631 -0.000049610730582
 -0.000072753948028 -0.000052525070180  0.000582293477769 -0.001300299057822
 -0.000121621644928  0.000211222460107  0.000156124570457  0.000172446766469
  0.000104703398421 -0.000079754481814  0.000021461503141  0.000016646738931
    7 Orbital Energy    -0.937145 Occupation  1.000000
  0.000095148684225 -0.001346385700690  0.000190063929496  0.000037896002471
  0.000025164893328  0.013693641073337  0.006609587845776  0.000404257996673
  0.000203449075822  0.000404636705525 -0.000119171848181 -0.000160273042104
  0.000050090786151  0.000026780020325  0.000072516671576  0.001412225766644
 -0.001717002649663 -0.002773209166134  0.000573136766451  0.000456784639753
 -0.016337816086133  0.010518947442835  0.002157523893760  0.001432498126291
 -0.001008535729512  0.000049952176874  0.000102328387615  0.000050606332088
  0.000055463332330 -0.000098263591489  0.004040856874760 -0.009229260946813
 -0.005846020191642 -0.002265847432489 -0.001578258927818 -0.019472475750884
 -0.008095215416453  0.006341473519815  0.004751034756477 -0.000276108863495
 -0.000184618125251 -0.000102216169466 -0.000449202534178 -0.000324814854375
 -0.000129459155402  0.021258695711792 -0.038817015873930 -0.022450302047885
 -0.015821305188711 -0.011265709722386 -0.013327978853161 -0.026791321301596
 -0.000773298887311 -0.000204239472370 -0.003890664649142 -0.000890220840899
  0.000569882302502 -0.004474478525621 -0.003181260793533 -0.002440615442902
  0.118467409626426 -0.229468968381680 -0.177991685044905  0.013883064439767
  0.012556758910566 -0.067384535566378  0.034434286127101 -0.012008685819559
 -0.009247590367104 -0.021605160874527  0.018090738400720  0.017720876934853
  0.001545947974957  0.001739123765908  0.000590043432704  0.193754543569939
 -0.421429463531839  0.164458728549469 -0.005622669782600 -0.006333736654491
 -0.404963705706593  0.061905225752294 -0.000507228869575 -0.001207037887792
 -0.010410960922576  0.009183159875650  0.007296953858493  0.000657427953099
  0.000724282578032  0.003390078893523 -0.000264781366057 -0.000388028710863
 -0.000154734591823 -0.000013555306137 -0.000007741347456 -0.000314399468581
  0.000022961536261 -0.000137946173160 -0.000013382270152 -0.000007851712584
 -0.001729395915498  0.000388851018656 -0.000438153449346  0.000048766053638
  0.000041681646940 -0.000270740595348  0.003891501435648  0.000210530989902
  0.000076179299013  0.000052681585534 -0.008544665901681  0.002628257671866
  0.000189871835066 -0.001030251680610 -0.000755592352211 -0.028961260238338
  0.009375387400546 -0.004708700276946  0.003703156977858  0.002771981876911
    8 Orbital Energy    -0.752861 Occupation  1.000000
 -0.081627222386861  0.154965870608760  0.070948647546128 -0.002472778125018
 -0.002789255195908  0.122012844789037  0.013057199926161 -0.000449462720885
 -0.000509577957225  0.005448266256256 -0.005117366746930 -0.006274997077093
 -0.000199886394413 -0.000354769823468  0.002114080270286 -0.129297624409852
  0.248619182841912 -0.002874902588935 -0.043178934708547 -0.031529543071878
  0.155549999921090  0.016888626725211  0.000482469844477  0.000120192837468
  0.003737422101425 -0.003853877276867 -0.007404148409758 -0.003629043228005
 -0.002898877267371  0.006610684379318 -0.137617084204250  0.265501734390211
  0.012528283915778  0.037390805469445  0.027178187853067  0.174658262183827
 -0.018217471893763  0.004577185236811  0.003598669801938  0.004851706261845
 -0.004630567806539 -0.008134306366503 -0.003846182130186 -0.003083361162013
  0.006540630514106 -0.097036251674774  0.184982405702942 -0.068229130404930
  0.015914107636378  0.012571305434882  0.136855865809803 -0.016934536017217
 -0.001703009190260 -0.001015919114348  0.005288231604900 -0.004666645520639
 -0.006510190125914 -0.000215216984609 -0.000376826699070  0.003363980153425
 -0.025768832654112  0.049607978837493 -0.068577986533706 -0.024475442622970
 -0.016972374264255  0.038508643622554 -0.015305128954460 -0.005586820489338
 -0.003878840434398 -0.001808381698293  0.001989514015169  0.000252339982329
  0.003408335753915  0.002494656427409  0.003002737078526  0.023412059201428
 -0.053697453724230  0.007604218604702 -0.005093680205449 -0.003827629112053
 -0.049266893748666 -0.000285238477838 -0.001028455869585 -0.000747950055370
  0.000312138429473  0.000112589189480 -0.000148796910493  0.000592376606143
  0.000420305924762  0.000449471056244  0.040220992986591  0.008573639848603
  0.002855976666222  0.002761946701766  0.001979860590841  0.034825957088018
  0.005918759026169  0.002690460443406 -0.002222493783783 -0.001662311615351
  0.062565528485275  0.009575628769281 -0.002537680560877 -0.004945288810844
 -0.003580830333065  0.067832195516767  0.011921028165123  0.003339509010569
  0.005135143365211  0.003710040400540  0.041168155577331  0.005520699465076
 -0.002597971066329  0.002963883716651  0.002202894794342  0.018215743553157
  0.006200716158539 -0.000598711432939 -0.001390443450345 -0.001009001698630
    9 Orbital Energy    -0.689334 Occupation  1.000000
 -0.127048730873726  0.244611562948724  0.070735503326728  0.007133887050231
  0.004236768778182  0.192678628015071  0.007341194620032 -0.004381115665049
 -0.003305157066547  0.003655062575828 -0.006671104560414 -0.008660259709285
  0.000798707676325  0.000350841310788  0.003577508160402 -0.097379876115320
  0.191300961399252 -0.116771050599752  0.006633815931163  0.006463219380400
  0.127929001174026 -0.019640636905381  0.012930760188065  0.009725956283678
  0.002764745181003 -0.005948948649453 -0.006877715195823  0.003336881312292
  0.002270338881253  0.001538120004419  0.056853820795656 -0.112325617188363
 -0.134864235949334  0.026837449240200  0.021466803782125 -0.077782857634114
 -0.035836757882780  0.010866678389207  0.008436431607150 -0.003627536400640
  0.005347065171875  0.005037134221132 -0.004433067050285 -0.003114428079567
  0.000760065483236  0.129522281956940 -0.250698747852920  0.032992583854535
 -0.017847263803806 -0.013506155446334 -0.182442424879077 -0.005142549318884
 -0.003473077884816 -0.002470762008649 -0.001357832411112  0.004527775097601
  0.007351223057965 -0.002002331237938 -0.001277230953192 -0.005044286703506
  0.048172513533401 -0.095767186532006  0.102929405117954  0.045690256898009
  0.032024836959432 -0.067528896800313  0.028860968331036  0.002579254213852
  0.001495701085732  0.005194357120134 -0.003022224187439 -0.000239566251517
 -0.004763282482170 -0.003520892733940 -0.004838688113370 -0.035009009412435
  0.081704972478796 -0.001159593890715  0.010797061863068  0.007911818578356
  0.075077268155084  0.006439499672520  0.003916563902211  0.002777348332881
 -0.001802937886616  0.000340869891105  0.000756644189566 -0.001323405750219
 -0.000920042986587 -0.000697888556565  0.069253444577266  0.014915134284001
  0.003868424291315  0.004781293876514  0.003442300057224  0.071506874302698
  0.021172187252230  0.005058320650222 -0.004174830902143 -0.003122722350373
  0.048866170566908  0.006687354607244 -0.003797651796415 -0.003264514670464
 -0.002334624435413 -0.025078462327990 -0.004866148541050 -0.002972372873229
 -0.001350779296868 -0.000946864298180 -0.071195352754604 -0.016502725324749
  0.004113797864293 -0.004788392049787 -0.003557804283302 -0.028603306548022
 -0.002740965174991 -0.000129509005881  0.002218814922799  0.001624576026923
   10 Orbital Energy    -0.589101 Occupation  1.000000
 -0.098175644097905  0.194466421667409 -0.033169613553304  0.023647321522233
  0.017750881650226  0.184824691301682 -0.014947476013077  0.008832272947361
  0.006664158179232 -0.003991046419426 -0.002568334383718 -0.004670615470974
  0.001579098311062  0.001105788923229  0.003743099408292  0.027473391076610
 -0.054871745994611 -0.138105964148419  0.073227666789207  0.055457012930873
 -0.061601326487869 -0.027677524145861  0.016102732199647  0.012160494013470
  0.007260177679407 -0.004266919588531 -0.001428636831431  0.005002348719289
  0.003573812651503 -0.005375492435158  0.113235631983401 -0.228987589153281
  0.079772695312781 -0.000818082682358 -0.001683537712272 -0.210978227812840
  0.015609185761506  0.011896325018024  0.008488396814211  0.007510401424881
  0.001401824503051  0.004250064952361  0.002419374360749  0.001771106888919
 -0.005279378534480 -0.069724530131132  0.140189381756341  0.155546106344350
  0.066269950029681  0.046355257251172  0.131075187244178  0.027548590079515
  0.004168898366645  0.002675316943373 -0.009505853205181  0.003189017500982
 -0.000356722369898  0.003809849042702  0.002867945350192  0.006271658355730
 -0.096318042888766  0.199447679381066 -0.146297530230945 -0.051983046693031
 -0.036043878673953  0.179578199364572 -0.043478931061061 -0.008984043370178
 -0.005985080018353 -0.012241876952291  0.003161348803432 -0.000621582675126
  0.002920729570491  0.002251479714191  0.006736202545910  0.057458840386403
 -0.132193322329373 -0.036820203881070 -0.015915019125919 -0.011142475482208
 -0.157218853959769 -0.023314731887062 -0.007523436179594 -0.005186887073057
  0.007365805795523  0.000024056821349 -0.000864418233486  0.001797445301073
  0.001170255581032  0.001537166910287  0.070413861955738  0.025251878012982
  0.001775208167801  0.004647087312552  0.003373424897351  0.093133279099196
  0.034926381378842  0.004312093377611 -0.004569256506449 -0.003400793538912
 -0.007476013640251  0.005777211499840 -0.001187308859946  0.001343975747674
  0.000999385044089 -0.100220425429441 -0.034813211955931 -0.002987346263341
 -0.005943159627152 -0.004305643659351  0.054337419047595  0.014104001845095
  0.000158783636125  0.003977010058562  0.002906825390869  0.075179054972583
  0.022893069151150  0.000823669561053 -0.004734073783472 -0.003473543723126
   11 Orbital Energy    -0.541643 Occupation  1.000000
 -0.084798961980588  0.170926541415356 -0.109802005185860 -0.024880006479862
 -0.016670871713172  0.158694027293721 -0.040989501133493 -0.005667827335900
 -0.003576861723899 -0.008105826351362  0.000136296773506 -0.002400575930597
 -0.001563092879320 -0.001099215158236  0.004673428645427  0.091569104980992
 -0.187147262567530 -0.120711596393450 -0.041883354186489 -0.028953841448839
 -0.170798675387123 -0.047374549195151 -0.017685869908081 -0.012276762792290
  0.007086033072632  0.001472141085575  0.003377781055127 -0.000402783971150
 -0.000318637160246 -0.003441555912744 -0.032278908003973  0.065963084846570
  0.091498494722803 -0.140749097916028 -0.104179080985810  0.057368237118318
  0.011886541474936 -0.040471344036361 -0.029760524853004  0.004239638286453
 -0.005561614981836 -0.003926313981778  0.001624012166782  0.001089484241399
 -0.003039973532658 -0.050737850444664  0.101357387157023 -0.067715260088419
 -0.123511010928856 -0.089411368115769  0.111204851548579 -0.014878572116806
 -0.033754066558554 -0.024482294231711  0.003453180552164 -0.005515036898818
 -0.004502080545365 -0.000041216260701 -0.000136746228409 -0.001838878130652
  0.076497221789351 -0.159821181049555  0.096170679486273 -0.053276380698959
 -0.040263917700107 -0.142181902036222  0.051188712960751 -0.014421039809495
 -0.011240211514000  0.007178432454233  0.001745225202377  0.002679683268988
  0.001188212686305  0.000816902946781 -0.001750582449907 -0.036034173806296
  0.085937110267106  0.040678403964672 -0.020699405148399 -0.015688939749954
  0.089250474380224  0.028819480570980 -0.010202670443520 -0.007851090944847
 -0.005435139935170  0.001332720463728  0.001786010712205  0.002180123193636
  0.001717669001818 -0.000924074936906  0.107330923172604  0.053978886070779
  0.002511679629889  0.005272064158603  0.003820206112074  0.090433677075729
  0.040921267937621  0.002346298804928 -0.004783642235256 -0.003530413073027
 -0.125951253082319 -0.063069828561581  0.000998378593765  0.006335563017868
  0.004618077807713  0.078080540749730  0.042450667112186  0.004276906394854
  0.002329033172042  0.001644725126456  0.084791984254236  0.041336739321530
 -0.004671133648230  0.002983040579418  0.002244797836271 -0.111302312232902
 -0.060461922307605 -0.001180200322176  0.005422550993821  0.003982042289190
   12 Orbital Energy    -0.484884 Occupation  1.000000
  0.028423105550792 -0.056867246114619  0.108022244683789  0.101200309613039
  0.072500779976995 -0.074663047600531  0.026615027806334  0.040113848912863
  0.028964160224614  0.004756543430990 -0.002109292099234 -0.000380461410157
  0.003120338201939  0.002233254365508 -0.003278058428941 -0.063725610210352
  0.130407751324079 -0.005871528075470  0.151251911867049  0.110676567049812
  0.153891458701186 -0.001398255857993  0.043296638300399  0.031675385810952
 -0.001665060958829 -0.003474605009937 -0.003544329368006  0.001630749450846
  0.001163416190200  0.000047834303179  0.051239112072163 -0.107699455964945
  0.105824877699400  0.040832220802783  0.028410688901009 -0.095463862609716
  0.058184974279285  0.009136773430073  0.005883618399219  0.003729469607948
  0.001780804986920  0.002277655293230 -0.005443552540695 -0.003997648564686
 -0.000658569162860 -0.064345242363688  0.132700818610465  0.063176376608864
 -0.086019489400878 -0.063775063484941  0.126379718137192  0.046151831409527
 -0.023077364381730 -0.017506681424228 -0.002024184330970 -0.003517405064734
 -0.003359635528239 -0.004628135661356 -0.003404700556925 -0.000081560243470
  0.076670588674480 -0.164353138005046  0.062356413287696 -0.153806582317623
 -0.113334819083286 -0.174437801995083  0.034307692962486 -0.040876308029024
 -0.030359673128718  0.005082653590438  0.003094655668947  0.003283386061530
  0.001715131800654  0.001230667620578 -0.000416707734833 -0.036444596765349
  0.081810036496731  0.068154384965405 -0.070999530718007 -0.052848652094421
  0.119680736048107  0.035689761863334 -0.036407128205205 -0.027109881311280
 -0.007444374423085 -0.000284060795193  0.000132687162576  0.006734575824536
  0.005054548910755 -0.001059357877452 -0.108240932491452 -0.066330522013816
 -0.002235649298780 -0.003371143558821 -0.002433924578927 -0.010896407096737
 -0.008774428412792  0.002060371779944  0.002049608539918  0.001470146436120
  0.135854897826113  0.076546363831865 -0.005449962431239 -0.005124199113750
 -0.003671299370044 -0.098689699595681 -0.060167763299356 -0.000521939084047
 -0.004386359130980 -0.003201054052750  0.120787032046379  0.068861842468399
 -0.003056479301575  0.004857345431794  0.003594061688317 -0.155890068593522
 -0.089765758867895 -0.004602292762076  0.006229754926904  0.004618415064376
   13 Orbital Energy    -0.448043 Occupation  1.000000
  0.019324114251028 -0.040696993461220  0.159534349294796 -0.136514251644560
 -0.102031320364757 -0.054027245015032  0.056744844514016 -0.061920928030039
 -0.046063694411225  0.004905844882848 -0.003040697793050 -0.001371095956745
 -0.000306104293781 -0.000293773201368 -0.003013993274026 -0.026091373357396
  0.059168302449424 -0.084737339884814 -0.164929313763219 -0.119430568153807
  0.031835886363157 -0.033069862655525 -0.043258294506337 -0.031176381250728
 -0.006913185356893 -0.000240753069556 -0.000612063210626  0.003249430617338
  0.002472442037351  0.000524842421379  0.021527995553021 -0.044379968051066
 -0.257351119348264 -0.001797678933841  0.002208222187838 -0.048748607202371
 -0.106653952803673  0.001048134613054  0.002227937659783  0.002906215089394
  0.002602734190264  0.002049872142220 -0.003493971281577 -0.002581658527707
  0.001163587237644 -0.003098308269048  0.006210897888805  0.279023735434032
  0.001809498658354 -0.002464204233953  0.052955528193383  0.064049236742883
 -0.002165209956054 -0.002452096741667 -0.002114480242834  0.003507890826950
  0.001917484793381  0.002821859284418  0.002099828597558  0.002763660153063
 -0.022268345148158  0.054116927485944  0.012867377964070 -0.169228818312896
 -0.123947469599768  0.046045806453136  0.025045920984855 -0.055317095613572
 -0.040798734376852 -0.008636443061330  0.002293970968121  0.000877661983256
 -0.001402348110544 -0.000903384002326  0.002630949131739  0.026756704516577
 -0.056637799628898 -0.072312413311916 -0.086047304650922 -0.061957980227865
 -0.114769703600026 -0.031923975684911 -0.047347986410811 -0.034198569161547
  0.008235897987538  0.000827914749030  0.000230138230007  0.007669415077770
  0.005477657234354  0.000746811893044  0.022306904522068  0.012586418234945
  0.004236431720957 -0.001256031575914 -0.000977349397630 -0.144150363906564
 -0.090819484900013 -0.003109639817082  0.003530917049451  0.002624849065772
 -0.096189139119539 -0.077826670594870  0.000858040096222  0.001800792543458
  0.001304300737682  0.046199557740998  0.035060251932377 -0.003759763622195
  0.002113107666297  0.001597460639695  0.075451475120386  0.050895498736109
  0.003265842200379  0.003676918323774  0.002645605386386 -0.078566219215137
 -0.059913594125299 -0.001460599780657  0.001389058263127  0.001035674376981
   14 Orbital Energy    -0.416498 Occupation  1.000000
 -0.010809334133016  0.021744475421632 -0.201507672029463 -0.108361275291444
 -0.076435323173182  0.044744942685270 -0.068006550137507 -0.043237276095713
 -0.030667768747497 -0.004098406474210  0.004530254070036  0.002315174429415
 -0.000914011351219 -0.000606181591935  0.004058821059633  0.012193476210278
 -0.024963436644778  0.209487694757397 -0.093421058475095 -0.071188762761299
 -0.010738088324277  0.070965241474780 -0.032139192561892 -0.024475196706740
  0.003632817219380  0.000024815289836  0.000332276176053 -0.002632437719810
 -0.001971407011739 -0.000442489626387 -0.007997003853640  0.018667182169280
  0.041213309672513  0.229736927644979  0.167459815471804  0.037401550331106
  0.036033087168147  0.075916059182792  0.055032670937456 -0.000927355677355
 -0.002348532955774 -0.001433252054582  0.000144108616772  0.000114508147945
 -0.001667975505029 -0.009786011138335  0.020440238120532 -0.027344112837123
  0.159121524344543  0.116755643505531  0.017894058002725  0.030312788108401
  0.081077736572768  0.058887323580612  0.001953597330405 -0.003412312545423
 -0.002106232311742 -0.003598604196422 -0.002673296505155 -0.002210194546803
  0.033510293155658 -0.074399626443465 -0.067278979054103 -0.148375928456767
 -0.107598619710879 -0.122490669058917 -0.023295482665636 -0.030361362512727
 -0.021883564016188  0.005161391345125 -0.001149494381803  0.000438978788304
  0.002489092836143  0.001775424167433 -0.002995546934208 -0.038523910532515
  0.077424776454662  0.122173875686545 -0.080523318431553 -0.060534908378429
  0.178100709922415  0.049310749644234 -0.044486154970975 -0.033198466414040
 -0.010395821363031 -0.003533757771612 -0.002714697084643  0.007116537128142
  0.005340353484456 -0.001804952846871  0.129894173308142  0.092341674877053
 -0.000475161308233  0.004075350344948  0.002986526626381  0.021751505379353
  0.017415249275497 -0.003670707129749 -0.002495236773713 -0.001773546236872
 -0.029213469933340 -0.026380896871121  0.004896134819179 -0.000638073802761
 -0.000534134872061 -0.145071782012108 -0.109560971161282 -0.005014302293982
 -0.002224265276731 -0.001558057297692 -0.092923035732653 -0.060527079189027
  0.003283049380291 -0.001057931750267 -0.000818234476976 -0.106592495682958
 -0.079427359676846 -0.004385949062912  0.002088865735752  0.001587205919416
   15 Orbital Energy    -0.378355 Occupation  1.000000
 -0.012958302248291  0.027810600980047  0.241200723144035 -0.165354122519890
 -0.124233324058181  0.075315658253516  0.099804213073600 -0.053111048150444
 -0.040212721680300  0.002816409899629 -0.005162057557566 -0.003217197656737
  0.006757789268317  0.004885417034550 -0.003836782064380 -0.014059425592867
  0.032057590275704 -0.206878096924848 -0.039893489994135 -0.026273222069175
  0.000374528322842 -0.006183396943141 -0.014006638151999 -0.010134094263741
  0.005285185662639 -0.007106108305154 -0.004138353878837  0.006624673929852
  0.004751572565125 -0.005689640850988  0.032898524305089 -0.067418540984241
  0.173468824521076  0.034462477611443  0.022872503020102 -0.168085247948898
  0.000861199375395 -0.003112987786558 -0.002268388905342  0.011666141001473
 -0.005916967499715 -0.002448561282838 -0.004875958625765 -0.003729830254880
 -0.006068662187608 -0.036958503182155  0.073170877484809 -0.119577545072716
 -0.033031575749305 -0.022525247447576  0.165023769631093 -0.085912347028316
  0.003974081234191  0.004080475248200 -0.006330291406831 -0.000347707989671
 -0.001046901236931 -0.005756020254653 -0.004143458479517  0.001522855211879
  0.031837121363007 -0.079814358392683 -0.148221599268636  0.131510753593596
  0.098198543476424 -0.055670730130630 -0.000369988300500  0.046474402219150
  0.033998990797594  0.003521681774943  0.005658206230918  0.004499555510180
  0.003518015209634  0.002569766661185  0.001945500197987 -0.050221941347322
  0.106801104698269  0.263246491251485  0.078556769189943  0.053908610922989
  0.198265108178931  0.141198384571686  0.044231698112466  0.030449265547150
 -0.019011594712425  0.000738180673626  0.001258361912139 -0.005958417091679
 -0.004035590654159 -0.000686702240435  0.057833767161036  0.040943633947249
  0.006036085454361  0.000034247964000 -0.000058086598818 -0.185615843146314
 -0.168456341092481 -0.001991172791086  0.003541611028675  0.002617568381863
 -0.061135362907888 -0.060524816728120 -0.001675568831193  0.001936598370227
  0.001440019387995 -0.113593403224463 -0.098812323199163  0.000406366517666
 -0.003630848383009 -0.002660536429833  0.028733772611592  0.030359542869067
 -0.003001361362416  0.000265609361839  0.000235026767948  0.083135856892002
  0.079084165491896  0.000164888129838 -0.001837882912638 -0.001346108362239
   16 Orbital Energy    -0.362220 Occupation  1.000000
  0.011395374988437 -0.023408945040382 -0.163790462310378 -0.194863263237921
 -0.140228058949018 -0.043196433569330 -0.073821806111937 -0.068862411584881
 -0.049332782667539 -0.003536301906829  0.005817736573875  0.003421289413744
  0.008221887995371  0.006083024043564  0.003970511171395 -0.016533061799159
  0.029019326933739  0.216621022229381  0.059232974571446  0.040285124454750
  0.118372139562995  0.071080418842679 -0.005392266859993 -0.004946771763660
 -0.004171420912444  0.003855368132866  0.001362555807951  0.008472372404458
  0.006241247173716  0.004139062491033  0.023685183196211 -0.046279040521945
  0.002415207555868  0.057928817107968  0.042281612301069 -0.105066457543683
  0.031039299674637  0.000655352831888  0.000033134829829 -0.004193099219364
  0.003763142800475  0.002870638660688 -0.008061353806047 -0.005805994451568
  0.001975370727796 -0.005248578170128  0.006302970075547  0.042734556005440
 -0.208054473114240 -0.152796508042630  0.009130229940703  0.013115872373983
 -0.069389504096632 -0.050959065765684 -0.000498032013347  0.001711487537454
  0.000700057469270 -0.008760598523917 -0.006411495076150  0.002226898891358
  0.006289653069189 -0.009712611484825  0.172465071059677  0.116170806176499
  0.082570459368807 -0.045034982432504  0.045349365664975  0.035422369659814
  0.025263218233821 -0.001748579457346 -0.000040913313709 -0.000857732361144
 -0.001796365579425 -0.001317258756354  0.001569276025562  0.032183771741015
 -0.065673071735096 -0.173732912604711  0.080668969846985  0.061282497077286
 -0.143801783098401 -0.088571480911171  0.045949861763389  0.034765156928378
  0.010868096654552  0.001506114920665  0.000729660947494 -0.006359155650821
 -0.004820775286518  0.001695149223008  0.180306858893255  0.164226611797405
  0.000931874173412  0.003277586229524  0.002383235084410 -0.077813646477642
 -0.069280597483469 -0.005661819439232 -0.000667717692491 -0.000410006522293
  0.128736223512001  0.115593428126818  0.002528084598172 -0.003578615785949
 -0.002651989322552 -0.064212404556484 -0.041371152595696 -0.001763477998117
 -0.001690617604694 -0.001213382530903  0.166934573595465  0.140225079475014
 -0.004268027999404  0.002456762157654  0.001854262241880  0.036550839154727
  0.054735055537033  0.002758805224635  0.000821987511166  0.000562500994273
   17 Orbital Energy    -0.351031 Occupation  1.000000
  0.016233542128795 -0.037530892960404 -0.150221765383649  0.012422078192760
  0.011086410871070 -0.050882053949372 -0.048700444677382  0.001695377619273
  0.001874681063500 -0.001198366387708  0.004151270220814  0.002342756094643
 -0.000321967822585 -0.000217746629500  0.003296492542515  0.004636367672632
 -0.012542792368993  0.139904896543047  0.046619080112988  0.031995630274036
  0.000843411938033  0.036929881392252  0.000377133907688 -0.000324964613510
 -0.009660391956697  0.007366808597694  0.003860084296543  0.002672162699460
  0.002102459463824  0.006258538422766  0.013782805767113 -0.033175287266451
 -0.236955713663072 -0.086283724672751 -0.060083396598821 -0.054245266416306
 -0.060097115742576 -0.027132984758895 -0.019138173143729 -0.007363228073818
  0.007735623402108  0.004085691525290  0.003115195767437  0.002389423820991
  0.006468796314883  0.011985380012438 -0.028637561070949  0.230806716260769
 -0.038163820831489 -0.031311315578859 -0.037358833465875  0.049198416425416
  0.002101962352047  0.000724584976747 -0.008865272147719  0.007758167940030
  0.004276306503267 -0.000379341716591 -0.000133643689095  0.006303527283597
  0.014807143097840 -0.047151070161929 -0.267902363365251  0.030877853923166
  0.025790345190802  0.004559355087278 -0.029076155691643 -0.008905432859988
 -0.006350910107493 -0.010445760493333  0.012405087096167  0.008834641556755
 -0.003281876329575 -0.002181298241331  0.006650351297627 -0.054868585046274
  0.108563854390540  0.382163668961679 -0.020043604880725 -0.020265965219816
  0.238288701100932  0.205476350780229 -0.011757091280266 -0.011634503732313
 -0.024100131558361 -0.000363895185442 -0.000194602620385  0.000686082389680
  0.000908518605135 -0.000350167229819  0.023854460034315  0.035702094184126
 -0.002310547205619  0.000280784646824  0.000235227815229  0.051086346743577
  0.057647769097773 -0.001201882703711 -0.001486837323826 -0.001072168680505
  0.085193967489756  0.106149257164544  0.001890435046046 -0.001694712951143
 -0.001268580780259  0.127767212912575  0.135697071641760 -0.001431048626150
  0.003112973217063  0.002291993047268  0.093535005085158  0.113932573390017
  0.001284919168460  0.002743451206059  0.001983680483783  0.096335563392195
  0.122993655027017 -0.003277139598256 -0.002751870162762 -0.001976651182573
   18 Orbital Energy    -0.347868 Occupation  1.000000
  0.000019760961359 -0.000045544929980  0.000335886776918 -0.027129842100537
  0.037088834232195 -0.000064527337045  0.000200682459079 -0.013489974296663
  0.018441105421705  0.000058116176134  0.000123255732995 -0.000174230272945
 -0.001800972134393  0.002461293277940 -0.000014633355574  0.000001194215951
 -0.000006619526223  0.001179313975566 -0.052987599048859  0.072595550421884
  0.000029257596680  0.000680396954443 -0.033050527372097  0.045203576974068
  0.000025835102651  0.003099579089117 -0.003127304414723 -0.001202456571891
  0.001579855520737 -0.001112218658990  0.000017719497357 -0.000040174163933
  0.001395843410810 -0.087639500882102  0.119662791691901 -0.000071660045600
  0.000812134195982 -0.046313576048199  0.063252599787663  0.000093187819942
 -0.002636093907707  0.002549027056556 -0.003112442953650  0.004320171958428
  0.001021125121456  0.000014358667070 -0.000033665202689  0.002507764341640
 -0.122219399779424  0.166951653167361 -0.000049947507480  0.001328128533934
 -0.068374695847615  0.093461171100483  0.000017379195191 -0.007170816031376
  0.007157494091826 -0.000759722321553  0.001196486241270  0.002653711372075
  0.000014053775631 -0.000042678014307  0.003659693974482 -0.210042764394111
  0.287283427604375 -0.000002020696686  0.002150484899964 -0.117513967326864
  0.160665583992696  0.000272935978416  0.005969279440719 -0.006233981233351
 -0.008942183875763  0.012082926397593 -0.002060885359313 -0.000044959316585
  0.000087985428050  0.004640923786561 -0.233555102865008  0.319310941096967
  0.000194563484909  0.002721375835915 -0.137703087337529  0.188264369642728
 -0.000511542561162 -0.000603962760613  0.001094244816154  0.015313821731047
 -0.020921307513857  0.000013444747413  0.000044874982926  0.000062798883954
  0.000010445543045 -0.000686160206445  0.000940182834151  0.000044018526010
  0.000055983081511  0.000009549322748 -0.000612919273167  0.000834588200994
  0.000109714600186  0.000123143577545  0.000027324025581 -0.001359714472128
  0.001854981847098  0.000123294205687  0.000130435591491  0.000034624661571
 -0.001975167431966  0.002705902114207  0.000118173561221  0.000132900456172
  0.000051873203539 -0.002761876290383  0.003780897574899  0.000096690466249
  0.000129024041079  0.000074259815111 -0.004165811949524  0.005690711123354
   19 Orbital Energy    -0.321477 Occupation  1.000000
 -0.003650379206660  0.009085956613164 -0.020197903341070  0.160575111570986
  0.117723313510062  0.003874299003707 -0.021635706371010  0.053077667062654
  0.039129509426990  0.003251138280716 -0.002472098154805 -0.001046278671392
 -0.015482929654604 -0.011371153876843 -0.001878739990541 -0.012795525091976
  0.031263221938964  0.047743706818762 -0.237387436783859 -0.174188472894403
  0.072830748994564  0.012928136250762 -0.089049768420581 -0.065263932891711
  0.003154208344863 -0.005272599625631 -0.002667675022606 -0.014522328196949
 -0.010673613584428 -0.004063731100627 -0.008040013712517  0.022966619789013
 -0.108047514568425  0.211894817159304  0.156480184089235  0.020652882815097
 -0.032501524768530  0.061119850125319  0.045165932063889  0.001756078749988
 -0.003201052804898 -0.001265525162095 -0.013528981221617 -0.009915877625409
 -0.002898271912921 -0.011691387608222  0.019201201458448  0.080053967964295
 -0.136421443555244 -0.100858298611611  0.066471460520908  0.029160038736866
 -0.025203833146736 -0.018827427311467 -0.003743828824802  0.003049814265671
  0.001522843837522 -0.013467655250887 -0.009804356769760  0.003376175078048
  0.013338245486555 -0.029832199633252  0.023577564280281  0.120683329505605
  0.087933073493588 -0.055031228818127  0.044916557849866  0.061861419266355
  0.044631202210046 -0.002911272154571  0.004569885929220  0.002706809337262
  0.002039741934693  0.001545637119857  0.003290089527082  0.000316128017568
  0.000770361094102  0.028889825115476  0.104187427220484  0.075788236055058
 -0.016566446565922  0.022045914908248  0.059400130283758  0.043131756446670
 -0.001813024337732  0.001944946658597  0.001477553583641 -0.006812038406936
 -0.004940366735909  0.001149824320770 -0.135176065070222 -0.154567917914435
 -0.003114264943971 -0.000846230027148 -0.000574975882289  0.139461612825168
  0.139529650607568  0.002761366883009 -0.001225920662527 -0.000934092779182
 -0.172082174433370 -0.180894605685379  0.003702649466052  0.001676619259318
  0.001175647602486 -0.137899740061294 -0.159040005885087 -0.003876190921972
 -0.000464846874426 -0.000286581001998  0.154571060614882  0.151910386641033
 -0.002219747219509  0.002319828191828  0.001727755023814  0.053264605157841
  0.049608775553562  0.003054457305952 -0.000459296772252 -0.000377356950258
   20 Orbital Energy    -0.301128 Occupation  1.000000
 -0.000006118385213  0.000014097587185 -0.002503377417348  0.133809113816472
 -0.182982992738536  0.000032546297273 -0.001574245772260  0.083828142309691
 -0.114627587369244 -0.000237714713564  0.000018787420450  0.000217044610845
  0.007266545985860 -0.009939119615636 -0.000109040656116 -0.000001375954173
  0.000003225496676 -0.003710395577460  0.194546740325321 -0.266142927815949
  0.000005241142303 -0.002197509851270  0.116540304668881 -0.159422851372662
  0.000040002758246 -0.007636740136062  0.007591839117549 -0.001077534855832
  0.001642776902312  0.002818209733434 -0.000000868632275  0.000005208485934
 -0.003236662653895  0.174587759227544 -0.238653460093230 -0.000026119901857
 -0.002105448652840  0.112519295289046 -0.153841939833134  0.000052468886415
  0.007207177223675 -0.007258501010473 -0.001545495260736  0.001945543229503
 -0.002629851751970 -0.000008492752328  0.000016309364696 -0.001457701336327
  0.077175109113464 -0.105512620810520  0.000059546750465 -0.000798252747494
  0.042141299612173 -0.057601113233185  0.000252623460017 -0.001064121790239
  0.000808896971534 -0.007852891082680  0.010757144388421  0.000497174812222
  0.000001165800358 -0.000001177673269  0.001402321142324 -0.075340556745742
  0.103032274356424 -0.000007139543478  0.000787173148014 -0.041852579536120
  0.057258234598390  0.000308291220504 -0.001630124637096  0.001331601550634
 -0.009438601185776  0.012941667650626  0.000727272733023  0.000001373547947
 -0.000000955539260  0.002667179714603 -0.144987556829564  0.198279626507507
 -0.000013294791105  0.001745715618412 -0.094570468256697  0.129324785593292
 -0.000267192398863 -0.000711788115014  0.000976688297409  0.008248866579412
 -0.011262804179850  0.000147071990909 -0.000014156145380 -0.000020284825417
 -0.000061316246189  0.003271698898551 -0.004474576534644  0.000001618942247
 -0.000005480094479 -0.000057480368707  0.003067220914526 -0.004193890166717
 -0.000038272457945 -0.000042290970974 -0.000088516793953  0.004670090718994
 -0.006386833809356 -0.000036992601143 -0.000039398014695 -0.000078896582437
  0.004230481449931 -0.005784666787667 -0.000001154781674 -0.000003241019175
 -0.000031477616690  0.001681826997495 -0.002298721049662 -0.000001072195992
 -0.000019330861203  0.000022339190956 -0.001192865939569  0.001632012612181
   21 Orbital Energy    -0.225011 Occupation  1.000000
 -0.000001841197359  0.000004131702516  0.003678274753487 -0.193656685826292
  0.264846685432986  0.000013262648910  0.002800513737888 -0.147471005806108
  0.201693430394444  0.000175611404454 -0.001282528460534  0.001106251639881
 -0.005337476599660  0.007328574438402  0.000545033076515  0.000000820712300
 -0.000002831144919  0.002473074432517 -0.131194026679332  0.179426889948758
  0.000002982340093  0.001665145999631 -0.087574737387981  0.119744576320003
 -0.000354373968861 -0.003165650841388  0.003517393456155  0.010841673618860
 -0.014753091089578  0.001012659176104 -0.000000694794684  0.000001251593715
 -0.002411742259035  0.128962667041238 -0.176352243945552  0.000005900055869
 -0.001635659420613  0.088438916196157 -0.120954391395231 -0.000368112590700
 -0.004467250546352  0.004834149127237  0.011382796345908 -0.015458232445274
  0.001486456108820  0.000002502161121 -0.000005004790251 -0.003611357604616
  0.194553592922426 -0.266006326043821 -0.000026022085869 -0.002679989303696
  0.144811060550293 -0.197995683744685  0.000175815316405  0.001510018111655
 -0.001685406074773 -0.005451023000549  0.007419657802203 -0.000479977826301
 -0.000001042354352  0.000003159038089 -0.000162368335580  0.008788057623225
 -0.012023237621252 -0.000002084391930 -0.000008538229806 -0.000178392661420
  0.000231786806750  0.000387328346925 -0.007260611666001  0.006866770382432
 -0.012069516512604  0.016660306303197  0.002828171821814 -0.000000229327798
 -0.000001568493767  0.002583942297615 -0.140251719928223  0.191730993190900
  0.000012697260718  0.001851508353587 -0.100711028052320  0.137680431273429
 -0.000173413837940 -0.001158215988380  0.001327143895676  0.005390273976280
 -0.007341815888150  0.000350813705086  0.000000036332567  0.000000751637818
  0.000093961268807 -0.004935576188473  0.006749852138762 -0.000003936557534
 -0.000007297900169  0.000096720905633 -0.005106004313893  0.006982675859799
 -0.000005364928386  0.000000452410597  0.000064942430297 -0.003422432218318
  0.004680364898481  0.000012453025686  0.000009538377044 -0.000058448114273
  0.003173036640058 -0.004337514238281 -0.000001722813861 -0.000000799805359
 -0.000089740349424  0.004831796982219 -0.006605736530740  0.000001617910427
  0.000006350978062 -0.000009051707496  0.000495131082208 -0.000678112567763
   22 Orbital Energy    -0.197337 Occupation  1.000000
  0.005935201575289 -0.012452523393639 -0.016532473820549 -0.002099764606324
 -0.001286741106666 -0.026485332288570 -0.003776921816748 -0.000593220625286
 -0.000363393347437 -0.000006017146621  0.001123090071627  0.000698053476306
  0.001280667226199  0.000941360509608  0.000712889611933 -0.001460684900516
  0.002544614629070  0.013241756692929  0.039753876346860  0.028895461819277
  0.002387281284878  0.005461319369157  0.048991232860833  0.035748736406016
 -0.002965938685776  0.002442134211402  0.001208305828155  0.000999639348559
  0.000777010755511  0.002187723726069  0.012165517087234 -0.021730642890916
 -0.063545096885698 -0.022900294264710 -0.015876410871523 -0.134475667820141
 -0.116597086475042 -0.007114906734080 -0.003604597699531 -0.001328259294884
  0.002402920047065  0.001724286819633  0.006353202041179  0.004685783400295
  0.000945276444463 -0.040203641994599  0.076761990631773  0.131856844052153
  0.126645915077466  0.090826879034462  0.360833408895821 -0.010286406808488
  0.094391397002894  0.069166851364220 -0.003430962547802 -0.000868285496931
 -0.001027175620243  0.003708844267395  0.002749054082665  0.000120965369511
  0.000449144478566  0.011331954903370 -0.008475312865950 -0.094939712721449
 -0.069323217790224 -0.011133583912410  0.072286791308940  0.044381115539221
  0.031479934973835  0.005301018240364 -0.003976796450791 -0.002275963336950
  0.037695193583685  0.027503407982546 -0.004766307412600  0.000020900420781
  0.009026920732382  0.033590265318739  0.475427283117323  0.347266678151768
 -0.044695202258863  0.034579353940650  0.336206488338574  0.245430032651953
  0.000826399047602  0.003503510984662  0.003486836393330 -0.015351905070735
 -0.011197715874210  0.000715510210606  0.009300129924781  0.025240660678653
  0.000021899637141 -0.000309626333918 -0.000226281258299 -0.003231570252667
 -0.000130399492962 -0.000283952698825  0.000096049140988  0.000074711464674
  0.027718668733288 -0.009825414136112 -0.002326804678577 -0.000266382465029
 -0.000163018696506  0.047217228112472  0.067890915601170 -0.000768315821281
  0.000328819102654  0.000251380916588 -0.024824836340302 -0.081625099371596
  0.001354882604429  0.000920623957003  0.000654770621424 -0.171103478268909
 -0.269309293350509 -0.000195515187186  0.000789106852569  0.000579791940077
   23 Orbital Energy    -0.107929 Occupation  0.000000
 -0.000003278604083  0.000010800262544  0.003434607117617 -0.180826100366840
  0.247293747735459  0.000002820856181  0.003415072834771 -0.180863882610380
  0.247363458123242 -0.000127487354881 -0.001186921260287  0.001313589803539
  0.003891690847028 -0.005292643238565  0.000381577962666 -0.000002147452926
  0.000000329519937 -0.001455302921218  0.076731837812857 -0.104938200466086
  0.000045415494367 -0.001367410762373  0.071937384483865 -0.098396563273401
 -0.000413052539942 -0.009186976947230  0.009594764112125  0.012748036518829
 -0.017224438412555  0.003197594683437 -0.000000162296718 -0.000001221663746
 -0.003529344859446  0.189223600153559 -0.258741177422643 -0.000005331810878
 -0.003359493598347  0.180438614817914 -0.246739315180288  0.000264069021122
  0.003728167396091 -0.003994368517345 -0.008218019833766  0.011148946509660
 -0.001259214642635 -0.000000015339076  0.000001391861815  0.002650595786874
 -0.142539204529627  0.194888192373736 -0.000000253208367  0.002696151541265
 -0.145381731764095  0.198782396082405  0.000386950282134 -0.008727026810779
  0.008339993153112 -0.011937719141177  0.016516478233686  0.003367306991122
 -0.000002120130143  0.000006750602134  0.002895515958830 -0.157079265943882
  0.214771294267202  0.000016347705278  0.002346495636104 -0.126335189546716
  0.172743355912744 -0.000466982764385  0.007598541768317 -0.007126256327369
  0.014551232053278 -0.020062801035638 -0.002985714042592  0.000001059557751
 -0.000001389855916 -0.003374040495407  0.183131387531281 -0.250387863533070
 -0.000015880196556 -0.002890481168943  0.157146396520180 -0.214862990239437
  0.000054330210116  0.001105797811836 -0.001161402568529 -0.001812442178704
  0.002452422529684 -0.000384324794344  0.000003511194373 -0.000002886063698
  0.000107631383802 -0.005643809899150  0.007718958258228 -0.000004970862152
 -0.000020376588216  0.000115752204792 -0.006091146571174  0.008330475497648
 -0.000010691310227 -0.000029953741460 -0.000038882670470  0.002045395066305
 -0.002798468750188 -0.000007114558647 -0.000018699620060 -0.000108607607419
  0.005806198133507 -0.007939778747450  0.000000365261233  0.000003335684419
  0.000081127392778 -0.004356099069971  0.005957631816613  0.000005416565661
 -0.000004949913766  0.000091530385835 -0.004940020807460  0.006754649137470
   24 Orbital Energy    -0.028216 Occupation  0.000000
  0.000002076685149 -0.000005363455931  0.003263256459176 -0.172638650008733
  0.236093848640097 -0.000010668112681  0.004655382111365 -0.246205179594503
  0.336707945095705 -0.000359135402558  0.002406307186348 -0.002047443879985
  0.010915736181668 -0.014982033300035 -0.001035515758908  0.000000921416723
  0.000003185754873 -0.003968764035772  0.209635167035596 -0.286717661063750
 -0.000033089518475 -0.005382347363833  0.283495267726454 -0.387754870079013
 -0.000260097214001  0.004740647646848 -0.004471543657972  0.007914118559478
 -0.010926375674965 -0.001849932941832 -0.000005427030517  0.000008384800904
  0.001393332783874 -0.074462019488357  0.101796258837166  0.000079718031514
  0.001758670092203 -0.094235633058079  0.128811084153768  0.000341367218320
  0.015361989806889 -0.015705899887346 -0.010634199029050  0.014183413608150
 -0.005502580898193 -0.000004356592915  0.000010027397537  0.002034350115479
 -0.110206237726953  0.150668875719745  0.000045710417635  0.002181828197387
 -0.115878481344284  0.158435588118435 -0.000276669364193  0.014699224830547
 -0.014424535247103  0.008452265998954 -0.011880794982707 -0.005515313297710
 -0.000002926375951  0.000006070030420 -0.003827384613423  0.206919044146662
 -0.282906429250511  0.000024676581301 -0.004280221694532  0.232998575210190
 -0.318502463614588  0.000262351582431  0.006923205852694 -0.007175375687969
 -0.008226623420184  0.011090531128888 -0.002429139707068  0.000001878907721
 -0.000000628951868  0.002840402757464 -0.153313837840575  0.209614985634768
 -0.000029911236481  0.002960506760481 -0.159485295298482  0.218041902685993
  0.000039627303342  0.001322213670892 -0.001355734805130 -0.001173977040568
  0.001576993009272 -0.000466850974457  0.000000170624915 -0.000009566526993
  0.000130070527141 -0.006877592900498  0.009406252919830  0.000004752480918
  0.000009661321205  0.000124898699101 -0.006602877458874  0.009030778277607
  0.000009019853928  0.000057509930021 -0.000156877178785  0.008266436502251
 -0.011305137079888 -0.000024319312465 -0.000097229415315  0.000062779867340
 -0.003357788271546  0.004591851356820 -0.000009990117029 -0.000047668528292
  0.000079744155478 -0.004338075980813  0.005931072020851  0.000006402067503
 -0.000045829240476 -0.000157173285912  0.008532392465171 -0.011664423926569
   25 Orbital Energy     0.051512 Occupation  0.000000
 -0.000021402465516  0.000045340971695 -0.001474290419813  0.076954555109517
 -0.105169862103051  0.000255841636679 -0.003224575152979  0.164075873014311
 -0.224171578030426  0.000336063827396 -0.005427223896255  0.005084471978265
 -0.010296285283202  0.014218578142835  0.002134380830351 -0.000020745711673
  0.000019181890397  0.003443996643264 -0.179884363120181  0.246146606647695
  0.000426964903825  0.005255979017518 -0.270171586297879  0.369599085845548
 -0.000020238602085 -0.016681694519408  0.016703257686484  0.001177721470691
 -0.001241185993842  0.006105839327992  0.000006363986476  0.000004860021774
 -0.003928966666919  0.212606111971366 -0.290637521117170 -0.000218531253957
 -0.006237819508124  0.342017047308451 -0.467697590529017  0.000288247378199
 -0.010747732448083  0.010464618724383 -0.009159996562644  0.012774257885202
  0.004083180346470  0.000024263685694 -0.000051470305019  0.004085801871854
 -0.219345647286333  0.299927431778320 -0.000264143965005  0.006316648497990
 -0.340801118474296  0.466095304159762  0.000245831615172  0.010385245064341
 -0.010626319042811 -0.007633443204337  0.010199018121060 -0.003706339973269
 -0.000015724847672  0.000025949117249 -0.003568069767446  0.191676989631630
 -0.262045639243380  0.000133800254490 -0.004460313357325  0.238310365794165
 -0.325765108347350  0.000035159372435  0.017408705555415 -0.017460565667307
 -0.001589025720609  0.001782678377538 -0.006375942700445  0.000001469443805
 -0.000013046857539  0.001883164850803 -0.101168383318843  0.138333065922557
  0.000021466311723  0.002238733333626 -0.121320879513250  0.165871639460666
  0.000115324682520  0.003897928365085 -0.004016400448022 -0.003515162431550
  0.004718641935232 -0.001379918649967  0.000010345850242 -0.000008727574862
 -0.000089943572609  0.004684026369179 -0.006404734892512 -0.000036182544879
 -0.000351904650607 -0.000066090054977  0.003538401348489 -0.004843552774783
 -0.000050638815506 -0.000411919486817  0.000152132786442 -0.008070298835885
  0.011030517237856  0.000034323080900  0.000230408571275 -0.000181162769616
  0.009737174674652 -0.013320843357469  0.000024552348278  0.000221189331094
  0.000178023323452 -0.009571923687617  0.013086577590602 -0.000015309237440
 -0.000143024849771 -0.000153918002387  0.008419978046971 -0.011518011957633
   26 Orbital Energy     0.059496 Occupation  0.000000
  0.000979879626165 -0.003203748981651 -0.007104420184951  0.119207821194092
  0.087331588905941  0.042385511309934 -0.002695489968214  0.249014597521567
  0.182262741087972 -0.001201932719484  0.000216189464120  0.000314263466939
  0.013502003022833  0.009898347097780 -0.000802017651612 -0.051391932151761
  0.084097878851795  0.090372460464454  0.158277331150712  0.114335514751138
  0.707431959043040  0.255001388243024  0.282278571977052  0.202616062942522
  0.007505072283334 -0.012699834329731 -0.007310989644374 -0.014480146205345
 -0.010731135417068 -0.009141429101645  0.031981187016059 -0.050907419044261
  0.070678887654543  0.112505978849291  0.081478850153531 -0.474334279603203
  0.234957880640606  0.185711545204096  0.132905268483810 -0.012199253318062
  0.012890892303906  0.007427343981074  0.008387189214711  0.006345688317129
  0.009518104803540  0.047652374997000 -0.087173224817255 -0.058499207352977
  0.054227066596080  0.040304329544816 -0.615990818779795 -0.118131066046629
  0.077120782929161  0.057768926461470 -0.004818520753307  0.010145301122139
  0.005392406175156 -0.009748348014400 -0.007068849334708  0.009077550700841
 -0.047533177712045  0.073368245617667 -0.089817569680897  0.132236711276011
  0.098033146534294  0.645605025777615 -0.232449706204612  0.225390583860005
  0.168131577639787  0.001114522353073 -0.008496915134489 -0.005028553062991
  0.000277177175645  0.000167055841638 -0.006287447602218  0.000378162827350
 -0.012731014673591  0.011766475364041 -0.045840680980615 -0.033737641823642
  0.043083229786812  0.003417859458657 -0.076540523494121 -0.056094867988839
 -0.003861045381749 -0.003887360063894 -0.003298645702422 -0.001653878284645
 -0.001194855934514 -0.000988181033634  0.040726927884548  0.449052137038252
 -0.003299870337548 -0.002213754269896 -0.001569428109974 -0.038631749014708
 -0.413542210885305  0.002529310330099 -0.001717022020228 -0.001287188707136
 -0.097350137029988 -1.014606126906096 -0.006960524941550 -0.007865242975839
 -0.005662804783602  0.070427414491519  0.756318228655166  0.000028795409150
 -0.005617651236349 -0.004101046817811  0.068413674166903  0.620370182582825
 -0.000512419917353 -0.005367557539115 -0.003925543393615 -0.048152852943318
 -0.764806612915722  0.006083948612969 -0.006334447544976 -0.004709256277272
   27 Orbital Energy     0.076272 Occupation  0.000000
 -0.061945926653926  0.102669695583966 -0.202340536553198 -0.019173888730532
 -0.011228784789435  0.926939165221833 -0.585159752172866 -0.072252637609499
 -0.044721072043780  0.002598114190389 -0.010368924477081 -0.006091704691825
  0.008880364839700  0.006438767909112 -0.008169189592321 -0.047065683475037
  0.074919563432851  0.089641918911668  0.082050815506931  0.058746835643790
  0.929232924286120  0.197306880421558  0.212790026059189  0.152843464972156
 -0.008568955554141  0.000914700308680  0.001062971088183 -0.002231490058427
 -0.001476450219279 -0.000182379081551 -0.046160651049035  0.085000431133430
 -0.071532872620702 -0.172225667088185 -0.124924009392084  0.710683266045619
 -0.081116720623704 -0.529647704261522 -0.386140719825204 -0.011390597584486
  0.001260865366961  0.001004453658148 -0.014325348162924 -0.010296408899602
  0.001106601703351  0.002010368598017 -0.015246754568719  0.064057581624550
 -0.114740432263423 -0.084858821058045  0.112869222875231  0.245151477896484
 -0.123905576262170 -0.094071006446541  0.003715429090806 -0.003732012474665
 -0.002961412675648  0.018449105369716  0.013409513607848 -0.002215721508069
 -0.050829172500281  0.103854437639800 -0.064439912694649  0.024728391173172
  0.019000392831178  0.454835061377143 -0.054443596613762  0.155473754747313
  0.114533999374597 -0.023740642772058  0.005802082849723  0.006334053971410
 -0.002132573145561 -0.001082299405687 -0.000865951016955  0.011887524837291
 -0.034283252167734  0.084314547842948 -0.017660298621757 -0.014080330075986
 -0.085642880968216  0.081598519153843 -0.032659327321464 -0.025026408207060
  0.002757614166739 -0.001206704518439 -0.000350034532398  0.001082944308742
  0.000758113687021 -0.001599596261314 -0.019483627067878 -0.767477866252984
 -0.008554602780824  0.008253629996955  0.006154140738869 -0.072492038865102
 -0.823082591431865 -0.001556310751052 -0.007258789714524 -0.005286641051875
  0.002292333680941 -0.644497045891278 -0.003603223793890 -0.003090530813136
 -0.002211845439859 -0.043782669194635 -1.047907806790729  0.010480514480184
  0.002151076760323  0.001431550266980 -0.052558209275470 -0.481957327759598
 -0.004208329871035  0.002456622810992  0.001850784072313 -0.010459296453707
 -0.400601793714248  0.007564328309003 -0.002507122987036 -0.001932841950128
   28 Orbital Energy     0.098191 Occupation  0.000000
  0.117760039335773 -0.203117386611053  0.106019265992901  0.009863230075257
  0.005706004159838 -1.749304005308249  0.223392922232724 -0.047874526802954
 -0.038176063050282  0.009875188828743  0.010399699695716  0.005643174921905
  0.003136358450633  0.002145819595744  0.008492879716974 -0.041847320763283
  0.096604890941637 -0.014165051450502  0.028853042258266  0.021373768930449
  0.301164451755238 -0.384999032560897  0.282759027035702  0.212192833847044
 -0.022891307248794  0.008523304790842  0.005577871816380 -0.001577068193521
 -0.000755863966081  0.005418161375958 -0.018625415310785  0.018362019355272
 -0.039224038268950 -0.071653443846338 -0.051945675885789  0.604451789861976
 -0.266793018665838  0.049334287550435  0.039616774874755  0.012206567227344
 -0.009380333356019 -0.005418496961354 -0.019201493342442 -0.014260634260882
 -0.006310887194121 -0.032683180736998  0.063641075285954 -0.001784464660238
 -0.132635485947297 -0.096942401752353  0.563828111419251  0.197744182013934
 -0.366949751205865 -0.270991815138553 -0.003396959276622 -0.003095315030184
 -0.001157140201963  0.014244382888624  0.010499936157766 -0.004159475845264
 -0.047734799035238  0.093051535936641 -0.048786268274491  0.087446820571429
  0.064579745267673  0.629449821209473 -0.057779812535960  0.244082331238274
  0.179263022733187 -0.019124621016138  0.005980532723179  0.006189705620961
 -0.000989984669240 -0.000325332915156 -0.000354931222096  0.012261678975714
 -0.024353006078912  0.077612461938854 -0.052769048983624 -0.039626907153738
 -0.129923534106195  0.095742686514338 -0.074806039691467 -0.055987456675211
  0.004143235715105  0.002319478404486  0.003491050242712  0.000149411749865
  0.000124393017274 -0.002139639912604  0.090300110780965  0.987344894830302
 -0.004294443645754 -0.006947690763816 -0.005022590428451  0.055065081107477
  0.996018095625726 -0.001065963333702  0.007327319065805  0.005370450311736
 -0.002267559349189 -0.308765537037712 -0.011842740935115 -0.000423544983010
 -0.000143598181936 -0.084367745553048 -0.484955503652142 -0.001531929468166
  0.005079216196730  0.003733049120902 -0.056197235382818 -0.805852426285520
 -0.004204741071778  0.002874315514663  0.002161089368467 -0.005380889376273
 -0.587118478524372  0.010156846907236 -0.001297035005773 -0.001087342107570
   29 Orbital Energy     0.122411 Occupation  0.000000
  0.005482633542059 -0.017421508118303  0.012139477361977 -0.271421957772970
 -0.198639773734726 -0.004725498890130  0.080161763884107 -0.770978030606148
 -0.564872782706432  0.005193040333423 -0.003122741548283 -0.001687051419361
 -0.019130257062293 -0.014081050201377 -0.001727176337307 -0.013062763421713
  0.018171963997357  0.025579191061342 -0.089961911840231 -0.066100088924564
  0.181353486281958  0.106653498196064 -0.024503962340853 -0.019347874533315
 -0.008000633498720  0.005448190028843  0.002533660475637  0.026901472788927
  0.019802899947743  0.004053691626044  0.038651200982647 -0.084112436931945
  0.029928618595034 -0.084034172739037 -0.061886195677750 -0.414932349021632
  0.021392056669769 -0.184411820535129 -0.135211275523107  0.012115820853388
  0.000429854039128 -0.002499105445635 -0.006105788641208 -0.004753266932737
  0.005606506789503  0.039636680138852 -0.052685772806176 -0.148308126807799
  0.021095217583782  0.017463690231331 -0.712331929036430 -0.437618995922246
 -0.047811707606014 -0.028984639337485 -0.015302749687052  0.013987844648998
  0.007579641332695  0.004935915944802  0.003858031255327  0.011406265658767
 -0.063363416679267  0.103586235164447 -0.144058084437941  0.073122996008349
  0.055417381981489  0.902113077347708 -0.562471892228944  0.058286646982219
  0.050211317557670  0.005621232022019 -0.016486696116159 -0.008606560452952
  0.002513865993037  0.001759489364894 -0.014419995614712 -0.011764086912886
  0.003331990191726 -0.008140449752248 -0.010915710387093 -0.007869646722451
  0.243818967782855 -0.066952383909181 -0.019692705889885 -0.013491517199803
 -0.003079298477960 -0.011315302418396 -0.009015479503354 -0.003078584711021
 -0.002303308424162 -0.004039880624851 -0.067497435974079 -1.093152841398197
  0.007111848553530  0.003396879925150  0.002384661693103  0.069822031734659
  1.128688685421779 -0.009676309948091  0.001790485323150  0.001442829928169
  0.074070490214594  0.212822147331500  0.003974658059199  0.001441021956412
  0.000997976295063 -0.010059582502187 -0.082020308739141  0.005242223872545
 -0.002867550793102 -0.002170688404165  0.036456601989896  0.593611277943547
 -0.006054703328928 -0.006973419773535 -0.005016881904096 -0.092769155173396
 -0.914148807269256 -0.003192598302256 -0.008919473031552 -0.006480968569140
   30 Orbital Energy     0.146438 Occupation  0.000000
  0.011387720383025 -0.017358677615703  0.012259019296588  0.079910811754427
  0.058243418845180 -0.292778881929775 -0.017818139857047  0.324036471455762
  0.237157089073449 -0.004700334090567  0.004833144559909  0.001203742938329
  0.014115137601959  0.010359958207821  0.005937288131286  0.065119273353095
 -0.124764951849609 -0.155358161148325  0.033401183272831  0.026598953608176
 -0.747184714072172 -0.404125197897857  0.035576975174539  0.031652030449204
 -0.003865916040648  0.011351535206592  0.004356182730390 -0.016501660334776
 -0.012073034795779  0.013443576505405 -0.103524638227890  0.191326440813712
 -0.139815883201574 -0.040929867921715 -0.028049291292946  1.382976566342484
 -0.427589545835538 -0.301586734156287 -0.214762889158608 -0.004410723623492
 -0.010451689214868 -0.003664852204132  0.010708020748968  0.007971014788432
 -0.012801607729170  0.070455705616715 -0.135767588725493 -0.077203823357203
  0.141249937866402  0.104367172082810 -0.838432729169640 -0.201003276581986
  0.629253092427662  0.462968292866487  0.006950088877513  0.002924175466855
  0.000839533847541 -0.006121170327774 -0.004612778720756  0.004065751132240
 -0.019997987232390  0.049906834692709 -0.061553160742570  0.026958494450548
  0.020552430421899  0.075104571002065  0.101222365985289  0.077300233583987
  0.055157632075764  0.008252783122497 -0.008253311442296 -0.003472586078595
  0.000356897975480  0.000165558811823 -0.008698428570335  0.004334337638018
 -0.008865331726995 -0.009692354953825  0.027682360699107  0.020378713338847
 -0.076228741771132  0.020145759858841 -0.010524663737471 -0.007966813754124
 -0.004337003047442  0.002012816683128  0.001569207285860 -0.000161803689034
 -0.000029198743939  0.000806099118995  0.074128297191924  0.583010051947079
 -0.006210103031452 -0.000425923975704 -0.000225584132892 -0.055111363946489
 -0.337743148940010  0.007241151830010  0.002161626776969  0.001479094218412
  0.034256406290188  0.589229556387487 -0.011309374610788  0.007760646722724
  0.005830662359015 -0.073226108029165 -1.253796507093679 -0.001523952971384
  0.008998553433976  0.006601034615248  0.093499882357382  1.390250431213740
  0.008066015966058 -0.004659908177550 -0.003517982935982 -0.039706476764365
 -0.302144394860840 -0.003471909261224 -0.004381285084380 -0.003158101887514
   31 Orbital Energy     0.190320 Occupation  0.000000
 -0.038747242605168  0.030090124630574 -0.083310045581659  0.137186162952594
  0.101466439327766  0.737932705176768  0.197098401640732  0.496078991640790
  0.359981101111728 -0.008540424590832 -0.000225836196362 -0.001691120930402
 -0.006863913077845 -0.004937203940301  0.002972918639261  0.067539502321204
 -0.094558429929714 -0.006381437874939 -0.130103011535404 -0.094995406986740
 -1.649309770858732 -0.146246095443091 -0.286540628989509 -0.207460213859622
 -0.009113087678172  0.008903425978741  0.004738763617554 -0.001368192999449
 -0.000856831808611  0.007618599826858  0.024068797128522 -0.064376727457168
 -0.152150263479941  0.083859829345568  0.063387724489244 -0.272631426904249
 -0.388508259829747  0.574438277235824  0.425350319427816  0.021348660279960
 -0.008280077644501 -0.006585900808935 -0.002077151112971 -0.001930780942139
 -0.002968144142816 -0.043118612575310  0.094037024859214 -0.030682910537596
 -0.135712388838307 -0.098813965645375  0.538894676985572 -0.114256673266148
 -0.869703289254408 -0.634462097897173 -0.028255176922514  0.016482859977653
  0.011061731126405 -0.010992482657865 -0.007522955332423  0.010316574069318
 -0.032974428902857  0.051912267262742 -0.116290433681754  0.170124990731155
  0.126000474623705  0.681849890359788 -1.222628921768448  0.203314703824370
  0.165187886420020  0.006119838993849 -0.014282885481747 -0.009844221333225
  0.001842495948851  0.001179907822988 -0.008147900005030 -0.043571779084097
  0.047965646561467 -0.053006571888280 -0.053013125493879 -0.038059010789223
  0.826251403011659 -0.300954509523614 -0.049543587330586 -0.032161121338282
  0.002003856496841 -0.027415851862210 -0.023767787976390 -0.006915553424449
 -0.005393333052944 -0.006317489692075 -0.022386068201258  0.326851363181725
  0.004024782786847 -0.000229625350744 -0.000224776619952 -0.012685024938719
 -0.875226711226684  0.008767942496291 -0.001977642319826 -0.001568093440606
  0.060968206779351  1.137572878433161 -0.001619041579294  0.005312808330962
  0.003906209200260 -0.017732550986993  0.416703473302698 -0.007415736037477
  0.002535128351599  0.001953887483984  0.039038549655648 -1.003818675064296
 -0.008346156145850 -0.003275100741348 -0.002279770516035 -0.051691981892984
 -1.173202970722368 -0.006681753730123 -0.007798451277023 -0.005615241069622
   32 Orbital Energy     0.223281 Occupation  0.000000
 -0.040817060731501  0.024718585934395 -0.062992902162720 -0.128175493960396
 -0.092846076976036  0.739139666034911  0.486517340492957 -0.662769857311774
 -0.491364594620949 -0.017537343358181  0.003887522932320  0.000284432418610
  0.002905752729286  0.002348956521155  0.006401483921205  0.077918227136527
 -0.082580190801519  0.017783559488652  0.146063870638047  0.106600254003354
 -1.963209030358720 -0.378616313847485  0.991582862317820  0.730268836829087
 -0.006659597055412  0.011199595177268  0.006410735122709  0.001363236057505
  0.001115453892561  0.008626574276019 -0.042138276202564  0.033994250169760
  0.000564899438404  0.172082673686578  0.125817861283347  1.389018752684531
 -0.745868191475232  0.785690824164513  0.584791731148778  0.013193998250325
 -0.006580090255502 -0.004018477952291  0.020387919782869  0.014696201296510
 -0.005561830322536 -0.051211278253137  0.061480388953298  0.053569456140497
  0.069683618441142  0.050246606978860  1.405144191179924  0.625304810977062
  0.337074930940488  0.238056922731946  0.006350565821816 -0.014205058789310
 -0.004024541185833 -0.027475793018233 -0.020089075792493 -0.017249545513505
  0.015505383876884 -0.053152822381238  0.152815593229903  0.271048137176024
  0.196168167438570 -0.118627105853997  0.949377266396789  0.732995228323566
  0.523260947007162 -0.010007796538131  0.011446938352605  0.007519198815373
  0.008111526090338  0.006140850523404  0.006766774537038  0.039832428864184
 -0.055775588739733  0.066854545600113 -0.092568598259106 -0.068603452092849
 -0.698509437549977  0.274344926774015 -0.202172576267339 -0.151566391599974
 -0.003286381274386  0.021574964720655  0.019063441276727 -0.004190759478109
 -0.002759367804812  0.004736058973470 -0.004638709110963 -0.918747821021205
  0.011046420339999  0.002079976089694  0.001366704875761 -0.017799940834306
  0.498979187645193  0.008282894299527  0.000610595912917  0.000331350621436
  0.074283387286142 -0.151402233938460 -0.013837686725562  0.004860048704847
  0.003742585892542  0.056316374090660  0.350584971933111 -0.015871548935283
  0.000593620386020  0.000649166249284  0.015802164885718 -0.249839036496877
  0.017287934720844  0.007720376986039  0.005412558376926 -0.007086573994886
 -0.534876395472034  0.019394439465213  0.001938827039079  0.001155668328407
&
&hess
   1
   1  7.908765E-01
   2  6.826533E-03  4.401800E-01
   3 -4.582252E-03  2.489133E-01  2.816988E-01
   4 -4.921307E-01 -3.138778E-02 -1.676314E-02  7.725690E-01
   5 -4.227561E-02 -8.769848E-02 -3.039836E-02  4.862719E-02  4.434305E-01
   6 -2.473149E-02 -3.053444E-02 -6.732678E-02  2.654687E-02  2.352337E-01
   7 -4.883974E-02  2.372044E-02  1.808059E-02 -1.239178E-01  5.339821E-02
   8  1.438945E-02  5.344492E-03  3.642281E-04  5.672938E-02 -1.649900E-01
   9  1.125798E-02  2.459344E-04  4.588614E-03  4.232236E-02 -7.673425E-02
  10  1.342586E-02  3.171347E-03  2.168104E-03 -4.146273E-02  1.358735E-02
  11  3.091331E-03 -1.429658E-03 -2.960143E-03  1.883739E-02  7.903724E-03
  12  2.112446E-03 -2.962761E-03  3.659967E-04  1.441373E-02  1.943548E-03
  13 -3.272832E-03 -1.188949E-03 -8.239076E-04  6.755235E-03 -4.688247E-03
  14 -1.305821E-03 -3.286343E-03 -2.409715E-03  4.841180E-03  6.265710E-04
  15 -9.091644E-04 -2.417926E-03 -1.715428E-03  3.366618E-03  4.850423E-03
  16  2.460935E-03  5.280080E-04  3.532191E-04 -5.445416E-03  3.048701E-03
  17 -2.963685E-04  1.043384E-03  7.244557E-04 -1.576510E-04 -1.492271E-03
  18 -2.498744E-04  7.152660E-04  5.823951E-04 -3.275716E-05 -1.536581E-03
  19 -1.058138E-01 -8.467488E-02 -6.089656E-02 -1.002755E-02 -2.321514E-02
  20 -8.731906E-02 -1.907532E-01 -1.145982E-01 -2.879902E-04  1.003876E-03
  21 -6.282787E-02 -1.146407E-01 -1.153199E-01 -7.579536E-06 -2.370240E-03
  22 -1.469906E-01  1.040666E-01  7.769133E-02 -1.247515E-02  2.064794E-02
  23  1.075582E-01 -1.662508E-01 -9.984405E-02 -4.509848E-03  5.357656E-03
  24  8.024507E-02 -9.981957E-02 -1.058164E-01 -3.061102E-03  1.147349E-04
  25 -1.109874E-02 -2.373374E-02 -1.713397E-02 -9.690665E-02 -8.003801E-02
  26  6.143796E-04  1.605329E-03 -2.258665E-03 -8.167598E-02 -1.943744E-01
  27  6.679976E-04 -1.924670E-03  3.271388E-03 -5.891753E-02 -1.126166E-01
  28  1.456798E-03  1.699044E-03  1.197608E-03  8.516318E-03  1.297149E-02
  29 -1.184394E-03  1.595658E-04  1.456847E-03 -9.905078E-03 -1.318787E-02
  30 -9.099460E-04  1.429311E-03 -7.648582E-04 -7.309948E-03 -1.271112E-02
  31 -1.604674E-04  1.124884E-03  8.246378E-04 -3.646686E-03 -2.114323E-03
  32  1.809299E-05  9.681245E-05  8.258785E-05 -1.324937E-03  4.279805E-03
  33  1.527642E-05  6.390582E-05  3.453770E-05 -7.778146E-04 -4.488194E-03
  34  1.542642E-04 -1.921839E-04 -1.448284E-04 -1.726586E-03  6.703238E-05
  35 -1.398129E-04  9.804117E-04  8.414930E-04  1.835319E-04 -8.612363E-04
  36 -1.066792E-04  8.458582E-04  4.486294E-04  1.708002E-04 -1.346781E-03
   6
   6  2.924375E-01
   7  3.991273E-02  7.568826E-01
   8 -7.673138E-02  2.082429E-02  4.329119E-01
   9 -1.177757E-01  6.698457E-03  2.198803E-01  2.925886E-01
  10  1.057628E-02 -4.460319E-01 -1.463188E-02 -5.261558E-03  7.563691E-01
  11  1.851231E-03  1.489476E-02 -9.187187E-02 -3.297649E-02 -3.807618E-02
  12  6.224442E-03  1.632515E-02 -3.261202E-02 -7.109174E-02 -3.674171E-02
  13 -3.602725E-03 -4.079790E-02 -1.555920E-02 -1.082264E-02 -9.113072E-02
  14  4.739185E-03 -1.359356E-02  1.047703E-02  7.627115E-03 -3.376102E-02
  15 -2.426305E-03 -9.380327E-03  7.731666E-03  6.002502E-03 -2.440239E-02
  16  2.312527E-03  1.635923E-02 -7.546742E-03 -5.695510E-03 -7.643580E-02
  17 -1.500584E-03 -1.711008E-03 -2.759640E-03 -4.422350E-03 -3.256704E-02
  18 -5.674562E-04 -1.431873E-03 -4.374442E-03  1.703383E-04 -2.252463E-02
  19 -1.677135E-02  1.186007E-03 -2.048291E-03 -1.617959E-03  4.660085E-04
  20 -2.695741E-03  1.959568E-03 -1.665354E-03  4.231524E-03 -1.794148E-04
  21  2.954163E-03  1.312356E-03  4.266954E-03 -4.365914E-03 -1.390367E-04
  22  1.533551E-02 -4.632126E-03 -2.367646E-03 -1.501096E-03 -1.094188E-04
  23  4.614617E-04 -6.950762E-04  4.365138E-03 -5.546325E-03 -7.868940E-05
  24  4.935878E-03 -2.788046E-04 -5.513890E-03  7.926291E-03 -6.177496E-05
  25 -5.772160E-02  1.086987E-02  1.363876E-02  9.858114E-03 -4.237663E-04
  26 -1.126147E-01 -9.323118E-03 -1.129563E-02 -9.944004E-03 -1.105504E-05
  27 -1.203592E-01 -6.930791E-03 -1.024895E-02 -4.932361E-03 -2.287653E-05
  28  9.423293E-03 -1.084427E-01 -8.641146E-02 -6.226559E-02 -1.357565E-02
  29 -1.240134E-02 -8.748306E-02 -1.827870E-01 -1.029586E-01  1.345853E-03
  30 -5.242310E-03 -6.304715E-02 -1.029548E-01 -1.148304E-01  1.283270E-03
  31 -1.354137E-03 -1.236657E-02  2.189132E-02  1.621747E-02 -1.124191E-01
  32 -4.516454E-03 -2.924515E-03  3.595796E-03  5.624445E-04  9.249503E-02
  33  7.190456E-03 -1.928411E-03  1.995393E-04  3.078845E-03  6.871213E-02
  34  8.501211E-05 -2.860733E-04  1.107260E-03  7.955309E-04  1.128669E-02
  35 -1.351291E-03  9.535406E-04 -1.324721E-03  2.680443E-06  8.615360E-03
  36 -6.884567E-06  6.837150E-04 -4.108682E-05 -1.341621E-03  6.350365E-03
  11
  11  4.172323E-01
  12  2.305079E-01  2.718637E-01
  13 -3.121371E-02 -2.254335E-02  8.709036E-01
  14 -1.640826E-01 -6.818659E-02 -3.761723E-02  4.161991E-01
  15 -6.820848E-02 -1.198051E-01 -3.699424E-02  1.809942E-01  3.023483E-01
  16 -2.480248E-02 -1.683539E-02 -6.711277E-01  3.848661E-02  3.643881E-02
  17  1.746384E-02 -1.251450E-03  3.038556E-02 -8.592425E-02 -2.195759E-02
  18 -1.346655E-03  1.909539E-02  3.052776E-02 -2.209448E-02 -7.305304E-02
  19  5.685428E-04  4.085966E-04  5.668141E-05 -8.356005E-04 -6.078499E-04
  20  1.051813E-04  1.248778E-04  3.798795E-04 -1.667249E-04 -3.389371E-04
  21  1.186388E-04  2.260188E-05  2.810091E-04 -3.233252E-04  5.093909E-05
  22  1.280762E-03  9.324134E-04  2.368437E-04  2.451623E-04  1.765574E-04
  23  1.591086E-04  4.103988E-04  5.322453E-05  4.614616E-05  1.212119E-05
  24  3.851986E-04 -1.120291E-04  3.594778E-05  1.304485E-05  3.395636E-05
  25 -1.588064E-03 -1.175813E-03 -1.182129E-03  2.065342E-03  1.531015E-03
  26  1.910438E-04  1.193524E-03 -1.192594E-04 -1.756496E-03 -1.526536E-03
  27  1.212534E-03 -5.522427E-04 -6.671880E-05 -1.541493E-03 -8.078372E-04
  28 -2.365040E-02 -1.699758E-02 -2.564266E-03  3.351353E-03  2.652397E-03
  29  4.322719E-03 -3.014527E-03  1.030464E-03  4.993825E-03 -5.160463E-03
  30 -2.730672E-03  6.464793E-03  9.511195E-04 -5.158099E-03  8.211293E-03
  31  9.100754E-02  6.762625E-02  9.214428E-03 -1.378685E-02 -1.016014E-02
  32 -1.817087E-01 -1.091999E-01  1.293061E-02 -1.272966E-02 -1.214301E-02
  33 -1.091458E-01 -1.149172E-01  9.381669E-03 -1.177271E-02 -5.112625E-03
  34 -1.039285E-02 -7.553311E-03 -7.701281E-02  5.185183E-02  3.824281E-02
  35 -8.257481E-03 -1.704315E-02  4.563402E-02 -1.644638E-01 -8.188730E-02
  36 -1.679846E-02  2.528276E-03  3.369593E-02 -8.193676E-02 -1.137614E-01
  16
  16  7.717379E-01
  17 -2.470275E-02  5.771353E-02
  18 -2.819028E-02  2.671312E-02  4.160358E-02
  19 -5.160506E-05  3.043409E-04  2.195363E-04  1.102481E-01
  20 -1.899120E-04  7.446562E-06  2.066848E-04  9.593038E-02  1.943324E-01
  21 -1.418914E-04  1.991466E-04 -1.234588E-04  6.890674E-02  1.254367E-01
  22 -1.515669E-04 -1.006548E-04 -6.825573E-05  8.991699E-03 -9.299960E-03
  23  5.086969E-05  8.429462E-05 -1.119533E-04  1.225750E-02 -8.093735E-03
  24  4.236703E-05 -1.096289E-04  1.553741E-04  8.875286E-03 -7.734240E-03
  25  2.362565E-04 -4.794613E-04 -3.559950E-04 -4.731363E-03 -2.342448E-05
  26 -3.304187E-04  7.422062E-04  6.665355E-04  2.063249E-04  4.473336E-03
  27 -2.470323E-04  6.646957E-04  3.302361E-04  3.592506E-04 -4.253996E-03
  28 -2.188543E-03 -1.321582E-03 -9.763346E-04 -2.310788E-04 -7.337768E-04
  29 -3.452760E-04 -9.981774E-04  1.312090E-03  1.169370E-03  3.504877E-04
  30 -2.606913E-04  1.322522E-03 -1.813014E-03  8.637886E-04 -2.258173E-05
  31  1.427878E-03  1.953947E-03  1.375346E-03 -1.933210E-05 -8.410734E-05
  32 -5.158067E-04  2.189863E-03  3.488303E-03  1.605585E-05  2.205114E-04
  33 -4.325591E-04  3.450249E-03 -3.609075E-05  2.018094E-05 -2.678160E-04
  34 -3.683334E-02  2.927159E-02  2.213577E-02 -8.186169E-05 -1.479938E-04
  35  1.687160E-02  1.192110E-02 -3.879249E-03  3.309187E-04  1.927372E-04
  36  1.306484E-02 -4.075405E-03  1.378486E-02  2.473276E-04 -7.832468E-05
  21
  21  1.117283E-01
  22 -6.887595E-03  1.547521E-01
  23 -8.037425E-03 -1.146184E-01  1.661191E-01
  24 -3.116501E-03 -8.566793E-02  1.080172E-01  1.007340E-01
  25  1.910830E-04  8.099668E-04  2.094354E-04  5.518597E-05  1.062843E-01
  26 -4.248542E-03  9.737577E-05 -1.480326E-03  3.545433E-03  8.820321E-02
  27  7.174587E-03 -2.703921E-05  3.530494E-03 -3.734290E-03  6.336443E-02
  28 -5.281665E-04  4.334087E-05 -1.944907E-04 -1.445067E-04 -1.694567E-03
  29 -3.658348E-05  1.264334E-04  2.998704E-04  3.213293E-04  2.696511E-03
  30  3.622260E-04  8.978449E-05  3.286417E-04  9.430032E-05  2.048871E-03
  31 -5.330657E-05 -4.892161E-04 -3.679970E-05 -4.030902E-05  1.767449E-05
  32 -2.687645E-04 -2.078219E-05 -5.179415E-04  7.139552E-04 -1.592857E-04
  33  3.920781E-04 -2.944970E-05  7.141975E-04 -9.712203E-04 -1.203150E-04
  34 -1.028055E-04  1.553685E-06 -1.937547E-06 -3.849412E-06 -2.206414E-03
  35 -8.604403E-05 -6.547791E-05 -8.289151E-05  7.380785E-05 -7.833219E-04
  36  2.421031E-04 -5.040221E-05  7.288991E-05 -1.286188E-04 -5.345617E-04
  26
  26  2.004954E-01
  27  1.272457E-01  1.169577E-01
  28  2.295938E-03  1.755254E-03  1.181333E-01
  29  7.873300E-06 -2.840739E-03  9.233373E-02  1.884626E-01
  30 -2.829983E-03  1.739760E-03  6.624716E-02  1.187918E-01  1.102823E-01
  31  1.060443E-04  7.338311E-05  3.726394E-04  2.006978E-04  5.920482E-05
  32 -2.723235E-05  1.833393E-04  1.164102E-04 -1.238975E-03  3.520471E-03
  33  1.792158E-04 -1.422013E-04 -2.326445E-06  3.513072E-03 -3.478657E-03
  34 -1.180731E-04 -4.807208E-05  1.580780E-04  2.619960E-05 -6.754051E-06
  35  1.427624E-03  5.992728E-04 -4.530103E-04 -3.909276E-04  1.017031E-03
  36  6.026001E-04  1.057683E-03 -3.579458E-04  1.020083E-03 -1.032399E-03
  31
  31  1.200714E-01
  32 -9.824512E-02  1.868231E-01
  33 -7.316210E-02  1.205190E-01  1.130056E-01
  34 -2.017426E-03 -2.395440E-03 -1.683187E-03  1.085464E-01
  35 -2.020481E-03 -9.858342E-04 -2.961045E-03 -6.908123E-02  1.618524E-01
  36 -1.408892E-03 -2.937719E-03  9.522746E-04 -5.172090E-02  1.046832E-01
  36
  36  9.725798E-02
&
&valid
version=1.0
geometry
atom_num=12
   6    -2.3254372873     0.2381546684     0.1447730766
   6    -0.9771981107     0.3331295435     0.1955511634
   6    -0.1039751871    -0.5968523728    -0.4965111538
   6     1.2615630375    -0.5981055113    -0.5160303503
   6     2.1326671566     0.3606960326     0.1734233608
   8     3.3611292114     0.3092718905     0.1192198921
   1    -2.8184624685    -0.5546127834    -0.4280628034
   1    -2.9722080080     0.9447672339     0.6704113975
   1    -0.5228901392     1.1405908614     0.7796536633
   1    -0.6199656367    -1.3831177787    -1.0644970420
   1     1.7953489090    -1.3667390242    -1.0854486890
   1     1.6230148894     1.1641612102     0.7679462113
end
molecule
molchg=0
multip=1
qs_cuts=   0    0    0
end
basis
name=6-31g**                         
numd=6
atom_basis_num=0
end
&
