&gen
basis=6-31G**
igeopt=1
dftname=PBE-D3
ifreq=1
&
entry_name: J1_10494_2111.in
&zmat
C1         -2.4310589114        -1.4131241375         2.2226554574
C2         -0.9987540918        -1.2635433128         1.7200624023
C3         -0.9604105381        -0.5777827590         0.3459342069
C4          0.4834843433        -0.2240956226        -0.0786761393
C5          0.6362002667        -0.1233447597        -1.5830001034
C6          1.5044407413        -1.1942261873        -2.3298278850
C7          0.8741265575        -2.5853827548        -2.0839459359
C8          1.4249107742        -0.8750412258        -3.8408616907
C9          2.9916197296        -1.1737757892        -1.8524276664
C10         3.9816203965        -2.0713202828        -2.6362223951
C11         4.8367555802        -1.2772985898        -3.6249511895
O12         1.2020905528         1.1646579790        -1.5947952771
P13         1.0033059246         1.5286908530         0.0803969628
C14         2.7894104988         1.8786825514         0.1547852135
C15         3.6980750597         0.8913358101         0.5813035957
C16         5.0755490980         1.1214124492         0.5369027261
C17         5.5667445162         2.3272128050         0.0354578460
C18         4.6805194831         3.2977529194        -0.4342120732
C19         3.3017923634         3.0697614549        -0.3910202965
C20         0.6322568637         1.7425458125         1.8942637555
C21        -0.6950338501         2.0195385985         2.3150006766
C22        -1.0209179220         2.1571195785         3.6656584673
C23        -0.0372869606         2.0226349203         4.6393039813
C24         1.2745396252         1.7524572477         4.2623947011
C25         1.6092004813         1.6126468781         2.9120143832
C26        -0.0521171424         2.9568321093        -0.3486924039
C27        -1.1806071725         2.8025761957        -1.1753914398
C28        -1.9901692986         3.8995409621        -1.4843929522
C29        -1.6902503871         5.1607490968        -0.9667792761
C30        -0.5835572508         5.3262159275        -0.1326927225
C31         0.2287020537         4.2326713448         0.1786600417
H32        -2.4285971494        -1.9344769785         3.2029603264
H33        -3.0322854306        -2.0088995689         1.5032724388
H34        -2.8983379834        -0.4137680446         2.3538905227
H35        -0.5383628063        -2.2723289428         1.6378023915
H36        -0.4152633732        -0.6920709470         2.4689914417
H37        -1.3900330138        -1.2998100047        -0.3829900721
H38        -1.6142141159         0.3140554609         0.3199900016
H39         1.2286651955        -0.8993783436         0.3855002263
H40        -0.3598147155        -0.0674878997        -2.0766039312
H41        -0.2098928055        -2.5702861500        -2.3289534069
H42         0.9838548183        -2.8888156061        -1.0212790657
H43         1.3406772726        -3.3683728828        -2.7151476204
H44         0.3676199655        -0.8311843069        -4.1811013310
H45         1.9269795079        -1.6541136798        -4.4508849455
H46         1.8976547198         0.1071708105        -4.0565596599
H47         3.0265463246        -1.5110924879        -0.7974836363
H48         3.3658391448        -0.1292598647        -1.8709679969
H49         4.6743065740        -2.5541419589        -1.9123236594
H50         3.4696313456        -2.8923812140        -3.1748228781
H51         4.2044491432        -0.7700653149        -4.3811247174
H52         5.5302092914        -1.9662000810        -4.1517042375
H53         5.4401277895        -0.5158288066        -3.0859441194
H54         3.3409897409        -0.0495376286         0.9751452921
H55         5.7620744097         0.3611876708         0.8862797951
H56         6.6339078747         2.5032140766        -0.0036934662
H57         5.0626482341         4.2206950604        -0.8509375009
H58         2.6473379463         3.8109984487        -0.8232515711
H59        -1.4998886989         2.1318704350         1.6050500161
H60        -2.0424013089         2.3661750245         3.9563954272
H61        -0.2910930116         2.1284003437         5.6861244123
H62         2.0398530686         1.6495227086         5.0212160078
H63         2.6396650225         1.4096013933         2.7120030756
H64        -1.4491295385         1.8390187322        -1.5771134901
H65        -2.8546460374         3.7699764641        -2.1226895060
H66        -2.3200290751         6.0079705977        -1.2054975878
H67        -0.3583704196         6.3013864508         0.2792912690
H68         1.0646780636         4.3783944027         0.8503681315
&

