&gen
basis=6-31G**
igeopt=1
dftname=PBE-D3
ifreq=1
&
entry_name: J1_9860_2111.in
&zmat
C1          2.3294570968        -0.4101057965        -0.8284103351
C2          1.2070859738        -0.2839326264         0.1643466392
O3          1.4776648583        -0.3870164750         1.3506311307
C4         -0.2481221907        -0.0944138436        -0.2369783208
C5         -0.5289463956         0.0216035495        -1.7210365857
C6         -1.5156578419        -1.0196702274        -2.2698053745
C7         -0.8937607128        -2.3914717450        -2.2852017411
C8         -1.1965331145        -3.3232686582        -1.2777867403
C9         -0.5835965796        -4.5799656162        -1.2738147615
C10         0.3373396238        -4.9136122064        -2.2705999696
C11         0.6476568227        -3.9906313165        -3.2729575901
C12         0.0368625775        -2.7329864730        -3.2809375401
O13        -1.1238799662         1.2903210425        -1.6666989191
P14        -0.8885626187         1.5987401509         0.0107232605
C15        -2.6555715379         1.9029049205         0.2463771587
C16        -3.5373482685         0.8234863185         0.4199753461
C17        -4.9041025990         1.0504151923         0.6051115426
C18        -5.4006683324         2.3557590241         0.6262801677
C19        -4.5293748649         3.4362528666         0.4697292105
C20        -3.1619221710         3.2132048278         0.2835276586
C21        -0.7102859363         1.7888269790         1.8368367744
C22        -0.5557882163         3.0660110166         2.4264887790
C23        -0.4839890929         3.2139424197         3.8139380757
C24        -0.6068245484         2.1015569988         4.6442278551
C25        -0.8266692589         0.8424474960         4.0886961543
C26        -0.8992820943         0.6882809614         2.7015253405
C27         0.2441552948         2.9638055284        -0.4088576497
C28        -0.1658481470         3.9732773709        -1.2985944667
C29         0.7064500353         5.0073836054        -1.6499504725
C30         2.0004526591         5.0404131171        -1.1268071950
C31         2.4255202000         4.0365901045        -0.2546326674
C32         1.5567554057         3.0004923346         0.0988690076
H33         3.2938874291        -0.5880125545        -0.3063037149
H34         2.1392446791        -1.2677948213        -1.5069345747
H35         2.4253031677         0.5269788837        -1.4152414464
H36        -0.8930465759        -0.8611089978         0.2352923912
H37         0.3638988764         0.0834179759        -2.3742278275
H38        -2.4541622198        -1.0215351330        -1.6761680630
H39        -1.7964366710        -0.7354617980        -3.3071740717
H40        -1.9028727930        -3.0765065550        -0.4948643195
H41        -0.8204026638        -5.2942870339        -0.4959357214
H42         0.8121326140        -5.8862104653        -2.2649105032
H43         1.3643318593        -4.2483655102        -4.0419507024
H44         0.2930167629        -2.0228500178        -4.0574685887
H45        -3.1703658863        -0.1927537637         0.4274668114
H46        -5.5777835926         0.2137200646         0.7374544421
H47        -6.4588195175         2.5302068142         0.7721272174
H48        -4.9128286686         4.4479651634         0.4987777282
H49        -2.5036101620         4.0645143440         0.1912907382
H50        -0.5093535435         3.9617787715         1.8236764996
H51        -0.3487675692         4.1970705919         4.2461129513
H52        -0.5565583314         2.2188630294         5.7190046408
H53        -0.9572833993        -0.0160368809         4.7349235477
H54        -1.1231251730        -0.2950988800         2.3225636247
H55        -1.1550743500         3.9540776774        -1.7362051293
H56         0.3806001446         5.7801672160        -2.3341023810
H57         2.6749041737         5.8414599295        -1.4003498259
H58         3.4291318786         4.0617064710         0.1497805745
H59         1.9053609350         2.2451372861         0.7875959236
&

