&gen
basis=6-31G**
igeopt=1
dftname=PBE-D3
ifreq=1
&
entry_name: J1_10302_2111.in
&zmat
C1         -4.4050150048        -2.4474979363        -1.1784000800
C2         -4.1175829893        -1.8531101611        -2.3382848725
C3         -3.0942629657        -0.7574915301        -2.4222585467
C4         -2.1122973171        -0.9348538932        -3.5733693129
C5         -1.6558995349        -1.1932254092        -2.1421376316
C6         -0.6492410206        -0.1457013651        -1.6238133086
O7         -1.1521726563         1.1660180485        -1.6372493976
P8         -0.9660523176         1.5104256006         0.0398644891
C9         -2.7290119934         1.8769196354         0.2174872760
C10        -3.2310159796         3.1669635528        -0.0216157373
C11        -4.5991259120         3.4262566634         0.1048617126
C12        -5.4754311589         2.4033175242         0.4749151045
C13        -4.9830219664         1.1216082637         0.7298535562
C14        -3.6157264216         0.8604112269         0.6081772475
C15        -0.8052602794         1.7667527422         1.8586283640
C16        -0.6824795962         0.6914000200         2.7663834349
C17        -0.5847110085         0.9237536785         4.1414739227
C18        -0.6288557732         2.2250011809         4.6400779748
C19        -0.7819183176         3.2990928541         3.7652380392
C20        -0.8789345566         3.0745206127         2.3901655434
C21         0.2528610283         2.8128324597        -0.3512492569
C22         1.5118768739         2.8410828723         0.2802181002
C23         2.4499550222         3.8239194093        -0.0460716455
C24         2.1513214705         4.7821862866        -1.0159044265
C25         0.9160129109         4.7545348886        -1.6654279268
C26        -0.0254953124         3.7732990136        -1.3416169789
C27        -0.4343403796        -0.2210091308        -0.1391813079
C28         0.9773534937        -0.4326169297         0.2127384510
C29         2.1316429131        -0.6097849728         0.5111379020
C30         3.5340627859        -0.8145840845         0.8842579518
C31         3.8164850740        -0.1985776260         2.2489150689
H32        -5.1682226123        -3.2176193023        -1.1377918313
H33        -3.8788738433        -2.1810690766        -0.2679813462
H34        -4.6715030217        -2.1305835114        -3.2301344049
H35        -3.3963135544         0.2924861667        -2.2297563291
H36        -1.7718628055         0.0211701377        -4.0263131057
H37        -2.2382482898        -1.8570064827        -4.1813813190
H38        -1.4652299005        -2.2694887133        -1.9381980568
H39         0.2956326513        -0.1921058853        -2.2117266884
H40        -2.5722786750         3.9796816527        -0.2847241705
H41        -4.9795561265         4.4225021819        -0.0800874008
H42        -6.5341914591         2.6057683191         0.5717514025
H43        -5.6600985564         0.3305123098         1.0250622179
H44        -3.2507109179        -0.1326428056         0.8243127820
H45        -0.6696468810        -0.3347271035         2.4411803206
H46        -0.4821260921         0.0895411472         4.8236081755
H47        -0.5552831777         2.4000239942         5.7056130591
H48        -0.8303722471         4.3085429876         4.1527046759
H49        -1.0117150975         3.9282621458         1.7391254229
H50         1.7649561124         2.1178553082         1.0413050370
H51         3.4095936069         3.8419135208         0.4542292487
H52         2.8794806069         5.5419018049        -1.2689093854
H53         0.6903459214         5.4891580770        -2.4275817254
H54        -0.9608535225         3.7543635038        -1.8838091590
H55        -1.1115951105        -0.9461832513         0.3577605274
H56         3.7458967894        -1.9040593305         0.9154372007
H57         4.1860724652        -0.3423240227         0.1195657140
H58         3.1645378188        -0.6571577143         3.0234686612
H59         4.8766845183        -0.3792520360         2.5247375831
H60         3.6397199559         0.8980197088         2.2232985065
&

