&gen
basis=6-31G**
igeopt=1
dftname=PBE-D3
ifreq=1
&
entry_name: J1_9764_2111.in
&zmat
C1         -0.5504426720         0.2284859918         2.9775169271
C2         -0.3961212535         1.2622840002         1.9060298601
P3         -0.1147572905         0.8384796021         0.3549728782
C4         -0.0162678731         2.3659839756        -0.6432432171
C5          0.2391242641         2.0585443248        -2.1144365062
C6         -1.4690739516        -0.2260442609        -0.1835021775
C7         -2.6137849555         0.3219997567        -0.7837176476
C8         -3.6778138749        -0.5049326084        -1.1571156605
C9         -3.6152627587        -1.8796746208        -0.9154973804
C10        -2.4920907108        -2.4280831770        -0.2913813497
C11        -1.4265638650        -1.6040745474         0.0825833898
C12         1.4732893863        -0.0058301410         0.2145616356
C13         1.7027596050        -0.9075200018        -0.8366301320
C14         2.9482367845        -1.5274866221        -0.9740675066
C15         3.9779238399        -1.2369124974        -0.0753348392
C16         3.7658556123        -0.3184055644         0.9561594186
C17         2.5214007480         0.3036208149         1.0959234817
H18         0.3558326254        -0.4101938991         3.0287598785
H19        -0.6918435850         0.7277845449         3.9584899145
H20        -1.4379057960        -0.4049216575         2.7710269560
H21        -0.4697913988         2.3132198415         2.1664901795
H22        -0.9613719321         2.9382425441        -0.5391417313
H23         0.8123152256         2.9947862729        -0.2541516527
H24        -0.5508534424         1.3931827651        -2.5204358520
H25         1.2295893617         1.5742872369        -2.2421732870
H26         0.2358571104         3.0049433578        -2.6947142920
H27        -2.6900685242         1.3851904533        -0.9632838106
H28        -4.5540890526        -0.0786517351        -1.6281771324
H29        -4.4407270715        -2.5180132490        -1.2027962369
H30        -2.4498188837        -3.4908576168        -0.0910656942
H31        -0.5725547461        -2.0409745609         0.5840112555
H32         0.9220865252        -1.1268434328        -1.5535293558
H33         3.1172041335        -2.2279721104        -1.7816372814
H34         4.9424355911        -1.7157890116        -0.1839603493
H35         4.5679011773        -0.0834607082         1.6438789246
H36         2.3793916475         1.0256065399         1.8895883930
&

