&zmat
 O1              2.4988937896             1.7509758406             0.5006632651
 C2              3.7208946638             1.0428807948             0.7495725059
 C3              3.8394024662            -0.1149313143            -0.2362262694
 C4              2.7476132738            -1.2163900895            -0.1040273716
 C5              1.4868974597            -1.0869764924            -0.9249926084
 P6              0.0336432146            -0.3735454168            -0.4258998251
 C7             -0.3416290011             1.4616507287            -0.5205618809
 C8             -1.2353850510             2.1205915225             0.3445206601
 C9             -1.4887154797             3.4918800669             0.1888809218
 C10            -0.8530727169             4.2110799335            -0.8332043245
 C11             0.0427455782             3.5593278158            -1.6950833166
 C12             0.3007457582             2.1931987708            -1.5332468295
 C13            -0.3001326398            -0.7354004954             1.3435902690
 C14            -1.1914947894            -1.7593086237             1.7130889669
 C15            -1.3911611961            -2.0622050215             3.0657966819
 C16            -0.6938795402            -1.3559102896             4.0567689518
 C17             0.2013290309            -0.3406449971             3.6924073141
 C18             0.3942187145            -0.0211607581             2.3416516302
 C19            -1.3318214943            -1.0755853338            -1.4448941323
 C20            -2.5251312504            -0.3729556103            -1.7027301857
 C21            -3.5575676216            -0.9821987827            -2.4267732467
 C22            -3.4075782276            -2.2914366764            -2.9051096733
 C23            -2.2190916848            -2.9930521009            -2.6573712775
 C24            -1.1883791816            -2.3927271230            -1.9233530148
 H25             2.4919510212             2.5509760052             1.0562294761
 H26             3.7410853239             0.6420134828             1.7878509050
 H27             4.5953439012             1.7185200773             0.6396750696
 H28             3.8385443700             0.2867438674            -1.2652261036
 H29             4.8377493141            -0.5636248295            -0.0686518817
 H30             2.4912552391            -1.3249868712             0.9683335946
 H31             3.2215198227            -2.1783707248            -0.3810393257
 H32             1.5562667955            -1.2377296714            -2.0083411037
 H33            -1.7335174169             1.5619493126             1.1439456585
 H34            -2.1840454228             3.9988257064             0.8660243806
 H35            -1.0514565366             5.2806920686            -0.9549416336
 H36             0.5464921200             4.1213832212            -2.4880828222
 H37             1.0268647405             1.6782451484            -2.1729635585
 H38            -1.7305588299            -2.3162787081             0.9405104139
 H39            -2.0948139421            -2.8517885987             3.3471213774
 H40            -0.8501305501            -1.5963384462             5.1129996709
 H41             0.7478403977             0.2108071567             4.4642361952
 H42             1.0780746855             0.7801464295             2.0422781679
 H43            -2.6431153932             0.6531863782            -1.3441330360
 H44            -4.4817702027            -0.4293211796            -2.6219391282
 H45            -4.2171780446            -2.7641094327            -3.4701232328
 H46            -2.0964910580            -4.0144770189            -3.0310386726
 H47            -0.2547467909            -2.9222822735            -1.7066806637
&

