&gen
basis=6-31G**
igeopt=1
dftname=PBE-D3
ifreq=1
&
entry_name: J1_1072_2111.in
&zmat
O1          2.8585257317         1.6913575121         0.2493757190
C2          3.6520792663         0.7072450280         0.8516729270
C3          3.7356417509        -0.5323246343        -0.0446356348
C4          2.4169284451        -1.3158425021        -0.1087351387
C5          1.3834765513        -0.5945885806        -0.9346141761
P6         -0.1118872252        -0.2039304521        -0.3843902936
C7         -0.3781683809         1.5736134072        -0.5787126519
C8         -1.2618168608         2.2522302056         0.2770539020
C9         -1.4975367847         3.6198153416         0.1094585534
C10        -0.8680480466         4.3172061538        -0.9240466164
C11        -0.0100704611         3.6450461334        -1.7976185663
C12         0.2273630454         2.2769643446        -1.6335912916
C13        -0.3150002065        -0.6632616302         1.3498390271
C14        -0.9495603335        -1.8655318376         1.6999892341
C15        -1.0624061354        -2.2359297764         3.0435891685
C16        -0.5315180176        -1.4167314268         4.0435058817
C17         0.1175293635        -0.2278630960         3.7007146028
C18         0.2313513166         0.1456409552         2.3586967070
C19        -1.3440312159        -1.0670864454        -1.3795136299
C20        -2.6522164846        -0.5666420253        -1.4718606944
C21        -3.6206454267        -1.2568336312        -2.2071426282
C22        -3.2942383779        -2.4579356449        -2.8418354550
C23        -2.0002604814        -2.9740969939        -2.7361099729
C24        -1.0291262481        -2.2864789573        -2.0019998808
H25         2.8041479236         2.4387942364         0.8997382736
H26         3.2367585192         0.4295833353         1.8463589528
H27         4.6789050974         1.1082304114         1.0016514693
H28         4.0616793927        -0.2392513819        -1.0669724494
H29         4.5166938779        -1.2054946370         0.3709505957
H30         2.0687186872        -1.5422683188         0.9186578928
H31         2.6135739392        -2.2921189722        -0.6005750498
H32         1.6121658296        -0.4131746732        -1.9794384107
H33        -1.7762397623         1.7249354272         1.0695798370
H34        -2.1738869058         4.1375611707         0.7772185385
H35        -1.0526339802         5.3757169004        -1.0539694866
H36         0.4671488076         4.1831902876        -2.6064027274
H37         0.8822289664         1.7755457263        -2.3320344493
H38        -1.3535636885        -2.5204839001         0.9400464790
H39        -1.5568937816        -3.1612911923         3.3093382315
H40        -0.6178488547        -1.7060249373         5.0828489620
H41         0.5361532910         0.4024242229         4.4745580465
H42         0.7450580662         1.0641447396         2.1073580016
H43        -2.9283460274         0.3527658859        -0.9743164595
H44        -4.6261831633        -0.8630959057        -2.2800842161
H45        -4.0455850601        -2.9922760881        -3.4087295322
H46        -1.7510000266        -3.9104830519        -3.2182901537
H47        -0.0374159314        -2.7109707328        -1.9165814372
&

