&gen
basis=6-31G**
igeopt=1
dftname=PBE-D3
ifreq=1
&
entry_name: J1_9909_2111.in
&zmat
C1         -1.3240509578         0.6001063172        -6.7925788277
C2         -1.5239145512        -0.8410300399        -6.3239783655
C3         -1.3375299341        -1.0027881579        -4.8074987970
C4         -2.4808900666        -0.3584373357        -4.0022994022
C5         -2.3955008190        -0.6710627068        -2.4977462035
C6         -1.3440617328         0.1937654383        -1.7827618976
O7         -1.8225728393         1.4895656132        -1.5384138616
P8         -1.2760347312         1.6530562850         0.0905973197
C9         -2.9517654085         2.1240531960         0.6521686442
C10        -3.5170655649         1.5753437912         1.8212204318
C11        -4.8030729566         1.9379901343         2.2294035737
C12        -5.5434311788         2.8526476164         1.4792802676
C13        -4.9983910415         3.4053507130         0.3192482890
C14        -3.7126583891         3.0442422042        -0.0934577883
C15        -0.5336681010         1.7802782639         1.7800601216
C16        -0.8385481710         2.8919130224         2.6019387851
C17        -0.2544719538         3.0417399615         3.8616130147
C18         0.6701202254         2.1059100931         4.3192248389
C19         1.0243547585         1.0283247500         3.5099117885
C20         0.4439742748         0.8725554061         2.2475696528
C21        -0.1088563254         2.9385009986        -0.4214309968
C22         1.1708445743         2.5834433155        -0.8801998365
C23         2.0746381158         3.5695919961        -1.2860039479
C24         1.7091644431         4.9168032340        -1.2387547445
C25         0.4391397485         5.2796158167        -0.7845579304
C26        -0.4679969482         4.2964287446        -0.3787136402
C27        -0.9314726783        -0.0936162845        -0.3542069935
C28        -1.6393431056        -1.1871829410         0.5072502126
C29        -3.1632017861        -1.3894266435         0.3820096750
C30        -3.7480738660        -2.0449065294         1.6327095138
H31        -0.3396026618         0.9867460969        -6.4531823770
H32        -1.3530766037         0.6342625299        -7.9020418702
H33        -2.1320978681         1.2550706281        -6.4063380954
H34        -2.5332904641        -1.1950356032        -6.6267557696
H35        -0.7756484094        -1.4812595906        -6.8396947763
H36        -1.3076184583        -2.0912474689        -4.5824311627
H37        -0.3577110970        -0.5725341674        -4.5119834073
H38        -2.4880793759         0.7426057255        -4.1508355577
H39        -3.4480216884        -0.7553515783        -4.3820628542
H40        -2.1581037562        -1.7473580711        -2.3589916353
H41        -3.3980162654        -0.4538977175        -2.0771628884
H42        -0.4287315666         0.2687049618        -2.4095146245
H43        -2.9627444635         0.8683116020         2.4214142333
H44        -5.2253940095         1.5088340668         3.1287622052
H45        -6.5395611240         3.1327756572         1.7964863469
H46        -5.5736452971         4.1134376089        -0.2631136095
H47        -3.3172110698         3.4824060485        -1.0002981078
H48        -1.5303872089         3.6539918753         2.2704856343
H49        -0.5134599280         3.8916260149         4.4798053975
H50         1.1248527269         2.2246519762         5.2941924143
H51         1.7614332287         0.3153122646         3.8565442179
H52         0.7871125208         0.0420922561         1.6573874036
H53         1.4746027292         1.5470549426        -0.9220780651
H54         3.0592733953         3.2888861122        -1.6369003032
H55         2.4102962959         5.6793293145        -1.5523770077
H56         0.1577406806         6.3239703341        -0.7447175224
H57        -1.4393960963         4.6020826237        -0.0193757260
H58         0.1587502960        -0.2949259893        -0.3561174567
H59        -1.3946856485        -0.9843560245         1.5695151706
H60        -1.1565870429        -2.1604441033         0.2716013301
H61        -3.3810087040        -2.0798203349        -0.4575723244
H62        -3.6892818377        -0.4371363453         0.1936053089
H63        -3.2687398682        -3.0317214367         1.8076820038
H64        -3.5937411359        -1.4046744993         2.5253519602
H65        -4.8392375865        -2.1991531661         1.4959212237
&

