&gen
basis=6-31G**
igeopt=1
dftname=PBE-D3
ifreq=1
&
entry_name: J1_10387_2111.in
&zmat
C1          2.0110720967        -5.5036971033        -2.2425199596
C2          2.6155456958        -4.4147716852        -3.1279859812
C3          4.0468414881        -4.0270627545        -2.7155237591
C4          4.1895316635        -3.4895129134        -1.2762835430
C5          3.3492485480        -2.2376365983        -0.9792930525
C6          3.7737176559        -1.0469479030        -1.8063153269
C7          3.0829225936         0.1053993608        -1.8449314359
C8          1.7866873520         0.3242146994        -1.1020388466
O9          1.3004111374         1.6268003785        -1.3314343243
P10         1.3023370351         2.1702245573         0.3034426916
C11         2.4210574649         3.5145189841        -0.1961493664
C12         1.9269522371         4.7980283107        -0.4884006545
C13         2.7910829211         5.8102712744        -0.9167993019
C14         4.1522659488         5.5480606133        -1.0807662172
C15         4.6501361997         4.2690701113        -0.8277812439
C16         3.7899373653         3.2543748966        -0.3995436827
C17         1.4233043137         2.4615817410         2.1270870311
C18         2.5624435412         3.0467295392         2.7265492415
C19         2.6470596192         3.1976339629         4.1138425252
C20         1.6157004639         2.7460162984         4.9349837491
C21         0.5007075234         2.1297567640         4.3719699746
C22         0.4086511313         1.9779875912         2.9869562109
C23        -0.4843381926         2.6069374310         0.2228906354
C24        -0.9824437693         3.7395095823         0.9052783593
C25        -2.3364589176         4.0781064413         0.8428817242
C26        -3.2162579996         3.3072472418         0.0844675658
C27        -2.7402030087         2.2040037086        -0.6229726363
C28        -1.3864537219         1.8608600328        -0.5638814603
C29         1.9636801031         0.4772303004         0.3895785834
C30         1.2076332205        -0.5016042333         1.2801779498
C31         1.8167100584        -0.9076854453         2.4838987219
C32         1.1605106251        -1.7749586559         3.3608914851
C33        -0.1124844014        -2.2527384658         3.0497974397
C34        -0.7297706177        -1.8649497071         1.8601824239
C35        -0.0782795543        -0.9961885423         0.9798250076
H36         2.6975214830        -6.3741643198        -2.1733469704
H37         1.8044584350        -5.1109493001        -1.2252178178
H38         1.0497034106        -5.8445957172        -2.6812172595
H39         2.6496409229        -4.7957737513        -4.1716527071
H40         1.9542572201        -3.5231198662        -3.1333430267
H41         4.4270847469        -3.2691551059        -3.4329039303
H42         4.7015617935        -4.9194971931        -2.8208180243
H43         3.9154698454        -4.2871643341        -0.5536849487
H44         5.2607904687        -3.2547813441        -1.0919089509
H45         2.2742059436        -2.4607657390        -1.1362684801
H46         3.4804852731        -1.9829096604         0.0934261546
H47         4.6853330423        -1.1097518792        -2.3938256353
H48         3.4627342287         0.9111957314        -2.4669648682
H49         1.0297565791        -0.4217048480        -1.4169909708
H50         0.8766077159         5.0245060166        -0.4127896686
H51         2.4020633427         6.7969081368        -1.1331293762
H52         4.8188160744         6.3326286999        -1.4147896431
H53         5.7034138096         4.0620805636        -0.9664077553
H54         4.2011599645         2.2735176807        -0.2125660155
H55         3.4070448827         3.3799263615         2.1494980598
H56         3.5232107149         3.6561397216         4.5541955732
H57         1.6879263662         2.8598202218         6.0088661875
H58        -0.2905868421         1.7578285340         5.0099274469
H59        -0.4566015746         1.4642337194         2.5902846499
H60        -0.3265993268         4.3625415850         1.4989718347
H61        -2.7028252884         4.9420222315         1.3822539416
H62        -4.2646109708         3.5717400096         0.0352128879
H63        -3.4197232963         1.6180490867        -1.2284126668
H64        -1.0552956617         1.0272351713        -1.1616394461
H65         3.0379068949         0.5166321373         0.6741351981
H66         2.7992437945        -0.5402652740         2.7534572166
H67         1.6388064406        -2.0732656821         4.2847974912
H68        -0.6205163734        -2.9238237108         3.7301556665
H69        -1.7166707872        -2.2381503080         1.6186671596
H70        -0.5881171583        -0.7300732517         0.0725939549
&

