&zmat
 C1              3.1826920113             3.7032062478            -2.6083931757
 C2              2.4187378433             2.5251116911            -1.9959466202
 C3              2.8937928446             2.1568328860            -0.5846639877
 C4              2.1380318124             0.9563673280             0.0181713805
 N5              2.2571381696            -0.2515239719            -0.7930404517
 C10             1.0218955138            -0.7060601890            -1.4680249381
 C11            -0.1454861841            -1.2632889899            -0.6820994630
 P12            -1.4512562860            -0.3558777341            -0.0998339073
 C13            -2.9315871964            -1.4483317252             0.0429314743
 C14            -3.0412291802            -2.5090895944            -0.8776573532
 C15            -4.1643950042            -3.3455666285            -0.8607811986
 C16            -5.1894264798            -3.1268829279             0.0701463881
 C17            -5.0825516750            -2.0761779280             0.9921785557
 C18            -3.9580615087            -1.2412685828             0.9840501967
 C19            -1.4080156881             0.4939478748             1.5647216979
 C20            -0.4351352160             0.0381828860             2.4702162915
 C21            -0.3315412831             0.6060636146             3.7463278036
 C22            -1.1943165391             1.6454929383             4.1223050371
 C23            -2.1621306903             2.1141040018             3.2215697350
 C24            -2.2720526472             1.5400417478             1.9476381437
 C25            -1.8574574518             1.0213661116            -1.2484548511
 C26            -1.3530755199             2.3215874292            -1.0558758659
 C27            -1.5950408747             3.3203044706            -2.0103474571
 C28            -2.3538737420             3.0319123372            -3.1519080315
 C29            -2.8690130696             1.7408832865            -3.3428408703
 C30            -2.6165520052             0.7380624194            -2.3996307366
 C6              3.1476286505            -1.2794887670            -0.2773873225
 C7              2.7564316679            -2.0084693184             1.0320055268
 C8              3.8252922308            -3.0128570533             1.4826609750
 C9              3.4542147113            -3.7500548541             2.7743674434
 H31             2.8235632620             3.9362755119            -3.6248961570
 H32             4.2625211839             3.4844982613            -2.6785631722
 H33             3.0722997480             4.6167353790            -1.9978253988
 H34             2.5273875310             1.6307004781            -2.6354150408
 H35             1.3365444831             2.7562069515            -1.9710204912
 H36             3.9754643882             1.9211728584            -0.6149280861
 H37             2.7837627110             3.0271662462             0.0929531853
 H38             2.4966288715             0.7834037287             1.0522504797
 H39             1.0679650334             1.2180804821             0.1326355252
 H49             1.3474872999            -1.4744130248            -2.1959959266
 H50             0.6664036748             0.1478984084            -2.0741756031
 H51            -0.0882814765            -2.2781868021            -0.2749653998
 H52            -2.2246743456            -2.6624196026            -1.5917250740
 H53            -4.2393228906            -4.1695242772            -1.5772657083
 H54            -6.0698570313            -3.7770131182             0.0804711057
 H55            -5.8763550463            -1.9083922508             1.7267188001
 H56            -3.8750819795            -0.4356129623             1.7183666429
 H57             0.2492248599            -0.7559988011             2.1484224160
 H58             0.4283183772             0.2432582639             4.4456782454
 H59            -1.1088415124             2.0973568086             5.1154560129
 H60            -2.8307774602             2.9312684989             3.5108569112
 H61            -3.0236945068             1.9147566832             1.2444788982
 H62            -0.7729948613             2.5564732662            -0.1591408326
 H63            -1.1863219834             4.3240179365            -1.8591640159
 H64            -2.5454736730             3.8131570784            -3.8938091028
 H65            -3.4668935857             1.5137577962            -4.2306384458
 H66            -3.0093305941            -0.2717334021            -2.5527631157
 H40             3.2813054614            -2.0373883775            -1.0743825409
 H41             4.1477151199            -0.8226376466            -0.1287254456
 H42             2.5946309533            -1.2644859577             1.8364180100
 H43             1.7908627323            -2.5257456822             0.8946329432
 H44             3.9976715884            -3.7488656030             0.6737101103
 H45             4.7892012940            -2.4854739487             1.6190715545
 H46             3.3063290787            -3.0415795094             3.6079507174
 H47             2.5136878203            -4.3147707554             2.6529367270
 H48             4.2368221514            -4.4650897965             3.0782902638
&

