&gen
basis=6-31G**
igeopt=1
dftname=PBE-D3
ifreq=1
&
entry_name: J1_10074_2111.in
&zmat
C1         -5.4581214874        -3.1679975712        -3.7465228093
C2         -4.3500388091        -2.3169915700        -3.2011249030
C3         -4.6403628878        -1.1045598625        -2.5597942928
C4         -3.6073942916        -0.2946631700        -2.0805519719
C5         -2.2637860094        -0.6813004024        -2.2422870336
C6         -1.1182698884         0.1574308405        -1.7076653870
O7         -1.4660580003         1.5128161297        -1.5866394421
P8         -1.0788684915         1.7189110793         0.0808009701
C9         -2.8057604537         2.2068276136         0.4031341945
C10        -3.3875572786         3.2488928045        -0.3419105891
C11        -4.7217681778         3.6105468661        -0.1366984938
C12        -5.4928825560         2.9342401591         0.8101218083
C13        -4.9305888751         1.8948793501         1.5531352522
C14        -3.5970871404         1.5289969398         1.3507241079
C15        -0.5509525631         1.8459025737         1.8491331703
C16         0.4673909852         1.0179806117         2.3751957717
C17         0.8574981722         1.1181865444         3.7133694494
C18         0.2767413906         2.0739349308         4.5440885261
C19        -0.6797578891         2.9480338525         4.0319354740
C20        -1.0785759779         2.8492901040         2.6964786957
C21         0.1554746986         2.9815352273        -0.3113686765
C22         1.4081247303         2.6022516360        -0.8214233304
C23         2.3686043652         3.5705334103        -1.1283052658
C24         2.0871706433         4.9241039227        -0.9295093566
C25         0.8443995353         5.3111862146        -0.4230111208
C26        -0.1190583395         4.3460925664        -0.1156025263
C27        -0.7117605093        -0.0393270621        -0.2633728564
C28        -1.5305623550        -1.0266800167         0.5983059892
C29        -0.9744855652        -2.4556283190         0.5103632421
C30        -1.7379273200        -3.4582073519         1.3987692072
C31        -1.8742836869        -3.0620313427         2.8834830941
C32        -0.5212408841        -2.8457735096         3.5875507992
C33        -0.6774206065        -2.2291690395         4.9857621089
C34        -1.3815141655        -3.1707860827         5.9767340525
C35        -1.2931976511        -2.6712186213         7.4288264333
C36        -2.0568401615        -1.3620320535         7.6754478084
O37        -3.4070704127        -1.4893108470         7.3189336354
C38        -1.9788647022        -1.8831825280        -2.9099039946
C39        -3.0124166507        -2.6926734062        -3.3888743099
H40        -5.1662628901        -4.2398539739        -3.7443252944
H41        -6.3748322125        -3.0609499901        -3.1282551666
H42        -5.6847032729        -2.8562907354        -4.7874439143
H43        -5.6672949865        -0.7864918810        -2.4280738414
H44        -3.8634594765         0.6286999500        -1.5832382121
H45        -0.2342842402         0.0757926015        -2.3794075120
H46        -2.8155351175         3.7712102926        -1.0973720836
H47        -5.1597915351         4.4120690780        -0.7172750815
H48        -6.5261851778         3.2150379642         0.9675501125
H49        -5.5278620223         1.3732328764         2.2897435701
H50        -3.1851402632         0.7369763025         1.9560840339
H51         0.9765291184         0.2872972647         1.7712345466
H52         1.6201152165         0.4568300793         4.1043163111
H53         0.5828249658         2.1504867315         5.5793935379
H54        -1.1099730839         3.7098796143         4.6691687363
H55        -1.8005971053         3.5672587697         2.3348298273
H56         1.6460220426         1.5605092668        -0.9839932380
H57         3.3318062690         3.2709931694        -1.5206877965
H58         2.8321024077         5.6725535203        -1.1667801262
H59         0.6279460779         6.3599738508        -0.2660376936
H60        -1.0683801394         4.6685879935         0.2864789854
H61         0.3754267635        -0.2514324014        -0.2172833760
H62        -2.6086831490        -1.0170472403         0.3403827822
H63        -1.4429706659        -0.7018502124         1.6494297064
H64         0.1031087002        -2.4620983028         0.7785820936
H65        -1.0383125188        -2.8111336746        -0.5374907614
H66        -1.2270893265        -4.4436119817         1.3362120710
H67        -2.7590371692        -3.5934907728         0.9799303013
H68        -2.4159915963        -3.8842963653         3.3978653410
H69        -2.5119899043        -2.1574867349         2.9771531864
H70         0.0262401590        -3.8110343552         3.6546266298
H71         0.1058022189        -2.1436019578         3.0019100240
H72        -1.2398839908        -1.2745133213         4.8990813500
H73         0.3381958453        -1.9890065804         5.3700363899
H74        -0.9000592141        -4.1719543827         5.9301740525
H75        -2.4480543513        -3.2964001582         5.6929520360
H76        -1.7090464513        -3.4555348660         8.0980111680
H77        -0.2271341454        -2.5298096974         7.7106890689
H78        -1.6030322939        -0.5368843013         7.0885091423
H79        -1.9708212581        -1.0816403882         8.7496477979
H80        -3.8347627935        -2.0451170155         8.0216369450
H81        -0.9525313117        -2.1976949898        -3.0543630299
H82        -2.7689095781        -3.6140667397        -3.9033767303
&

