&gen
basis=6-31G**
igeopt=1
dftname=PBE-D3
ifreq=1
&
entry_name: J1_9744_2111.in
&zmat
C1         -0.8120227617        -1.1921503188         2.7737500372
C2          0.3319695906        -0.9011608895         1.8471820248
P3          0.1022007735        -0.3517790984         0.3196212895
C4          0.0539669530         1.4564556630         0.0848577884
C5          0.0757877324         1.9077278725        -1.2481650823
C6          0.0590387290         3.2679427221        -1.5504885841
C7          0.0214448636         4.2082866567        -0.5269292148
C8          0.0000628272         3.7915099345         0.8027646819
C9          0.0201188057         2.4225076594         1.1336596351
C10        -0.0233518138         2.0573745036         2.5922971516
C11        -1.3931000698        -1.2151284239        -0.2757768088
C12        -1.2811984326        -2.6018113597        -0.4921402424
C13        -2.3681994225        -3.3524042718        -0.9371783034
C14        -3.5986889217        -2.7386080545        -1.1471282744
C15        -3.7536901224        -1.3790224044        -0.8814272108
C16        -2.6744276774        -0.6069986547        -0.4108184532
C17        -2.9446448977         0.8319898451        -0.0668423852
C18         1.5396851584        -0.8507383745        -0.6926901986
C19         1.3050014598        -1.4177284208        -1.9611049172
C20         2.3615664749        -1.8210312679        -2.7769221882
C21         3.6753749371        -1.6399543116        -2.3578302411
C22         3.9374551043        -1.0196488546        -1.1380081434
C23         2.8870539493        -0.5814623123        -0.3111946590
C24         3.2628396920         0.1465431171         0.9532287549
H25        -0.5684236060        -0.8094470267         3.7862172525
H26        -0.9635696390        -2.2898118088         2.8336480645
H27        -1.7558312019        -0.7194726929         2.4334435509
H28         1.2775150651        -1.3610680779         2.1012450866
H29         0.0923105930         1.1995527679        -2.0664053180
H30         0.0719685734         3.5928353467        -2.5828650704
H31         0.0060597057         5.2644003106        -0.7635844554
H32        -0.0335740839         4.5471304802         1.5781071164
H33        -0.9677722636         1.5265558867         2.8171485492
H34         0.0026751717         2.9577109233         3.2423283471
H35         0.8562625118         1.4444425931         2.8690310439
H36        -0.3382731673        -3.1069949839        -0.3238175886
H37        -2.2552100626        -4.4135041956        -1.1183697776
H38        -4.4408606664        -3.3213563908        -1.4975103285
H39        -4.7298222826        -0.9319515497        -1.0255722656
H40        -2.5714319640         1.4911282954        -0.8749609906
H41        -4.0332010979         1.0235905118         0.0445875483
H42        -2.4829901236         1.0934701009         0.9042058286
H43         0.3010829932        -1.5393966410        -2.3404401933
H44         2.1594882476        -2.2704297799        -3.7407097385
H45         4.4938680505        -1.9589900982        -2.9902046715
H46         4.9687179347        -0.8611192047        -0.8461464111
H47         2.5019979102         0.8949887374         1.2366735455
H48         3.4125217076        -0.5793477740         1.7781158297
H49         4.2122487632         0.7063733135         0.8131185897
&

