&zmat
 C8             -0.4200576297             0.8532862142            -2.0039176519
 C7             -0.8663003069             0.1283816425            -0.7265592734
 C9              0.1170513350            -1.0626344538            -0.4028157314
 C10             1.5520342087            -0.6470488238            -0.1694429719
 C11             2.0068595089            -0.3104982464             1.1207859672
 C12             3.3241984515             0.1152085155             1.3344256993
 C13             4.2165187359             0.2068137635             0.2580001950
 C14             3.7834300131            -0.1386646200            -1.0295730423
 C15             2.4653205931            -0.5629327294            -1.2385914888
 C6             -0.9593896200             1.1402771578             0.4495398766
 C5             -1.6552600161             0.5979797302             1.7061591288
 C4             -3.0662467909             0.0935512878             1.3746973669
 C3             -3.0171396525            -0.9860984251             0.2753364342
 C2             -2.2470803884            -0.5270303743            -0.9621967166
 O1             -2.6959691331            -0.6973257129            -2.0918013351
 H24            -0.3541716632             0.1555440952            -2.8527226446
 H25             0.5609398662             1.3312897030            -1.8565914178
 H26            -1.1506128179             1.6307378813            -2.2783956238
 H27            -0.2486404375            -1.6096266665             0.4827450599
 H28             0.0665992793            -1.7658740340            -1.2529285953
 H29             1.3187785274            -0.3906483501             1.9695640751
 H30             3.6553301530             0.3716928541             2.3456435728
 H31             5.2460601927             0.5390618474             0.4225646730
 H32             4.4759826249            -0.0805904349            -1.8750984672
 H33             2.1338684034            -0.8347164314            -2.2464145488
 H22             0.0569072169             1.5015727882             0.6870524318
 H23            -1.5230045195             2.0224595637             0.0897307126
 H20            -1.0657083516            -0.2267419028             2.1500994929
 H21            -1.7012690365             1.3898465254             2.4739534705
 H18            -3.6827826909             0.9413158908             1.0209108928
 H19            -3.5677463145            -0.3067176786             2.2727199837
 H16            -2.5088896938            -1.8851963709             0.6765760981
 H17            -4.0194869102            -1.3003324832            -0.0547738655
&

