&zmat
 C1              3.9912168892             0.0448653781            -0.8486041434
 C2              2.8135374518             0.3125577352             0.0784442963
 O9              2.8989449074             1.0940963054             1.0200929981
 C3              1.5199550195            -0.4375257462            -0.2305190673
 C4              0.3466712861            -0.0367363896             0.6781036209
 C5             -0.8880025213            -0.8489233130             0.4021167521
 C6             -2.0509264891            -0.4385903709            -0.1517834113
 C7             -3.1893904406            -1.4072269895            -0.3678401723
 C8             -2.3334415078             0.9743643021            -0.5996419132
 H10             4.8856921151             0.5598612920            -0.4727755490
 H11             4.1881584959            -1.0371517472            -0.9370555999
 H12             3.7605538445             0.4087754421            -1.8652554613
 H13             1.2627647958            -0.2831640137            -1.2963541556
 H14             1.7305261859            -1.5231246252            -0.1505120061
 H15             0.6655720983            -0.1698753011             1.7280361228
 H16             0.1641390736             1.0438390623             0.5644703486
 H17            -0.8109343351            -1.9123122565             0.6729719175
 H18            -4.0967951250            -1.0834986252             0.1754407497
 H19            -2.9359826113            -2.4249940009            -0.0318094464
 H20            -3.4721319494            -1.4589982512            -1.4359648828
 H21            -1.4936994216             1.6626798053            -0.4268176161
 H22            -2.5753619131             0.9993016076            -1.6783599609
 H23            -3.2182468884             1.3811454789            -0.0766017911
&

