&gen
basis=6-31G**
igeopt=1
dftname=PBE-D3
ifreq=1
&
entry_name: J1_1430_2111.in
&zmat
C1          1.0721844235        -2.4794248166        -0.6204616187
C2          1.8469509435        -1.6103104809         0.3319208791
O3          3.0397751480        -1.1950722746        -0.2531284810
C4          3.3121874686         0.0728155575         0.3030059614
C5          4.5100585418        -0.0453405670         1.2511337318
C6          3.6380330260         1.0505924506        -0.8302853972
O7          2.2028517756         0.5638604828         1.0284449225
C8          1.1582064784        -0.3425961974         0.8253214372
C9          0.1029982246         0.3021115598        -0.1218529703
O10         0.0186545096         1.6816336127         0.1469272696
C11        -1.3023147178        -0.3402074146         0.0185978827
C12        -1.9504159667        -0.1212713607         1.3641046950
O13        -3.3069914029         0.0562908438         1.1129285353
C14        -3.4052940337         0.3955124775        -0.2537118440
C15        -3.8202623238         1.8654628629        -0.3739614070
C16        -4.4580455254        -0.5021322140        -0.9100501314
O17        -2.1730533465         0.2137984261        -0.9187502830
O18         1.0066402882        -2.2075160251        -1.8091713368
H19         0.5866914116        -3.3774289999        -0.2525313214
H20         2.1006430862        -2.2359382445         1.2176667615
H21         5.4001259839        -0.4282986785         0.7071867968
H22         4.7546780593         0.9442217265         1.6935227131
H23         4.2714197219        -0.7498779326         2.0761903779
H24         3.8541287521         2.0609097776        -0.4213483154
H25         2.7748368284         1.1297185290        -1.5243170035
H26         4.5199841183         0.6975180289        -1.4066574078
H27         0.6917894663        -0.5460686054         1.8133511637
H28         0.4503611053         0.1719663114        -1.1721836303
H29        -0.3595021315         2.1161901483        -0.6619148139
H30        -1.2506985609        -1.4310062353        -0.1766919402
H31        -1.8038120051        -1.0051656785         2.0211670946
H32        -1.5619480471         0.7816887860         1.8827848445
H33        -3.9137547250         2.1567716040        -1.4421969991
H34        -4.7930618978         2.0377507186         0.1346388441
H35        -3.0541631698         2.5143231599         0.1016817964
H36        -4.5622558560        -0.2547912052        -1.9883708458
H37        -5.4434260214        -0.3737131548        -0.4127190696
H38        -4.1541996295        -1.5669769782        -0.8206012104
&

