&zmat
 C15            -3.6111812107             1.9716015850            -0.1350157122
 C14            -3.3999029769             0.4730130447            -0.3709107130
 C16            -4.4698727515            -0.1646964061            -1.2474875830
 O13            -3.3527187456            -0.2444609499             0.8661468426
 C12            -1.9795415715            -0.2811726110             1.2549874146
 C11            -1.2451428269            -0.4316316864            -0.0841545078
 C9              0.1466498954             0.2344733685            -0.1575623106
 O10            -0.0009197276             1.6400275033            -0.0012596458
 C8              1.1195345125            -0.2594406182             0.9415500816
 O7              2.2126232347             0.6300367817             1.1422183074
 C4              3.2761429924             0.2523705171             0.2356820026
 C5              4.5568037870             0.1258691778             1.0589915943
 C6              3.3914348698             1.2445614782            -0.9180826121
 O3              2.8994506786            -1.0360023682            -0.3080318864
 C2              1.8890638855            -1.5530222854             0.5336933937
 C1              1.0750628099            -2.6257714273            -0.1607463103
 O18             1.1148853908            -2.8810716259            -1.3511024599
 O17            -2.0951202791             0.2911571215            -0.9975281723
 H33            -3.5702140139             2.5182098468            -1.0903412656
 H34            -4.5921606592             2.1505275828             0.3314031584
 H35            -2.8266238299             2.3675167260             0.5288308910
 H36            -4.5121556687             0.3398835482            -2.2244423451
 H37            -5.4551849519            -0.0849533807            -0.7632909978
 H38            -4.2311426963            -1.2269887553            -1.4011028864
 H31            -1.8436145922            -1.1365310091             1.9354405616
 H32            -1.6614012596             0.6512569136             1.7636677321
 H30            -1.1993183579            -1.4930406066            -0.3945386063
 H28             0.5871287014            -0.0133888662            -1.1468233347
 H29            -0.7588970189             1.8451551215            -0.5908588158
 H27             0.6041390678            -0.3515215202             1.9127652687
 H21             5.4051959993            -0.1327279335             0.4071299595
 H22             4.7743933398             1.0780914000             1.5665166206
 H23             4.4401335122            -0.6577399398             1.8231365027
 H24             3.7689749611             2.2088206621            -0.5449984836
 H25             2.4057535599             1.4133667540            -1.3725811943
 H26             4.0877342558             0.8596207607            -1.6786862461
 H20             2.3021683502            -2.0068302690             1.4652918539
 H19             0.4034918901            -3.1884815783             0.5473855943
&

