&gen
basis=6-31G**
igeopt=1
dftname=PBE-D3
ifreq=1
&
entry_name: J1_10481_2111.in
&zmat
C1          2.6896624688        -1.6661146494        -1.0680969285
C2          2.3936124223        -0.3640046776        -0.3329928480
O3          1.0174700696        -0.0207406838        -0.4657707038
C4         -0.0112539153        -0.6613166307         0.2347326362
O5          0.2708960248        -1.5102014822         1.1259166000
C6         -1.4624140465        -0.3447246426        -0.0906633336
C7         -2.4409903883        -1.1668563345         0.7850817236
C8         -1.7104765193        -0.3877544157        -1.5925116948
C9         -2.7282014366        -1.4088651441        -2.1554485236
O10        -2.2306778236        -2.6975814953        -1.9646635511
C11        -2.3648502363        -3.3719483780        -3.1985002212
C12        -0.9631457997        -3.7290777513        -3.7384896862
C13        -0.2366815546        -4.7166972006        -2.8153708252
C14        -1.0706653359        -5.9854754911        -2.6043506929
C15        -2.4636138141        -5.6460791623        -2.0611611374
C16        -3.1891721033        -4.6548302299        -2.9823842723
O17        -3.0318893069        -2.5630602218        -4.1426012405
C18        -2.9232116462        -1.2635426542        -3.6565682161
C19        -4.1688226329        -0.4537371746        -4.0380699424
O20        -3.9949323664         0.8756866519        -3.6038821945
C21        -4.9975223031         1.7114057339        -4.1358063674
C22        -4.8196714361         3.1056186185        -3.5932121491
C23        -3.5323081053         3.6387093291        -3.3890090386
C24        -3.3753020519         4.9334924556        -2.8869171655
C25        -4.4978576406         5.7176583969        -2.6108289204
C26        -5.7792111679         5.2090649854        -2.8395773107
C27        -5.9415262726         3.9104001878        -3.3328020880
O28        -2.1426431696         0.9484483590        -1.7153072603
P29        -1.8438993743         1.4581417754        -0.0944165524
C30        -3.5388112634         2.1724179332        -0.0314116788
C31        -4.6636981089         1.4169077727        -0.4162031376
C32        -5.9507644940         1.9580448400        -0.3642092652
C33        -6.1413105219         3.2692034328         0.0656482467
C34        -5.0422286028         4.0439786297         0.4296527904
C35        -3.7534304863         3.5060862093         0.3734041673
C36        -1.5115455734         1.6661231869         1.7146233818
C37        -2.5513287210         1.5851132156         2.6704923510
C38        -2.2797974152         1.6818009982         4.0378979247
C39        -0.9672959487         1.8251453719         4.4844354834
C40         0.0795093744         1.8521500991         3.5649664433
C41        -0.1854060568         1.7561174831         2.1968736869
C42        -0.5778631333         2.6930783520        -0.6501946496
C43        -0.3544633939         3.9017552006         0.0517043548
C44         0.5655843402         4.8472159773        -0.4084260439
C45         1.2854650771         4.6143000864        -1.5771775414
C46         1.0927286161         3.4303419328        -2.2839653372
C47         0.1740322743         2.4808059728        -1.8295952922
H48         2.3995207817        -1.5719365040        -2.1361087757
H49         2.1241427789        -2.5054937646        -0.6120943509
H50         3.7750548482        -1.8914418794        -1.0071030616
H51         2.6703623218        -0.4513876874         0.7400986149
H52         3.0038541320         0.4474811839        -0.7823249165
H53        -2.3445812869        -2.2492728744         0.5605519423
H54        -3.4947719942        -0.8710397968         0.6465693999
H55        -2.2023854022        -1.0357975363         1.8606726033
H56        -0.7630099065        -0.5128400708        -2.1624691093
H57        -3.7033114490        -1.3527725449        -1.6377729496
H58        -1.0555154880        -4.1745577222        -4.7537581931
H59        -0.3517404194        -2.8049884728        -3.8300836011
H60        -0.0311513262        -4.2343803525        -1.8342225123
H61         0.7395795672        -4.9915372177        -3.2693971486
H62        -0.5486144884        -6.6520303471        -1.8846732872
H63        -1.1690500764        -6.5318912119        -3.5681757253
H64        -2.3722660269        -5.2144694371        -1.0401755465
H65        -3.0628112470        -6.5786344268        -1.9831902167
H66        -3.3862661980        -5.1427382923        -3.9627555497
H67        -4.1714901656        -4.3919477048        -2.5328195158
H68        -2.0350711916        -0.7905911027        -4.1356083718
H69        -4.2812159730        -0.5016747905        -5.1461215327
H70        -5.0708945147        -0.9018676444        -3.5633497524
H71        -6.0064634144         1.3285607771        -3.8566866889
H72        -4.9162776014         1.7615341782        -5.2445252099
H73        -2.6493087705         3.0512150779        -3.6074739523
H74        -2.3826064471         5.3286027151        -2.7127573181
H75        -4.3750158794         6.7198028862        -2.2212431813
H76        -6.6478223504         5.8191628149        -2.6285895930
H77        -6.9413741998         3.5302261046        -3.5013137275
H78        -4.5633378095         0.4167635544        -0.7813087283
H79        -6.8007212741         1.3611527011        -0.6687715066
H80        -7.1378561798         3.6896651194         0.1013538143
H81        -5.1871358992         5.0674834105         0.7505215959
H82        -2.9436131453         4.1425936218         0.6654557084
H83        -3.5768639604         1.4146544472         2.3775640450
H84        -3.0895694596         1.6280593474         4.7541305785
H85        -0.7597719670         1.8949095756         5.5443752358
H86         1.1009736711         1.9378601121         3.9125043657
H87         0.6551299114         1.7542154688         1.5173515092
H88        -0.8462294169         4.1141831210         0.9865741922
H89         0.7264917049         5.7603727179         0.1501000749
H90         1.9984397881         5.3477517173        -1.9308925294
H91         1.6563159125         3.2460546706        -3.1895776913
H92         0.0682237611         1.5850312836        -2.4180170392
&

