&zmat
 C8              2.8597197848             1.4043734099             0.7646299993
 O7              1.9789171912             1.0318924352            -0.3090100637
 C6              1.3246879535            -0.1556231719            -0.0974091041
 O9              1.4674343228            -0.8576512302             0.9036906747
 N5              0.5184798739            -0.4334729395            -1.1734309254
 C4             -0.4655238101            -1.5045378874            -1.0924578276
 C3             -1.8817092410            -1.0217953043            -0.7256657654
 C2             -1.9123523764            -0.1566236061             0.5409761885
 C1             -1.6665145593             1.3177727521             0.2997924844
 O10            -1.4819493790             1.8344005598            -0.7936549986
 H19             3.2953805087             2.3668733154             0.4641621818
 H20             2.3065669505             1.5128933214             1.7118494013
 H21             3.6515934292             0.6517146788             0.9076219153
 H18             0.2995777158             0.3627010417            -1.7717594241
 H16            -0.4925217263            -2.0459482955            -2.0546757384
 H17            -0.0899653471            -2.2010423650            -0.3257284145
 H14            -2.3050714795            -0.4372182990            -1.5618181491
 H15            -2.5237177556            -1.9098366948            -0.5958419013
 H12            -2.8905279711            -0.2202523536             1.0584080952
 H13            -1.1706776119            -0.4984625772             1.2906579242
 H11            -1.6817565481             1.9478099257             1.2303058334
&

