&gen
basis=6-31G**
igeopt=1
dftname=PBE-D3
ifreq=1
&
entry_name: J1_10517_2111.in
&zmat
C1          1.9998442559        -1.7096584141         2.3242971389
O2          0.7912565672        -1.2673100729         1.7195392169
C3          0.7597027720        -0.6285914513         0.4765137815
O4          1.8292892326        -0.4362764500        -0.1656749159
C5         -0.5717204488        -0.1717428231        -0.0597924337
C6         -0.6594682981        -0.0730219636        -1.5586032824
C7         -1.3285766700        -1.2598932266        -2.3294018340
O8         -0.5752335931        -1.4624911162        -3.4927087766
C9         -1.2982418794        -0.8206081572        -4.5309755477
C10        -1.4490860477        -1.7944943251        -5.7060330111
C11        -0.5358646458         0.4282916534        -4.9898862115
O12        -2.5812009144        -0.4387531374        -4.0747463672
C13        -2.7397299644        -1.1530827835        -2.8909341521
C14        -3.8744211083        -0.5833733694        -2.0195691895
O15        -5.0125359523        -0.3147475623        -2.8026870047
C16        -4.2514618989        -1.5103533590        -0.8480983790
O17        -4.8148135861        -2.7255969119        -1.3215762948
C18        -5.0142374253        -3.7146594854        -0.3009635595
C19        -3.6681286529        -4.3163840138         0.1473571958
C20        -3.5219160315        -4.9724056647         1.3912631588
C21        -2.3065407967        -5.5614946709         1.7512940902
C22        -1.2331475381        -5.5538266913         0.8606083826
C23        -1.3842006017        -4.9857905224        -0.4039512750
C24        -2.5984382997        -4.3979311282        -0.7675227235
C25        -5.7640363639        -4.8980711628        -0.9331596259
C26        -5.7813707174        -5.0863410149        -2.3336560607
C27        -6.4215426759        -6.1937435601        -2.8973152740
C28        -7.0369540099        -7.1410849973        -2.0787597949
C29        -7.0061082975        -6.9891559114        -0.6925418297
C30        -6.3674831593        -5.8853907034        -0.1215143498
C31        -5.8612024570        -3.1034192794         0.8476773287
C32        -7.2575444352        -2.9519253014         0.6924732198
C33        -8.0271169551        -2.3336394986         1.6816098317
C34        -7.4167139078        -1.8184933920         2.8247325900
C35        -6.0322778690        -1.8986816334         2.9698089160
C36        -5.2569526065        -2.5100395907         1.9813888810
O37        -1.3014947628         1.1769500852        -1.5848650593
P38        -1.0221174804         1.6030342099         0.0735756149
C39        -2.7928067079         1.9285761106         0.2922546849
C40        -3.4128926339         2.9746447599        -0.4122425714
C41        -4.7834523518         3.2083170301        -0.2695983653
C42        -5.5493825899         2.3951028613         0.5681712239
C43        -4.9490482415         1.3363772465         1.2518823377
C44        -3.5824202019         1.0850166316         1.0962128177
C45        -0.5202786793         1.9377472123         1.8351007180
C46        -1.3971610176         2.4613718923         2.8212192425
C47        -0.9552862789         2.7088001278         4.1244606640
C48         0.3765713070         2.4953436733         4.4681845370
C49         1.2793461750         2.0707019260         3.4985069119
C50         0.8429945040         1.8218467820         2.1956273692
C51         0.0194503641         3.0103946108        -0.4254856157
C52        -0.3569205603         4.3224564057        -0.0815966537
C53         0.4371288249         5.4104444748        -0.4539345497
C54         1.6192023512         5.2025029873        -1.1664779318
C55         2.0125247725         3.9051680482        -1.4996797118
C56         1.2211903370         2.8141565053        -1.1285231528
H57         2.6785060861        -0.8466408903         2.4922599885
H58         1.7670877682        -2.1791508162         3.3018744356
H59         2.4981811015        -2.4591412693         1.6737280251
H60        -1.3832819208        -0.7962609829         0.3595021493
H61         0.3514588594         0.0738854319        -1.9934660232
H62        -1.2442561131        -2.1706269137        -1.7038401621
H63        -2.0298678434        -1.3238934915        -6.5281229791
H64        -1.9843120738        -2.7105095523        -5.3774006368
H65        -0.4510962995        -2.0928002131        -6.0929384372
H66         0.4902558992         0.1564858326        -5.3178892772
H67        -1.0670142393         0.9180907913        -5.8339960134
H68        -0.4568422826         1.1614140148        -4.1610023990
H69        -3.0617106490        -2.1817351833        -3.1774198398
H70        -3.5534307353         0.3806160374        -1.6108166139
H71        -5.2766803198        -1.1561016345        -3.2592799475
H72        -3.3585201587        -1.6945743437        -0.2193341555
H73        -5.0076258632        -0.9605992342        -0.2525776467
H74        -4.3451531960        -5.0333536741         2.0895832528
H75        -2.2017837227        -6.0362451172         2.7183187918
H76        -0.2937351429        -6.0131760041         1.1396968412
H77        -0.5654598945        -5.0158656411        -1.1112710597
H78        -2.7077663162        -4.0244092772        -1.7744930675
H79        -5.2949497915        -4.3859860473        -2.9998451784
H80        -6.4335197967        -6.3210703214        -3.9721446937
H81        -7.5300197116        -7.9982941289        -2.5186738173
H82        -7.4735872682        -7.7307949778        -0.0577642799
H83        -6.3507547366        -5.7994826718         0.9568110683
H84        -7.7566589342        -3.3076184831        -0.1996529310
H85        -9.0981588030        -2.2429281465         1.5546451983
H86        -8.0140326996        -1.3349866453         3.5868156084
H87        -5.5547222822        -1.4633596195         3.8381217304
H88        -4.1817394194        -2.4936052163         2.0963798986
H89        -2.8443414921         3.5965920664        -1.0899562210
H90        -5.2530362089         4.0175626242        -0.8135664836
H91        -6.6098603049         2.5795951843         0.6804279970
H92        -5.5460839690         0.7031211011         1.8931174147
H93        -3.1353217141         0.2547837784         1.6270828618
H94        -2.4166653327         2.7332918795         2.6141891044
H95        -1.6463198506         3.0902726208         4.8653818154
H96         0.7162706812         2.6951449170         5.4762177012
H97         2.3257059598         1.9535165699         3.7496109320
H98         1.5922635415         1.5758001144         1.4599378112
H99        -1.2543033465         4.5055501353         0.4937917091
H100         0.1385500637         6.4150860693        -0.1838144034
H101         2.2346300832         6.0455387990        -1.4527074067
H102         2.9352445577         3.7435429402        -2.0418943752
H103         1.5632374708         1.8255976939        -1.3816679276
&

