&gen
basis=6-31G**
igeopt=1
dftname=PBE-D3
ifreq=1
&
entry_name: J1_10156_2111.in
&zmat
N1          1.3882082535        -1.2250768730         1.8490646122
C2          1.7264803432        -1.1111968927         0.4350896501
C3          0.8050320540        -0.0984597857        -0.2818469556
C4          1.1316319804         0.1481399992        -1.7403724589
C5          2.2531731474        -0.6691951270        -2.3535190063
C6          1.9533094746        -1.9122674377        -2.9357885143
C7          2.9697162306        -2.7026948504        -3.4804206762
C8          4.2948679866        -2.2623478222        -3.4444328966
C9          4.6062134925        -1.0314429256        -2.8620913634
C10         3.5934784936        -0.2370007440        -2.3167483206
O11         1.4809423686         1.5000453086        -1.5982515347
P12         1.1274203932         1.6713478400         0.0790572739
C13         2.8495624132         2.1902268773         0.3791806838
C14         3.4039893786         3.2400287089        -0.3756253229
C15         4.7332385881         3.6274169358        -0.1853031709
C16         5.5254642343         2.9716061777         0.7586650976
C17         4.9885717416         1.9286291730         1.5154464236
C18         3.6602368423         1.5370745531         1.3274472806
C19         0.5889339306         1.7753637859         1.8424544754
C20         1.1557204265         2.7166330897         2.7358360038
C21         0.6975006450         2.8279582675         4.0511035180
C22        -0.3643255845         2.0412487253         4.4921468133
C23        -0.9888047850         1.1626436901         3.6094388095
C24        -0.5347766833         1.0472315655         2.2928297451
C25        -0.1260476638         2.9214521881        -0.2871352501
C26         0.1248737663         4.2839418924        -0.0516458308
C27        -0.8535235954         5.2405664381        -0.3376501592
C28        -2.0873605514         4.8460818652        -0.8608402821
C29        -2.3452616751         3.4935175166        -1.0969977843
C30        -1.3697145509         2.5337554129        -0.8117450606
H31         0.4702915985        -1.7208442750         1.9257822268
H32         2.0990829123        -1.8462119209         2.2986071571
H33         1.6046805592        -2.1085558609        -0.0432146450
H34         2.7924110353        -0.8260678102         0.3279037755
H35        -0.2615292776        -0.3848841791        -0.1916042341
H36         0.2161461874         0.0784593947        -2.3698604582
H37         0.9317606856        -2.2711589014        -2.9618587797
H38         2.7300331643        -3.6587976108        -3.9274708986
H39         5.0807840471        -2.8762925372        -3.8649382787
H40         5.6339806770        -0.6935164307        -2.8302279336
H41         3.8613365599         0.7071615420        -1.8635562954
H42         2.8129409700         3.7510359974        -1.1243801939
H43         5.1504902201         4.4342188885        -0.7738188704
H44         6.5545837963         3.2729400778         0.9051893953
H45         5.6007487629         1.4257244977         2.2528193069
H46         3.2613400176         0.7481402555         1.9477114757
H47         1.9392668619         3.3918055106         2.4247153326
H48         1.1564346173         3.5403793588         4.7245185441
H49        -0.7218071917         2.1334056235         5.5095683052
H50        -1.8396723596         0.5810033626         3.9401710324
H51        -1.0887870467         0.4005060382         1.6336326856
H52         1.0673952041         4.6084739123         0.3662496238
H53        -0.6560074842         6.2881463218        -0.1506122046
H54        -2.8440044485         5.5879295989        -1.0811687552
H55        -3.3019469662         3.1882810906        -1.5007172789
H56        -1.5875698923         1.4911035420        -0.9989277497
&

