&zmat
 C18            -3.6724935721             2.1258733719            -2.2790525470
 C17            -2.4870737981             1.5657720401            -1.5454362950
 C1             -1.8268649392             2.2195620555            -0.5458722475
 C2             -0.6436333476             1.8355540076             0.1920889737
 P3              0.3353628112             0.4983038054            -0.2097674411
 C4              0.9719819759             0.5732145582            -1.9448247368
 C5             -0.4339080453            -1.1853795539            -0.1139335163
 C6             -1.6912484721            -1.2606503751             0.5120064199
 C7             -2.3424419609            -2.4952585389             0.6366472853
 C8             -1.7382394161            -3.6603901529             0.1446373742
 C9             -0.4850237412            -3.5920399171            -0.4832866630
 C10             0.1617588588            -2.3570983408            -0.6219766325
 C11             1.7671525730             0.4747810049             0.9237054847
 C12             2.4951638072             1.6718650935             1.0840077642
 C13             3.6009052964             1.7117909740             1.9414684669
 C14             3.9938385144             0.5591362099             2.6372311591
 C15             3.2735086611            -0.6327914005             2.4793546889
 C16             2.1631821526            -0.6785254813             1.6258722683
 H35            -3.4792025197             2.2681018160            -3.3609111956
 H36            -4.5592678153             1.4656552782            -2.2118160645
 H37            -3.9618655224             3.1095391971            -1.8703802442
 H34            -2.1679211469             0.5557356449            -1.8403428897
 H19            -2.2382195854             3.1990942671            -0.2537485148
 H20            -0.4063723247             2.3112884565             1.1452174258
 H21             1.3166179610            -0.4008357925            -2.3209487073
 H22             1.7973914667             1.2991611560            -1.9750100245
 H23             0.1437890218             0.9405380617            -2.5688924391
 H24            -2.1457333150            -0.3343651852             0.8806782191
 H25            -3.3248248353            -2.5472713342             1.1157680294
 H26            -2.2454535576            -4.6249103085             0.2452488263
 H27            -0.0121774812            -4.5021744297            -0.8653626453
 H28             1.1409351293            -2.3144455932            -1.1111101708
 H29             2.1725846630             2.5699258883             0.5476042039
 H30             4.1582261834             2.6451322322             2.0654838966
 H31             4.8605671672             0.5908800261             3.3044172785
 H32             3.5721493685            -1.5315754275             3.0272933186
 H33             1.5964253995            -1.6071413576             1.5151294890
&

