&gen
basis=6-31G**
igeopt=1
dftname=PBE-D3
ifreq=1
&
entry_name: J1_9890_2111.in
&zmat
C1         -2.3716457587         0.0224662034        -3.8787714934
C2         -2.1689177453        -0.7255121133        -2.5355736040
C3         -3.5606652623        -0.9084336331        -1.9035985713
C4         -1.5664657766        -2.1133075655        -2.8687603540
C5         -1.1808615628         0.1436555815        -1.6684017715
O6         -1.6791809144         1.4399566605        -1.4623854454
P7         -1.1721588392         1.6619207924         0.1691096270
C8         -2.8754308771         2.2537867805         0.5143896262
C9         -3.9524255253         1.3558879005         0.6065467751
C10        -5.2613876594         1.8122366564         0.7841337359
C11        -5.5231169206         3.1796260614         0.8481711948
C12        -4.4759506137         4.0908421933         0.7239995553
C13        -3.1673248579         3.6345238528         0.5432022914
C14        -0.5660393997         1.7767369699         1.9292129100
C15         0.4834842687         0.9461645496         2.3982557313
C16         0.9734469292         1.0509146028         3.7023844603
C17         0.4530453775         2.0025602053         4.5719709780
C18        -0.5483836796         2.8615413943         4.1328252488
C19        -1.0421583235         2.7626873238         2.8289509316
C20         0.0643963876         2.8863412072        -0.3853018766
C21        -0.3277797253         3.9887352793        -1.1700066241
C22         0.6169568545         4.9075046312        -1.6357450104
C23         1.9715901670         4.7176444107        -1.3629044558
C24         2.3850401556         3.5920114500        -0.6503595271
C25         1.4425403580         2.6709446121        -0.1841819084
C26        -0.7513542711        -0.0914920689        -0.2207418868
C27        -1.4015662727        -1.2059062185         0.5986733834
C28        -1.1456578421        -2.4846180803         0.3353391426
C29        -1.7485807888        -3.4182937426         1.3236341277
C30        -2.5533739086        -2.5002064893         2.2347704408
C31        -1.9541595219        -1.1208402808         1.9976895138
H32        -2.8089282232         1.0310620429        -3.7151491380
H33        -3.0628628799        -0.5347364297        -4.5483977932
H34        -1.4034037665         0.1456672133        -4.4111843129
H35        -4.2076462985        -1.5164767055        -2.5726552399
H36        -3.5069649786        -1.4459338972        -0.9383713385
H37        -4.0609700246         0.0720851309        -1.7713145855
H38        -0.4564303571        -2.0784229736        -2.8952091398
H39        -1.8967391868        -2.8879664823        -2.1505827072
H40        -1.9126845944        -2.4808744585        -3.8591482847
H41        -0.2471439498         0.2511468516        -2.2696693364
H42        -3.8027944246         0.3005062691         0.5038857420
H43        -6.0758098367         1.1028444131         0.8556134850
H44        -6.5371030247         3.5327214907         0.9844112936
H45        -4.6765429518         5.1534654870         0.7705501911
H46        -2.3810434871         4.3708566937         0.4870766251
H47         0.9400898434         0.1948954932         1.7795867635
H48         1.7642448322         0.3916896212         4.0369057247
H49         0.8352798920         2.0836898475         5.5813184235
H50        -0.9382780641         3.6180359109         4.8020051680
H51        -1.7822254487         3.4856385362         2.5581155723
H52        -1.3581734022         4.1224311491        -1.4653785201
H53         0.2993440307         5.7566755656        -2.2270021588
H54         2.7030300442         5.4263126709        -1.7292719734
H55         3.4393883216         3.4228486056        -0.4733450041
H56         1.8038643431         1.7841265455         0.3094724888
H57         0.3484633146        -0.2411196178        -0.2225606380
H58        -0.4842489970        -2.8152064074        -0.4561850556
H59        -2.4001598052        -4.1620830369         0.8174791800
H60        -0.9427003482        -3.9297680347         1.8926154565
H61        -2.4737018647        -2.8063944021         3.3005814418
H62        -3.6220643192        -2.5007009187         1.9247643170
H63        -2.6827842085        -0.3180999956         2.1873764689
H64        -1.1212017985        -1.0019998416         2.7178024896
&

