&gen
basis=6-31G**
igeopt=1
dftname=PBE-D3
ifreq=1
&
entry_name: J1_10115_2111.in
&zmat
C1         -0.5396349068        -2.6455204143        -2.5823206867
C2         -1.9248246999        -2.0747938435        -2.7487351765
C3         -2.9226405862        -2.8726184619        -3.3358976194
C4         -4.2012118743        -2.3620256438        -3.5595966811
C5         -4.4976903733        -1.0454681999        -3.2150385507
C6         -3.5211980927        -0.2363510976        -2.6336026946
C7         -2.2307821663        -0.7414695266        -2.3673716406
C8         -1.1771546733         0.1447514483        -1.7161948257
O9         -1.6029327957         1.4700505656        -1.5284465351
P10        -1.1414915847         1.6527974740         0.1243801391
C11        -2.8345949562         2.1859249626         0.5740507036
C12        -3.4943684772         1.6728857501         1.7109399733
C13        -4.7913161412         2.0841847802         2.0284170961
C14        -5.4496240038         3.0111170119         1.2194095629
C15        -4.8118473448         3.5275957917         0.0906286189
C16        -3.5146993136         3.1189943274        -0.2314516131
C17        -0.5117234071         1.7813608438         1.8569462685
C18         0.3772681669         0.8335909358         2.4095100672
C19         0.8631377664         0.9774122419         3.7124262913
C20         0.5001725610         2.0820127398         4.4805515838
C21        -0.3366783437         3.0562624443         3.9411241994
C22        -0.8259530794         2.9176760140         2.6403586199
C23         0.0929026259         2.8944714709        -0.3348906550
C24        -0.2254376124         4.2632797876        -0.3315452466
C25         0.7346648117         5.2123992506        -0.6943362268
C26         2.0177386411         4.8045993947        -1.0660103409
C27         2.3430944116         3.4463886084        -1.0737757342
C28         1.3861853997         2.4941720621        -0.7108846260
C29        -0.8096887129        -0.1069307297        -0.2695067518
C30        -1.6364624468        -1.1324743137         0.5075405887
C31        -3.0460107499        -1.1288927429         0.5273821216
C32        -3.7544170850        -2.1009333789         1.2382337418
C33        -3.0699210194        -3.0979582662         1.9331086892
C34        -1.6753688332        -3.1270916804         1.9129053633
C35        -0.9637401214        -2.1562816013         1.2027132577
H36         0.1793842725        -2.0718289303        -3.2032433810
H37        -0.4932312622        -3.7089284580        -2.8996815274
H38        -0.2256243616        -2.5997781939        -1.5215724523
H39        -2.7101392049        -3.8928248271        -3.6307602326
H40        -4.9611668340        -2.9861145487        -4.0118506191
H41        -5.4882166723        -0.6495508343        -3.3985447770
H42        -3.7877743285         0.7796862346        -2.3734822029
H43        -0.2667729579         0.1640762637        -2.3557261298
H44        -3.0092243655         0.9505782834         2.3540919344
H45        -5.2867082599         1.6818868723         2.9025555934
H46        -6.4545886201         3.3280851540         1.4662662697
H47        -5.3240256820         4.2443913338        -0.5381007566
H48        -3.0475330407         3.5290863520        -1.1170237278
H49         0.7328448497        -0.0111279915         1.8515821781
H50         1.5356503687         0.2348488964         4.1224872612
H51         0.8816606751         2.1915979811         5.4874691887
H52        -0.6019564602         3.9257230142         4.5286521291
H53        -1.4549165593         3.7050784575         2.2484164502
H54        -1.2063249667         4.6040771001        -0.0354207860
H55         0.4841166483         6.2652983084        -0.6849348855
H56         2.7599409692         5.5407856495        -1.3462975385
H57         3.3378217670         3.1307906465        -1.3607629153
H58         1.6600870332         1.4488981428        -0.7214580591
H59         0.2741725739        -0.3391532150        -0.2307407866
H60        -3.6074166300        -0.3769712097        -0.0021353908
H61        -4.8365173774        -2.0809299358         1.2482288671
H62        -3.6199931897        -3.8509605123         2.4824268831
H63        -1.1438506228        -3.9061019407         2.4440012310
H64         0.1170622095        -2.2144537460         1.1882827317
&

