&gen
basis=6-31G**
igeopt=1
dftname=PBE-D3
ifreq=1
&
entry_name: J1_10112_2111.in
&zmat
C1         -5.5254986890        -0.6616425019        -1.8250375119
C2         -4.9323404802        -1.0437961829        -0.6201065100
C3         -4.0379135164        -0.1849265828         0.0256381805
C4         -3.7159236674         1.0622517457        -0.5379464381
C5         -2.7741498641         2.0158035766         0.1621396311
P6         -0.9805045182         1.5550874315         0.0015026625
C7         -0.5935541793         1.6491802890         1.8096408126
C8         -1.4237919060         1.0159458189         2.7605643556
C9         -1.0848953380         0.9935945084         4.1160154965
C10         0.1129405858         1.5585337309         4.5482516748
C11         0.9865920067         2.1225286140         3.6214062478
C12         0.6514911558         2.1480785414         2.2653375300
C13        -0.0382846044         3.0595276579        -0.4332862344
C14        -0.3479206601         4.2775871572         0.2042149205
C15         0.3429169481         5.4482789407        -0.1194862056
C16         1.3333193641         5.4268115087        -1.1021185153
C17         1.6225909650         4.2376452353        -1.7728741004
C18         0.9346722397         3.0638640253        -1.4512323377
O19        -1.1547734083         1.1751782356        -1.6728419515
C20        -0.6058004825        -0.1250712668        -1.6353711699
C21        -1.5436136741        -1.1486312661        -2.2395234321
C22        -2.3128696343        -0.8139673529        -3.3684371564
C23        -3.1304990375        -1.7700098441        -3.9782887518
C24        -3.1709990867        -3.0750558664        -3.4835550285
C25        -2.3759250236        -3.4322540911        -2.3925685098
C26        -1.5506069806        -2.4814832085        -1.7848918848
C27        -0.4652659011        -0.1823645584        -0.1334813740
C28         0.9071486699        -0.5274710626         0.4335884587
C29         2.1162136082        -0.0531443057        -0.1138199624
C30         3.3388746295        -0.3539144793         0.4937780772
C31         3.3748849346        -1.1275542240         1.6543354974
C32         2.1875207269        -1.6058555935         2.2084491726
C33         0.9633079232        -1.3096127399         1.6038063989
C34        -4.3138858632         1.4336046844        -1.7565121998
C35        -5.2174978748         0.5767853518        -2.3922268731
H36        -6.2176044856        -1.3281140247        -2.3230450923
H37        -5.1682783762        -2.0056466072        -0.1836804351
H38        -3.6045735359        -0.5000181868         0.9613335919
H39        -2.8889447637         3.0244738285        -0.2879228115
H40        -3.1091494052         2.1571102103         1.2062597827
H41        -2.3233744344         0.5057137719         2.4643274564
H42        -1.7439730923         0.5163025484         4.8297425662
H43         0.3780235230         1.5318978462         5.5972461535
H44         1.9376048637         2.5212052755         3.9503346764
H45         1.3939724732         2.5279103895         1.5786218161
H46        -1.1150213858         4.3186815084         0.9669195797
H47         0.1072840080         6.3735295998         0.3902234405
H48         1.8656387087         6.3346840510        -1.3547268887
H49         2.3712341169         4.2278470487        -2.5545490482
H50         1.1415208146         2.1802688143        -2.0311326727
H51         0.3581980075        -0.1450822726        -2.1822145004
H52        -2.2846327316         0.1885934520        -3.7763746285
H53        -3.7336373111        -1.4977988431        -4.8346908131
H54        -3.8072033612        -3.8130054131        -3.9546456111
H55        -2.3899900200        -4.4499028998        -2.0243888089
H56        -0.9171490130        -2.7891249524        -0.9627089462
H57        -1.2574704169        -0.8085662397         0.3295676483
H58         2.1349080610         0.5436985776        -1.0057104109
H59         4.2607737732         0.0164894033         0.0642421407
H60         4.3227318211        -1.3559734123         2.1241971325
H61         2.2142603561        -2.2028004307         3.1108444688
H62         0.0542869687        -1.6801196918         2.0613886467
H63        -4.0829112225         2.3870548316        -2.2148917839
H64        -5.6720420930         0.8695039822        -3.3297338316
&

