&gen
basis=6-31G**
igeopt=1
dftname=PBE-D3
ifreq=1
&
entry_name: J1_10278_2111.in
&zmat
C1         -1.1026279096        -2.1741330621         1.0434745249
C2         -1.7215891360        -1.1254304580         0.4760678522
C3         -3.2300504431        -1.1100643806         0.5229397934
C4         -0.8719733151        -0.0704572006        -0.2429928127
C5         -1.1610238888         0.1929294865        -1.7047539773
C6         -2.0981084096        -0.7311825817        -2.5283209321
C7         -2.3166045827        -0.1438826096        -3.9523698002
C8         -1.2995483529        -0.6876521695        -4.9623115561
C9         -1.4095823081        -2.2176014134        -5.1142592879
C10        -1.9515446306        -2.9186717736        -3.8542727346
C11        -1.5367487460        -2.1810429236        -2.5771478546
O12        -1.6989829964         1.4748422565        -1.5121340992
P13        -1.2535528133         1.6840634365         0.1430730278
C14        -2.9506337307         2.2226350555         0.5821197495
C15        -3.5945967680         1.7685318123         1.7535760697
C16        -4.8896479568         2.1901104920         2.0656220716
C17        -5.5643358235         3.0673326510         1.2162490138
C18        -4.9454332922         3.5228262886         0.0517065075
C19        -3.6502476656         3.1040039576        -0.2652740320
C20        -0.6428643500         1.8406222439         1.8805884513
C21         0.1324647713         0.8427480558         2.5114371149
C22         0.5969316029         1.0139028202         3.8190602018
C23         0.3163557175         2.1864493420         4.5181114837
C24        -0.4224997193         3.1974350829         3.9078349054
C25        -0.8896632538         3.0328615836         2.6021464158
C26        -0.0257722866         2.9328182761        -0.3255436455
C27        -0.3793866974         4.2890360958        -0.4313259650
C28         0.5740103314         5.2411473406        -0.8038214617
C29         1.8864173941         4.8493851415        -1.0764241803
C30         2.2481374472         3.5044838445        -0.9740513667
C31         1.2981288159         2.5494016240        -0.6009380861
H32        -0.0225205861        -2.2784616621         1.0131910962
H33        -1.6704734046        -2.9553287449         1.5407941499
H34        -3.6586390801        -0.2385140840        -0.0017896704
H35        -3.6296946250        -2.0257366939         0.0377875731
H36        -3.5754393050        -1.1004958744         1.5776484648
H37         0.2140126570        -0.2770008079        -0.1400069410
H38        -0.1978193175         0.3013744717        -2.2547573828
H39        -3.1010294861        -0.7587363558        -2.0655307216
H40        -2.2683000126         0.9664844236        -3.9438178976
H41        -3.3376017381        -0.4095419246        -4.3067775029
H42        -1.4623401739        -0.2049642873        -5.9501901794
H43        -0.2741458823        -0.4201274576        -4.6257161065
H44        -0.4041343485        -2.6244527163        -5.3588703836
H45        -2.0797578691        -2.4570110776        -5.9684862113
H46        -1.5744564642        -3.9637392740        -3.8209723640
H47        -3.0620658154        -2.9639356951        -3.9009594036
H48        -0.4251461048        -2.1731453892        -2.5237496411
H49        -1.9073372231        -2.7588149528        -1.7054699331
H50        -3.0995819483         1.0851288452         2.4298628192
H51        -5.3708976441         1.8342986504         2.9674048163
H52        -6.5676618963         3.3924114390         1.4592534370
H53        -5.4706557624         4.2006439475        -0.6087447452
H54        -3.2003481925         3.4686317765        -1.1790291100
H55         0.4073835879        -0.0696737111         2.0184321522
H56         1.1845891470         0.2356225126         4.2889463984
H57         0.6797487509         2.3152166512         5.5294471113
H58        -0.6318987896         4.1131726354         4.4454981822
H59        -1.4541337115         3.8408063534         2.1569914297
H60        -1.3825656821         4.6202777751        -0.2104555295
H61         0.2953633254         6.2843539060        -0.8783037128
H62         2.6233270640         5.5879587625        -1.3642937978
H63         3.2659521130         3.2014336337        -1.1830114356
H64         1.6021061139         1.5155428776        -0.5233883280
&

