&gen
basis=6-31G**
igeopt=1
dftname=PBE-D3
ifreq=1
&
entry_name: J1_10028_2111.in
&zmat
C1         -2.4159490768        -0.6572077088        -2.1931025077
C2         -1.1300715983         0.0720081196        -1.7825094130
O3         -1.3886697437         1.4496089648        -1.6895033076
P4         -1.0988470452         1.6402544469        -0.0041279794
C5         -2.8320808287         2.1860766065         0.1210638267
C6         -3.8344195005         1.3567089689         0.6559225098
C7         -5.1610993241         1.7934314932         0.7153978601
C8         -5.5074484322         3.0530637395         0.2244118810
C9         -4.5289465489         3.8731096316        -0.3389073289
C10        -3.2016993868         3.4396442742        -0.4000138659
C11        -0.6969113666         1.6869682559         1.7960793494
C12         0.5124489014         1.1147036191         2.2482058288
C13         0.8638654072         1.1462879543         3.5998749258
C14         0.0308313124         1.7714169106         4.5255507382
C15        -1.1463602656         2.3828286281         4.0979160897
C16        -1.5045662616         2.3556320601         2.7470678084
C17         0.1610826158         2.9162829853        -0.2828041387
C18         0.0219077359         4.2056688245         0.2638590477
C19         1.0053974086         5.1752397295         0.0489278240
C20         2.1363315112         4.8691581011        -0.7110083841
C21         2.2861927991         3.5918747753        -1.2556096271
C22         1.3052923646         2.6188324255        -1.0426431726
C23        -0.6527502499        -0.1030327818        -0.3549119346
C24        -1.2920569569        -1.2040759363         0.4779562673
O25        -1.7491773793        -0.9426547847         1.6220795638
C26        -1.2486905525        -2.6253907083         0.0492270002
C27        -2.1730211098        -3.5446449592         0.5797527661
C28        -2.1436734130        -4.8864617684         0.1882672818
C29        -1.1897083240        -5.3275245164        -0.7309465570
C30        -0.2612511724        -4.4280422431        -1.2587076366
C31        -0.2855387830        -3.0849981849        -0.8709222608
H32        -2.2171401442        -1.7345336108        -2.3604236684
H33        -2.7895551885        -0.2316972965        -3.1480775222
H34        -3.2086430554        -0.5396326318        -1.4254142808
H35        -0.3168670254        -0.1156126625        -2.5173158613
H36        -3.6085271780         0.3758637972         1.0284842825
H37        -5.9228085262         1.1511325461         1.1382579437
H38        -6.5355725918         3.3882641179         0.2691021241
H39        -4.8002043726         4.8419197740        -0.7380191403
H40        -2.4699167124         4.0777439235        -0.8748784032
H41         1.2031406784         0.6554283585         1.5572331831
H42         1.7906840392         0.6934785318         3.9278204304
H43         0.3066377590         1.7982021958         5.5718071240
H44        -1.7791864950         2.8914193185         4.8138940657
H45        -2.4020638449         2.8849194436         2.4695276423
H46        -0.8387321169         4.4597038469         0.8676803602
H47         0.8919656745         6.1637199154         0.4749099389
H48         2.8973267605         5.6208351793        -0.8761348359
H49         3.1635780941         3.3549836091        -1.8434278219
H50         1.4415751407         1.6372108997        -1.4749721031
H51         0.4494646303        -0.2235832439        -0.3457987707
H52        -2.9260116323        -3.2228868306         1.2886166315
H53        -2.8623788513        -5.5846541036         0.5975498669
H54        -1.1686472303        -6.3667077395        -1.0327783629
H55         0.4804618896        -4.7721421060        -1.9679294731
H56         0.4519369121        -2.4136930993        -1.2894042953
&

