&gen
basis=6-31G**
igeopt=1
dftname=PBE-D3
ifreq=1
&
entry_name: J1_271_2111.in
&zmat
C1          1.1908363473         4.8315550723         0.9666123097
C2         -0.0827873497         4.3631632650         0.2731856514
O3         -0.2007839949         2.9446475678         0.3461117541
C4          0.5337899297         2.0650474129        -0.4557570559
C5          0.3721223479         0.6052817349        -0.2940957884
C6          1.5666286681        -0.2896358732        -0.5513469125
C7          2.7785854458         0.1039654531         0.3082338494
C8          3.8516742780        -0.9470961551         0.2189167087
C9          4.8018004437        -0.9039178508        -0.8150315554
C10         5.7750293453        -1.9027025145        -0.9186930827
C11         5.7999196276        -2.9548381890         0.0010355051
C12         4.8489840248        -3.0122375638         1.0237161729
C13         3.8741799230        -2.0155120115         1.1311833753
P14        -1.1319696448        -0.0582417443        -0.1401878825
C15        -2.4174681423         1.1966132257        -0.3847702459
C16        -2.9090052896         1.9292004461         0.7101903422
C17        -3.8662317551         2.9296811709         0.5202540337
C18        -4.3334450138         3.2161983976        -0.7640265547
C19        -3.8383632698         2.5068565771        -1.8605089267
C20        -2.8798536679         1.5060525793        -1.6745500044
C21        -1.3781584294        -0.8155032079         1.4897336248
C22        -2.6834013815        -1.0727031841         1.9453356422
C23        -2.8957553218        -1.6826746831         3.1848085009
C24        -1.8076329197        -2.0551168678         3.9762562528
C25        -0.5067155854        -1.8242314156         3.5245969219
C26        -0.2919205735        -1.2138998551         2.2851770078
C27        -1.3277833357        -1.3289277385        -1.4169488667
C28        -2.0195060476        -2.5222171480        -1.1488823652
C29        -2.1766415174        -3.4874537228        -2.1483511817
C30        -1.6532532867        -3.2676527010        -3.4244142127
C31        -0.9747556543        -2.0797750053        -3.7044461913
C32        -0.8155377199        -1.1128192132        -2.7080126460
O33         1.3560865415         2.5117328069        -1.3018512876
H34         2.0854590075         4.4272712354         0.4488083503
H35         1.1950409489         4.4874469849         2.0224911066
H36         1.2391717399         5.9406410423         0.9488751630
H37        -0.9567712573         4.8159712769         0.7870759705
H38        -0.0940956072         4.6991736112        -0.7864538218
H39         1.8491105576        -0.2134963693        -1.6234861776
H40         1.3041712582        -1.3528802810        -0.3548261105
H41         3.1873236099         1.0776848235        -0.0383175487
H42         2.4793458777         0.2464754778         1.3683174795
H43         4.7866017106        -0.0994991261        -1.5400630151
H44         6.5075671999        -1.8631399439        -1.7144828176
H45         6.5528830966        -3.7279237642        -0.0815729082
H46         4.8648569722        -3.8312562013         1.7311176923
H47         3.1371351879        -2.0773402291         1.9222521380
H48        -2.5381686665         1.7426643256         1.7094123703
H49        -4.2390921971         3.4890495256         1.3684421870
H50        -5.0726363263         3.9930445724        -0.9105325464
H51        -4.1932482610         2.7365852581        -2.8568813105
H52        -2.5026516641         0.9839023978        -2.5406209227
H53        -3.5391565393        -0.8097816395         1.3368599650
H54        -3.9043914021        -1.8721063451         3.5285612447
H55        -1.9721578763        -2.5294326925         4.9350841911
H56         0.3371863391        -2.1229177597         4.1330754073
H57         0.7205599043        -1.0630654958         1.9587124821
H58        -2.4366523570        -2.7187213695        -0.1730231859
H59        -2.7063486956        -4.4065236417        -1.9332850335
H60        -1.7768729847        -4.0157246790        -4.1967550674
H61        -0.5749250929        -1.9061436523        -4.6950940571
H62        -0.2979115049        -0.1927964062        -2.9471641174
&

