&zmat
 C1              0.3056599696             4.0462174579             2.6380210633
 C2             -0.1735207549             4.1658604746             1.1954038372
 O3             -0.3112049929             2.8664383769             0.5897494079
 C4              0.8581099184             2.3212975292             0.0307844313
 O33             1.9229091343             2.9474672702             0.0195115880
 C5              0.6183958356             0.9945715227            -0.4686092172
 C6              1.8153277830             0.1764633521            -0.9092432931
 C7              2.3785756386            -0.7653994076             0.1903977072
 C8              3.4740114295            -1.6621005280            -0.3316768297
 C9              4.8296092448            -1.3028652949            -0.2256260202
 C10             5.8331646763            -2.1150808315            -0.7700962492
 C11             5.4947570147            -3.3017710341            -1.4344985414
 C12             4.1464495043            -3.6693169255            -1.5512183821
 C13             3.1466263347            -2.8554269685            -1.0052686590
 P14            -0.9390750157             0.2848491395            -0.1989946934
 C15            -2.4410794524             1.1754058283            -0.8104334261
 C16            -3.0641445750             2.1341437656             0.0140075753
 C17            -4.1930616739             2.8259810412            -0.4375481119
 C18            -4.7156596330             2.5695825288            -1.7128430617
 C19            -4.1055470757             1.6125974260            -2.5338468961
 C20            -2.9751486574             0.9167055212            -2.0861608113
 C21            -1.3696098803            -0.0465550950             1.5677677803
 C22            -2.6566204658            -0.4662611582             1.9592483809
 C23            -2.9213211451            -0.7490819989             3.3050980195
 C24            -1.9094659866            -0.6025698184             4.2660308242
 C25            -0.6327190377            -0.1715000095             3.8807535251
 C26            -0.3615819873             0.1033805837             2.5340895306
 C27            -0.9584983638            -1.3544324476            -1.0251952935
 C28            -1.2724982329            -2.5358942298            -0.3283914980
 C29            -1.2603864599            -3.7700499764            -0.9931730900
 C30            -0.9375242289            -3.8368009025            -2.3545754557
 C31            -0.6173505365            -2.6641564719            -3.0540966710
 C32            -0.6220689729            -1.4299963557            -2.3944971171
 H34             1.3220236213             3.6234784655             2.6549025312
 H35            -0.3613086111             3.3878308637             3.2188046550
 H36             0.3317335601             5.0358639413             3.1243628369
 H37            -1.1790834325             4.6160612221             1.1357204024
 H38             0.5302668060             4.7676585176             0.5971040186
 H39             2.5987726563             0.8988360525            -1.1938203503
 H40             1.6119748435            -0.4311096638            -1.8068629525
 H41             2.7444235758            -0.1452273406             1.0281411283
 H42             1.5531858490            -1.3872711701             0.5842181669
 H43             5.0962947140            -0.3735044941             0.2901501587
 H44             6.8833004886            -1.8207760145            -0.6743425873
 H45             6.2778667236            -3.9380845363            -1.8584641050
 H46             3.8738346193            -4.5960801284            -2.0667799634
 H47             2.0926621096            -3.1445020812            -1.0975564434
 H48            -2.6590534629             2.3348025698             1.0078322447
 H49            -4.6671527415             3.5675463562             0.2126469909
 H50            -5.6004311841             3.1096934785            -2.0630242764
 H51            -4.5138725037             1.3968718186            -3.5256814549
 H52            -2.5247070113             0.1590270016            -2.7314052107
 H53            -3.4506966420            -0.5654570785             1.2119876755
 H54            -3.9201393500            -1.0801814582             3.6055550382
 H55            -2.1196269918            -0.8204221737             5.3176612043
 H56             0.1551879136            -0.0476860486             4.6297413859
 H57             0.6282754977             0.4473768494             2.2173036385
 H58            -1.5178074744            -2.4950704177             0.7359571781
 H59            -1.4997637038            -4.6830857960            -0.4400131206
 H60            -0.9274526955            -4.8020749543            -2.8695355886
 H61            -0.3510004836            -2.7100035407            -4.1139854309
 H62            -0.3452638828            -0.5200042804            -2.9358056932
&

