&gen
basis=6-31G**
igeopt=1
dftname=PBE-D3
ifreq=1
&
entry_name: J1_10000_2111.in
&zmat
C1          6.2479947857        -3.8881218088        -0.4621006022
C2          5.0576525896        -4.0602601263        -1.3934784925
O3          4.3486829404        -2.8392095293        -1.4841084391
C4          3.4391561254        -2.8645151355        -2.5735314596
C5          4.1357110305        -2.4023277614        -3.8382669867
C6          3.9741202468        -1.1598681610        -4.3043968802
C7          2.9498272951        -0.2361866049        -3.7067480914
O8          1.7774407549        -0.2488384286        -4.5225012273
C9          1.6852253828         0.3967481024        -5.7614078310
O10         2.6802629520         1.0163190532        -6.2292175061
C11         0.4127089022         0.3573398574        -6.5135504332
C12         0.3022151899         0.9738947960        -7.7741414949
C13        -0.9064560944         0.9351262623        -8.4764766007
C14        -2.0144120792         0.2835577445        -7.9298725180
C15        -1.9162208154        -0.3309361586        -6.6794476226
C16        -0.7101016067        -0.2958256068        -5.9727697066
C17         2.6026677485        -0.6903129884        -2.2699565957
C18         1.3900182416         0.1037813648        -1.7298690534
O19         1.7116887751         1.4606869671        -1.5791450797
P20         1.2024677497         1.6607249349         0.0551153269
C21         2.8772212079         2.2249749994         0.5312746416
C22         3.5220541240         1.7345305243         1.6852287211
C23         4.8092734715         2.1631290425         2.0194476537
C24         5.4723392705         3.0860228154         1.2097437134
C25         4.8481486963         3.5825908423         0.0646108451
C26         3.5609408071         3.1561150992        -0.2740527951
C27         0.5313242215         1.8020447259         1.7692895186
C28         0.7871909135         2.9663079126         2.5310841323
C29         0.2651032972         3.1160311020         3.8177601139
C30        -0.5423348450         2.1210747044         4.3647217206
C31        -0.8393196053         0.9810551055         3.6198709853
C32        -0.3202521386         0.8247862504         2.3311220108
C33        -0.0442709063         2.8655607651        -0.4627966577
C34         0.2467307008         4.2401581773        -0.4839744606
C35        -0.7207334631         5.1602262512        -0.8984188781
C36        -1.9833879167         4.7170419057        -1.2986002006
C37        -2.2809130436         3.3524953973        -1.2833475904
C38        -1.3166721116         2.4293559072        -0.8684437117
C39         0.9260551914        -0.1097601437        -0.3078193426
C40         1.7133366804        -1.0743223614         0.5462815061
O41         1.1032562543        -2.0265605958         1.1048790300
O42         3.0921606007        -0.9366130725         0.7170110303
C43         3.8383257944        -1.7607262543         1.6033479985
O44         2.2957328169        -2.0755273587        -2.2668869662
H45         5.9036691735        -3.6462426763         0.5638274767
H46         6.9031078119        -3.0703163837        -0.8303843273
H47         6.8344997203        -4.8303810689        -0.4260758337
H48         5.4489804007        -4.3875461047        -2.3838042204
H49         4.3936090996        -4.8528248068        -0.9827265885
H50         3.0545549915        -3.8938718472        -2.7662557185
H51         4.8533052690        -3.0584171851        -4.3210107066
H52         4.5175631956        -0.8484630842        -5.1911627973
H53         3.3675484333         0.7944069380        -3.6638588594
H54         1.1477767595         1.4849818154        -8.2172467539
H55        -0.9839423606         1.4111948292        -9.4454597093
H56        -2.9490116360         0.2551434804        -8.4750223929
H57        -2.7757686453        -0.8348102042        -6.2565276728
H58        -0.6587762359        -0.7774741464        -5.0042329565
H59         3.4835483303        -0.4715508452        -1.6259578005
H60         0.5199404570         0.0070815713        -2.4174093667
H61         3.0278420804         1.0293983674         2.3393528163
H62         5.2920478523         1.7798911331         2.9091058278
H63         6.4694215034         3.4169179329         1.4699553168
H64         5.3632609741         4.2973511186        -0.5640680007
H65         3.1048436696         3.5504094444        -1.1725111589
H66         1.3965307343         3.7658963309         2.1327814844
H67         0.4831764888         4.0091641515         4.3889669660
H68        -0.9486340002         2.2391214605         5.3609273983
H69        -1.4833038029         0.2181584681         4.0382947060
H70        -0.6134792267        -0.0589779692         1.7936290191
H71         1.2121271440         4.6076127843        -0.1690624537
H72        -0.4915405982         6.2179739425        -0.9078640108
H73        -2.7311635276         5.4307009938        -1.6193946289
H74        -3.2594939119         3.0094095497        -1.5933797106
H75        -1.5681782812         1.3784249478        -0.8635658269
H76        -0.1530650837        -0.3696261723        -0.3147329923
H77         3.7176135841        -2.8282710278         1.3237748471
H78         4.9105179840        -1.4841422067         1.5401252848
H79         3.4882938270        -1.6076159191         2.6459492805
&

