&gen
basis=6-31G**
igeopt=1
dftname=PBE-D3
ifreq=1
&
entry_name: J1_10027_2111.in
&zmat
C1         -2.2741868867        -0.5488386297        -3.3955349485
C2         -1.5968170835        -0.9171943459        -2.0656512894
C3         -1.2468899996        -2.4164720605        -2.0011943787
C4         -0.4175797088         0.0425943149        -1.6614311356
Si5          1.0602410484         0.0093710539        -2.9566576327
C6          2.8479062959         0.2814314472        -2.4188417654
C7          0.7188495159         1.3371941947        -4.2332946904
C8          1.2241047620        -1.6006249081        -3.9035851967
O9         -0.9313883544         1.3600533684        -1.5957278667
P10        -0.8840649288         1.6025261866         0.1159881615
C11        -2.7034477023         1.6726051871         0.1205702345
C12        -3.4715826360         0.5680394888         0.5375509131
C13        -4.8665861783         0.6039245792         0.4640097752
C14        -5.5111943652         1.7308892519        -0.0487132736
C15        -4.7605701076         2.8192986360        -0.4971672135
C16        -3.3649087648         2.7870532348        -0.4247098123
C17        -0.6168533025         1.7048697747         1.9554782680
C18         0.6905345527         1.9427567597         2.4447314006
C19         0.9541318445         2.0348248109         3.8127699597
C20        -0.0824418439         1.9172564716         4.7331712703
C21        -1.3865047199         1.7286419975         4.2842927721
C22        -1.6578753343         1.6366242300         2.9155520046
C23        -0.0953246007         3.2371386611        -0.0781481078
C24         1.0192829242         3.4088126983        -0.9073974335
C25         1.6187379736         4.6627908771        -1.0528839361
C26         1.1048091712         5.7665434441        -0.3702192580
C27        -0.0122514882         5.6162983816         0.4532132666
C28        -0.6121466003         4.3620364477         0.5966701610
C29        -0.1415162546        -0.0505316330        -0.1539764109
C30         1.3072046087        -0.2266730193         0.2906441814
H31        -1.6138163554        -0.7339855690        -4.2617156389
H32        -3.1920592722        -1.1602209685        -3.5308299853
H33        -2.5757877795         0.5198412634        -3.3958941713
H34        -2.3982002411        -0.7840924470        -1.3188761063
H35        -2.1246297022        -2.9911134398        -1.6345330835
H36        -0.9973157819        -2.8275698472        -2.9981668991
H37        -0.4021544189        -2.6080197120        -1.3070562630
H38         3.0119364298         1.2249806310        -1.8724858033
H39         3.2049636167        -0.5733456694        -1.8118852052
H40         3.4769314168         0.3215289088        -3.3316232995
H41         1.5171411159         1.3200176758        -5.0032020449
H42        -0.2584837260         1.1583868054        -4.7223008519
H43         0.7037757373         2.3335474979        -3.7484695356
H44         0.3480249991        -1.7815782850        -4.5531893779
H45         1.3677258619        -2.4405567291        -3.1942696420
H46         2.1181855972        -1.5409848260        -4.5574182931
H47        -2.9920164532        -0.3126485761         0.9433761257
H48        -5.4476508361        -0.2440164047         0.8026533457
H49        -6.5915426508         1.7566387001        -0.1082707425
H50        -5.2599841492         3.6843345556        -0.9139997979
H51        -2.8066421426         3.6234123121        -0.8205331096
H52         1.5190411792         2.0823530059         1.7665040125
H53         1.9651619558         2.2088565375         4.1579622493
H54         0.1215599675         1.9926067112         5.7934472755
H55        -2.1963672579         1.6672427310         5.0001590355
H56        -2.6934010870         1.5473154480         2.6547086990
H57         1.4113373288         2.5792378165        -1.4538306245
H58         2.4790803609         4.7788029933        -1.6992719648
H59         1.5687717069         6.7378474291        -0.4827552848
H60        -0.4142199935         6.4715885508         0.9807322328
H61        -1.4757332316         4.2673745933         1.2423589060
H62        -0.7604549025        -0.8219718774         0.3522152361
H63         1.7245949165        -1.1423540083        -0.1740827717
H64         1.3452115775        -0.3969384283         1.3855964057
H65         1.9221051049         0.6567333395         0.0449611948
&

