&gen
basis=6-31G**
igeopt=1
dftname=PBE-D3
ifreq=1
&
entry_name: J1_10255_2111.in
&zmat
C1          1.8606956219        -0.7973006107         1.5800702060
C2          1.2516047502        -0.1824411467         0.3083862996
C3          2.0207503776        -0.3296449832        -1.0083106399
C4          1.1356147257        -1.0054888728        -2.1012302352
C5          1.9618923229        -1.5793346806        -3.2554503648
C6          2.9508874861        -2.6551524710        -2.7648037283
C7          3.4519928675        -2.4164462559        -1.3248967321
C8          3.4755268438        -0.9217476129        -0.9619068196
O9          4.2826913980        -0.2358930783        -1.9118064068
C10         5.5742921559         0.0243404447        -1.4041102132
C11         6.4285637402         0.5630069389        -2.5140557893
C12         6.2737963849         1.8925680324        -2.9389401346
C13         7.0435697046         2.3890748035        -3.9952349517
C14         7.9630679514         1.5589941043        -4.6422059632
C15         8.1098817075         0.2293506154        -4.2373791935
C16         7.3418732273        -0.2709201372        -3.1810734469
O17         2.1082570001         1.0533839060        -1.2567848429
P18         1.3550843981         1.6370246561         0.1794679473
C19         2.9224222625         2.4315379252         0.6828692788
C20         3.4575583576         2.2512079376         1.9741111281
C21         4.6743682297         2.8401337052         2.3285196910
C22         5.3743495931         3.6143378283         1.4022222806
C23         4.8565610188         3.8039350545         0.1205035693
C24         3.6414864093         3.2145507403        -0.2396986947
C25         0.4214553875         2.1735306741         1.6785111347
C26         0.6093942895         3.4694683833         2.2151759978
C27        -0.1332445074         3.9095454534         3.3134230965
C28        -1.1063116005         3.0857750128         3.8754367790
C29        -1.3540974043         1.8298189423         3.3245323887
C30        -0.6142704905         1.3840240701         2.2254908543
C31         0.1393531154         2.5563389569        -0.7939737764
C32         0.3411974583         3.9127419740        -1.1001256881
C33        -0.6040377021         4.6142985521        -1.8541798603
C34        -1.7581221881         3.9700932391        -2.3059500076
C35        -1.9713419579         2.6242844506        -1.9990607198
C36        -1.0290909123         1.9197324791        -1.2443795420
H37         1.1864979793        -0.6396243895         2.4445932486
H38         2.8423502008        -0.3703102741         1.8460519497
H39         1.9715282894        -1.8926249562         1.4442965955
H40         0.2043425550        -0.5283970364         0.1982983624
H41         0.4031291474        -0.2768219924        -2.5097191811
H42         0.5556028342        -1.8444871898        -1.6561395008
H43         2.5154463859        -0.7533859036        -3.7531078941
H44         1.2812269636        -2.0233973269        -4.0136988792
H45         3.8197981046        -2.6799690953        -3.4581617264
H46         2.4631968993        -3.6532650644        -2.8106369239
H47         4.4696016469        -2.8489617706        -1.2126442009
H48         2.7879113069        -2.9525643297        -0.6124718711
H49         3.8962454533        -0.8322112259         0.0592469321
H50         6.0384435403        -0.9005536950        -0.9901589656
H51         5.5180964957         0.7811719107        -0.5894654079
H52         5.5544365454         2.5410009561        -2.4572236082
H53         6.9234882115         3.4159619954        -4.3154687163
H54         8.5570981748         1.9441282565        -5.4608822817
H55         8.8161898918        -0.4150256971        -4.7447085384
H56         7.4591438419        -1.3061375801        -2.8853052199
H57         2.9229058319         1.6844815333         2.7231264232
H58         5.0718327144         2.7006751544         3.3254998625
H59         6.3165297988         4.0696036777         1.6785128809
H60         5.4008098236         4.4029088382        -0.5981250114
H61         3.2721045102         3.3602714090        -1.2461524957
H62         1.3227442268         4.1558185108         1.7804597692
H63         0.0375236317         4.8979645053         3.7201503146
H64        -1.6846747961         3.4299518231         4.7230666985
H65        -2.1338307875         1.2043309596         3.7398804528
H66        -0.8841703342         0.4300303098         1.8060988581
H67         1.2156143363         4.4371535659        -0.7440858745
H68        -0.4435838153         5.6595813199        -2.0845693384
H69        -2.4893885241         4.5149475742        -2.8888437308
H70        -2.8688510306         2.1271000887        -2.3435762655
H71        -1.2187464094         0.8823204296        -1.0081367297
&

