&gen
basis=6-31G**
igeopt=1
dftname=PBE-D3
ifreq=1
&
entry_name: J1_10078_2111.in
&zmat
C1          0.5951525968        -3.9720296292         2.7112389231
C2          1.6040637433        -2.9902298470         2.1392224671
O3          0.9462923969        -2.1025625692         1.2420985601
C4          1.6223989409        -1.1010536425         0.5406798433
O5          2.8717488122        -0.9796029528         0.6594631139
C6          0.8122307801        -0.1383587222        -0.2897188049
C7          1.1929295883         0.0837142812        -1.7422377667
C8          2.2820985238        -0.7945370621        -2.4280834677
O9          2.8996288480        -0.0159994504        -3.4132056659
C10         2.2939469681        -0.3848703612        -4.6389244083
C11         1.5140752819         0.8109633111        -5.1969720306
C12         3.3886769662        -0.7959455354        -5.6314363538
O13         1.4059549436        -1.4678502817        -4.4493597725
C14         1.7555342746        -1.9936825515        -3.2067611411
C15         0.5910989834        -2.8067256202        -2.5750012209
O16        -0.1334237316        -3.4758687415        -3.5766562744
C17         1.1176851413        -3.8443194572        -1.5700992419
Br18         1.9541561314        -5.3710648328        -2.4381562153
O19         1.6255679992         1.4154055041        -1.5771423653
P20         1.1552722591         1.6106539043         0.0663979988
C21         2.8091916517         2.2616123842         0.5206399086
C22         3.9813435920         1.7134375725        -0.0367236235
C23         5.2392073407         2.2171963123         0.3061790178
C24         5.3485162774         3.2779709100         1.2056457629
C25         4.1991873257         3.8387378819         1.7627362183
C26         2.9394130599         3.3390649710         1.4224436655
C27         0.5678234917         1.5244963543         1.8208644792
C28        -0.7637376788         1.8293208940         2.1883002076
C29        -1.1934665352         1.6980794201         3.5121604746
C30        -0.3186979082         1.2361974372         4.4931949697
C31         0.9868450580         0.8929153233         4.1510610516
C32         1.4235230570         1.0239090093         2.8310380730
C33        -0.0420049856         2.8591293857        -0.4947731705
C34        -1.2616500814         2.4514442268        -1.0683447500
C35        -2.1695625427         3.3965323483        -1.5535367451
C36        -1.8605000149         4.7564307020        -1.4975542965
C37        -0.6370544163         5.1712757259        -0.9684729695
C38         0.2739995564         4.2289505038        -0.4815765210
H39        -0.1999063171        -3.4224930505         3.2584641724
H40         1.1035239941        -4.6661483322         3.4130789740
H41         0.1335316559        -4.5613961621         1.8907320698
H42         2.0647200765        -2.4100419057         2.9681747493
H43         2.3980290025        -3.5519182910         1.6010209615
H44        -0.2728244353        -0.3542235956        -0.1860874340
H45         0.2765761429         0.1050202630        -2.3725716223
H46         3.0608537849        -1.1276868184        -1.7185395968
H47         0.7076381883         1.1092313833        -4.4958472770
H48         2.1902497457         1.6806566839        -5.3418606762
H49         1.0485491022         0.5493665836        -6.1713633514
H50         4.0879901046         0.0489759514        -5.8097177419
H51         2.9388934987        -1.1035527066        -6.5997893217
H52         3.9704903202        -1.6509524964        -5.2266130237
H53         2.6073340472        -2.6924119415        -3.3779636823
H54        -0.1052181410        -2.1411522843        -2.0218093467
H55        -0.7728824135        -2.8205095363        -3.9613439839
H56         1.8699085652        -3.3873692274        -0.8986675953
H57         0.2763531984        -4.2198558090        -0.9497399813
H58         3.9347532671         0.8995620694        -0.7431403860
H59         6.1309725366         1.7849549250        -0.1291226421
H60         6.3236695316         3.6661029414         1.4699194120
H61         4.2836233200         4.6610413931         2.4614110093
H62         2.0668703710         3.7860124339         1.8804546873
H63        -1.4970061050         2.1554205451         1.4723693169
H64        -2.2141325506         1.9449131037         3.7751368588
H65        -0.6568239744         1.1315237045         5.5160091584
H66         1.6620361691         0.5162958346         4.9085866894
H67         2.4375128051         0.7257856012         2.6057257029
H68        -1.5213493594         1.4039714975        -1.1267541243
H69        -3.1117152036         3.0734241423        -1.9770643415
H70        -2.5627856785         5.4876155211        -1.8764517431
H71        -0.3878259254         6.2243822158        -0.9477423512
H72         1.2276360961         4.5806053630        -0.1254728840
&

