&zmat
 C3             -2.0279368631             0.9126852626            -0.5724747225
 C2             -0.7298217090             0.3363337249             0.0001448101
 C1             -1.0581355196            -0.3662138069             1.3321030044
 O9             -1.4805846607            -1.5075692689             1.4055126883
 C8             -0.0304663379            -0.6322072493            -0.9691803106
 C7              1.2750016045            -1.1623049996            -0.3527372756
 C6              1.9817481762            -0.0552920804             0.3824073919
 C5              1.4021387318             1.1380356109             0.6248544859
 O4              0.1042625225             1.4759562142             0.3165048883
 H11            -1.8125871945             1.4370316965            -1.5168377801
 H12            -2.7466128395             0.1015375048            -0.7632679517
 H13            -2.4778901055             1.6324619847             0.1295307311
 H10            -0.9168655805             0.2875695252             2.2350687095
 H18             0.1741490899            -0.0812682363            -1.9029832784
 H19            -0.7236283506            -1.4558244290            -1.2009717355
 H16             1.9265799391            -1.5704362849            -1.1466669216
 H17             1.0562072389            -2.0099110488             0.3246409408
 H15             3.0168942298            -0.1944230377             0.7055074656
 H14             1.9202879698             1.9787418918             1.0949247395
&

