&gen
basis=6-31G**
igeopt=1
dftname=PBE-D3
ifreq=1
&
entry_name: J1_10345_2111.in
&zmat
C1          1.1100791108        -3.6338708842        -1.8597120526
O2          0.0662309421        -2.7969863121        -1.4144760282
C3         -0.8189277456        -2.4973235709        -2.4831058635
C4         -2.0583950014        -3.3739476699        -2.4239819901
O5         -1.9159762730        -4.4393270209        -1.5345601407
C6         -2.8817325235        -4.2520091921        -0.5236225008
C7         -2.1701363410        -4.1705505711         0.8302701524
C8         -3.8470483993        -5.4407056045        -0.5371543895
O9         -3.6183331155        -3.0654931581        -0.7201043573
C10        -3.1403684413        -2.4862129926        -1.8924719796
O11        -2.6161294721        -1.2122281403        -1.6055274665
C12        -1.4151751494        -1.0984769416        -2.3231831313
C13        -0.4609056987        -0.0677812870        -1.6786821471
O14        -1.0435173471         1.2140425363        -1.6581588909
P15        -0.8954125218         1.5190760092         0.0324387382
C16        -2.6982729181         1.7370357923         0.0910963518
C17        -3.2823418921         2.9400212518        -0.3416721592
C18        -4.6729182536         3.0820604824        -0.3721801467
C19        -5.4950178007         2.0181768121         0.0048256366
C20        -4.9276785203         0.8070951676         0.4050363775
C21        -3.5383243612         0.6617886995         0.4374310283
C22        -0.5704961155         1.6408909071         1.8570419892
C23        -1.5842017348         1.5730171286         2.8442624779
C24        -1.2721988946         1.6527341686         4.2050020549
C25         0.0487341083         1.8085103223         4.6172131429
C26         1.0634437637         1.8941847513         3.6686062641
C27         0.7595149396         1.8156937187         2.3081225318
C28         0.0661841641         3.0395624277        -0.2852340474
C29        -0.2515849576         4.2365874466         0.3871171998
C30         0.4832085363         5.4017292720         0.1524691087
C31         1.5398022022         5.3908916732        -0.7592861597
C32         1.8605369221         4.2152439577        -1.4400742632
C33         1.1285813877         3.0470248270        -1.2081561967
C34        -0.2565409192        -0.1743017167        -0.1830695842
C35         1.1866428787        -0.4007828224         0.2238546700
C36         1.5282952939        -1.3963046346         1.2927594107
O37         2.0941788491         0.2098695318        -0.3197918906
H38         1.7069270298        -3.9536889191        -0.9815287142
H39         1.7861626775        -3.0810199963        -2.5480589106
H40         0.7171499637        -4.5507198415        -2.3534524835
H41        -0.3353953431        -2.5631757416        -3.4895301745
H42        -2.3211289932        -3.7591884175        -3.4343121360
H43        -1.4800984377        -3.3011655409         0.8438964257
H44        -1.5779115842        -5.0924692650         1.0144489314
H45        -2.9084302854        -4.0439374270         1.6509543198
H46        -4.3611188330        -5.4975130938        -1.5203574733
H47        -3.2956481777        -6.3912612963        -0.3721548705
H48        -4.6162420862        -5.3263306677         0.2566277146
H49        -3.9730679064        -2.3904808065        -2.6235200018
H50        -1.6650664304        -0.7135884660        -3.3393350682
H51         0.4897234626        -0.0291373536        -2.2549708820
H52        -2.6717146050         3.7622926605        -0.6838434610
H53        -5.1136044819         4.0139465384        -0.7021407097
H54        -6.5712591395         2.1292116131        -0.0224149332
H55        -5.5642624883        -0.0205586103         0.6899686161
H56        -3.1211126148        -0.2798228659         0.7658355556
H57        -2.6257376436         1.4745107221         2.6075863878
H58        -2.0617954633         1.5975332859         4.9435921985
H59         0.2847555010         1.8706255946         5.6716733965
H60         2.0898032389         2.0252810887         3.9863403970
H61         1.5757397751         1.9045079367         1.6058223673
H62        -1.0627963503         4.2668217555         1.1031990531
H63         0.2332815136         6.3135868987         0.6792132605
H64         2.1079876891         6.2940420061        -0.9406340885
H65         2.6758244555         4.2093316016        -2.1519692445
H66         1.3906478838         2.1590354911        -1.7621949079
H67        -0.9398844209        -0.9044115199         0.2960369140
H68         2.1791009572        -2.1884032496         0.8681135113
H69         0.6166540664        -1.8705648726         1.7119854062
H70         2.0706175483        -0.8864467794         2.1160998262
&

