&zmat
 C1              1.2207830051            -3.7688583998            -1.2694900876
 O2              0.2121054203            -2.7647324731            -1.1706226936
 C3             -0.5108121833            -2.5682472179            -2.3738357030
 C12            -1.2810113911            -1.2382421369            -2.2764048021
 C13            -0.5381081291            -0.0909875228            -1.5985132342
 O14            -1.2547135610             1.1353224966            -1.7305353545
 P15            -1.0022096679             1.6752333409             0.0135534173
 C16            -2.7943016520             2.1189281435             0.1587071278
 C17            -3.1757437022             3.2787801511             0.8602035685
 C18            -4.5263305149             3.6274953689             0.9698207673
 C19            -5.5116174589             2.8017880774             0.4100387263
 C20            -5.1367875466             1.6385749706            -0.2743232653
 C21            -3.7833965365             1.3024332497            -0.4184523007
 C22            -0.6172047353             1.7569878125             1.8985373598
 C23            -1.5721974593             1.3300237586             2.8432220357
 C24            -1.2330149408             1.1525824756             4.1933769005
 C25             0.0751753032             1.3990428124             4.6305843041
 C26             1.0431770568             1.8109390329             3.7038282931
 C27             0.7019820091             1.9773207914             2.3547352195
 C28             0.0144594428             3.1420888137            -0.4995895187
 C29             0.1827873054             4.2461370147             0.3635087195
 C30             0.8815054678             5.3835892354            -0.0570760934
 C31             1.4491956030             5.4271199659            -1.3375754041
 C32             1.2953649143             4.3338858988            -2.1994750718
 C33             0.5712543901             3.2065830269            -1.7912534321
 C34            -0.4082476666            -0.1484577762            -0.0798958289
 C35             0.9590866548            -0.4973441313             0.4892610734
 C36             0.9793411512            -1.3343360999             1.7510037968
 O37             1.9852129882            -0.1183537132            -0.0732338538
 O11            -2.4930235258            -1.5702069129            -1.5720339736
 C10            -2.9611948503            -2.7952033928            -2.1609195037
 O9             -3.6416305751            -3.6027950271            -1.2538810196
 C6             -2.6950120329            -4.5343107743            -0.6786882475
 C7             -2.1120419348            -3.9770719574             0.6202066059
 C8             -3.4069659903            -5.8685297394            -0.5004470153
 O5             -1.6687884951            -4.7068339182            -1.6843368834
 C4             -1.6848708200            -3.5918305246            -2.5643373141
 H38             1.7505759389            -3.7730129833            -0.3049382806
 H39             1.9467082610            -3.5253621989            -2.0709280801
 H40             0.7827895547            -4.7650344738            -1.4544282236
 H41             0.1801738205            -2.5744311483            -3.2406745257
 H50            -1.5318511553            -0.8973390055            -3.3051952029
 H51             0.4752316814            -0.0358282916            -2.0536481402
 H52            -2.4173128750             3.9154824882             1.3233437032
 H53            -4.8089398204             4.5413692791             1.5016107874
 H54            -6.5691035363             3.0668501555             0.5077367508
 H55            -5.9013954755             0.9879584556            -0.7103057863
 H56            -3.4918016326             0.4080922984            -0.9747294938
 H57            -2.6010180851             1.1335946022             2.5247655858
 H58            -1.9969399063             0.8237980574             4.9054870268
 H59             0.3401037097             1.2662691016             5.6842038010
 H60             2.0717067533             1.9978751510             4.0292214656
 H61             1.4800367577             2.2760422127             1.6454552321
 H62            -0.2189607332             4.2161915005             1.3790698730
 H63             0.9897389431             6.2332717478             0.6239721418
 H64             2.0076988943             6.3109040575            -1.6614883600
 H65             1.7324594373             4.3593508184            -3.2023701699
 H66             0.4025668551             2.3747226910            -2.4759154005
 H67            -1.2164615082            -0.7376651957             0.3864100732
 H68             0.5560594818            -2.3278650866             1.5192870199
 H69             0.3410427253            -0.8814400170             2.5284067555
 H70             2.0083747340            -1.4402900047             2.1211210623
 H49            -3.6498690201            -2.5598584277            -2.9949397911
 H43            -1.5930181101            -3.0325385252             0.4170303401
 H44            -1.3930239588            -4.6933453686             1.0483381934
 H45            -2.9193062455            -3.8039463144             1.3484794723
 H46            -3.8134073546            -6.1996711094            -1.4669503840
 H47            -2.6996074378            -6.6243268122            -0.1274120506
 H48            -4.2295264965            -5.7662451460             0.2233307932
 H42            -1.7250504698            -3.9613811339            -3.6041105511
&

