&zmat
 C1              1.3205465669             2.7891472641            -2.9408794077
 C2              2.5258413975             1.8763246850            -3.2072218546
 C3              2.5705507644             0.6277666461            -2.3049148129
 C4              2.9494141191             0.9303026211            -0.8424096839
 C5              2.5966819005            -0.1441914498             0.2033666334
 C6              3.3720738710            -1.4862885338             0.1674436435
 C7              2.9221419385            -2.4707273185            -0.9567880218
 C8              1.8170497370            -3.4658940252            -0.4860639076
 C9              0.9753196480            -2.8270870738             0.5902668586
 C12            -0.2870214554            -2.3794887852             0.3407698463
 C13            -1.1965571311            -1.7033938683             1.2561941085
 P14            -2.0896801189            -0.3365765509             0.7427834831
 C15            -3.6213067309            -0.1488969925             1.7318326373
 C16            -4.2022470937            -1.3147555065             2.2672687594
 C17            -5.4127806830            -1.2356977817             2.9674519690
 C18            -6.0554403817             0.0005272719             3.1243141659
 C19            -5.4786072706             1.1632480432             2.5930784380
 C20            -4.2631385254             1.0936549226             1.9023406633
 C21            -2.5375597427            -0.4859048058            -1.0254363497
 C22            -3.8132417685            -0.9278494490            -1.4173914951
 C23            -4.1167283976            -1.0667765550            -2.7785609386
 C24            -3.1489627752            -0.7758733537            -3.7502903585
 C25            -1.8729590731            -0.3414361723            -3.3629548416
 C26            -1.5677517415            -0.1900772794            -2.0051600514
 C27            -1.3219253121             1.3659325536             0.7966884538
 C28            -0.2739692444             1.5650332103             1.7117127295
 C29             0.3696793490             2.8062330481             1.7949879911
 C30            -0.0224355208             3.8567722477             0.9522081484
 C31            -1.0606792525             3.6639967282             0.0286763654
 C32            -1.7106996402             2.4246955570            -0.0490968373
 C10             1.7454340775            -2.5112142605             1.8532207692
 C11             3.2354842101            -2.2152888266             1.5250146520
 H33             1.2978682264             3.1565983249            -1.9013864750
 H34             1.3280843622             3.6705246497            -3.6036853712
 H35             0.3707654589             2.2511452676            -3.1116906314
 H36             2.5073818757             1.5575886375            -4.2656778404
 H37             3.4639845576             2.4503595130            -3.0816414791
 H38             1.5795000448             0.1320004366            -2.3357230127
 H39             3.2826345274            -0.1006115699            -2.7316002629
 H40             2.4318703155             1.8568333972            -0.5291505287
 H41             4.0319749942             1.1613013779            -0.7951267808
 H42             1.5129157273            -0.3510201544             0.1509043140
 H43             2.7642578769             0.3096416283             1.1999028224
 H44             4.4415611678            -1.2451591834             0.0080468361
 H45             2.5401576854            -1.9044322012            -1.8186297373
 H46             3.7982345893            -3.0383112714            -1.3208646237
 H47             1.1959886422            -3.7758406993            -1.3440011321
 H48             2.2963320724            -4.3892081167            -0.1025138717
 H53            -0.6727726035            -2.5481975679            -0.6765840722
 H54            -1.0293017711            -1.7516104551             2.3382873675
 H55            -3.6834998182            -2.2685590523             2.1218682023
 H56            -5.8583402836            -2.1429240763             3.3866810973
 H57            -7.0066298279             0.0596867217             3.6623572110
 H58            -5.9754264958             2.1299432822             2.7207650873
 H59            -3.8086419004             2.0044922649             1.5021150980
 H60            -4.5670032394            -1.1578988330            -0.6580389930
 H61            -5.1135757546            -1.4017350549            -3.0806841279
 H62            -3.3904647180            -0.8858177253            -4.8118976212
 H63            -1.1124415512            -0.1158288473            -4.1169601262
 H64            -0.5795736852             0.1682093432            -1.7016427855
 H65             0.0515054549             0.7241357910             2.3359448357
 H66             1.1869155386             2.9502252508             2.5083740369
 H67             0.4886614471             4.8228864156             1.0060293752
 H68            -1.3586742198             4.4782209839            -0.6395416220
 H69            -2.5109108162             2.2751826797            -0.7816009665
 H49             1.6928643516            -3.3370059938             2.5912669225
 H50             1.2854527178            -1.6351441976             2.3482501915
 H51             3.8071298976            -3.1609790350             1.4796159173
 H52             3.6894005444            -1.6182650306             2.3363969508
&

