&gen
basis=6-31G**
igeopt=1
dftname=PBE-D3
ifreq=1
&
entry_name: J1_10266_2111.in
&zmat
C1          2.2419325914         0.2334804030        -4.0299736087
C2          1.3627487706        -0.0099034719        -2.7858149896
C3          0.0161921098         0.7059487467        -3.0079377949
C4          2.0868742724         0.3911420736        -1.4418164737
C5          3.5573655920        -0.1167549439        -1.3944914613
O6          3.5990250027        -1.5211560955        -1.5647621736
C7          4.9295252509        -2.0026299493        -1.4846426115
C8          5.2914320573        -2.3045891835        -0.0107804350
C9          6.2641246085        -3.4880973482         0.1082342587
C10         7.1854236330        -3.5606145902        -1.1092528894
C11         6.3634077286        -3.5901504061        -2.4181868131
O12         5.0098214322        -3.1940511467        -2.2449745057
O13         2.1176779694         1.7877504714        -1.2725212038
P14         1.4018156297         1.8803588921         0.2976759764
C15         3.0031324373         2.3911973117         1.0259773606
C16         3.5002872360         1.7822683691         2.1971112553
C17         4.7448342150         2.1467134416         2.7173975003
C18         5.5184124806         3.1118365748         2.0720322508
C19         5.0503979756         3.7106740845         0.9019356343
C20         3.8058776284         3.3502349529         0.3779009348
C21         0.5045117369         1.9204783372         1.9095908891
C22         0.7085663911         2.9929526221         2.8092008041
C23        -0.0069367335         3.0744808415         4.0061489298
C24        -0.9692229516         2.1139832151         4.3125665551
C25        -1.2340509242         1.0844886551         3.4106587893
C26        -0.5210752746         0.9979733101         2.2114931619
C27         0.1998494136         3.1138407873        -0.2678973625
C28        -1.1099926407         2.7270634462        -0.6012826448
C29        -2.0411086748         3.6751565479        -1.0336106480
C30        -1.6791846975         5.0206508244        -1.1230437831
C31        -0.3889936393         5.4202777142        -0.7683624313
C32         0.5452064292         4.4739538459        -0.3365112400
C33         1.2662934741         0.1173400371        -0.1749779397
C34         1.8393851478        -0.8986941446         0.8328954573
H35         1.6712945580         0.0418124880        -4.9638076127
H36         3.1047378464        -0.4640246432        -4.0494351695
H37         2.6092249406         1.2819359972        -4.0484581660
H38         1.1508619618        -1.1011941542        -2.7436090803
H39        -0.7450392656         0.3749379011        -2.2784455340
H40        -0.4004184113         0.4507663705        -4.0057014383
H41         0.1411649230         1.8077366815        -2.9619005613
H42         4.1380281311         0.3921450788        -2.1951311844
H43         4.0469002999         0.1923867981        -0.4466080637
H44         5.6577569328        -1.2574129605        -1.8984770559
H45         4.3759151586        -2.5471962964         0.5702939926
H46         5.7510051149        -1.3996047133         0.4432101224
H47         6.8684890846        -3.3897531912         1.0357649516
H48         5.6853092522        -4.4357862375         0.1763156092
H49         7.8503013153        -2.6688644898        -1.1107231730
H50         7.8292549420        -4.4641676301        -1.0404342129
H51         6.8490761897        -2.9531569627        -3.1902637249
H52         6.3635473941        -4.6285066846        -2.8123294613
H53         2.9212256643         1.0374333130         2.7250910736
H54         5.1098940981         1.6788926152         3.6225572694
H55         6.4832493084         3.3911234747         2.4751093030
H56         5.6570737678         4.4490693411         0.3937978465
H57         3.4875433694         3.8061514851        -0.5492107080
H58         1.4146414753         3.7806225186         2.5824004382
H59         0.1758713373         3.8929644720         4.6903798380
H60        -1.5269604863         2.1812180597         5.2376779706
H61        -2.0067962454         0.3597554297         3.6326463950
H62        -0.8036101490         0.2195421695         1.5220573493
H63        -1.4184991737         1.6958736838        -0.5094255194
H64        -3.0459836685         3.3671848829        -1.2919279147
H65        -2.4016875773         5.7549573831        -1.4549388567
H66        -0.1143645094         6.4659217591        -0.8202828692
H67         1.5232017628         4.8147316284        -0.0370530557
H68         0.2208694689        -0.1531835427        -0.4062723091
H69         1.8527579121        -1.9053693759         0.3664790601
H70         1.2004031427        -0.9690985226         1.7330443127
H71         2.8599777726        -0.6534510983         1.1725751016
&

