&gen
basis=6-31G**
igeopt=1
dftname=PBE-D3
ifreq=1
&
entry_name: J1_9911_2111.in
&zmat
C1         -1.4241500936        -1.0802087590         0.3453518651
C2         -0.8627698165        -2.2923258909         0.5532502108
C3         -1.6246552635        -3.3046128408         1.3691922580
C4          0.4878487199        -2.6624383976        -0.0148504614
C5         -0.8027041895         0.0018880493        -0.5206821564
C6         -1.4676940671         0.2618431783        -1.8540692215
C7         -2.6724195511        -0.5918626348        -2.2121808540
C8         -3.9663274110        -0.0440928508        -2.3195787031
C9         -5.0523909558        -0.8565514891        -2.6584549798
C10        -4.8582360145        -2.2151947464        -2.9163387116
C11        -3.5752895176        -2.7619989587        -2.8467833882
C12        -2.4866384303        -1.9536944838        -2.5077617988
O13        -1.8173638720         1.5971386232        -1.5882792854
P14        -1.1476363320         1.7192653206        -0.0053812499
C15        -2.7530418028         2.3892828314         0.6541222457
C16        -3.7518219079         1.3238056370         1.1143239836
C17        -5.0751023260         1.9634547173         1.5502437510
C18        -6.0796550281         0.9022231571         1.9900181181
C19        -0.4255579882         1.6523193187         1.7151351567
C20         0.9153685977         0.8946180096         1.8349862640
C21         1.6865965338         1.2700747438         3.1097763025
C22         2.4320307158         2.5979337245         2.9706409971
C23         0.0732396477         2.9993627645        -0.5674231979
C24        -0.4774749474         4.4373129221        -0.5306724711
C25        -1.3642018699         4.8140144337        -1.7315563163
C26        -0.5690656155         4.9893176135        -3.0255480260
H27        -2.4120435737        -0.9193226143         0.7449294707
H28        -2.5946169769        -3.5285939776         0.8762868641
H29        -1.0617411159        -4.2548281616         1.4776975453
H30        -1.8184088597        -2.8980822310         2.3845104661
H31         1.2770290563        -2.0194503641         0.4260613951
H32         0.4881672417        -2.5397227296        -1.1174933771
H33         0.7474815780        -3.7180499841         0.2076846998
H34         0.2893549928        -0.1275842676        -0.6640090035
H35        -0.7255095099         0.2351519350        -2.6823768692
H36        -4.1445543652         1.0078566760        -2.1384144002
H37        -6.0452733033        -0.4308266417        -2.7251645981
H38        -5.7003674190        -2.8420341950        -3.1795535148
H39        -3.4230201261        -3.8121591956        -3.0598329958
H40        -1.4977615133        -2.3903875673        -2.4728083028
H41        -2.5650161860         3.0914002285         1.4943037988
H42        -3.2370955852         2.9968716564        -0.1381237107
H43        -3.9599519623         0.6278169828         0.2802792925
H44        -3.3347411428         0.7599333687         1.9737903418
H45        -4.8938838450         2.6613201213         2.3966819536
H46        -5.5110941082         2.5396730194         0.7049922913
H47        -6.2973920589         0.2065258595         1.1515209476
H48        -7.0265569172         1.3923053720         2.2999509737
H49        -5.6795607783         0.3252715093         2.8509032751
H50        -1.1402715096         1.1588338989         2.4048369774
H51        -0.3085012417         2.6918538586         2.0859068789
H52         0.6974973395        -0.1910568512         1.8912482978
H53         1.5672643530         1.0477156712         0.9508580225
H54         2.4354333738         0.4751422064         3.3180699054
H55         0.9952859204         1.3161501380         3.9793978266
H56         3.1340551930         2.5589192643         2.1107138879
H57         1.7250970278         3.4403262954         2.8263383538
H58         3.0176158813         2.7902281606         3.8941668077
H59         0.4287374183         2.7423905168        -1.5854674949
H60         0.9878474258         2.9888503864         0.0564160973
H61        -1.0440813802         4.5970822753         0.4098258745
H62         0.3798142770         5.1448428601        -0.4916438252
H63        -1.8628401941         5.7805088837        -1.5020473331
H64        -2.1641110364         4.0659849358        -1.8923758886
H65         0.2657953255         5.7065827076        -2.8768110361
H66        -0.1649136148         4.0184158297        -3.3777234220
H67        -1.2381171043         5.3885854666        -3.8167182930
&

