&zmat
 C18            -5.9671043720             0.7585010750             1.7869388419
 C17            -5.0032602283             1.8696311676             1.3569903928
 C16            -3.5951787282             1.3361625954             1.0533992636
 C15            -2.6534255805             2.4365976268             0.5341549688
 P14            -1.0248999173             1.8156675215            -0.1261334682
 C19            -0.2332149971             1.5616336502             1.6015350155
 C20             1.2443229320             1.1296009845             1.6266951994
 C21             1.6505174223             0.3907909052             2.9157633607
 C22             1.5032832814             1.2306187329             4.1896242591
 C23             0.0856215125             3.2104431219            -0.6944489603
 C24            -0.6060978241             4.5592936260            -1.0015466119
 C25            -1.5023030736             4.6420951726            -2.2513071696
 C26            -0.7858259488             4.2848628026            -3.5574670389
 O13            -1.7501408984             1.7105786591            -1.8888435893
 C6             -1.6208289661             0.3116952158            -2.0134767272
 C7             -2.9546297668            -0.4220450891            -2.1092543259
 C8             -4.1474213568             0.3103631936            -2.2186405247
 C9             -5.3844650006            -0.3440660499            -2.3043398360
 C10            -5.4425134556            -1.7443950285            -2.2852974693
 C11            -4.2538027719            -2.4844972954            -2.1989158520
 C12            -3.0193585095            -1.8279896265            -2.1198581037
 C5             -0.7575678771             0.0140784902            -0.7464490548
 C1             -1.0649996080            -1.1058413901             0.1862578250
 C2             -0.2286942440            -2.0808689524             0.6231255891
 C3             -0.7117280890            -3.1089019702             1.6177283688
 C4              1.2050856071            -2.2500682956             0.1890420219
 H47            -6.0618225401            -0.0025416915             0.9931732575
 H48            -6.9739750832             1.1537832615             1.9982453448
 H49            -5.6101022820             0.2482270687             2.6981661438
 H45            -4.9479631651             2.6528392974             2.1368612998
 H46            -5.3962005168             2.3663326590             0.4496599329
 H43            -3.6889433096             0.5398780707             0.2958151063
 H44            -3.1739112708             0.8669504920             1.9617872609
 H41            -2.4411429435             3.1619840533             1.3407877422
 H42            -3.1335416085             2.9744712750            -0.2975502699
 H50            -0.8420929055             0.7850265340             2.1022499401
 H51            -0.3717916565             2.4916620299             2.1832268947
 H52             1.4669599459             0.4668856807             0.7723875953
 H53             1.8982126811             2.0130014380             1.4957120628
 H54             2.6977636513             0.0471204307             2.8208256193
 H55             1.0319446518            -0.5235913465             3.0022549054
 H56             2.1135543673             2.1488376313             4.1316626433
 H57             0.4565420925             1.5378255907             4.3503518291
 H58             1.8262146434             0.6698612770             5.0820056679
 H59             0.6047478045             2.8374223908            -1.5925694469
 H60             0.8470471027             3.3742765509             0.0852545438
 H61            -1.1821208265             4.8834244341            -0.1148683697
 H62             0.2053823401             5.3047377878            -1.1129176873
 H63            -1.8932561106             5.6751142020            -2.3071631742
 H64            -2.3713323732             3.9730449939            -2.1427603658
 H65             0.1495127970             4.8595547018            -3.6825389710
 H66            -0.5513193281             3.2089671182            -3.5776225841
 H67            -1.4270845894             4.4972026651            -4.4287866456
 H35            -1.0384570381             0.0441439928            -2.9247037782
 H36            -4.0745547773             1.4019198856            -2.2277673686
 H37            -6.3060307575             0.2418918899            -2.3850929110
 H38            -6.4071940755            -2.2582974538            -2.3450386543
 H39            -4.2898092240            -3.5788472769            -2.1904202730
 H40            -2.0962775124            -2.4123147481            -2.0462185006
 H34             0.3049094256            -0.0069072245            -1.0468616822
 H27            -2.0938506266            -1.1336698172             0.5654219171
 H28            -0.6107199529            -4.1339707481             1.2155115771
 H29            -0.1046202986            -3.0785450772             2.5422776454
 H30            -1.7651953393            -2.9501211294             1.8958040991
 H31             1.8949383542            -2.1011182924             1.0404200201
 H32             1.5037851598            -1.5593117593            -0.6133444410
 H33             1.3768189341            -3.2798671342            -0.1735416799
&

