&zmat
 C3             -3.1924945442            -0.8708274055             0.0333716059
 C2             -1.8509288673            -0.3604302620            -0.4009870121
 C1             -0.6933748452            -0.5939798855             0.2534597465
 C4              0.6497768479            -0.0690342228            -0.1235944180
 C5              1.0159590386             0.3076534617            -1.5795120579
 C6              1.7461803422            -0.7810967245            -2.3345735191
 C7              1.0195982443            -1.8104753725            -2.9588393713
 C8              1.6855663658            -2.8563925711            -3.6094042586
 C9              3.0877777967            -2.8811477321            -3.6508432534
 C10             3.8159252118            -1.8533167174            -3.0347985985
 C11             3.1494309822            -0.8103617989            -2.3777346073
 O12             1.8213531303             1.4499925363            -1.3146782303
 P13             1.1346210381             1.7442749414             0.3675653431
 C14             2.7268753256             2.7740662083             0.6863647948
 C15             2.8447024477             3.9766766754            -0.1905004630
 C16             3.5741400640             4.1119622798            -1.3236592669
 C17             4.4136221893             3.0138819954            -1.9201329273
 C18             3.5230223324             5.3958746375            -2.1146423401
 C19             0.7346136830             1.6325233671             2.2358999786
 C20             0.4398350346             2.8036678568             2.9696671952
 C21             0.2256463741             2.7635831249             4.3521544977
 C22             0.3258509094             1.5466200754             5.0434979531
 C23             0.6470529599             0.3803460553             4.3399868263
 C24             0.8502353828             0.4274745776             2.9512521158
 C25            -0.2790892633             2.7963857873            -0.1878426466
 C26            -1.5079042226             2.8245502368             0.5023317198
 C27            -2.5879900431             3.5613815463            -0.0019131400
 C28            -2.4524377685             4.2869342502            -1.1930183312
 C29            -1.2365749967             4.2562797555            -1.8903645688
 C30            -0.1617076095             3.5031185103            -1.4019828815
 H33            -3.1241897496            -1.4625601839             0.9606254670
 H34            -3.8905414642            -0.0319852509             0.2116750754
 H35            -3.6593428144            -1.5031143675            -0.7439030910
 H32            -1.8400193822             0.2546990001            -1.3099937682
 H31            -0.7397061860            -1.1989213884             1.1685954167
 H36             1.4524648663            -0.7220787247             0.2655251626
 H37             0.0994265680             0.5864048581            -2.1438881377
 H38            -0.0756754610            -1.7906019530            -2.9248078813
 H39             1.1086994860            -3.6530677419            -4.0900365871
 H40             3.6089458782            -3.6947149451            -4.1647115718
 H41             4.9103020752            -1.8618736487            -3.0684707227
 H42             3.7018585645             0.0026070574            -1.8980516402
 H43             3.5427974743             2.0509395265             0.5230524263
 H44             2.7204655872             3.0563154406             1.7494110375
 H45             2.2343459986             4.8345398077             0.1221554349
 H46             3.8179449445             2.4470474904            -2.6589201848
 H47             5.3024638071             3.4208221920            -2.4317844954
 H48             4.7507077074             2.2837767736            -1.1677481226
 H49             3.1588691628             5.2083517669            -3.1427461929
 H50             2.8595938217             6.1429903986            -1.6508139401
 H51             4.5283040995             5.8440048126            -2.2217611445
 H52             0.3530371133             3.7621146415             2.4445127020
 H53            -0.0206052981             3.6836968097             4.8920268118
 H54             0.1597398868             1.5115891084             6.1245839749
 H55             0.7414452185            -0.5726699137             4.8703192221
 H56             1.1133467907            -0.4984717829             2.4308547098
 H57            -1.6255687538             2.2621725568             1.4310594766
 H58            -3.5389631943             3.5650286914             0.5399597610
 H59            -3.2958114277             4.8659888937            -1.5824184350
 H60            -1.1270902489             4.8095947247            -2.8282690172
 H61             0.7743147791             3.4309767471            -1.9604743018
&

