&zmat
 C1             -2.5703199530             4.8351283525            -0.8178661378
 C2             -1.1280788760             4.4335628288            -1.0830345691
 O3             -1.0158498429             3.0371106510            -0.7493577951
 C4              0.2900259530             2.5227236690            -0.7051157763
 O34             1.2549944540             3.1774518790            -1.1117052999
 C5              0.3137044228             1.2028323152            -0.1336718075
 C6              1.5942595037             0.4076409701            -0.2223501037
 C7              1.7609261788            -0.3757168953            -1.5702630476
 C8              2.4644614105            -1.6983700424            -1.3639158804
 O14             1.9410397610            -2.7990314322            -1.5273276692
 O9              3.7244961083            -1.4904564860            -0.8968890094
 C10             4.5640288489            -2.6245467835            -0.4461620688
 C11             4.8737997656            -3.5491667644            -1.6297935295
 C12             5.8305395666            -1.9178247772             0.0476638200
 C13             3.8698014329            -3.3649958546             0.7046803517
 P15            -1.1521567580             0.4848801900             0.4471922492
 C16            -2.3778168885            -0.1223080234            -0.7925642040
 C17            -2.3976914625             0.4645741128            -2.0711918320
 C18            -3.2995250232             0.0036160899            -3.0380512666
 C19            -4.1804947837            -1.0457109189            -2.7388256985
 C20            -4.1603174760            -1.6369782022            -1.4678638481
 C21            -3.2621181820            -1.1788767663            -0.4952249088
 C22            -2.0963901067             1.5839484073             1.5758524301
 C23            -1.3700092697             2.5029789399             2.3553797227
 C24            -2.0397170049             3.3309140550             3.2635450162
 C25            -3.4342819378             3.2478287551             3.3950226918
 C26            -4.1583877795             2.3359482457             2.6148180820
 C27            -3.4935703792             1.5032963541             1.7047585998
 C28            -0.7406627593            -1.0183454161             1.4068427785
 C29            -0.7569928139            -1.0072245081             2.8139200334
 C30            -0.3603615582            -2.1465395873             3.5267085102
 C31             0.0586570583            -3.2961528098             2.8426726814
 C32             0.0762745812            -3.3100002137             1.4406263233
 C33            -0.3280818002            -2.1799116603             0.7210703064
 H35            -2.8260692187             4.6863795326             0.2436473778
 H36            -2.7275986243             5.8956914847            -1.0727659524
 H37            -3.2616235120             4.2261959325            -1.4226638153
 H38            -0.4158403221             5.0163364976            -0.4723751627
 H39            -0.8433978243             4.5856887994            -2.1402633642
 H40             1.6741985870            -0.2997528061             0.6193077688
 H41             2.4348982591             1.1122347566            -0.1172262379
 H42             0.7773075850            -0.5997311056            -2.0096126656
 H43             2.3157709153             0.2497102411            -2.2889228858
 H44             5.3278322043            -2.9750580402            -2.4534867148
 H45             5.5912595499            -4.3250485447            -1.3151676560
 H46             3.9581132820            -4.0343081404            -1.9938312318
 H47             6.2944822570            -1.3416050634            -0.7682473521
 H48             5.5903483823            -1.2234209741             0.8682811361
 H49             6.5601443674            -2.6575405266             0.4144519369
 H50             3.5761768383            -2.6548927405             1.4948081835
 H51             2.9724842377            -3.8891463161             0.3501152928
 H52             4.5652207750            -4.1004333479             1.1419292272
 H53            -1.7073717325             1.2830133539            -2.2930556582
 H54            -3.3107067890             0.4623355096            -4.0314231797
 H55            -4.8781463658            -1.4092644063            -3.4995166029
 H56            -4.8386755877            -2.4634365829            -1.2345747906
 H57            -3.2355559102            -1.6551666408             0.4900257153
 H58            -0.2854116702             2.5700975813             2.2206899074
 H59            -1.4727891608             4.0487812067             3.8639460487
 H60            -3.9575942909             3.8988353984             4.1020800465
 H61            -5.2469330782             2.2753667664             2.7092111390
 H62            -4.0636497998             0.8046754358             1.0858568893
 H63            -1.0770294440            -0.1092043495             3.3502184650
 H64            -0.3780818375            -2.1333923451             4.6206981285
 H65             0.3735187815            -4.1818061038             3.4030675128
 H66             0.4120542071            -4.1965634283             0.8956328486
 H67            -0.2959119365            -2.2056872415            -0.3717391096
&

