&gen
basis=6-31G**
igeopt=1
dftname=PBE-D3
ifreq=1
&
entry_name: J1_7631_2111.in
&zmat
C1         -2.2513327931         4.8568721017        -1.2241899912
C2         -0.8634082066         4.2380793776        -1.2538673435
O3         -0.9211393424         2.9314691539        -0.6964721854
C4          0.2031174817         2.1119895543        -0.5503154985
C5          0.0653598629         0.7687935372         0.0634843584
C6          1.2898374668        -0.1045344579         0.2070907739
C7          1.5874197961        -0.8301673627        -1.1073384598
C8          2.7440426097        -1.7605583276        -0.9357475580
O9          4.0475934794        -1.2539042161        -1.0451781839
C10         5.2632751533        -1.9913899679        -0.8508944680
C11         5.3729091583        -3.1370352150        -1.8751079432
C12         6.4275710078        -1.0140510807        -1.0726124707
C13         5.3400447716        -2.5387775995         0.5872590565
O14         2.5305574485        -2.9698135053        -0.6515149882
P15        -1.4118671541         0.2588940411         0.5874305714
C16        -2.5119689874        -0.0688543459        -0.8133169567
C17        -2.1391793598         0.2427916594        -2.1327021372
C18        -3.0045796569        -0.0369144518        -3.1946671141
C19        -4.2417822251        -0.6380384948        -2.9519979139
C20        -4.6134319134        -0.9665070439        -1.6465406129
C21        -3.7511718413        -0.6884268582        -0.5824077637
C22        -2.0848899700         1.5645439725         1.6454975379
C23        -1.2650801358         2.1560811037         2.6210176587
C24        -1.7558245509         3.1863535165         3.4277999217
C25        -3.0670263456         3.6384483365         3.2643567125
C26        -3.8880326329         3.0609354972         2.2930695696
C27        -3.4011042736         2.0289498307         1.4849930186
C28        -1.3048367678        -1.2950965422         1.5075790756
C29        -1.2974257745        -1.3094282503         2.9119778601
C30        -1.1759568054        -2.5186752945         3.6036150950
C31        -1.0539370037        -3.7197333344         2.9006884449
C32        -1.0529771516        -3.7135759907         1.5040418245
C33        -1.1757958947        -2.5071779535         0.8093558805
O34         1.3328066079         2.5150600449        -0.9418814066
H35        -2.6148093913         4.9206447660        -0.1763428916
H36        -2.2169294649         5.8780844879        -1.6585309181
H37        -2.9559646295         4.2346352682        -1.8158509349
H38        -0.1669687434         4.8694022441        -0.6605453736
H39        -0.5052411538         4.1822804219        -2.3045732581
H40         1.1705208785        -0.8441887331         1.0246766616
H41         2.1612248058         0.5237370297         0.4938173374
H42         0.6949634477        -1.4049720214        -1.4369111665
H43         1.8310291605        -0.0915600438        -1.9010771089
H44         5.2393994608        -2.7436893691        -2.9056044928
H45         6.3686028813        -3.6265162086        -1.8085024524
H46         4.6032878198        -3.9152034951        -1.6963437024
H47         6.3874747403        -0.5940261900        -2.1007836095
H48         6.3638098124        -0.1694493356        -0.3530308731
H49         7.4069019011        -1.5220979481        -0.9359464769
H50         5.1825351643        -1.7172294195         1.3185848476
H51         4.5700384338        -3.3165971668         0.7661145186
H52         6.3340001266        -2.9981977218         0.7780201956
H53        -1.1810206076         0.6877964425        -2.3545993097
H54        -2.7128788196         0.2076716882        -4.2078791790
H55        -4.9093897448        -0.8547854754        -3.7758356063
H56        -5.5690452904        -1.4386952337        -1.4589114853
H57        -4.0508447867        -0.9534491038         0.4238911640
H58        -0.2441926431         1.8207624995         2.7547909318
H59        -1.1182073895         3.6362910783         4.1776903773
H60        -3.4456650355         4.4382207072         3.8875309681
H61        -4.9017098518         3.4169881242         2.1621424094
H62        -4.0523920154         1.6151614960         0.7308952990
H63        -1.3860351555        -0.3957508748         3.4797155693
H64        -1.1737063349        -2.5241152867         4.6859576627
H65        -0.9581560123        -4.6543184508         3.4380496939
H66        -0.9545847793        -4.6435312421         0.9591789193
H67        -1.1678328411        -2.5199043677        -0.2725861004
&

