&gen
basis=6-31G**
igeopt=1
dftname=PBE-D3
ifreq=1
&
entry_name: J1_10070_2111.in
&zmat
C1         -1.3801251380        -3.0210124168         1.9738450299
O2         -0.7098437603        -2.0368684573         1.1963722980
C3         -1.3906463755        -1.1292344001         0.3804561260
O4         -2.6465022221        -1.1877485808         0.2836135749
C5         -0.5907569437        -0.0849976820        -0.3643210289
C6         -0.9154155687         0.1489315747        -1.8220131669
C7         -2.0209775903        -0.6871571800        -2.4737706251
O8         -1.3268668482         1.4817242018        -1.6737447670
P9         -1.0389424197         1.6439228725         0.0190150579
C10        -2.7991998559         2.0501192178         0.2940906705
C11        -3.5553034506         1.4050996501         1.2934178454
C12        -4.9039612624         1.7205396381         1.4797109071
C13        -5.5178238816         2.6776289971         0.6702557728
C14        -4.7833962385         3.3212606688        -0.3270586890
C15        -3.4340653953         3.0097461131        -0.5164229441
C16        -0.5999104910         1.7483754412         1.8097643551
C17         0.3191214858         0.8584241680         2.4090284715
C18         0.6629749952         0.9819654793         3.7583908256
C19         0.1243953696         2.0099232272         4.5300949863
C20        -0.7477842971         2.9284947849         3.9499497852
C21        -1.0961906243         2.8101811225         2.6025356059
C22         0.1630597415         2.9620891732        -0.2815497204
C23        -0.2165597306         4.3136306511        -0.2166110131
C24         0.7214283775         5.3224822287        -0.4547413656
C25         2.0432286116         4.9920078992        -0.7621768598
C26         2.4292508659         3.6514323287        -0.8307532003
C27         1.4944710938         2.6396285262        -0.5925919432
H28        -0.6301458080        -3.6139098094         2.5362914952
H29        -2.0666056658        -2.5305050567         2.6962287017
H30        -1.9553093963        -3.7021028045         1.3115083739
H31         0.4977684802        -0.2719682896        -0.2652903416
H32         0.0070031498         0.1096191324        -2.4434197621
H33        -1.8058446210        -1.7700285563        -2.3554590025
H34        -2.0603591634        -0.4561469074        -3.5590016587
H35        -3.0150418819        -0.4440068308        -2.0434908068
H36        -3.1002831093         0.6733651766         1.9470456991
H37        -5.4727350917         1.2240157948         2.2552104951
H38        -6.5624505757         2.9204925946         0.8157615066
H39        -5.2606221012         4.0609625116        -0.9567815138
H40        -2.8897010311         3.5141588313        -1.3038525284
H41         0.8003825833         0.0730558171         1.8542246455
H42         1.3604179555         0.2839792938         4.2035616118
H43         0.3961427814         2.1043656585         5.5734898146
H44        -1.1497379664         3.7399546383         4.5428304283
H45        -1.7563068196         3.5563075539         2.1825085694
H46        -1.2295365498         4.5940033808         0.0314862960
H47         0.4235261709         6.3614989528        -0.3985474712
H48         2.7682258286         5.7743160488        -0.9459543060
H49         3.4537299849         3.3957395657        -1.0684655669
H50         1.8142182152         1.6088453968        -0.6497059747
&

