&gen
basis=6-31G**
igeopt=1
dftname=PBE-D3
ifreq=1
&
entry_name: J1_9770_2111.in
&zmat
C1          9.5206774598        -0.5867869719         1.3827456604
C2          8.3961282050        -1.1828003609         0.5407647674
C3          8.4486526908        -0.6602112837        -0.9021164487
C4          7.4561933794        -1.3753823504        -1.8370315574
C5          5.9731596402        -1.2353459811        -1.4471542708
C6          5.4784641244         0.2206813447        -1.4855242962
C7          3.9784143193         0.3412895011        -1.1722447272
C8          3.0888546316        -0.1640758500        -2.3224989870
C9          1.6108613823         0.2070163795        -2.1278269101
C10         0.9624809094        -0.5606429047        -0.9667237757
P11        -0.8334845890        -0.2221688709        -0.8533990473
C12        -1.5936137016        -0.8265831170        -2.1654847959
C13        -3.0400534388        -0.6731746400        -2.3717547992
O14        -3.5511723362        -1.0775479393        -3.4507986343
O15        -3.8419202545        -0.1020749376        -1.3759776393
C16        -5.2321161449         0.1643170927        -1.5412643351
C17        -5.4391304158         1.4004969123        -2.4080095823
C18        -1.4887864535        -0.9530561540         0.6967180292
C19        -1.9604986932        -2.4101587801         0.5663947647
C20        -0.8230550805        -3.3900736511         0.2376119190
C21        -1.2669036605        -4.8586776592         0.3318960856
C22        -1.3984477234        -5.3453066815         1.7859371648
C23        -1.5879741145        -6.8695412637         1.8906266230
C24        -2.8458108235        -7.4162172380         1.1907682548
C25        -4.1490966254        -6.8379014794         1.7615681032
C26        -5.3711321099        -7.5435584571         1.1625954810
C27        -6.6694498766        -6.9583619367         1.7107580109
C28        -1.1072374925         1.5855755864        -0.7951258492
C29        -0.3522278132         2.2285171172         0.3759293529
C30        -0.6409718603         3.7317493704         0.5035758858
C31         0.0110062274         4.5537681618        -0.6224913770
C32        -0.1026966243         6.0680495473        -0.3853875687
C33        -1.5239733357         6.5994863149        -0.6426505611
C34        -1.6234024582         8.1258871697        -0.4453830594
C35        -2.2342657352         8.5472941012         0.9049779075
C36        -1.2964001699         8.3427965778         2.1111152367
C37        -1.6183449688         7.0709278352         2.8955150148
H38        10.5095893634        -0.8745255836         0.9664734259
H39         9.4493375011        -0.9693510889         2.4227394545
H40         9.4397924339         0.5209829632         1.4050985624
H41         8.4916787782        -2.2904047863         0.5454157105
H42         7.4277736340        -0.9066026343         1.0091613655
H43         8.2731573447         0.4361043926        -0.9170606266
H44         9.4704616476        -0.8289754137        -1.3076405673
H45         7.5950249884        -0.9818658129        -2.8676621387
H46         7.7115968307        -2.4571710810        -1.8678609255
H47         5.3883726945        -1.8396424176        -2.1715627953
H48         5.7955438868        -1.6730359198        -0.4422820596
H49         5.6960429013         0.6732229816        -2.4776597635
H50         6.0238160042         0.8086367974        -0.7176147492
H51         3.7534705006         1.4147946334        -0.9878773616
H52         3.7529378659        -0.2160851456        -0.2379327640
H53         3.4328157510         0.2937846142        -3.2756165512
H54         3.1779852550        -1.2663781748        -2.4248938369
H55         1.5261020609         1.3018101898        -1.9618305913
H56         1.0711885957        -0.0324920473        -3.0689704067
H57         1.1237664581        -1.6475004004        -1.1083097112
H58         1.4297776614        -0.2641732874        -0.0057732962
H59        -1.0117090936        -1.3436953157        -2.9170214180
H60        -5.7457316649        -0.7140127022        -1.9891007368
H61        -5.6767456516         0.3512498728        -0.5412090540
H62        -4.9160502951         2.2704107520        -1.9570873934
H63        -5.0419414076         1.2269494760        -3.4298689678
H64        -6.5232392052         1.6290431329        -2.4801288874
H65        -2.3570584004        -0.3410727223         1.0206496776
H66        -0.7150284786        -0.8747240240         1.4895655282
H67        -2.4201112137        -2.6884035215         1.5371090366
H68        -2.7570411302        -2.4875239512        -0.2033121038
H69        -0.4997441660        -3.2138928359        -0.8086291031
H70         0.0495833035        -3.2114799019         0.9032912806
H71        -2.2313101121        -4.9838670948        -0.2056187374
H72        -0.5055975579        -5.4824497928        -0.1859043319
H73        -0.4701420818        -5.0843840812         2.3394931215
H74        -2.2363302268        -4.8298445776         2.2973404544
H75        -0.6959778071        -7.3732324741         1.4583133472
H76        -1.6262143449        -7.1478912764         2.9664453677
H77        -2.7915377751        -7.2246835542         0.0980622341
H78        -2.8521845889        -8.5199826660         1.3268905239
H79        -4.2113121987        -5.7544445558         1.5227714884
H80        -4.1574098810        -6.9622008284         2.8668520990
H81        -5.3643197747        -7.4301095660         0.0564494203
H82        -5.3355166035        -8.6279231655         1.4058331221
H83        -6.7117120246        -7.0796449562         2.8141967942
H84        -7.5351858130        -7.4892143543         1.2617077131
H85        -6.7439927695        -5.8794110447         1.4568911290
H86        -0.7732643635         2.0199951892        -1.7588751161
H87        -2.1938892885         1.7814418197        -0.6842990035
H88         0.7414651808         2.0694074721         0.2663226537
H89        -0.6699721739         1.7383459409         1.3212130695
H90        -0.2346939215         4.0742448878         1.4802650411
H91        -1.7393885198         3.8950159574         0.5185456902
H92         1.0912291429         4.2947906044        -0.6760400231
H93        -0.4451104005         4.2998780063        -1.6027855145
H94         0.2315080754         6.3109485591         0.6437323889
H95         0.5952139765         6.5768479387        -1.0860098007
H96        -1.7905019379         6.3660428022        -1.6971690235
H97        -2.2666945276         6.0787466367        -0.0040107646
H98        -2.2886097106         8.5269259099        -1.2416439619
H99        -0.6374058770         8.6196183209        -0.5909410160
H100        -3.2112140903         8.0387452950         1.0610206580
H101        -2.4603983801         9.6340757404         0.8342160320
H102        -0.2316016616         8.3351073553         1.7949655884
H103        -1.4169182899         9.2026071617         2.8059488120
H104        -1.5312222104         6.1715649918         2.2559609834
H105        -0.9082453759         6.9689255481         3.7429192226
H106        -2.6496833105         7.1238223085         3.3045715805
&

