&gen
basis=6-31G**
igeopt=1
dftname=PBE-D3
ifreq=1
&
entry_name: J1_10265_2111.in
&zmat
C1         -2.3391443105        -2.0140712619         3.4531897245
C2         -1.5822699456        -2.7493579888         2.3537160132
O3         -0.8941227822        -1.8278829311         1.5113872896
C4         -1.5234570029        -1.0453127061         0.5375872458
O5         -2.7616831989        -1.1664661788         0.3275927895
C6         -0.6816787363        -0.0729643174        -0.2571429512
C7         -1.0061664883         0.0951904200        -1.7275312861
C8         -2.0723577307        -0.7959475466        -2.3347211677
C9         -3.2961273715        -0.2805520100        -2.8050960777
C10        -4.2517423618        -1.1335402425        -3.3655507186
C11        -3.9924521058        -2.5016074527        -3.4763793719
C12        -2.7731432859        -3.0193281718        -3.0337736461
C13        -1.8142771668        -2.1711305651        -2.4726231308
O14        -1.4005250044         1.4438908611        -1.6385722048
P15        -1.0632287638         1.6913495057         0.0385553655
C16        -2.9037734741         2.1095534617         0.2898647593
C17        -3.2743676128         3.5832891607        -0.0116530465
C18        -4.6491027232         4.0042368576         0.5491083895
C19        -5.6388491512         2.8359769407         0.5638058988
C20        -5.1417217845         1.6769124740         1.4509304403
C21        -3.6051377464         1.6262048683         1.5895682802
C22        -0.5775070486         1.7383204908         1.8757416933
C23        -0.7357369136         3.1118509211         2.5911045330
C24        -0.6847118162         2.9327421942         4.1212722108
C25         0.3112860471         1.8420152452         4.5710436700
C26         1.4157486727         1.6082818060         3.5327965897
C27         0.8394429753         1.1583538569         2.1725316387
C28         0.2539981111         2.9563108513        -0.4681624226
C29        -0.3120835097         4.2088350151        -1.1923084839
C30         0.7122024750         4.9239020316        -2.1009986983
C31         2.1429010885         4.7668453338        -1.5782954078
C32         2.5632298169         3.2854636130        -1.5092016128
C33         1.3703596431         2.3238240077        -1.3350078113
H34        -1.6591040117        -1.3112006459         3.9796784029
H35        -2.7382699234        -2.7469640451         4.1854468096
H36        -3.1905807008        -1.4491959549         3.0234741762
H37        -0.8325867562        -3.4184959665         2.8258792645
H38        -2.2782386841        -3.3778598552         1.7566051925
H39         0.3965240955        -0.2967787657        -0.1269769165
H40        -0.0846333718         0.0176850260        -2.3439459271
H41        -3.5166297087         0.7767977110        -2.7483856531
H42        -5.1928535095        -0.7322634596        -3.7188388815
H43        -4.7337856021        -3.1594319164        -3.9112383134
H44        -2.5700443664        -4.0783684244        -3.1264343315
H45        -0.8726005905        -2.5859516989        -2.1343425433
H46        -3.4292366213         1.5198168272        -0.4913231143
H47        -2.5292854684         4.2729919864         0.4150364455
H48        -3.2948209799         3.7274205073        -1.1126952260
H49        -5.0620599629         4.8336319657        -0.0649722536
H50        -4.5273173281         4.3862151804         1.5870448780
H51        -6.6258283681         3.1894765531         0.9328382878
H52        -5.7818793823         2.4728958492        -0.4780250084
H53        -5.5890030550         1.7693069763         2.4649209641
H54        -5.5039112562         0.7183340388         1.0185701174
H55        -3.3328721081         2.2605625424         2.4528633110
H56        -3.3296902492         0.5922009074         1.8476663170
H57        -1.2541306525         1.0362875892         2.3973174021
H58        -1.6699920413         3.6309661876         2.3298557490
H59         0.0815045965         3.8091796845         2.3239062593
H60        -0.4052977953         3.9036957979         4.5858810031
H61        -1.6981110000         2.6683774978         4.4948006946
H62        -0.2339703744         0.8862317273         4.7342242380
H63         0.7693498720         2.1338677638         5.5406800773
H64         1.9908121690         2.5511367274         3.3993327830
H65         2.1230259015         0.8381689133         3.9099838792
H66         1.5705361860         1.4356875499         1.3916309406
H67         0.7850252445         0.0497591832         2.1799231142
H68         0.7854462700         3.3370872323         0.4159245058
H69        -1.1764306715         3.9400698291        -1.8290006188
H70        -0.6409839209         4.9416112693        -0.4270535368
H71         0.4583335816         6.0039383612        -2.1703903851
H72         0.6566602989         4.5028596683        -3.1293723125
H73         2.8437753940         5.3223400462        -2.2382021691
H74         2.2069100063         5.2199520884        -0.5643116203
H75         3.2693216663         3.1539931143        -0.6602333631
H76         3.1086290222         3.0114014876        -2.4386218018
H77         1.7461268263         1.3812706183        -0.8913894909
H78         0.9714332678         2.0866416836        -2.3440504331
&

