&gen
basis=6-31G**
igeopt=1
dftname=PBE-D3
ifreq=1
&
entry_name: J1_10225_2111.in
&zmat
C1         -2.7108586077         1.7153150694        -0.0276229846
P2         -0.8971299126         1.4460771610        -0.0865211769
C3         -0.6642660301         1.5032553644         1.7417848040
C4          0.5228580943         2.0201627046         2.3110435765
C5          0.7329204855         1.9805864936         3.6917312073
C6         -0.2149890636         1.3932730707         4.5282306499
C7         -1.3646788262         0.8235033426         3.9829884856
C8         -1.5800723430         0.8590003021         2.6026368770
C9         -0.0286150660         3.0165607751        -0.4017896342
C10        -0.4731293439         4.1945568601         0.2287588433
C11         0.1695230159         5.4132584630        -0.0058613799
C12         1.2466365889         5.4768889328        -0.8912608452
C13         1.6719952074         4.3243429059        -1.5541243742
C14         1.0323004681         3.1034080202        -1.3204778125
O15        -0.9751971972         1.1178086437        -1.7764893614
C16        -0.4219990387        -0.1785886448        -1.7444817338
C17        -1.3713410836        -1.2291917396        -2.2800102631
C18        -2.6950969865        -0.9254016688        -2.6456022649
C19        -3.5467586504        -1.9289846302        -3.1159582611
C20        -3.1002342557        -3.2578167130        -3.2107068569
C21        -4.0047556002        -4.3300735696        -3.7640207007
F22        -3.8623903809        -4.3809419716        -5.1380149886
F23        -3.6810846355        -5.5658557279        -3.2309389186
F24        -5.3272906920        -4.0601269753        -3.4572375989
C25        -1.7704029143        -3.5549642142        -2.8686560795
C26        -0.9188425007        -2.5518778502        -2.3982507284
C27        -0.2625242998        -0.2486913559        -0.2449604408
C28         1.1321565910        -0.4928795184         0.3234894299
C29         1.2295362436        -1.1489801382         1.5668450190
C30         2.4707304197        -1.3551098085         2.1738884693
C31         3.6365787299        -0.9156701281         1.5475767528
C32         3.5621873219        -0.2736257275         0.3113187802
C33         2.3223716905        -0.0624451439        -0.2997215131
H34        -3.2350867560         0.7390118881         0.0274350255
H35        -3.0048058543         2.3532203388         0.8313753888
H36        -3.0435451671         2.2393710349        -0.9478169290
H37         1.3111523344         2.4271143427         1.6934442321
H38         1.6429867318         2.3894523947         4.1113722576
H39        -0.0467187822         1.3573953439         5.5967633059
H40        -2.0832373727         0.3361845689         4.6293037601
H41        -2.4533471371         0.3554637703         2.2140110778
H42        -1.3086515331         4.1686288712         0.9158944506
H43        -0.1702937456         6.3093253268         0.4971443965
H44         1.7417923021         6.4215793456        -1.0750680861
H45         2.4896881705         4.3791829816        -2.2611719588
H46         1.3440648560         2.2458213719        -1.8901468918
H47         0.5238634478        -0.1978668838        -2.3204677833
H48        -3.0750129179         0.0850290071        -2.5761331815
H49        -4.5558185114        -1.6651351625        -3.4070059339
H50        -1.3885256144        -4.5636038202        -2.9647988025
H51         0.0985001635        -2.8056640642        -2.1256987542
H52        -1.0023236651        -0.9480411519         0.2077961772
H53         0.3380381965        -1.4885763691         2.0795794371
H54         2.5271944931        -1.8525693617         3.1334490605
H55         4.5978847672        -1.0750422717         2.0186080611
H56         4.4684554410         0.0612205023        -0.1767859051
H57         2.3203247412         0.4223006281        -1.2580109157
&

