&zmat
 C1              5.9021062665            -0.8249129013            -0.5919902883
 Si2             4.3734924823             0.2840781840            -0.7749060217
 C26             4.7649908430             1.7271853136            -1.9441525059
 C27             3.8578267318             0.9590184747             0.9239919328
 C3              2.9463307855            -0.7617114354            -1.4884293402
 C4              1.6706579513             0.0317761050            -1.7266909476
 O5              0.5935603745            -0.8782345602            -2.0555525631
 C6             -0.6765061569            -0.2838977051            -2.0984896330
 P7             -1.5115444506            -0.0540282130            -0.5859807265
 C8             -3.1714313161             0.5646273481            -1.0299685180
 C9             -3.7232815945             0.1799408939            -2.2687528519
 C10            -5.0114233570             0.5991906927            -2.6213242035
 C11            -5.7705631961             1.3752978748            -1.7338289179
 C12            -5.2331740007             1.7423153745            -0.4919399239
 C13            -3.9383764768             1.3425048539            -0.1391848306
 C14            -1.6816147479            -1.6603850092             0.2798861279
 C15            -0.9007098096            -2.7688608744            -0.0998281123
 C16            -1.0570509390            -3.9890165071             0.5705575624
 C17            -1.9972401109            -4.1171562555             1.6034040337
 C18            -2.7859468705            -3.0180712082             1.9720716685
 C19            -2.6267739197            -1.7910550599             1.3161335163
 C20            -0.9321897674             1.0784454539             0.7820963496
 C21            -0.9198771895             2.4708643433             0.5387729903
 C22            -0.2793954706             3.3448514419             1.4213496061
 C23             0.3884824034             2.8425438503             2.5510466919
 C24             0.4003189578             1.4623522101             2.7926122137
 C25            -0.2573579607             0.5854554355             1.9187313366
 H28             5.6988589243            -1.6762285205             0.0787371808
 H29             6.7536387800            -0.2634408746            -0.1729347303
 H30             6.2163662687            -1.2334668737            -1.5669042598
 H51             5.6076430205             2.3306604070            -1.5673796932
 H52             5.0356327513             1.3631710069            -2.9493596799
 H53             3.8966069398             2.3979236110            -2.0536288596
 H54             2.9789568928             1.6215424927             0.8542017834
 H55             4.6762044167             1.5358329699             1.3869035239
 H56             3.5943995042             0.1385824548             1.6126473809
 H31             2.7250218826            -1.5680779640            -0.7635747185
 H32             3.2666583601            -1.2592348289            -2.4216316745
 H33             1.7942352474             0.7661025888            -2.5508782665
 H34             1.3824097903             0.6040081214            -0.8217093988
 H35            -0.7755240895             0.5853501654            -2.7751531315
 H36            -3.1239844809            -0.4479788715            -2.9348973668
 H37            -5.4300789664             0.3047482646            -3.5884593232
 H38            -6.7838917797             1.6867346424            -2.0054639808
 H39            -5.8231370349             2.3436590702             0.2064504000
 H40            -3.5175381229             1.6425236092             0.8248911482
 H41            -0.1749859211            -2.6565383336            -0.9099793482
 H42            -0.4419586840            -4.8465292150             0.2806485445
 H43            -2.1190507704            -5.0749266322             2.1187806265
 H44            -3.5275131854            -3.1159990791             2.7708244985
 H45            -3.2431477588            -0.9339063707             1.6067569930
 H46            -1.4153989484             2.8664979826            -0.3551752584
 H47            -0.2938918514             4.4219489260             1.2267540768
 H48             0.9015238092             3.5254447205             3.2346934833
 H49             0.9228652398             1.0638118657             3.6680070242
 H50            -0.2454124026            -0.4902344658             2.1185842076
&

