&gen
basis=6-31G**
igeopt=1
dftname=PBE-D3
ifreq=1
&
entry_name: J1_10272_2111.in
&zmat
C1          4.8825671797         0.0622746392         0.0925675733
Si2          3.7529282120        -0.8461070102         1.2679548440
C3          4.2096820680        -2.6548704324         1.3160014406
C4          3.9081648098        -0.1077334816         2.9749193554
C5          2.0421193565        -0.6632273257         0.7053679087
C6          0.9059494783        -0.4972615068         0.3440804404
C7         -0.4804970296        -0.2645313921        -0.0832042036
C8         -0.6136071240        -0.2115218325        -1.5819164470
C9         -1.5463028621        -1.2562932574        -2.2348113403
C10        -3.0255832512        -1.1170867778        -1.8044678275
C11        -3.8926298959        -2.1364602256        -2.5470609361
C12        -3.6205490718        -2.0783329113        -4.0493185772
C13        -2.1134829311        -2.1624489846        -4.3059232596
O14        -1.4348723511        -1.1124946948        -3.6426227198
O15        -1.1321376746         1.0910233623        -1.6442386907
P16        -0.9649633834         1.4888127551         0.0252690861
C17        -2.7163521630         1.9322177968         0.1643176656
C18        -3.1864138464         3.1779519656        -0.2831787621
C19        -4.5418383528         3.5030152782        -0.1730230443
C20        -5.4373530047         2.5935835883         0.3939396783
C21        -4.9761756020         1.3623616813         0.8640040335
C22        -3.6218433483         1.0352821058         0.7571233178
C23        -0.8314953682         1.8096100279         1.8361575057
C24        -0.7448338029         0.7681421263         2.7862299139
C25        -0.6628123581         1.0525138200         4.1524884971
C26        -0.6898196617         2.3732422722         4.5990508400
C27        -0.8117613871         3.4149142849         3.6807832190
C28        -0.8924473487         3.1381742632         2.3141988324
C29         0.3260952060         2.7229556184        -0.3764912630
C30         1.5557369284         2.7395153785         0.3146267944
C31         2.5519077242         3.6588742275        -0.0233188683
C32         2.3449843224         4.5638712797        -1.0647690518
C33         1.1441562988         4.5445926925        -1.7755246781
C34         0.1444249834         3.6264562946        -1.4411635708
H35         4.7837475040        -0.3707593005        -0.9239111558
H36         4.6014934213         1.1351547748         0.0660597929
H37         5.9321113487        -0.0371937574         0.4374991319
H38         3.5326073276        -3.1885091835         2.0141573827
H39         5.2579299798        -2.7617197260         1.6628276506
H40         4.1100489466        -3.0882815561         0.2997122087
H41         4.9546761154        -0.2095397781         3.3282703614
H42         3.2279316889        -0.6400699429         3.6710406022
H43         3.6319109925         0.9662586586         2.9383258127
H44        -1.1970398138        -0.9536992531         0.4050694262
H45         0.3772799244        -0.2286514605        -2.0933295350
H46        -1.1684945469        -2.2583171843        -1.9221274574
H47        -3.1338033403        -1.3087327065        -0.7196914346
H48        -3.3966275388        -0.0937817045        -2.0308122806
H49        -4.9666075153        -1.9271195442        -2.3525335325
H50        -3.6664988049        -3.1585766395        -2.1703620989
H51        -4.1364040108        -2.9217351801        -4.5566011256
H52        -4.0138096834        -1.1240956714        -4.4635229156
H53        -1.7147934568        -3.1573360961        -4.0019299776
H54        -1.9349172543        -2.0608821302        -5.3969957108
H55        -2.5131753468         3.9106704800        -0.6964684639
H56        -4.8969444863         4.4642184929        -0.5215563769
H57        -6.4858935022         2.8477132527         0.4796489306
H58        -5.6668625761         0.6636063954         1.3179068338
H59        -3.2781811527         0.0895103914         1.1526920786
H60        -0.7519228073        -0.2698960783         2.4994559044
H61        -0.5869642889         0.2439846581         4.8681920536
H62        -0.6288011164         2.5886529515         5.6579526636
H63        -0.8490057065         4.4394077894         4.0278615373
H64        -1.0034282992         3.9658941532         1.6257187876
H65         1.7448919620         2.0557517940         1.1294232007
H66         3.4863380743         3.6677420810         0.5229178526
H67         3.1185807824         5.2738804378        -1.3271048172
H68         0.9914693772         5.2345952053        -2.5953457673
H69        -0.7554425790         3.6073470733        -2.0389156523
&

