&gen
basis=6-31G**
igeopt=1
dftname=PBE-D3
ifreq=1
&
entry_name: J1_10026_2111.in
&zmat
C1          0.3969950980        -2.3005963594         2.8878421993
C2          0.7833645789        -2.6113804981         1.4503269636
O3          1.5512785056        -1.5447215287         0.8952601466
C4          1.0483830481        -0.3678232620         0.3186632595
O5          1.8773800831         0.5359769032         0.0303883720
C6         -0.4110341653        -0.1917774014        -0.0725366962
C7         -0.6025341564        -0.1517742469        -1.5796559375
C8         -1.4696345748        -1.2321307894        -2.2740277435
C9         -2.9134991140        -1.3680008149        -1.7345747985
C10        -3.6316472974        -2.6453781395        -2.2286055242
C11        -2.9832276769        -3.2463177035        -3.4813254655
C12        -1.4975999802        -3.5885631914        -3.2477493343
C13        -0.7758912006        -2.6039170980        -2.3014042266
O14        -1.2158321022         1.1119260037        -1.6326345274
P15        -1.0008206351         1.5309574782         0.0184520722
C16        -2.7364721627         1.9991868915         0.1911416978
C17        -3.1355000761         3.2996655105        -0.1563747120
C18        -4.4767528869         3.6793006189        -0.0501523620
C19        -5.4299333801         2.7630180041         0.4005163939
C20        -5.0420139199         1.4665121049         0.7465602184
C21        -3.7014559054         1.0844705133         0.6419366758
C22        -0.6919582973         1.8219100133         1.7868353579
C23        -1.2584798436         1.0841833880         2.8362813818
C24        -0.9323010406         1.4013902150         4.1610870876
C25        -0.0436656681         2.4494370260         4.4377985399
C26         0.5253557770         3.1833950622         3.3906042014
C27         0.1906126771         2.8547269410         2.0708764090
C28         0.6847356925         3.4873378162         0.8648014854
C29         1.5828331173         4.5589954119         0.7857517819
C30         1.9467648209         5.0478896821        -0.4740421565
C31         1.4138427128         4.4699713154        -1.6345564081
C32         0.5160653968         3.3981884111        -1.5424013870
C33         0.1568528214         2.9026633299        -0.2783047351
H34        -0.1220874001        -3.1749525603         3.3336774033
H35        -0.2842041385        -1.4319700235         2.9182242187
H36         1.3046206557        -2.0744774950         3.4863916600
H37        -0.1158058300        -2.8314069961         0.8466324430
H38         1.4124073517        -3.5262168603         1.4504608054
H39        -1.1002642582        -0.8620881964         0.4703972803
H40         0.3719868439        -0.0806046544        -2.1157343101
H41        -1.5510625864        -0.8943247046        -3.3324148531
H42        -2.9101506531        -1.4141439453        -0.6323141007
H43        -3.4977278045        -0.4714029670        -2.0365090704
H44        -3.6143880802        -3.4132951500        -1.4234197941
H45        -4.6977463941        -2.4133078747        -2.4407184737
H46        -3.5319238136        -4.1658949509        -3.7789896999
H47        -3.0725065761        -2.5203916364        -4.3191765076
H48        -0.9807041493        -3.5993871951        -4.2320306014
H49        -1.4194988867        -4.6139113775        -2.8245562224
H50         0.2827533947        -2.4974670357        -2.6245687953
H51        -0.7752424432        -3.0303399719        -1.2791547223
H52        -2.4111732530         4.0207237085        -0.5122040915
H53        -4.7773001022         4.6836289827        -0.3192393157
H54        -6.4681650563         3.0576102391         0.4821837966
H55        -5.7801017292         0.7572711767         1.0981535457
H56        -3.4233495650         0.0826922705         0.9269076739
H57        -1.9333849595         0.2654008710         2.6411441732
H58        -1.3648202052         0.8322094634         4.9736280493
H59         0.2057869867         2.6892289319         5.4632598952
H60         1.2135787306         3.9872938804         3.6125983977
H61         1.9958903059         5.0132240791         1.6758484397
H62         2.6392560051         5.8759380100        -0.5523914235
H63         1.6956616520         4.8548427176        -2.6060744317
H64         0.1134140152         2.9737981269        -2.4510338049
&

