&gen
basis=6-31G**
igeopt=1
dftname=PBE-D3
ifreq=1
&
entry_name: J1_10058_2111.in
&zmat
C1          3.0804539326        -3.6570284415         1.5452096683
C2          3.7392374615        -2.3572146306         1.0939287509
O3          2.8752578745        -1.6231160385         0.2269643267
C4          1.7457724426        -0.9295479590         0.6712299776
O5          1.4697660849        -0.9400522055         1.9030916564
C6          0.8444964587        -0.1347187937        -0.2684937219
C7         -0.6280148508        -0.5443012249        -0.0393835256
C8          1.1403999421        -0.0616402601        -1.7747805463
C9          2.1762335151        -0.9783339039        -2.4894371629
C10         2.4076716270        -0.4537067706        -3.9364751080
O11         3.5898875541        -0.9911196316        -4.4939382997
Si12         4.9136432055         0.1407427318        -4.5150034777
C13         6.4887526810        -0.8674171982        -4.4622970961
C14         4.9513861023         1.2424489307        -2.9995083919
C15         4.8668555738         1.1750054748        -6.1159080793
C16         4.9349262184         0.2316877910        -7.3291977365
C17         3.5628199012         1.9888032134        -6.1795265005
C18         6.0666931914         2.1380855581        -6.1461875112
C19         1.6694543330        -2.4614783498        -2.4876791071
O20         0.4221280170        -2.5309733298        -3.1347820777
C21         2.6261760719        -3.4798452958        -3.1513796022
C22         3.9956626144        -3.5690971941        -2.4806160956
O23         1.5362806648         1.2879925077        -1.7874838351
P24         1.1860974344         1.6806398056        -0.1495352431
C25         2.8916423834         2.3324203995        -0.0576779892
C26         3.1876680775         3.5853136008        -0.6289797951
C27         4.4967112354         4.0751586028        -0.6421164994
C28         5.5349726277         3.3129752895        -0.1073247598
C29         5.2667904288         2.0534032490         0.4276920645
C30         3.9600861309         1.5572405589         0.4337527393
C31         0.7208141809         1.9050257168         1.6361620756
C32        -0.6455506000         1.8835765558         2.0055241218
C33        -1.0432492407         2.0373226561         3.3351333440
C34        -0.0904006079         2.2219033598         4.3326455417
C35         1.2611455464         2.2595189448         3.9997614576
C36         1.6666858004         2.1070801556         2.6704141887
C37        -0.0327865795         2.9522212363        -0.6596261906
C38        -0.0115755891         4.2337818274        -0.0696381595
C39        -0.9345123903         5.2113478724        -0.4495270060
C40        -1.8881569301         4.9301362407        -1.4279057556
C41        -1.9168826162         3.6719418798        -2.0303179424
C42        -0.9958052883         2.6901688100        -1.6533492021
H43         2.7449380526        -4.2442328654         0.6653449033
H44         2.2035679598        -3.4447403971         2.1909713166
H45         3.8087547446        -4.2617309767         2.1252842729
H46         4.0160024106        -1.7407316974         1.9765948324
H47         4.6716430549        -2.5981865102         0.5421282806
H48        -0.8834036352        -0.5888093738         1.0386391864
H49        -0.7938017637        -1.5614528307        -0.4544083652
H50        -1.3377737223         0.1446996223        -0.5356015526
H51         0.1993215223        -0.1304969655        -2.3638785839
H52         3.1426233490        -0.8897645789        -1.9630017832
H53         2.3715298807         0.6554824794        -3.9766779246
H54         1.5593117886        -0.7686788071        -4.5794927194
H55         6.5103726690        -1.5763655112        -5.3144463482
H56         7.3697778483        -0.1964165363        -4.5113365821
H57         6.5250067243        -1.4398445706        -3.5133500445
H58         4.9721149469         0.6073681693        -2.0926817375
H59         4.0663935866         1.9076838205        -2.9729502207
H60         5.8691294996         1.8641451596        -3.0168386677
H61         5.8902677806        -0.3346998346        -7.3384442859
H62         4.0943686758        -0.4953499236        -7.3096496772
H63         4.8714434906         0.8096775226        -8.2764653297
H64         2.6801023098         1.3175994878        -6.2384636677
H65         3.5520994229         2.6369814312        -7.0823496888
H66         3.4592265927         2.6420549008        -5.2869737206
H67         7.0260847298         1.5802126452        -6.1125133117
H68         6.0330743591         2.8383616008        -5.2846261844
H69         6.0572760887         2.7422307735        -7.0790812428
H70         1.5322715989        -2.7836761497        -1.4323589324
H71        -0.0323416299        -3.3526913341        -2.8111657216
H72         2.1594775891        -4.4871835126        -3.0888538911
H73         2.7463682545        -3.2638043490        -4.2324112790
H74         4.5376909764        -2.6049811135        -2.5347646797
H75         3.8835380456        -3.8734851518        -1.4222066476
H76         4.6085017052        -4.3362208779        -2.9987779881
H77         2.4190011748         4.1777979988        -1.1008224329
H78         4.7078570501         5.0411262007        -1.0822587621
H79         6.5485162811         3.6921594626        -0.1200924119
H80         6.0732182395         1.4563094995         0.8333745005
H81         3.7921064873         0.5933500666         0.8723133638
H82        -1.4197151914         1.7606513201         1.2615809911
H83        -2.0948802286         2.0166957150         3.5905100289
H84        -0.3993445070         2.3416376582         5.3630156659
H85         2.0010185503         2.4101643219         4.7755663446
H86         2.7222612985         2.1578357591         2.4928697694
H87         0.7181340096         4.4770092443         0.6920559882
H88        -0.9092650737         6.1883395106         0.0155157700
H89        -2.6023283116         5.6882655404        -1.7221914698
H90        -2.6526133835         3.4569714791        -2.7945733146
H91        -1.0412558765         1.7372511470        -2.1527819041
&

