&gen
basis=6-31G**
igeopt=1
dftname=PBE-D3
ifreq=1
&
entry_name: J1_10231_2111.in
&zmat
C1          1.8607998016        -4.8406061487        -2.5592002362
C2          2.1594842308        -3.3718924847        -2.6186153123
C3          3.3596513198        -2.9173484048        -3.1836510351
C4          3.6177985954        -1.5482870139        -3.2775578935
C5          2.6792980562        -0.6224316414        -2.8162873844
C6          1.4703561929        -1.0608881656        -2.2438996501
C7          0.4225054756        -0.0860552969        -1.7438861138
O8          0.8994697310         1.2357216560        -1.7153836410
P9          0.8318556166         1.4954896957        -0.0119472065
C10         2.6234165110         1.7382541342         0.0549573891
C11         3.1814239673         3.0237389253        -0.0446559468
C12         4.5682553242         3.1958245719        -0.0059575380
C13         5.4084306340         2.0885410325         0.1324732561
C14         4.8623851208         0.8075039646         0.2388752945
C15         3.4764093563         0.6317650584         0.2041489049
C16         0.8313066582         1.6425233586         1.8292023154
C17         0.8572139251         0.5097383119         2.6712845939
C18         0.8950234477         0.6477140128         4.0618469669
C19         0.9462836542         1.9139351359         4.6415024240
C20         0.9828690659         3.0461056849         3.8306135643
C21         0.9444867623         2.9141952083         2.4406502602
C22        -0.2854589120         2.9231133220        -0.2489859395
C23         0.0133365104         3.8994165676        -1.2174828183
C24        -0.8394141419         4.9889168533        -1.4164847265
C25        -2.0033761728         5.1161375356        -0.6564944903
C26        -2.3177467709         4.1527916941         0.3031915213
C27        -1.4678035154         3.0626284895         0.5064218262
C28         0.1678287691        -0.1918296386        -0.2584884594
C29        -1.2989608366        -0.3779050117         0.1091093772
C30        -1.6391810419        -1.2980145979         1.1181838389
C31        -2.9740374811        -1.4973581417         1.4817863431
C32        -3.9895469008        -0.7912914747         0.8354853409
C33        -3.6726713143         0.1093310965        -0.1820810758
C34        -2.3398001761         0.3110003064        -0.5506501218
C35         1.2103522877        -2.4400747963        -2.1713370834
H36         1.3348351927        -5.1480226566        -3.4870217832
H37         2.7984166718        -5.4284184602        -2.4622362122
H38         1.2180108310        -5.0737891331        -1.6836717820
H39         4.0935383189        -3.6222531303        -3.5544547600
H40         4.5461706069        -1.2031697507        -3.7140973660
H41         2.9039664693         0.4323224932        -2.9069908719
H42        -0.4821075640        -0.1541264304        -2.3836129140
H43         2.5517887471         3.8961163607        -0.1361437185
H44         4.9917416738         4.1890268492        -0.0810167034
H45         6.4818797330         2.2235789044         0.1611519807
H46         5.5131871715        -0.0502172441         0.3490954440
H47         3.0742952112        -0.3677083986         0.2915689315
H48         0.8828179121        -0.4900905766         2.2821154241
H49         0.9019960971        -0.2328002603         4.6914776253
H50         0.9804960037         2.0166461057         5.7183992454
H51         1.0517518981         4.0290088352         4.2785972217
H52         1.0084310884         3.8142423514         1.8446881518
H53         0.9016727824         3.8165245208        -1.8295287749
H54        -0.5989120559         5.7335281659        -2.1642511946
H55        -2.6629198197         5.9598489633        -0.8130951899
H56        -3.2213807215         4.2500614268         0.8908641615
H57        -1.7325938855         2.3313853212         1.2587948505
H58         0.8172090873        -0.9679603273         0.1954506119
H59        -0.8739235959        -1.8741657524         1.6211371445
H60        -3.2212346888        -2.2044232249         2.2630922370
H61        -5.0224309176        -0.9466168227         1.1190484108
H62        -4.4606607370         0.6537802866        -0.6861709426
H63        -2.1272044950         1.0202542514        -1.3391211389
H64         0.2702265783        -2.7866522238        -1.7575790468
&

