&zmat
 C9             -2.8606942191             0.5573209394            -1.3497700981
 C8             -2.3350952299            -0.3365614053            -0.2424294369
 O7             -0.9295104433            -0.0125279898            -0.0591570939
 C6             -0.2908016530            -0.7510179433             0.8960262432
 O10            -0.8322423188            -1.6198101323             1.5639990105
 C4              1.1447006037            -0.3644041154             1.0267382784
 C5              1.5961311244             1.0510599381             0.8073523841
 C3              1.9464149945             0.0109387749            -0.2400801820
 C2              3.3541961718            -0.4716151189            -0.2849641849
 O1              4.0777893732            -0.5497142435             0.7011802012
 H18            -3.9274225136             0.3473092055            -1.5265541569
 H19            -2.7579239020             1.6202890742            -1.0807776818
 H20            -2.3142159952             0.3831252440            -2.2900587229
 H16            -2.8630913555            -0.1774738359             0.7133726869
 H17            -2.4225300821            -1.4085699473            -0.4891059828
 H13             1.6972002639            -0.9567996027             1.7603642676
 H14             0.8381813200             1.7878558230             0.5336102345
 H15             2.4278004521             1.3955031457             1.4281443275
 H12             1.3879802176             0.0285430733            -1.1795442798
 H11             3.7254578273            -0.7664711182            -1.3014721375
&

