&gen
basis=6-31G**
igeopt=1
dftname=PBE-D3
ifreq=1
&
entry_name: J1_10140_2111.in
&zmat
C1          2.2760011626        -1.6128785141         3.1836175749
O2          1.7248056709        -0.7536346157         2.1937976169
C3          1.7480410514        -1.0538317539         0.8298904057
O4          2.1722467385        -2.1795095849         0.4532109709
C5          1.0743470251        -0.1352609454        -0.1702959288
C6          1.7281487119         0.0289464437        -1.5424365839
C7          0.8373858271        -0.4538934495        -2.6995924384
C8          3.1862739791        -0.4677229090        -1.7039608094
O9          3.2258028842        -1.8426850752        -1.9742666354
O10         1.7508539016         1.4339575539        -1.5175574223
P11         1.2258654539         1.6735748165         0.1047419299
C12         2.8745903565         2.3645754505         0.4721923812
C13         3.7189248845         1.7858348058         1.4373939925
C14         4.9920198519         2.3112509272         1.6759143652
C15         5.4453818416         3.4097902376         0.9441977224
C16         4.6278510747         3.9809700293        -0.0319481397
C17         3.3540203812         3.4587897386        -0.2723138459
C18         0.5472627718         1.8268588567         1.8117580073
C19         0.9972045784         2.8265811721         2.7060581883
C20         0.4347049010         2.9567307929         3.9786267759
C21        -0.6113208169         2.1237914523         4.3718207196
C22        -1.1139734965         1.1747586354         3.4835790931
C23        -0.5561592686         1.0398102007         2.2096229625
C24        -0.0971456481         2.7936610660        -0.4212267636
C25        -1.2768762043         2.2792148810        -0.9843820174
C26        -2.3033256284         3.1392766114        -1.3853671281
C27        -2.1663772916         4.5190257215        -1.2189020800
C28        -1.0059959167         5.0398879848        -0.6424360584
C29         0.0228286906         4.1830734171        -0.2407730815
H30         3.3604430666        -1.7614115975         2.9956827270
H31         2.1441113935        -1.1475382017         4.1818629024
H32         1.7532643461        -2.5925313943         3.1706973257
H33         0.0112109298        -0.4321298825        -0.2725996416
H34        -0.1444638148         0.0611696024        -2.6884951148
H35         1.3236366458        -0.2373174775        -3.6746421957
H36         0.6625158197        -1.5477089126        -2.6189673107
H37         3.7814286603        -0.2371057612        -0.7923105929
H38         3.6560203915         0.0777588694        -2.5534025151
H39         4.1861057171        -2.0818680732        -2.0480896896
H40         3.3978505541         0.9454058719         2.0242427981
H41         5.6279762653         1.8650874796         2.4295879990
H42         6.4321986357         3.8140509212         1.1289991937
H43         4.9842002921         4.8242144379        -0.6093515173
H44         2.7513221248         3.8986471632        -1.0556076678
H45         1.7668333149         3.5312839309         2.4281165804
H46         0.8015277172         3.7172240093         4.6559134491
H47        -1.0481101437         2.2298129387         5.3563926474
H48        -1.9471611567         0.5494141695         3.7773614242
H49        -1.0025833398         0.3220630487         1.5398475245
H50        -1.4156578266         1.2151345984        -1.1009686472
H51        -3.2083625924         2.7348538307        -1.8198913871
H52        -2.9631191165         5.1834501837        -1.5273480594
H53        -0.9063226206         6.1081344626        -0.4997105598
H54         0.8974461102         4.6071938953         0.2307769090
&

