&zmat
 C4              3.7237149254            -1.5230928977             4.2117043750
 C3              3.4432163316            -0.5825449169             3.0758828380
 C2              2.2858705576            -0.5635142636             2.3585939909
 C1              1.9354814656             0.3368517325             1.2839673182
 P5              0.5999216306             0.0825800907             0.2534453568
 C6             -0.9969740443            -0.1149835935             1.2401423970
 C7             -2.2366146776            -0.4527945841             0.4721283006
 C8             -3.1303651239             0.4130596236            -0.0661138203
 C9             -3.0385541945             1.9135102972             0.0424729341
 C10            -4.3145397885            -0.0995690187            -0.8493886658
 C11             0.6394129334            -1.4033535723            -0.8641218630
 C12            -0.3870311351            -1.7825299821            -1.7567689032
 C13            -0.2276734878            -2.9090404143            -2.5745775242
 C14             0.9445734479            -3.6754243462            -2.4996657284
 C15             1.9607372959            -3.3120330490            -1.6059135840
 C16             1.8129150536            -2.1775037126            -0.7967555099
 C17             0.4101368658             1.5571327483            -0.8060646173
 C18             0.1031648785             1.4904442617            -2.1779790425
 C19            -0.0955576083             2.6675962577            -2.9115142969
 C20             0.0158055942             3.9177610787            -2.2870838081
 C21             0.3377833043             3.9900929059            -0.9239922633
 C22             0.5275921167             2.8178850983            -0.1835138422
 H26             2.8808346176            -2.2175195372             4.3728684555
 H27             3.8993863568            -0.9931601422             5.1688693365
 H28             4.6277297821            -2.1387599797             4.0346939295
 H25             4.2296488566             0.1423357871             2.8238222732
 H24             1.5273596329            -1.3134463955             2.6404170699
 H23             2.6620997809             1.0702827871             0.9216873438
 H29            -0.7639504836            -0.8911480035             1.9893259916
 H30            -1.0688468809             0.8418010453             1.7829721527
 H31            -2.4104741582            -1.5235869597             0.3092469973
 H32            -2.8260508471             2.3613047472            -0.9455619723
 H33            -2.2471999045             2.2536197105             0.7249408748
 H34            -3.9992404602             2.3397242111             0.3839165224
 H35            -4.3233127223            -1.1989886576            -0.9170627356
 H36            -4.3145206241             0.3084133530            -1.8777162458
 H37            -5.2674439921             0.2234887602            -0.3907027762
 H38            -1.3089363040            -1.1975750241            -1.8147890217
 H39            -1.0222218924            -3.1885563615            -3.2739139268
 H40             1.0644219889            -4.5552815631            -3.1395449216
 H41             2.8750052914            -3.9099985131            -1.5415203705
 H42             2.6020167445            -1.8753044182            -0.0990670304
 H43             0.0325266734             0.5214923309            -2.6778967350
 H44            -0.3320301674             2.6061705430            -3.9782138184
 H45            -0.1447963221             4.8344685227            -2.8627570899
 H46             0.4340274429             4.9630890677            -0.4327480154
 H47             0.7779415997             2.8630964064             0.8809625957
&

