&gen
basis=6-31G**
igeopt=1
dftname=PBE-D3
ifreq=1
&
entry_name: J1_9805_2111.in
&zmat
C1          1.9452207489         0.3307392501         0.9368529757
C2          2.0856425798        -0.4081933534         2.2012387618
C3          3.1504339449        -0.2308071436         2.9843449365
C4          3.2955823124        -0.9856799860         4.2660324431
P5          0.6255449665         0.1682261027        -0.0086290769
C6         -0.8754511748         0.2008931949         1.0363128131
C7         -2.1318960949         0.2931945609         0.2077111605
C8         -3.3682489394         0.3077445636         0.7478402988
C9         -3.5790426812         0.2239761243         2.2409793380
C10        -4.5578664809         0.4122109243        -0.1707545780
C11         0.6457029919        -1.3899656021        -0.9248377490
C12        -0.0899122510        -1.5075605460        -2.1157367625
C13        -0.1146213565        -2.7172224837        -2.8157576277
C14         0.5857840242        -3.8225636464        -2.3279598734
C15         1.3098461448        -3.7195123144        -1.1380302433
C16         1.3370412632        -2.5109344497        -0.4351359328
C17         0.6468669784         1.5517349455        -1.1659856186
C18         1.4429291606         1.4846730653        -2.3200147596
C19         1.4953474406         2.5666333233        -3.2038523563
C20         0.7690374409         3.7288006481        -2.9313979722
C21        -0.0032625914         3.8132618514        -1.7699050679
C22        -0.0576391110         2.7329177665        -0.8838302549
H23         2.6933300291         1.0644374745         0.6622814857
H24         1.3170985049        -1.1113521528         2.4999041614
H25         3.9298670623         0.4664804496         2.6991180911
H26         3.3141727614        -2.0773811580         4.0629084038
H27         2.4474074210        -0.7498847677         4.9430616719
H28         4.2441270319        -0.6975739165         4.7655794010
H29        -0.9028302218        -0.7299146505         1.6397472337
H30        -0.8145959467         1.0715488099         1.7222207134
H31        -2.0409651555         0.3634779659        -0.8721469862
H32        -3.0801927724         1.0794576917         2.7428315220
H33        -3.1601652817        -0.7276447433         2.6301247460
H34        -4.6570728579         0.2553794680         2.5025455936
H35        -4.5680516051        -0.4502116866        -0.8705781067
H36        -4.4977074973         1.3540433882        -0.7563986846
H37        -5.5136365232         0.4137074098         0.3933463935
H38        -0.6395062447        -0.6633202489        -2.5100139695
H39        -0.6787029461        -2.7978742579        -3.7359510402
H40         0.5653355168        -4.7590569415        -2.8701603668
H41         1.8488464263        -4.5778158243        -0.7581034264
H42         1.9009971100        -2.4610265802         0.4837200578
H43         2.0228971341         0.5964664558        -2.5360890682
H44         2.1033833100         2.5060507866        -4.0971784467
H45         0.8116595153         4.5666080234        -3.6152612810
H46        -0.5554398183         4.7185164855        -1.5529374571
H47        -0.6472942687         2.8243157238         0.0179445040
&

