&gen
basis=6-31G**
igeopt=1
dftname=PBE-D3
ifreq=1
&
entry_name: J1_10406_2111.in
&zmat
C1          3.8880295696        -5.4434284231        -3.6690354020
O2          4.0521922924        -4.0325359358        -3.7680304068
C3          3.1444312985        -3.0922257800        -3.2586111072
C4          3.4313703361        -1.7331892011        -3.4248721072
C5          2.5608711620        -0.7566256976        -2.9337326358
C6          1.3904223057        -1.1274272919        -2.2471464490
C7          0.4205541180        -0.0946418666        -1.7115930366
O8          0.9698729959         1.2050185901        -1.7132849885
P9          0.8697929052         1.5089318277        -0.0210600952
C10         2.6731670862         1.7453318764        -0.0075619607
C11         3.5321680657         0.6294160353        -0.0076800435
C12         4.9181115484         0.7991018142        -0.0592954182
C13         5.4635938669         2.0815592837        -0.1317863912
C14         4.6224448716         3.1951077645        -0.1647143807
C15         3.2349726992         3.0296268121        -0.1151961965
C16         0.6338875655         1.5435350218         1.8144345251
C17        -0.6411172398         1.8363674624         2.3541817278
C18        -0.8663155239         1.8144822661         3.7320425381
C19         0.1670018771         1.4797336062         4.6038453561
C20         1.4232551115         1.1526724902         4.0971674049
C21         1.6550158014         1.1702536084         2.7185551888
C22        -0.0891005270         3.0553893755        -0.2973839118
C23        -0.9963039770         3.1741799078        -1.3706622759
C24        -1.7149376173         4.3556521374        -1.5746191288
C25        -1.5281290208         5.4462858984        -0.7260527074
C26        -0.6113333725         5.3625172892         0.3208976804
C27         0.1095099858         4.1839841378         0.5290241690
C28         0.2228130835        -0.1807728480        -0.2152031364
C29        -1.1959137335        -0.4250226436         0.2845754676
C30        -1.3636457593        -1.1980573434         1.4505302273
C31        -2.6349384737        -1.4169687267         1.9873086574
C32        -3.7590845914        -0.8709142518         1.3678178092
C33        -3.6131306503        -0.1074158291         0.2091788003
C34        -2.3432950186         0.1159669989        -0.3312795385
C35         1.0916993721        -2.4914570763        -2.1001163785
C36         1.9621538203        -3.4671475554        -2.5936661893
H37         2.9584547330        -5.7570931938        -4.1893580205
H38         4.7518637772        -5.9437285238        -4.1526006906
H39         3.8511527434        -5.7495911885        -2.6021838816
H40         4.3344340137        -1.4318797684        -3.9405354629
H41         2.8108340120         0.2852789123        -3.0863858735
H42        -0.5141463386        -0.1155455530        -2.3072482769
H43         3.1369145471        -0.3741833702         0.0443053009
H44         5.5691876627        -0.0654176240        -0.0470809828
H45         6.5371690882         2.2120052549        -0.1742176431
H46         5.0455015153         4.1883933253        -0.2419770412
H47         2.6147148095         3.9076707384        -0.1871821478
H48        -1.4765580518         2.0702141431         1.7081936451
H49        -1.8483857129         2.0477500181         4.1226707542
H50        -0.0093822288         1.4595633023         5.6714932837
H51         2.2197055939         0.8723339426         4.7745706253
H52         2.6343861434         0.8731433066         2.3880174870
H53        -1.1384267937         2.3734212320        -2.0781060787
H54        -2.4106196610         4.4286195492        -2.4006599078
H55        -2.0843700493         6.3605519856        -0.8877197425
H56        -0.4555870391         6.2132720511         0.9716267119
H57         0.8186966034         4.1552199488         1.3458167628
H58         0.9305447636        -0.8980249258         0.2546290388
H59        -0.5049220724        -1.6193501614         1.9586622827
H60        -2.7472095588        -2.0066684926         2.8878887090
H61        -4.7433236379        -1.0397075810         1.7851186935
H62        -4.4863481095         0.3138968944        -0.2720630607
H63        -2.2785362563         0.7041597666        -1.2277023511
H64         0.1841390810        -2.7991562687        -1.5948889063
H65         1.7059089901        -4.5084334915        -2.4542494894
&

