&zmat
 Br1            -1.8712985390             0.8408806565            -3.2827597044
 C2             -0.1115379256             0.3229399798            -2.5951403893
 P3             -0.0702951449             0.2269939517            -0.8648743629
 C4             -1.1250170728            -1.1639410567            -0.3041558910
 C5             -1.4866775523            -1.3087702722             1.0488544373
 C6             -2.2111753679            -2.4341366251             1.4617344921
 C7             -2.5796997008            -3.4137083329             0.5278827615
 C8             -2.2157413918            -3.2722527573            -0.8193737127
 C9             -1.4808796311            -2.1555616427            -1.2365458395
 C10             1.6589950346            -0.1645114407            -0.4132442786
 C11             2.5242242998            -0.6896878202            -1.3935487613
 C12             3.8388516523            -1.0320532139            -1.0536687386
 C13             4.2909867701            -0.8799268777             0.2653957473
 C14             3.4242038429            -0.3812643099             1.2486383305
 C15             2.1117017319            -0.0246148709             0.9141445396
 C16            -0.5850574107             1.6604874712             0.1757003436
 C17            -1.9596967976             1.8733371498             0.4215089245
 C18            -2.3989122323             3.0735814222             0.9952391052
 C19            -1.4778135615             4.0769504077             1.3255828909
 C20            -0.1120149068             3.8827633693             1.0654134079
 C21             0.3313334337             2.6904844070             0.4828176210
 H22             0.6478913179             1.0023833319            -3.0031711996
 H23            -1.2116286554            -0.5388114183             1.7762879609
 H24            -2.4905926731            -2.5442487033             2.5137843262
 H25            -3.1481189544            -4.2905926707             0.8526109690
 H26            -2.5021656249            -4.0357770804            -1.5486323420
 H27            -1.1697374013            -2.0309608413            -2.2783702582
 H28             2.1469684252            -0.8340594682            -2.4103961423
 H29             4.5088964377            -1.4299750950            -1.8215044497
 H30             5.3155207316            -1.1584791514             0.5294859286
 H31             3.7693764077            -0.2684361037             2.2805895681
 H32             1.4420760364             0.3723994134             1.6828608331
 H33            -2.6851585884             1.0965548180             0.1634882840
 H34            -3.4662723916             3.2238094222             1.1830994147
 H35            -1.8226165220             5.0122045128             1.7763962103
 H36             0.6109172415             4.6656259913             1.3140598978
 H37             1.3956000471             2.5561277046             0.2658697744
&

