&gen
basis=6-31G**
igeopt=1
dftname=PBE-D3
ifreq=1
&
entry_name: J1_9243_2111.in
&zmat
C1         -0.5063423222         0.0293388825        -2.8533330596
C2         -0.6147248792        -0.5992837847        -1.4874194790
C3         -1.8919346103        -0.1154790177        -0.7578177294
C4         -1.9214741934         1.4285926276        -0.5687276109
C5         -2.7739567107         1.8862221405         0.6322669229
C6         -3.9232669324         0.9148519637         0.9150038324
C7         -3.4041988117        -0.4941226511         1.2643105507
C8         -2.0575357396        -0.8375559966         0.5947924423
O9          0.5258446994        -0.2610397119        -0.7142798800
C10         1.5460963506        -1.2238013890        -0.8757346109
C11         2.7732755028        -0.7504167503        -0.1535537822
C12         2.9458133293        -1.0363767230         1.2109999294
C13         4.0691699365        -0.5590308791         1.8936094322
C14         5.0191727379         0.2165323933         1.2231711793
C15         4.8445771039         0.5207376957        -0.1297856583
C16         3.7225759434         0.0454309827        -0.8160895775
O17        -1.3363314432        -0.2155930409        -3.7144986301
H18         0.3193471248         0.6952088873        -3.0840064226
H19        -0.7186530695        -1.7030863087        -1.6305257132
H20        -2.7668762581        -0.4013903050        -1.3862749636
H21        -0.8943515256         1.8304623590        -0.4306434731
H22        -2.3278823977         1.8896028029        -1.4956238470
H23        -2.1318161133         1.9570136207         1.5379985497
H24        -3.1837299194         2.8998398259         0.4321160407
H25        -4.5399698007         1.3018292205         1.7547888122
H26        -4.5770963211         0.8587901892         0.0167289675
H27        -4.1695100957        -1.2397244409         0.9566337049
H28        -3.2848245880        -0.5802253187         2.3664206695
H29        -1.9966563793        -1.9388474488         0.4529559041
H30        -1.2273260170        -0.5412949588         1.2739668987
H31         1.7884001995        -1.3757732146        -1.9530368502
H32         1.2251634237        -2.2016382712        -0.4495231751
H33         2.2111233636        -1.6264691242         1.7450027527
H34         4.2009167910        -0.7866756901         2.9435154905
H35         5.8872041709         0.5865869327         1.7532994781
H36         5.5764569377         1.1286874232        -0.6457636006
H37         3.5933205132         0.2980970777        -1.8613379283
&

