&gen
basis=6-31G**
igeopt=1
dftname=PBE-D3
ifreq=1
&
entry_name: J1_10217_2111.in
&zmat
C1          2.4080082616        -1.6219763833         1.9266092711
O2          1.1291009815        -1.2716732785         1.4128296521
C3          0.9676946159        -0.4593483513         0.2871803038
O4          1.9786915219        -0.0172313824        -0.3254327202
C5         -0.4305499869        -0.1113382578        -0.1553648311
C6         -0.5885885174         0.0446570496        -1.6468461996
C7         -1.4654737806        -1.0120646492        -2.3629743726
C8         -2.9536404312        -0.9154604913        -2.0217636875
O9         -1.3227177873        -0.8400420187        -3.7668724889
C10        -0.5869599677        -1.8964192452        -4.3591363289
C11         0.8854062229        -1.7634086962        -4.0645340103
C12         1.5037093538        -2.6043565342        -3.1236819990
C13         2.8495070420        -2.4202552162        -2.7923696934
C14         3.5856112667        -1.3967132934        -3.3952551207
C15         2.9770507692        -0.5553485692        -4.3307039952
C16         1.6308773121        -0.7348995822        -4.6636354342
O17        -1.1619031213         1.3286502437        -1.6103147119
P18        -0.9754289390         1.6186123818         0.0814106892
C19        -2.7657456748         1.8999708239         0.1747623456
C20        -3.6226304627         0.9018598710         0.6738489559
C21        -5.0070769155         1.0926280110         0.6757642085
C22        -5.5516881415         2.2705021831         0.1602837045
C23        -4.7123387253         3.2560528442        -0.3637589373
C24        -3.3269286139         3.0689416379        -0.3667297477
C25        -0.6038326619         1.7614602160         1.8968735776
C26        -1.5930063307         1.9393210960         2.8968068660
C27        -1.2439029354         2.0391206927         4.2472388383
C28         0.0927328805         1.9933640398         4.6347516415
C29         1.0879810903         1.8710497665         3.6698522377
C30         0.7465194928         1.7718477153         2.3197189126
C31         0.0485998813         3.0909444907        -0.2454361167
C32         1.1670177987         3.0236579420        -1.0957100988
C33         1.9472592729         4.1589549447        -1.3333486868
C34         1.6201340957         5.3740388699        -0.7286580005
C35         0.5100166838         5.4566367997         0.1135727785
C36        -0.2730171336         4.3243400582         0.3533820111
H37         2.9604441829        -0.7060024418         2.2257984409
H38         2.9873895534        -2.1764718016         1.1581195818
H39         2.2778200857        -2.2699989851         2.8173086725
H40        -1.1653804018        -0.8166788933         0.2832934187
H41         0.3887443176         0.1127927276        -2.1661982469
H42        -1.1282826203        -2.0151933050        -2.0065937837
H43        -3.5249434281        -1.6200131429        -2.6626313436
H44        -3.3420261445         0.1086972400        -2.2032263331
H45        -3.1310244153        -1.2123636745        -0.9701597579
H46        -0.7289357789        -1.8376455010        -5.4589726573
H47        -0.9834026367        -2.8947475254        -4.0621894337
H48         0.9417232153        -3.3911327186        -2.6362782084
H49         3.3196369766        -3.0662256583        -2.0622063035
H50         4.6261300441        -1.2529585315        -3.1345135825
H51         3.5462865293         0.2412920639        -4.7918936381
H52         1.1646563849        -0.0643718037        -5.3748921821
H53        -3.2187576645        -0.0101675245         1.0912574054
H54        -5.6576504407         0.3263111777         1.0767601332
H55        -6.6241268295         2.4162017202         0.1596896285
H56        -5.1361427046         4.1610796293        -0.7793848149
H57        -2.7004080645         3.8267896518        -0.8153910017
H58        -2.6391472761         2.0368051054         2.6761806904
H59        -2.0155065716         2.1659339455         4.9959587828
H60         0.3579552012         2.0747459515         5.6809308912
H61         2.1291425681         1.8648252207         3.9657643486
H62         1.5519631350         1.7281157118         1.6016136921
H63         1.4384754147         2.1031588084        -1.5861573398
H64         2.8057486340         4.0965107955        -1.9895888789
H65         2.2259214367         6.2515955015        -0.9138782091
H66         0.2565242054         6.3983789037         0.5828929369
H67        -1.1239080771         4.4079089797         1.0171357362
&

