&gen
basis=6-31G**
igeopt=1
dftname=PBE-D3
ifreq=1
&
entry_name: J1_9980_2111.in
&zmat
C1         -1.4840868298        -3.0036923486         1.1579525090
C2         -0.3589067415        -2.8439307640         0.7563830426
C3          1.0097057034        -2.6444689908         0.2615907395
C4          1.4885206671        -1.2029733668         0.4911071750
C5          0.7027795445        -0.1749573241        -0.3654759488
C6          1.1339758608         0.0265025414        -1.8166973596
C7          2.4460684931        -0.6448013759        -2.2727732569
C8         -0.0040864141        -0.2507911188        -2.8162906625
O9         -0.3950279175        -1.6037933575        -2.7075108006
C10        -1.3477574864        -1.9287134467        -3.7047157568
C11        -2.1014892654        -3.2063056658        -3.3001387803
C12        -1.1681774398        -4.4175533886        -3.3300444252
C13        -0.4322374254        -4.4797123598        -4.6672925822
C14         0.2238072133        -3.1277838041        -4.9670537885
O15        -0.7337883170        -2.0819586693        -4.9787013317
O16         1.3589356926         1.4086393168        -1.7066062109
P17         1.0682881994         1.5810728368        -0.0159923380
C18         2.8201572137         2.0207744485         0.2430141318
C19         3.6085780218         1.3457852152         1.1950196671
C20         4.9575649443         1.6718455652         1.3596834677
C21         5.5396749747         2.6653293272         0.5706388354
C22         4.7736702825         3.3330838013        -0.3863658399
C23         3.4239196163         3.0111580256        -0.5536025112
C24         0.6135457709         1.7032764388         1.7682280579
C25         1.1547317968         2.7268445828         2.5813034203
C26         0.7721175652         2.8624004002         3.9180410924
C27        -0.1840178710         2.0073872905         4.4627536787
C28        -0.7753674358         1.0295698046         3.6648053070
C29        -0.3975570271         0.8895343110         2.3265972444
C30        -0.1703641894         2.8635378524        -0.3218060704
C31         0.1739918045         4.2246104313        -0.2622192377
C32        -0.7909621815         5.2080632386        -0.4988156154
C33        -2.1068078920         4.8426073374        -0.7917489020
C34        -2.4612225117         3.4925736718        -0.8410595631
C35        -1.4994988172         2.5063361918        -0.6040599027
H36        -2.4723207398        -3.1423337896         1.5098066663
H37         1.6821221359        -3.3403353614         0.8061563316
H38         1.0426731556        -2.9097712145        -0.8130454666
H39         1.3630461592        -0.9733182104         1.5685255211
H40         2.5771770122        -1.1534534617         0.2984489427
H41        -0.3888344702        -0.3552384465        -0.2994121504
H42         2.6800645005        -0.3447007780        -3.3162857932
H43         2.3670609033        -1.7492685083        -2.2470876520
H44         3.3019925572        -0.3160713369        -1.6468837877
H45         0.3492383614        -0.0128200775        -3.8459513537
H46        -0.8651782776         0.4150733120        -2.5867792558
H47        -2.1219444016        -1.1300954370        -3.7866238540
H48        -2.9438508076        -3.3743338930        -4.0068098165
H49        -2.5256104010        -3.0873568330        -2.2793280125
H50        -0.4304034186        -4.3422998873        -2.5009812918
H51        -1.7576066958        -5.3480240106        -3.1833005879
H52         0.3444146775        -5.2735578618        -4.6298616914
H53        -1.1511620888        -4.7294946611        -5.4781591126
H54         1.0435553375        -2.9189300292        -4.2438267422
H55         0.6925707046        -3.1813922416        -5.9719810101
H56         3.1800544549         0.5856285595         1.8314065349
H57         5.5516571506         1.1545228374         2.1018864187
H58         6.5848143824         2.9156497872         0.6987495486
H59         5.2274844048         4.0971609756        -1.0041680000
H60         2.8571005343         3.5260618853        -1.3178199174
H61         1.8660045718         3.4381593898         2.1852041355
H62         1.2091582110         3.6419284851         4.5286913398
H63        -0.4825871895         2.1165946126         5.4973325797
H64        -1.5402056785         0.3857529124         4.0798411000
H65        -0.9176588098         0.1494290058         1.7424644946
H66         1.1788817016         4.5319116478        -0.0135265663
H67        -0.5192996426         6.2545880482        -0.4495043234
H68        -2.8529797560         5.6052807539        -0.9732507048
H69        -3.4830238620         3.2097555738        -1.0586971326
H70        -1.7994593765         1.4687227166        -0.6296298641
&

