&gen
basis=6-31G**
igeopt=1
dftname=PBE-D3
ifreq=1
&
entry_name: J1_10080_2111.in
&zmat
C1          0.9664152638        -0.7113321999        -7.5607626294
C2          0.4833465839        -1.6897485964        -6.4904417242
C3         -0.2337427461        -0.9905961335        -5.3256133900
C4         -1.6214502258        -0.4579253167        -5.7212557904
C5         -2.3469191164         0.1939121861        -4.5373612617
C6         -2.7815250511        -0.8367660923        -3.5213958435
C7         -2.2536559424        -0.9809088620        -2.2916822000
C8         -1.1524029585        -0.0993280387        -1.7413455712
O9         -1.5479221673         1.2513572128        -1.6604881797
P10        -1.1408203604         1.5224110526        -0.0094590865
C11        -2.8032482719         2.2470326045         0.3386597908
C12        -2.9566480783         3.2822453649         1.2893806966
C13        -4.2057979668         3.8584531522         1.5331146875
C14        -5.3242493125         3.4333226360         0.8188216723
C15        -5.1925001431         2.4395050875        -0.1493982395
C16        -3.9453108842         1.8597779651        -0.3978569732
C17        -0.6034345012         1.4841414060         1.7600631169
C18        -1.5005017733         1.0646913236         2.7703524507
C19        -1.0911422063         0.9558608684         4.1010920795
C20         0.2278003859         1.2343751982         4.4521367248
C21         1.1432676138         1.6056921917         3.4693190992
C22         0.7402036033         1.7141836485         2.1352199093
C23         0.0838226367         2.7539877029        -0.5559725768
C24        -0.1764121256         4.1329742198        -0.4642273614
C25         0.7599262696         5.0642066534        -0.9235466157
C26         1.9561597617         4.6318467056        -1.4980527001
C27         2.2136849299         3.2662412262        -1.6244814648
C28         1.2807096087         2.3318616445        -1.1668088020
C29        -0.7641101041        -0.2398116779        -0.2834675681
C30        -1.4858805049        -1.2408011655         0.6183728964
C31        -2.8843804659        -1.2660500983         0.7890248733
C32        -3.4808906547        -2.1700543026         1.6722988327
C33        -2.6929289720        -3.0600706234         2.4022433697
C34        -1.3067645580        -3.0502118725         2.2463227958
C35        -0.7069931756        -2.1489160277         1.3623954877
H36         0.1072798028        -0.2491448389        -8.0890614939
H37         1.5939022586         0.0844206768        -7.1059797116
H38         1.5778606459        -1.2573203612        -8.3097530456
H39        -0.1853373833        -2.4482835524        -6.9523588733
H40         1.3691763836        -2.2256175039        -6.0855390277
H41         0.3965790560        -0.1592572456        -4.9401299760
H42        -0.3503046909        -1.7329127878        -4.5067914575
H43        -2.2433877613        -1.2831344129        -6.1332754596
H44        -1.5082766730         0.3114192548        -6.5139045636
H45        -1.7062337110         0.9879135712        -4.1048750053
H46        -3.2614033585         0.6961492065        -4.9187330143
H47        -3.5384704237        -1.5501959543        -3.8352669733
H48        -2.6020696016        -1.8283549625        -1.7155416527
H49        -0.2528796807        -0.1831903742        -2.3896175988
H50        -2.1103888488         3.6498967826         1.8539068195
H51        -4.3044084062         4.6408423903         2.2745218629
H52        -6.2909505310         3.8820532070         1.0073937040
H53        -6.0581006266         2.1214709359        -0.7162038610
H54        -3.8910302597         1.1122111050        -1.1748624738
H55        -2.5251021082         0.8141070308         2.5362326052
H56        -1.7976128722         0.6448255860         4.8598218723
H57         0.5448573554         1.1458165730         5.4831725095
H58         2.1742768005         1.7958487278         3.7387739654
H59         1.5006246435         1.9568283519         1.4123645049
H60        -1.1024298291         4.5039140928        -0.0604421362
H61         0.5525313598         6.1234883584        -0.8428064858
H62         2.6783107038         5.3547328944        -1.8549010397
H63         3.1358498963         2.9304040196        -2.0808882930
H64         1.5036925839         1.2814999195        -1.2825348250
H65         0.3356735327        -0.3833435586        -0.2100216638
H66        -3.5218816042        -0.6049749522         0.2364194563
H67        -4.5567110710        -2.1794270767         1.7907126494
H68        -3.1563833852        -3.7577918088         3.0876314294
H69        -0.6946115348        -3.7390894654         2.8139219076
H70         0.3718799804        -2.1546033245         1.2693322028
&

