&gen
basis=6-31G**
igeopt=1
dftname=PBE-D3
ifreq=1
&
entry_name: J1_10061_2111.in
&zmat
C1          2.1288745643         0.0447178737        -0.2770728206
C2          1.0450356545        -0.4946502883         0.2743773995
C3         -0.3957387882        -0.2044654995        -0.1258866285
C4         -0.6053189508        -0.1317073974        -1.6202343758
C5         -1.5228540229        -1.1980430218        -2.2718341583
C6         -0.9096614553        -2.6250833172        -2.1667554452
C7         -1.7389187734        -3.5684335112        -1.2862604693
C8         -3.1937656675        -3.6810146787        -1.7815553888
C9         -3.7687956478        -2.3550498013        -2.3255378081
C10        -2.9963316973        -1.1395026959        -1.8061359933
O11        -1.1739757585         1.1513836004        -1.6311025202
P12        -0.9672773390         1.5298921248         0.0416139499
C13        -2.7324965263         1.9064596034         0.2260149035
C14        -3.2541669997         3.1365191309        -0.2083809824
C15        -4.6158218638         3.4189366079        -0.0635531228
C16        -5.4673100874         2.4827799190         0.5267027236
C17        -4.9555696928         1.2676648187         0.9855295237
C18        -3.5949193749         0.9830954334         0.8438114549
C19        -0.8315888477         1.8069642715         1.8605301801
C20        -0.8752702064         3.1216651144         2.3810002996
C21        -0.8143604736         3.3531349258         3.7571891328
C22        -0.7503779031         2.2798956844         4.6441931942
C23        -0.7746412118         0.9740929471         4.1563103241
C24        -0.8358103795         0.7377276462         2.7800480677
C25         0.2318636052         2.8580561427        -0.3674103982
C26         1.4333747313         3.0132805375         0.3578091078
C27         2.3445884474         4.0187607327         0.0253203963
C28         2.0802511169         4.8784490832        -1.0407686789
C29         0.9075396768         4.7283108531        -1.7813708414
C30        -0.0072436546         3.7236967603        -1.4531581490
C31         1.4090613350        -1.6075242671         1.2001402024
C32         2.9371939988        -1.5760577860         1.2694733777
C33         3.3894797248        -0.5496514857         0.2314935268
H34         2.1114285845         0.8042624100        -1.0502635426
H35        -1.0981930306        -0.9122548063         0.3533532673
H36         0.3446716268        -0.0960767572        -2.1954003691
H37        -1.5403332195        -0.9438056034        -3.3562948744
H38         0.1301043580        -2.5899838915        -1.7743975990
H39        -0.8461432130        -3.0704107960        -3.1844590525
H40        -1.7295707967        -3.1947446262        -0.2394526922
H41        -1.2720977956        -4.5770367528        -1.2809591964
H42        -3.2488110961        -4.4504029069        -2.5823980287
H43        -3.8245678180        -4.0383764230        -0.9386852561
H44        -4.8375875195        -2.2657750187        -2.0332972713
H45        -3.7270304930        -2.3605231569        -3.4372055388
H46        -3.4751942230        -0.2075741607        -2.1778139947
H47        -3.0640785779        -1.1469879236        -0.7044920500
H48        -2.6159659338         3.8897797570        -0.6402311545
H49        -5.0098177977         4.3680465773        -0.4033354305
H50        -6.5207284668         2.7040208834         0.6395331606
H51        -5.6117536544         0.5486243972         1.4585693807
H52        -3.2132524039         0.0501722757         1.2346013036
H53        -0.9622622257         3.9747619406         1.7209168387
H54        -0.8289230507         4.3669027717         4.1360360302
H55        -0.7087847447         2.4596135385         5.7106690427
H56        -0.7672660258         0.1408360594         4.8471769931
H57        -0.9330940880        -0.2828827820         2.4580766971
H58         1.6719376011         2.3572045540         1.1842400174
H59         3.2589508532         4.1285980999         0.5939267927
H60         2.7880114248         5.6557254632        -1.2982824894
H61         0.7095797246         5.3868054426        -2.6172765037
H62        -0.8906771098         3.6165191415        -2.0666073532
H63         1.0573790476        -2.5738523099         0.7780840918
H64         0.9741790136        -1.4579527028         2.2082110242
H65         3.3627637996        -2.5785839741         1.0453846070
H66         3.2673640774        -1.2614575148         2.2840602413
H67         3.9343360747        -1.0424447862        -0.6020387917
H68         4.0243980283         0.2370597019         0.6925258821
&

