&gen
basis=6-31G**
igeopt=1
dftname=PBE-D3
ifreq=1
&
entry_name: J1_9762_2111.in
&zmat
C1          0.7708090720         4.8973519582        -3.8489162429
O2          0.6815864474         3.5965619168        -3.2769273227
C3          0.4429618408         3.3439400755        -1.9179327002
C4          0.2686852133         4.3765162226        -0.9771467647
C5          0.0457373726         4.0705921041         0.3676099774
C6         -0.0147349788         2.7395231122         0.7854320160
C7          0.1291659056         1.7006945964        -0.1462650870
P8          0.1020256466        -0.0269506622         0.3722727466
C9         -0.2717478656        -0.1935462089         1.9579774411
C10        -1.6138394419         0.0796529889         2.5329212043
C11        -2.6269738069         0.7619055339         1.8273301493
C12        -3.8726093146         0.9899799385         2.4194295612
C13        -4.1231629206         0.5472086171         3.7193162106
C14        -3.1265535965        -0.1219205172         4.4317441427
C15        -1.8790369376        -0.3525899747         3.8443135341
C16         1.7762121975        -0.6331062854         0.0899213033
C17         2.0795517094        -1.3810812170        -1.0568824886
C18         3.3888326728        -1.8049928348        -1.2933372609
C19         4.4091055031        -1.4688042303        -0.4003308125
C20         4.1249446754        -0.6903776294         0.7376897990
O21         5.1153009590        -0.3108690069         1.6558226519
C22         6.4905093395        -0.6630207303         1.5459551001
C23         2.8090196634        -0.2709389462         0.9680704146
C24        -1.0737083836        -1.0239859173        -0.5672925117
C25        -1.9763119406        -0.4343871043        -1.4642735517
C26        -2.8890692059        -1.2264259710        -2.1638483206
C27        -2.9136914365        -2.6097264114        -1.9704532553
C28        -2.0212969477        -3.2131941720        -1.0643785158
O29        -2.0083247666        -4.5959868371        -0.8291465399
C30        -2.8764854695        -5.5276272756        -1.4659708079
C31        -1.1101375628        -2.4116736113        -0.3665325912
C32         0.3799296171         2.0123792535        -1.4905488240
H33        -0.1845570413         5.4445600773        -3.7037896880
H34         0.9641056399         4.8024047656        -4.9370143706
H35         1.6085802429         5.4610125318        -3.3866996601
H36         0.3116121528         5.4157883896        -1.2728028597
H37        -0.0750534278         4.8680635595         1.0894505332
H38        -0.1706893508         2.5277810831         1.8343557456
H39         0.4726307684        -0.6425006213         2.6028976046
H40        -2.4642014107         1.1330490253         0.8272877266
H41        -4.6437208902         1.5145299612         1.8700399304
H42        -5.0882591432         0.7255561128         4.1756331949
H43        -3.3202048386        -0.4626413214         5.4406723715
H44        -1.1204890438        -0.8749217148         4.4146928150
H45         1.3100370911        -1.6328320131        -1.7741997767
H46         3.6149975776        -2.3898713592        -2.1755976809
H47         5.4141873240        -1.8090076041        -0.6087233139
H48         7.0448043975        -0.2319980529         2.4046275224
H49         6.6046871874        -1.7674380414         1.5671774288
H50         6.9158271553        -0.2524284715         0.6058768835
H51         2.5960242331         0.3454963240         1.8324909280
H52        -1.9896375969         0.6350591919        -1.6185195507
H53        -3.5830157947        -0.7660168280        -2.8552703658
H54        -3.6311910477        -3.1986545374        -2.5251510177
H55        -2.7197117408        -5.5058310006        -2.5651386532
H56        -2.6486022529        -6.5477281147        -1.0947579799
H57        -3.9342353469        -5.2896990517        -1.2255911296
H58        -0.4255287370        -2.8740195038         0.3341301682
H59         0.5249106335         1.2171864394        -2.2116994605
&

