&gen
basis=6-31G**
igeopt=1
dftname=PBE-D3
ifreq=1
&
entry_name: J1_10321_2111.in
&zmat
C1          4.8932299228        -2.7369443345         1.2837335670
C2          3.4826743253        -2.4307899417         0.7896233072
C3          2.6842868658        -1.6551106661         1.8437261399
C4          1.2818914157        -1.3889889616         1.3730517575
C5          1.0276514931        -0.5082545634         0.3941080251
C6         -0.3844077078        -0.2247352677        -0.0516604046
C7         -0.4960983606        -0.1452165227        -1.5546915459
C8         -1.3630761880        -1.2097368856        -2.2700194224
C9         -2.8716446725        -1.1884208292        -1.8771952779
C10        -3.6838872624        -2.3123251739        -2.5735188413
O11        -4.9860822551        -2.3578865967        -2.0537832845
C12        -2.9758503406        -3.6378280955        -2.2842548785
O13        -3.5498492975        -4.7695872551        -2.8504192002
C14        -2.4403459774        -5.6521488154        -2.9945131133
C15        -2.5350579120        -6.7597597754        -1.9389010623
C16        -2.4704351935        -6.2660878909        -4.3988173333
O17        -1.2156413376        -4.9457525801        -2.8167700057
C18        -1.6119794994        -3.6158431992        -2.8793739321
C19        -0.7355911323        -2.6241388230        -2.1162740497
O20        -1.0630447144         1.1403486642        -1.6013240560
P21        -0.9468818912         1.5104653515         0.0798702889
C22        -2.7428647525         1.7688174556         0.0915368599
C23        -3.6005381458         0.8127416010         0.6659390686
C24        -4.9869838586         0.9747184823         0.6004480248
C25        -5.5316787142         2.0826028331        -0.0520581487
C26        -4.6901162917         3.0270548390        -0.6442269038
C27        -3.3026274710         2.8677034964        -0.5816724737
C28        -0.6484905636         1.7601965328         1.8975125528
C29         0.6809730365         1.7516498555         2.3820909014
C30         0.9653197165         1.9305817294         3.7372950105
C31        -0.0656992934         2.1622232805         4.6426790755
C32        -1.3791393644         2.2438391664         4.1879817610
C33        -1.6706577687         2.0648959899         2.8321613970
C34         0.0855582387         2.9654891762        -0.2762736493
C35        -0.2955706596         4.2365280354         0.1930360632
C36         0.4972290456         5.3569318725        -0.0698550151
C37         1.6765589397         5.2227092803        -0.8050370572
C38         2.0639044117         3.9675317235        -1.2787222265
C39         1.2739224139         2.8440863822        -1.0176613243
H40         5.4479467861        -3.2963589458         0.5012280628
H41         4.8537161556        -3.3582198346         2.2037973341
H42         5.4387917584        -1.7938310858         1.5005736887
H43         2.9654386567        -3.3878518248         0.5587018312
H44         3.5540659650        -1.8355853622        -0.1466170978
H45         3.1868785137        -0.6904749475         2.0763941158
H46         2.6354330663        -2.2527435236         2.7797789318
H47         0.4629353224        -1.9014601687         1.8703976139
H48         1.8544206127         0.0167671764        -0.0735809357
H49        -1.1210650977        -0.9119107196         0.4112122791
H50         0.4994683313        -0.1093305417        -2.0525318829
H51        -1.3217837901        -0.9511476028        -3.3526171819
H52        -3.3136159800        -0.2037746662        -2.1419999026
H53        -2.9710623154        -1.3359069890        -0.7853036448
H54        -3.7226171746        -2.1329346627        -3.6738817538
H55        -5.4634586053        -1.5658763636        -2.4151229473
H56        -2.9287032709        -3.7882009379        -1.1775031576
H57        -1.6850817260        -7.4678925508        -2.0422902097
H58        -2.5013008331        -6.3182449235        -0.9203209818
H59        -3.4883843447        -7.3197960021        -2.0487612743
H60        -2.4135894053        -5.4645122414        -5.1655118168
H61        -3.4130935748        -6.8334616015        -4.5540162591
H62        -1.6076141377        -6.9515518292        -4.5410629986
H63        -1.6438791190        -3.3130360564        -3.9543909369
H64        -0.6671531119        -2.9128803513        -1.0442722105
H65         0.2889669451        -2.6332790321        -2.5473441145
H66        -3.1960517838        -0.0440615913         1.1877043393
H67        -5.6389465400         0.2402263110         1.0551109816
H68        -6.6056245010         2.2059098327        -0.1045515638
H69        -5.1133658437         3.8773349675        -1.1631418144
H70        -2.6710336259         3.5890674400        -1.0813903187
H71         1.5169752847         1.6409181996         1.7082562861
H72         1.9910717331         1.9055161502         4.0820684972
H73         0.1556443261         2.3066420579         5.6922517909
H74        -2.1762162999         2.4636813241         4.8868066052
H75        -2.6976765507         2.2084125958         2.5516411707
H76        -1.1998191154         4.3592103414         0.7750031147
H77         0.1980075739         6.3294091163         0.2991252957
H78         2.2900020646         6.0910050818        -1.0078751123
H79         2.9771028106         3.8646498757        -1.8505358470
H80         1.5928544529         1.8883367885        -1.4024088985
&

