&gen
basis=6-31G**
igeopt=1
dftname=PBE-D3
ifreq=1
&
entry_name: J1_9884_2111.in
&zmat
C1          0.5072693596        -2.5451268962         1.5611317556
C2         -0.7116856166        -2.5136220565         0.6386084856
C3         -1.4190701098        -1.1433653916         0.6308224148
C4         -0.7278155853        -0.1210889147        -0.3028420167
C5         -1.1717080361         0.0894212639        -1.7516963620
C6         -2.3614980597        -0.6371970719        -2.4965440708
C7         -3.7543663151        -0.2144414567        -1.9586090654
C8         -2.2924174588        -0.1622343745        -3.9736296193
C9         -2.1871529103        -2.1879029708        -2.4392695988
C10        -3.0199147191        -2.9973448326        -3.4545961945
C11        -2.8812048471        -4.4972968659        -3.2044242142
O12        -1.4521991146         1.4612516458        -1.6146499749
P13        -1.0886827371         1.6372077469         0.0582371184
C14        -2.8165777071         2.1305325426         0.3487263168
C15        -3.6576545123         1.3937007587         1.2034590443
C16        -4.9927128804         1.7681047648         1.3791496274
C17        -5.5056042180         2.8748652260         0.7001742801
C18        -4.6836076633         3.6097528421        -0.1560346125
C19        -3.3478685025         3.2394939203        -0.3339774671
C20        -0.5569797688         1.7306779974         1.8248638333
C21        -1.1936135972         2.5832969671         2.7590248665
C22        -0.7478763660         2.6609627040         4.0812628853
C23         0.3632554771         1.9267954868         4.4912382184
C24         1.0488386594         1.1358348520         3.5716755020
C25         0.6085343177         1.0555345386         2.2482641442
C26         0.1398710560         2.9147398564        -0.3051553343
C27        -0.0925729674         4.2571581956         0.0415818281
C28         0.8647524434         5.2353484440        -0.2422618214
C29         2.0595833433         4.8835227588        -0.8745214959
C30         2.2992931609         3.5521130810        -1.2226100335
C31         1.3448217591         2.5706376802        -0.9398482107
H32         1.3076570595        -1.8811767881         1.1765883702
H33         0.2291376986        -2.2337317026         2.5904586066
H34         0.9094672783        -3.5791511488         1.6044206415
H35        -1.4322741364        -3.2827360307         0.9920948043
H36        -0.3857415546        -2.7990641610        -0.3820309467
H37        -2.4782589709        -1.2807755355         0.3823147844
H38        -1.4186821173        -0.7669485559         1.6726013225
H39         0.3683177937        -0.2831931546        -0.2939158107
H40        -0.2609988821        -0.0134594964        -2.3865034614
H41        -4.5660580498        -0.6419370732        -2.5823593742
H42        -3.8777488222         0.8873825304        -1.9984470808
H43        -3.9442462931        -0.5474836909        -0.9263531608
H44        -1.3710875788        -0.5406040796        -4.4674500975
H45        -2.2851048482         0.9477273742        -4.0337434057
H46        -3.1705280035        -0.5081020298        -4.5596050330
H47        -2.4750448140        -2.5511686714        -1.4363018340
H48        -1.1160022838        -2.4375327485        -2.6049415827
H49        -4.0939566655        -2.7293493996        -3.3808341658
H50        -2.6697531501        -2.7924385811        -4.4884357655
H51        -3.2616382095        -4.7577947236        -2.1937060702
H52        -1.8170060033        -4.8054579992        -3.2862386104
H53        -3.4721696938        -5.0569416327        -3.9598463359
H54        -3.2847239958         0.5469459278         1.7560612632
H55        -5.6298026766         1.2002000680         2.0447172895
H56        -6.5401295820         3.1621091918         0.8364672662
H57        -5.0832558136         4.4633675435        -0.6879920817
H58        -2.7347599807         3.8076766295        -1.0209832024
H59        -2.0225523072         3.2160509643         2.4796820413
H60        -1.2573199814         3.3056778077         4.7858808941
H61         0.7095251565         1.9926940398         5.5145520903
H62         1.9353335647         0.5963707410         3.8794873853
H63         1.2065501904         0.4853655437         1.5580780105
H64        -1.0045520145         4.5483610997         0.5437881824
H65         0.6811697501         6.2664455191         0.0307841420
H66         2.7999981503         5.6420055370        -1.0933399347
H67         3.2254884849         3.2800613730        -1.7120779041
H68         1.5490501445         1.5462979474        -1.2187033616
&

