&gen
basis=6-31G**
igeopt=1
dftname=PBE-D3
ifreq=1
&
entry_name: J1_9802_2111.in
&zmat
C1         -1.3183410425        -2.8067970981        -0.2522079594
C2         -0.2260868658        -1.9203100151         0.3344569761
P3         -0.3094686305        -0.2261875801        -0.3536878012
C4         -0.0236151728        -0.2546678534        -2.1552351756
C5          0.7609496745         0.7640313400         0.3905259678
C6          2.2380401414         0.5926832985         0.4173666069
C7          2.9178345982        -0.4488983325        -0.2473951028
C8          4.3112525750        -0.5460287357        -0.1778810592
C9          5.0453113635         0.3901168025         0.5514353882
C10         4.3872655747         1.4269956577         1.2133890357
C11         2.9946545246         1.5285819378         1.1471492356
C12        -1.9529579726         0.4376504774        -0.0081836042
C13        -2.6956952209         1.0912230937        -1.0056156963
C14        -3.9580320372         1.6170927122        -0.7127430330
C15        -4.4823688645         1.5051043943         0.5773650520
C16        -3.7421947450         0.8721895522         1.5788250536
C17        -2.4798966335         0.3453314781         1.2899551048
H18        -1.1985144827        -2.8914322839        -1.3526236430
H19        -1.2459509612        -3.8230853410         0.1888743602
H20        -2.3228547745        -2.3945145030        -0.0210134681
H21         0.7577525208        -2.3778198489         0.1160725000
H22        -0.3438907999        -1.8728330490         1.4369546326
H23        -0.8849852104        -0.7391120636        -2.6587885651
H24         0.8889426392        -0.8268593412        -2.4052803006
H25         0.0842906190         0.7834124111        -2.5314071147
H26         0.3481037315         1.6141833720         0.9198798509
H27         2.3951067863        -1.1917527063        -0.8221360417
H28         4.8228434689        -1.3497513819        -0.6917514648
H29         6.1236139076         0.3121820119         0.6031731650
H30         4.9561682036         2.1536878543         1.7789438848
H31         2.5066739714         2.3425152991         1.6697668587
H32        -2.3074514283         1.2013287572        -2.0080891480
H33        -4.5285534747         2.1153008379        -1.4859365294
H34        -5.4589550764         1.9139050141         0.8022921393
H35        -4.1447676093         0.7932173587         2.5803962992
H36        -1.9142232977        -0.1306835270         2.0800767179
&

