&gen
basis=6-31G**
igeopt=1
dftname=PBE-D3
ifreq=1
&
entry_name: J1_10316_2111.in
&zmat
C1         -1.1602610042        -0.3781151023         0.1654965623
C2          0.3154146346        -0.1799935049        -0.2108334447
C3          0.5180309045        -0.0879302855        -1.7070090387
C4          1.3933560066        -1.1805231176        -2.4074381796
C5          1.4176079880        -0.8526887499        -3.9193858472
C6          0.7123030950        -2.5540610281        -2.2164527512
C7          2.8508751343        -1.2060662267        -1.8452672583
C8          3.7864564221        -2.1574472375        -2.5585387789
C9          3.8914377038        -3.4972154563        -2.1455149197
C10         4.7575607624        -4.3736852077        -2.8060590403
C11         5.5296337267        -3.9199942189        -3.8785862756
C12         5.4391584850        -2.5879723579        -4.2905907172
C13         4.5744220042        -1.7080045652        -3.6329163383
O14         1.1328035423         1.1745829799        -1.6971452535
P15         0.9384030772         1.5273689176        -0.0201473381
C16         2.7120656961         1.8420838660         0.1806319915
C17         3.5455845446         0.8518074740         0.7294098948
C18         4.9154104013         1.0821399420         0.8809746130
C19         5.4642575286         2.3088197272         0.5023298525
C20         4.6409060400         3.3102110739        -0.0169471142
C21         3.2702212816         3.0820279093        -0.1720800601
C22         0.7976137401         1.7881551371         1.8003043258
C23         0.7596066573         0.7101271512         2.7117431785
C24         0.7077485075         0.9388477829         4.0898656938
C25         0.7263326722         2.2410792520         4.5875964843
C26         0.8162138347         3.3190621221         3.7086815292
C27         0.8682546679         3.0971673899         2.3306428257
C28        -0.2361885142         2.8734774854        -0.4178291933
C29         0.0529823550         3.7922244936        -1.4452003268
C30        -0.8513155927         4.8077827935        -1.7687671879
C31        -2.0624202833         4.9126378089        -1.0835446792
C32        -2.3759335786         3.9955553235        -0.0797434171
C33        -1.4757860695         2.9776259280         0.2464349795
H34        -1.8249425010         0.3136907486        -0.3921499530
H35        -1.4610392301        -1.4174014788        -0.0829735656
H36        -1.3201986576        -0.2270426150         1.2506634851
H37         0.9711230150        -0.9276124961         0.2725092475
H38        -0.4555728591         0.0068179860        -2.2414736087
H39         1.9469392664         0.1070957289        -4.1026616082
H40         0.3855280186        -0.7632237487        -4.3222976397
H41         1.9253579412        -1.6521550874        -4.4990650195
H42         0.7581126153        -2.8762160101        -1.1547782887
H43         1.2015270264        -3.3338854624        -2.8371776122
H44        -0.3559608053        -2.5062645880        -2.5198074821
H45         2.8390128555        -1.4910895145        -0.7754645309
H46         3.2854661058        -0.1847387829        -1.8960687048
H47         3.3026979092        -3.8623112121        -1.3131798239
H48         4.8311172080        -5.4047788037        -2.4853351538
H49         6.1997393486        -4.5998369987        -4.3886853921
H50         6.0398876456        -2.2367539133        -5.1195657866
H51         4.5160339702        -0.6781492593        -3.9626560939
H52         3.1348436128        -0.0932563209         1.0551537096
H53         5.5501346645         0.3115126541         1.2988245799
H54         6.5248126241         2.4878789270         0.6227961859
H55         5.0638971518         4.2674142477        -0.2932018149
H56         2.6536928946         3.8834544373        -0.5450861056
H57         0.7888754124        -0.3149337935         2.3825392322
H58         0.6666604395         0.1015558564         4.7746612528
H59         0.6904408415         2.4138715466         5.6554361747
H60         0.8571519287         4.3291466866         4.0953777462
H61         0.9739379370         3.9532574077         1.6773031365
H62         0.9655539463         3.7146916753        -2.0191679105
H63        -0.6160127956         5.5089971091        -2.5589912317
H64        -2.7617155699         5.6990162004        -1.3365459554
H65        -3.3188614255         4.0719117609         0.4461113066
H66        -1.7454788324         2.2830075683         1.0299797453
&

