&gen
basis=6-31G**
igeopt=1
dftname=PBE-D3
ifreq=1
&
entry_name: J1_10184_2111.in
&zmat
C1          1.4341027137        -1.1980441518         0.4403155466
C2          0.6489346813        -0.1537492364        -0.3760183166
C3          1.0862737414         0.0372640903        -1.8221164997
C4          2.4241825899        -0.6136775422        -2.2270511288
Si5         -0.2528097702        -0.3902528024        -3.1000742648
C6         -0.6513850919        -2.2110675982        -2.9835504558
C7         -1.8290533738         0.5739034754        -2.8483306695
C8          0.3558081532        -0.0176794237        -4.8279815794
O9          1.2735487246         1.4253712156        -1.7280608459
P10         1.0400239545         1.5984433568        -0.0255605626
C11         2.8114240022         2.0002737690         0.2023530415
C12         3.5798834017         1.3686009164         1.2019115727
C13         4.9395444335         1.6576757360         1.3449102624
C14         5.5565773378         2.5668527256         0.4849818855
C15         4.8156942680         3.1840582369        -0.5236055882
C16         3.4551241589         2.8995049300        -0.6697057863
C17         0.6454164913         1.7300919639         1.7718155032
C18         1.1619081141         2.8034544068         2.5346239694
C19         0.8265265549         2.9555399986         3.8820789623
C20        -0.0604848221         2.0666113380         4.4866974927
C21        -0.6311866986         1.0383927693         3.7379340106
C22        -0.2992134277         0.8812986876         2.3892389773
C23        -0.1918750982         2.9029039617        -0.2746004416
C24        -1.5623195446         2.5986430470        -0.2162878067
C25        -2.5195529811         3.5995946164        -0.4021081357
C26        -2.1180171970         4.9168507048        -0.6326360795
C27        -0.7586462955         5.2354675984        -0.6652790142
C28         0.2012878449         4.2357481871        -0.4808225328
H29         1.2294257326        -2.2078457383         0.0271905731
H30         1.1117370403        -1.2019616146         1.4986912970
H31         2.5262577657        -1.0296521016         0.4198531393
H32        -0.4418419292        -0.3396251471        -0.3020452360
H33         3.2513032093        -0.2745226924        -1.5696784317
H34         2.7045143370        -0.3122866991        -3.2571901129
H35         2.3524507422        -1.7208616899        -2.1879055321
H36        -1.4431076762        -2.4631318886        -3.7183756299
H37         0.2583593222        -2.8059700676        -3.2034177502
H38        -1.0082632597        -2.4460418983        -1.9598755792
H39        -1.6020294442         1.6588541859        -2.8405485181
H40        -2.3064740103         0.2675574839        -1.8970628569
H41        -2.5255806555         0.3555769956        -3.6833757627
H42         0.7117594703         1.0318952727        -4.8753837483
H43        -0.4757302148        -0.1583656788        -5.5485106909
H44         1.1842340854        -0.7056115589        -5.0928274098
H45         3.1283211337         0.6654811348         1.8881034291
H46         5.5154661434         1.1749466510         2.1238414515
H47         6.6102937915         2.7878132510         0.5956950443
H48         5.2980515185         3.8779838848        -1.1998385804
H49         2.9163769594         3.3669999349        -1.4820642440
H50         1.8184172093         3.5370895440         2.0860088365
H51         1.2452925120         3.7733153729         4.4542483427
H52        -0.3237842519         2.1885791432         5.5293963926
H53        -1.3465656090         0.3696591870         4.1991238046
H54        -0.8097277919         0.1072959285         1.8402125729
H55        -1.8916499490         1.5903494564        -0.0114329277
H56        -3.5728987438         3.3544959912        -0.3607515723
H57        -2.8597014007         5.6923290621        -0.7736891717
H58        -0.4480069959         6.2597938111        -0.8256780427
H59         1.2425736429         4.5150372176        -0.4770388618
&

