MAEFILE: J1_8273_2111.01.mae
&gen 
basis=6-31g** 
igeopt=1 
dftname=pbe-d3 
ifreq=1 
&
&zmat
 C1              0.6077943531             1.1034022535             0.0000000000
 C2              0.5032309074            -0.4202375687             0.0000000000
 Cl3            -1.2022841103            -0.9928113942             0.0000000000
 O4              1.6908050004             1.6569371986             0.0000000000
 H5             -0.3663767626             1.6595667618             0.0000000000
 H6              1.0096766909            -0.8213840232            -0.8924733197
 H7              1.0096766909            -0.8213840232             0.8924733197
&
&guess  basgss=6-31g** numd=6
    1 Orbital Energy  -100.688659 Occupation  1.000000 Symmetry Ap      
 -0.000002705020069  0.000030236154126 -0.000005235774092  0.000010074018526
  0.000000000000000 -0.000177588455916 -0.000075608190616  0.000094653647797
  0.000000000000000 -0.000021810996859 -0.000042912991242 -0.000011711928877
 -0.000027523232468  0.000000000000000  0.000000000000000 -0.000009438463819
  0.000009631060999 -0.000063438859389 -0.000027099163512  0.000000000000000
  0.000281562832100  0.000047741258383  0.000059967589604 -0.000000000000000
 -0.000037581793510  0.000010345355838  0.000010266416754 -0.000013122833907
  0.000000000000000  0.000000000000000  0.995992326260114  0.015206676758134
  0.000050377823526  0.000018749207382 -0.000000000000000 -0.021637724651320
 -0.000039919013104 -0.000018731360987  0.000000000000000  0.001595664861195
  0.000015176107764  0.000006548232447 -0.000000000000000  0.007790035733882
  0.007803160492977  0.007805073970604 -0.000008526234951 -0.000000000000000
  0.000000000000000 -0.000006191381875 -0.000024264927086 -0.000004232767883
  0.000003032119628  0.000000000000000  0.000152055132934 -0.000045629216104
 -0.000047399934839  0.000000000000000 -0.000002631203141 -0.000021416457222
 -0.000021925047266  0.000010943041784  0.000000000000000 -0.000000000000000
 -0.000002761978172 -0.000077859410642  0.000001677900582  0.000016274034163
  0.000000000000000 -0.000035244821061 -0.000088022063921  0.000025952449540
 -0.000000599383233 -0.000013442293016 -0.000035244821061 -0.000088022063921
  0.000025952449540 -0.000000599383233  0.000013442293016
    2 Orbital Energy   -18.798634 Occupation  1.000000 Symmetry Ap      
 -0.000025021159814 -0.000534763922180  0.000011768272477  0.000046938051471
  0.000000000000000  0.003045702208735  0.002608589677162  0.001060616293302
 -0.000000000000000  0.000703181371708  0.000173102037247  0.000013581205120
  0.000421348298959 -0.000000000000000 -0.000000000000000 -0.000001787482692
 -0.000047386185646 -0.000015868303378 -0.000020261813131  0.000000000000000
 -0.000023250914892 -0.000138136622484  0.000121600662585  0.000000000000000
  0.000020086174328  0.000009506118813 -0.000004332769327  0.000014197277605
 -0.000000000000000 -0.000000000000000 -0.000001342685439 -0.000032311803262
  0.000003763590466  0.000005916683617 -0.000000000000000 -0.000064097107215
 -0.000033386310421 -0.000050066160698  0.000000000000000  0.000373068475885
  0.000177890265444  0.000250631470351 -0.000000000000000 -0.000061497601332
 -0.000022365560781 -0.000090399111494  0.000044831891573  0.000000000000000
 -0.000000000000000 -0.992491662691423 -0.026775736724823  0.001003940333065
  0.000533012767692 -0.000000000000000 -0.013925209653212  0.001342393123928
  0.000740949662548 -0.000000000000000  0.008204064605501  0.008500855634500
  0.008573461808032 -0.000262343794880 -0.000000000000000  0.000000000000000
  0.000019310136549  0.000368090940182  0.000010342572594 -0.000021527462809
 -0.000000000000000 -0.000008599344322 -0.000015136307648 -0.000008920254529
 -0.000049792625691  0.000009234919693 -0.000008599344322 -0.000015136307648
 -0.000008920254529 -0.000049792625691 -0.000009234919693
    3 Orbital Energy   -10.010918 Occupation  1.000000 Symmetry Ap      
  0.992380611441292  0.052360120035024  0.000951748516982  0.000347035625518
 -0.000000000000000 -0.009549506239306  0.002326889117950  0.002435256520169
 -0.000000000000000 -0.009419680278951 -0.010201681333132 -0.010584944738799
  0.000461708775391  0.000000000000000 -0.000000000000000  0.001721565103046
 -0.000043810735523  0.000005763232851 -0.000364509379970 -0.000000000000000
  0.003260807480382 -0.000388899515417  0.002116307088703  0.000000000000000
 -0.000203659856424 -0.000581910396871 -0.000205093365040 -0.000067974706506
  0.000000000000000 -0.000000000000000  0.000002159487555 -0.000071874204179
  0.000019297716205  0.000019269825841 -0.000000000000000 -0.000098214787079
 -0.000148744381959 -0.000147809612651  0.000000000000000  0.000367198626901
  0.000238280851260  0.000243705005502 -0.000000000000000 -0.000121228696479
 -0.000052680430794 -0.000169001827462  0.000009196079521  0.000000000000000
 -0.000000000000000 -0.000102413525225  0.000273808620070  0.000175286179890
  0.000131800506489 -0.000000000000000 -0.002690482186995  0.001997787276906
  0.000746009927309 -0.000000000000000 -0.000366586899006  0.000119945432568
  0.000411485533258 -0.000366172714258 -0.000000000000000  0.000000000000000
 -0.000437584527129  0.002139652068967 -0.000300099973514  0.000005152816285
  0.000000000000000 -0.000109232264061  0.000431375132246 -0.000006951790138
  0.000032266170703  0.000077601871897 -0.000109232264061  0.000431375132246
 -0.000006951790138  0.000032266170703 -0.000077601871897
    4 Orbital Energy    -9.979323 Occupation  1.000000 Symmetry Ap      
  0.001947622489112  0.000501197933738  0.000021843333185 -0.000174791998455
 -0.000000000000000 -0.005231973435993  0.000579002475168  0.002754619201383
  0.000000000000000  0.000072481617895  0.000479207169795  0.000198031516274
  0.000040348666590 -0.000000000000000  0.000000000000000 -0.992623122701992
 -0.053265055459907  0.000450009064270  0.000237380574786 -0.000000000000000
  0.019149651371295 -0.000995872972639  0.001203758612794  0.000000000000000
  0.009846342493558  0.009846343884219  0.009527311084477  0.000123543765144
 -0.000000000000000  0.000000000000000  0.000003461620680  0.000051793947107
 -0.000002013800495  0.000006879404883  0.000000000000000 -0.000030232765815
 -0.000189780959244 -0.000105643904630  0.000000000000000 -0.003242787828673
 -0.001879660419424 -0.000736208812516  0.000000000000000  0.000174783223810
  0.000151189356848  0.000138443415000 -0.000053015918955 -0.000000000000000
  0.000000000000000  0.000037054155834  0.000167534377202 -0.000020584765364
 -0.000017150891091  0.000000000000000 -0.000511341363305  0.000212585764659
 -0.000166802235287 -0.000000000000000  0.000011481658371  0.000067695194291
  0.000215299150999  0.000021301859668 -0.000000000000000  0.000000000000000
  0.000170620514086  0.000211239446552 -0.000043485804594 -0.000083364198653
  0.000000000000000  0.000165533198789 -0.002626273709038 -0.000090261839594
  0.000052024466811  0.000239124006085  0.000165533198789 -0.002626273709038
 -0.000090261839594  0.000052024466811 -0.000239124006085
    5 Orbital Energy    -9.185676 Occupation  1.000000 Symmetry Ap      
 -0.000074313498864 -0.000491426823595  0.000053597555216  0.000018026966169
 -0.000000000000000  0.000871985979499 -0.001636226318721 -0.002579674712495
  0.000000000000000 -0.000137830231975  0.000037330852134 -0.000186158131349
  0.000009064074997  0.000000000000000 -0.000000000000000  0.000015481238364
  0.000746742104101  0.000531845462952  0.000190933560815 -0.000000000000000
 -0.001386907173229 -0.000814439965848 -0.001443221064904  0.000000000000000
 -0.000871461511345 -0.000229483391481 -0.000013856401396 -0.000275919605536
  0.000000000000000  0.000000000000000 -0.284311817907242  1.021118058746950
  0.005959984066265  0.002063883913621 -0.000000000000000  0.080197148579506
  0.001140584243542  0.000560281833477 -0.000000000000000 -0.014874008840743
 -0.001876703495838 -0.000931663412051  0.000000000000000 -0.017508779642153
 -0.018114937923896 -0.018128515582052  0.000251043175051  0.000000000000000
 -0.000000000000000 -0.000104384004194 -0.000459283384342  0.000053630235186
 -0.000030826464148 -0.000000000000000  0.002817419941573 -0.000812524740233
 -0.000023703619740  0.000000000000000 -0.000194199806829 -0.000316331197761
 -0.000323276050004  0.000012734622882  0.000000000000000 -0.000000000000000
 -0.000330236761178  0.000873528435940  0.000120257165837  0.000011261248648
 -0.000000000000000 -0.000072019466563  0.000997740201793 -0.000185927323018
  0.000027833683194  0.000040846500489 -0.000072019466563  0.000997740201793
 -0.000185927323018  0.000027833683194 -0.000040846500489
    6 Orbital Energy    -7.011853 Occupation  1.000000 Symmetry Ap      
  0.000129132995680  0.000690048405345 -0.000163010528795  0.000051213994567
  0.000000000000000 -0.003301694666214  0.003307998628950  0.002419859106403
 -0.000000000000000 -0.000005935264437  0.000018623139847  0.000271316281927
 -0.000069928156331 -0.000000000000000  0.000000000000000 -0.000208648047275
 -0.002357341034278 -0.000703152291787 -0.000247062799921  0.000000000000000
  0.005396085669843 -0.002724347725920  0.000923557176787  0.000000000000000
  0.001904717422289  0.000010483790681 -0.000463670826679  0.000807297735901
 -0.000000000000000 -0.000000000000000 -0.001876876270812  0.006833310799965
 -0.940409293136654 -0.309457396334569  0.000000000000000  0.000447724095104
 -0.030300786265757 -0.010168104129632  0.000000000000000 -0.001127261297818
  0.007677327364817  0.002796390359666 -0.000000000000000 -0.001580613504655
 -0.000105599074561 -0.000004944678667 -0.000648776076091  0.000000000000000
  0.000000000000000  0.000060404507838  0.000293398553643 -0.000050941064964
  0.000079489663570  0.000000000000000 -0.002285293379880  0.000494103362320
 -0.000239086676657 -0.000000000000000  0.000127676444548  0.000215410926764
  0.000120387503431  0.000069986128596 -0.000000000000000  0.000000000000000
  0.000397603922159  0.000947213645880 -0.000000011968529 -0.000134076864096
 -0.000000000000000 -0.000064652015258 -0.000959185080465  0.000386480881852
  0.000087724133054  0.000111735483704 -0.000064652015258 -0.000959185080465
  0.000386480881852  0.000087724133054 -0.000111735483704
    7 Orbital Energy    -6.999751 Occupation  1.000000 Symmetry Ap      
 -0.000064359807827 -0.000337915418257  0.000010588978361  0.000099935490752
  0.000000000000000  0.000451987590549 -0.000819857621519 -0.002293252407435
  0.000000000000000 -0.000068452934664 -0.000025414771858 -0.000117514929173
  0.000180421557702  0.000000000000000 -0.000000000000000  0.000031409233301
  0.000127424351159 -0.000112484233975 -0.000191937728533  0.000000000000000
 -0.001203196103752  0.000617766135177 -0.000669370917140 -0.000000000000000
 -0.000136846274281  0.000110811736215  0.000208753985027  0.000281123629462
 -0.000000000000000 -0.000000000000000  0.000041324328957 -0.000103556422539
 -0.309686731603664  0.940874045369464  0.000000000000000  0.000089132676333
 -0.009225679159403  0.028686370753364  0.000000000000000 -0.000155718970658
  0.002620877750778 -0.008347874484960 -0.000000000000000 -0.000084555677260
  0.000273905800202  0.000120541593941  0.000348137048199  0.000000000000000
 -0.000000000000000 -0.000052160182147 -0.000245585660466  0.000051238346066
 -0.000037737655345 -0.000000000000000  0.001555403543625 -0.000465415047912
  0.000219724335625  0.000000000000000 -0.000111576808082 -0.000178583849157
 -0.000136522906094 -0.000035063044919  0.000000000000000 -0.000000000000000
 -0.000304211292311  0.001720242383358  0.000118489043279 -0.000118170799300
 -0.000000000000000  0.000046015625020 -0.000694621253640  0.000108502897397
  0.000061229887015 -0.000072652762521  0.000046015625020 -0.000694621253640
  0.000108502897397  0.000061229887015  0.000072652762521
    8 Orbital Energy    -6.999474 Occupation  1.000000 Symmetry App     
  0.000000000000000  0.000000000000000 -0.000000000000000  0.000000000000000
  0.000126673588704  0.000000000000000  0.000000000000000 -0.000000000000000
 -0.000624004740606 -0.000000000000000  0.000000000000000 -0.000000000000000
 -0.000000000000000  0.000037858490871  0.000014720173029  0.000000000000000
  0.000000000000000 -0.000000000000000  0.000000000000000  0.000110402804893
  0.000000000000000 -0.000000000000000  0.000000000000000  0.000460123926969
  0.000000000000000 -0.000000000000000  0.000000000000000  0.000000000000000
 -0.000231273398323 -0.000202933796658  0.000000000000000  0.000000000000000
  0.000000000000000 -0.000000000000000 -0.990570483588330  0.000000000000000
  0.000000000000000 -0.000000000000000 -0.029929407121547  0.000000000000000
 -0.000000000000000  0.000000000000000  0.008327899838549  0.000000000000000
 -0.000000000000000  0.000000000000000  0.000000000000000 -0.000416257131663
 -0.000151749083859  0.000000000000000  0.000000000000000  0.000000000000000
 -0.000000000000000 -0.000079188847785  0.000000000000000 -0.000000000000000
  0.000000000000000  0.000328488780445  0.000000000000000 -0.000000000000000
  0.000000000000000  0.000000000000000 -0.000037480270373 -0.000027230221762
  0.000000000000000  0.000000000000000 -0.000000000000000  0.000000000000000
  0.000022211170783 -0.000045409635101  0.001123583677815 -0.000272626196804
 -0.000049322643065  0.000026049391688  0.000045409635101 -0.001123583677815
  0.000272626196804  0.000049322643065  0.000026049391688
    9 Orbital Energy    -0.977170 Occupation  1.000000 Symmetry Ap      
 -0.118888366395035  0.230207042588172  0.168852537674387  0.076361797445999
 -0.000000000000000  0.075970851669266 -0.027253860599231 -0.008170103401139
  0.000000000000000  0.013672805413101 -0.009847723835735 -0.017849519865204
  0.019553643037125  0.000000000000000 -0.000000000000000 -0.020363610556157
  0.035552709093575  0.007865422530794  0.026061954878951 -0.000000000000000
  0.024700379998570  0.008765891550921  0.003994421071955 -0.000000000000000
 -0.000533017822741  0.006568199698591 -0.001666008920457  0.003204071173044
  0.000000000000000 -0.000000000000000  0.001599971748035 -0.006570647695026
 -0.002490250446263 -0.001496861792923  0.000000000000000  0.014620671346453
  0.006355444854413  0.004209318498911 -0.000000000000000 -0.000674296909697
 -0.001742309527050 -0.004760919285483  0.000000000000000  0.002258415401988
  0.000243755931143  0.000206435185357  0.000777052113924 -0.000000000000000
 -0.000000000000000 -0.193696875388103  0.423729879046684 -0.148527689599493
 -0.079253502734020  0.000000000000000  0.388351830112609 -0.050158632798613
 -0.028912830171710  0.000000000000000  0.005864895073966 -0.005174992500678
 -0.004369337251787  0.010407946452491  0.000000000000000 -0.000000000000000
  0.027078542601691 -0.008738638177328  0.006326021177894 -0.001206218063614
 -0.000000000000000  0.007704403997599 -0.000348265888340 -0.000377596291671
  0.000848078053702  0.000762962150769  0.007704403997599 -0.000348265888340
 -0.000377596291671  0.000848078053702 -0.000762962150769
   10 Orbital Energy    -0.796825 Occupation  1.000000 Symmetry Ap      
 -0.026167956993495  0.051428285538283 -0.046934034522240 -0.069748813476012
  0.000000000000000  0.022522707408656 -0.003058675791463 -0.003018174521748
  0.000000000000000 -0.004316705087805  0.006658104178142 -0.001063078745236
 -0.001658505092280  0.000000000000000  0.000000000000000 -0.116973576391985
  0.217668751305216 -0.079287446623713 -0.016083598745637  0.000000000000000
  0.219975276215863 -0.033266183480127 -0.003807039306525  0.000000000000000
  0.009187817993357 -0.003674324072053 -0.007998936908309  0.005894335201162
 -0.000000000000000 -0.000000000000000  0.066510793318598 -0.298842394819208
 -0.047804781213215 -0.017194292997251  0.000000000000000  0.586879794307065
  0.112992385769303  0.040299376642953 -0.000000000000000  0.197058505481907
  0.002117323204797  0.002305427648412 -0.000000000000000  0.025527571263708
 -0.008951747574675 -0.014568535980440  0.015930248138729 -0.000000000000000
 -0.000000000000000  0.027251138515098 -0.062154232856420  0.012863941649279
 -0.001627097269932 -0.000000000000000 -0.059201044666500  0.001863594333312
 -0.003253620374076 -0.000000000000000 -0.000353643322521  0.001367439250267
 -0.000407582721166  0.000597224659426  0.000000000000000 -0.000000000000000
  0.018211099148604  0.005341963460868  0.000524115610082 -0.001986741587445
 -0.000000000000000  0.056135143581813  0.003373677959732 -0.003237933308914
  0.001938355357982  0.004839237954744  0.056135143581813  0.003373677959732
 -0.003237933308914  0.001938355357982 -0.004839237954744
   11 Orbital Energy    -0.656440 Occupation  1.000000 Symmetry Ap      
  0.083065014108618 -0.170473562584299  0.079930689048298  0.153443684404277
 -0.000000000000000 -0.139725700434033  0.017638477401634  0.029327314798139
 -0.000000000000000  0.010558464028215 -0.009137746716012  0.003542903283939
  0.008673252394579 -0.000000000000000 -0.000000000000000  0.137190490357192
 -0.271271615953885 -0.089766822371750 -0.087041377614745  0.000000000000000
 -0.265059418173116 -0.017433505028758 -0.019188156955033  0.000000000000000
  0.011730552118700 -0.003246453720443  0.002494487803506  0.004315912202854
 -0.000000000000000 -0.000000000000000  0.049236730293807 -0.221470508629234
  0.023171207638027  0.012098345638203 -0.000000000000000  0.452400468567363
 -0.050807008807453 -0.027140432912911  0.000000000000000  0.220597162802621
 -0.001947306548949 -0.003174449679520  0.000000000000000 -0.005439363882905
 -0.003589709486762 -0.001161389521865 -0.004181549308383  0.000000000000000
  0.000000000000000 -0.056669124980306  0.128818358455043  0.002738290212294
  0.034737216934927  0.000000000000000  0.152754132695825  0.005665968676223
  0.016157659714090 -0.000000000000000 -0.002761688106372 -0.005119766711696
  0.000791157010031 -0.003700464032662  0.000000000000000  0.000000000000000
 -0.054231870230715 -0.014398615137152 -0.002946461783479  0.003896320850101
  0.000000000000000 -0.100241857504952 -0.027952423931451  0.002432043054098
 -0.004450735040735 -0.006947343044381 -0.100241857504952 -0.027952423931451
  0.002432043054098 -0.004450735040735  0.006947343044381
   12 Orbital Energy    -0.543224 Occupation  1.000000 Symmetry Ap      
  0.131377617205787 -0.278682107015568  0.203232243269733 -0.057987243757306
 -0.000000000000000 -0.268490924609326  0.095481251606457  0.000039960011540
 -0.000000000000000  0.006773061359021  0.005996818579995  0.006449191294720
  0.005696516830081 -0.000000000000000  0.000000000000000 -0.073000619064421
  0.146963038813148  0.092259688383039 -0.180172013575683 -0.000000000000000
  0.189505113766713  0.028086462046587 -0.060135659094514 -0.000000000000000
  0.000217806147285 -0.012714914501569  0.005164196335787  0.004254431102060
 -0.000000000000000 -0.000000000000000 -0.009062137976702  0.041276900728360
 -0.033996556764004  0.016021408122958  0.000000000000000 -0.084976142666518
  0.081693143721707 -0.038680915409372 -0.000000000000000 -0.062123629118025
  0.015398392097004 -0.017012656339091 -0.000000000000000  0.016139670464180
 -0.009854227860329 -0.000900127223878 -0.004991105814118 -0.000000000000000
 -0.000000000000000 -0.062267753349192  0.146039467483470  0.115365128826210
 -0.011383376831971 -0.000000000000000  0.171779320459757  0.065769810702217
 -0.000893403777156 -0.000000000000000 -0.013020953870045  0.002894153244664
  0.003284307494859 -0.002483271422061  0.000000000000000  0.000000000000000
 -0.198579143190401 -0.089922377529077 -0.010132240010391  0.006632503898928
  0.000000000000000  0.112010447134625  0.052271590484741 -0.002009796985852
  0.000535328669013  0.006632119528726  0.112010447134625  0.052271590484741
 -0.002009796985852  0.000535328669013 -0.006632119528726
   13 Orbital Energy    -0.437437 Occupation  1.000000 Symmetry App     
  0.000000000000000  0.000000000000000  0.000000000000000 -0.000000000000000
 -0.201207843071481  0.000000000000000  0.000000000000000 -0.000000000000000
 -0.089820663653807  0.000000000000000  0.000000000000000  0.000000000000000
 -0.000000000000000 -0.007409561570800  0.007839840842983  0.000000000000000
  0.000000000000000  0.000000000000000 -0.000000000000000 -0.402250974098911
  0.000000000000000  0.000000000000000 -0.000000000000000 -0.201722080651682
  0.000000000000000  0.000000000000000  0.000000000000000 -0.000000000000000
 -0.007290242982129  0.005589570533663  0.000000000000000  0.000000000000000
 -0.000000000000000  0.000000000000000  0.066370126588081  0.000000000000000
  0.000000000000000 -0.000000000000000 -0.163420386565405  0.000000000000000
  0.000000000000000 -0.000000000000000 -0.061803634492881  0.000000000000000
 -0.000000000000000  0.000000000000000  0.000000000000000 -0.024124001479210
 -0.007564993867520  0.000000000000000  0.000000000000000  0.000000000000000
 -0.000000000000000 -0.157158698310003  0.000000000000000  0.000000000000000
 -0.000000000000000 -0.086567234436467 -0.000000000000000  0.000000000000000
 -0.000000000000000 -0.000000000000000  0.010240180338545  0.006521584572748
  0.000000000000000  0.000000000000000  0.000000000000000 -0.000000000000000
 -0.003762961348492  0.189060853852370  0.122889481358914 -0.005016269266734
  0.004740643209928  0.001535993073366 -0.189060853852370 -0.122889481358914
  0.005016269266734 -0.004740643209928  0.001535993073366
   14 Orbital Energy    -0.434269 Occupation  1.000000 Symmetry Ap      
  0.027433242438670 -0.067933453141928 -0.223941678863037  0.275456009744491
  0.000000000000000 -0.039954691479198 -0.059718629582548  0.106083073773416
  0.000000000000000  0.001478487979477  0.005943965097002  0.002125922626826
  0.005461767961402 -0.000000000000000 -0.000000000000000 -0.020687911703856
  0.037981882750952 -0.135573632849791 -0.252082626348499  0.000000000000000
  0.090748453898530 -0.083221430236156 -0.111171786824776  0.000000000000000
  0.008096543130026 -0.008567580437454  0.002406258496986 -0.003124471132246
 -0.000000000000000  0.000000000000000 -0.016325548037492  0.074684467242234
 -0.116640718646643 -0.018907672882276  0.000000000000000 -0.155368245612812
  0.289237976462878  0.046791086386119 -0.000000000000000 -0.140735893692686
  0.079550262531485  0.011525064862917 -0.000000000000000  0.026138227389243
 -0.008137412338479 -0.008113255743022  0.004405605636958 -0.000000000000000
 -0.000000000000000 -0.035590010069255  0.078474352966998  0.024157534512387
  0.265681621752992  0.000000000000000  0.134239649550258  0.010707964563443
  0.142188660866007  0.000000000000000  0.003798322196716 -0.015496568326208
  0.001747442839251 -0.015445271225091 -0.000000000000000  0.000000000000000
  0.143535733825132  0.109284730796113  0.005480427953597 -0.000911642291387
 -0.000000000000000  0.039444792776834  0.024091187668333 -0.003438719190158
 -0.004428290632436  0.001973187608919  0.039444792776834  0.024091187668333
 -0.003438719190158 -0.004428290632436 -0.001973187608919
   15 Orbital Energy    -0.409504 Occupation  1.000000 Symmetry Ap      
  0.031943073607124 -0.081281691926492 -0.155597018037408 -0.266964345426168
  0.000000000000000 -0.092646042122312 -0.039873036057517 -0.066269361492796
  0.000000000000000  0.001580552130836  0.005111228649919  0.004489867120212
 -0.000041899935450 -0.000000000000000  0.000000000000000 -0.007244363883804
  0.014148349448133 -0.189889199628034  0.213446314890321  0.000000000000000
  0.047509248288190 -0.085172193003653  0.125772614691394  0.000000000000000
  0.006059909098353  0.002453180992847 -0.009909963077820 -0.000881302773519
  0.000000000000000 -0.000000000000000 -0.006638960312376  0.030347235482319
 -0.045282335957372 -0.073119985674834  0.000000000000000 -0.063609856154027
  0.114034091006943  0.181371921625521 -0.000000000000000 -0.053481972741689
  0.036673235139866  0.072998688879144 -0.000000000000000  0.002588841164801
  0.007379022300826 -0.005511407067775  0.020945692254188  0.000000000000000
 -0.000000000000000 -0.076640769699662  0.152736681693721  0.386627926176787
  0.080673496368549 -0.000000000000000  0.359824411456790  0.185828179082761
  0.026649080735287 -0.000000000000000 -0.029075310178287 -0.004037171451885
 -0.001682544404993 -0.005880107009034  0.000000000000000  0.000000000000000
 -0.031787216014094 -0.016443204677448 -0.004878327283073 -0.003806022189911
  0.000000000000000 -0.093862724222177 -0.062625751086171 -0.000959457837161
  0.001694314319607 -0.004087892542501 -0.093862724222177 -0.062625751086171
 -0.000959457837161  0.001694314319607  0.004087892542501
   16 Orbital Energy    -0.376657 Occupation  1.000000 Symmetry Ap      
  0.008868345171815 -0.034000313744160 -0.239378633046679 -0.009965238220698
  0.000000000000000  0.029388960109372 -0.042823406389294  0.016929466370370
  0.000000000000000 -0.002247753350661  0.008364878170489  0.004645528811794
 -0.015277776181364 -0.000000000000000  0.000000000000000 -0.000423207925654
  0.003338536579527  0.288254863973709 -0.000496780456954 -0.000000000000000
 -0.047601591082602  0.140931882854873  0.004630867909834 -0.000000000000000
 -0.016179881166960  0.000059465156874  0.009010815984270 -0.014317429547394
  0.000000000000000  0.000000000000000  0.010636511819104 -0.052002949257209
  0.166918523490916  0.062944619302538 -0.000000000000000  0.094708038551994
 -0.423803150342241 -0.160321939191744  0.000000000000000  0.139065070952036
 -0.140405954771471 -0.047125540318374  0.000000000000000 -0.029172276599077
  0.004017132595338  0.008373427775708 -0.018696142507705  0.000000000000000
  0.000000000000000 -0.039777639633400  0.079202510893665  0.252916787718273
  0.191765623396541 -0.000000000000000  0.175005350252525  0.136140055928977
  0.104522732059962 -0.000000000000000 -0.011324745280599 -0.006658562698664
  0.001242785414716 -0.012354833116414  0.000000000000000  0.000000000000000
  0.115607926053141  0.111710291242088  0.001909832458216 -0.002593379035397
 -0.000000000000000  0.090491559560523  0.084059004111100  0.003189773071221
  0.001421518563921  0.004265953607152  0.090491559560523  0.084059004111100
  0.003189773071221  0.001421518563921 -0.004265953607152
   17 Orbital Energy    -0.349687 Occupation  1.000000 Symmetry App     
  0.000000000000000  0.000000000000000  0.000000000000000 -0.000000000000000
 -0.309112878883330  0.000000000000000  0.000000000000000 -0.000000000000000
 -0.186095714056304  0.000000000000000 -0.000000000000000  0.000000000000000
  0.000000000000000 -0.023857866514106 -0.015014334960330  0.000000000000000
  0.000000000000000 -0.000000000000000  0.000000000000000  0.168240675697101
  0.000000000000000 -0.000000000000000  0.000000000000000  0.113386220294346
 -0.000000000000000 -0.000000000000000 -0.000000000000000  0.000000000000000
  0.000594370932251 -0.015841281839991  0.000000000000000  0.000000000000000
  0.000000000000000 -0.000000000000000 -0.065335958384653  0.000000000000000
 -0.000000000000000  0.000000000000000  0.163849003842225  0.000000000000000
 -0.000000000000000  0.000000000000000  0.077358296351137 -0.000000000000000
  0.000000000000000 -0.000000000000000  0.000000000000000  0.013935720400290
  0.002647471993064  0.000000000000000  0.000000000000000  0.000000000000000
 -0.000000000000000 -0.490472809643775  0.000000000000000  0.000000000000000
 -0.000000000000000 -0.300016379424035 -0.000000000000000  0.000000000000000
 -0.000000000000000 -0.000000000000000  0.025883295568270  0.013516459814542
  0.000000000000000  0.000000000000000  0.000000000000000 -0.000000000000000
 -0.005373809350529 -0.095742128122235 -0.061038584781784  0.002784805496240
  0.000613203675926 -0.000431367314589  0.095742128122235  0.061038584781784
 -0.002784805496240 -0.000613203675926 -0.000431367314589
   18 Orbital Energy    -0.279991 Occupation  1.000000 Symmetry Ap      
  0.029174594455533 -0.062636334790707  0.069338903029524  0.087570936112254
 -0.000000000000000 -0.187861445407806 -0.023918333701049  0.061790500520988
  0.000000000000000 -0.004593999372080  0.004585045178942 -0.000378017362545
  0.009586288915422  0.000000000000000 -0.000000000000000 -0.016373797188532
  0.027851726897483  0.044091377736893 -0.031290117890300 -0.000000000000000
  0.091812949253593  0.026563084881628  0.055377277066953 -0.000000000000000
  0.007707003482734 -0.014754132413573  0.004212797042572 -0.014569624661924
 -0.000000000000000  0.000000000000000 -0.000127802984790  0.000557577770962
  0.100345698663077 -0.254176521291472 -0.000000000000000 -0.001724478785252
 -0.256396469493551  0.649799645563882  0.000000000000000  0.004685335614051
 -0.136977829216414  0.351420530754948  0.000000000000000 -0.006964026431593
  0.006664970256761  0.001085017475606  0.010726123705165  0.000000000000000
 -0.000000000000000  0.000359820068074 -0.004587778090235 -0.134238569834971
  0.102011670997186  0.000000000000000  0.030676963265040 -0.094494243834338
  0.060170795861103  0.000000000000000  0.005616482378594 -0.006800041313634
 -0.002485162565449 -0.001979129361123 -0.000000000000000 -0.000000000000000
 -0.046160535227176 -0.034468991842670 -0.001658252700612  0.000874854924904
  0.000000000000000  0.049083579506930  0.049706676491239  0.000855039423102
 -0.000274459216598  0.002194114310433  0.049083579506930  0.049706676491239
  0.000855039423102 -0.000274459216598 -0.002194114310433
   19 Orbital Energy    -0.269662 Occupation  1.000000 Symmetry App     
  0.000000000000000  0.000000000000000 -0.000000000000000  0.000000000000000
  0.012682325969741  0.000000000000000 -0.000000000000000  0.000000000000000
  0.006354037796468 -0.000000000000000  0.000000000000000  0.000000000000000
 -0.000000000000000  0.001891046009047  0.007888582938608  0.000000000000000
  0.000000000000000  0.000000000000000 -0.000000000000000 -0.156256090566910
  0.000000000000000  0.000000000000000 -0.000000000000000 -0.036747577656678
  0.000000000000000  0.000000000000000  0.000000000000000 -0.000000000000000
 -0.023469222882792  0.000667275890803  0.000000000000000  0.000000000000000
  0.000000000000000 -0.000000000000000 -0.271895839921896  0.000000000000000
 -0.000000000000000  0.000000000000000  0.695709984961690  0.000000000000000
 -0.000000000000000  0.000000000000000  0.392278732529856 -0.000000000000000
  0.000000000000000 -0.000000000000000 -0.000000000000000  0.005111773511275
  0.003527990974504  0.000000000000000  0.000000000000000 -0.000000000000000
  0.000000000000000  0.086075472246714  0.000000000000000 -0.000000000000000
  0.000000000000000  0.057531127607553  0.000000000000000 -0.000000000000000
  0.000000000000000  0.000000000000000 -0.003849207538782 -0.001180240050946
  0.000000000000000  0.000000000000000 -0.000000000000000  0.000000000000000
  0.001103929555828  0.112599081635090  0.135523742724553 -0.000305745687484
  0.002957738892004  0.000729858009887 -0.112599081635090 -0.135523742724553
  0.000305745687484 -0.002957738892004  0.000729858009887
   20 Orbital Energy    -0.228254 Occupation  1.000000 Symmetry Ap      
 -0.002064094882839  0.018195767538588  0.050933629255239 -0.118238513503432
 -0.000000000000000 -0.008119378011631  0.025871489030699  0.067603675905490
 -0.000000000000000 -0.034544262964976  0.032412519693913  0.001016313309720
  0.027722143011686  0.000000000000000 -0.000000000000000 -0.042218937246342
  0.086234098315535 -0.015658855763013  0.231313168471636  0.000000000000000
  0.287273141318272 -0.075371703083403  0.161060488376715  0.000000000000000
 -0.009130223011102  0.004665426314837 -0.002657707161065  0.001242370936941
  0.000000000000000 -0.000000000000000 -0.000097517420686  0.002338865835417
  0.015547013173042  0.067091329240748  0.000000000000000  0.004166193521808
 -0.043794939534029 -0.173941933779251 -0.000000000000000 -0.060606217175170
 -0.051842777832336 -0.128740141830908  0.000000000000000 -0.001932154969636
  0.002273764702819  0.001188338309016  0.009846037158742  0.000000000000000
 -0.000000000000000 -0.000129024491328  0.009534763013435 -0.248924382205886
  0.505931633802947  0.000000000000000 -0.039712993964542 -0.167334984485309
  0.361850510628811  0.000000000000000  0.015654974864791 -0.010784327344431
  0.003584426153642 -0.010288571795489 -0.000000000000000  0.000000000000000
 -0.169492543348346 -0.260871779117090 -0.000917375534365  0.000374988194730
  0.000000000000000 -0.027222866164908 -0.059156277308430 -0.000145708575647
  0.003629596941985 -0.001061900547535 -0.027222866164908 -0.059156277308430
 -0.000145708575647  0.003629596941985  0.001061900547535
   21 Orbital Energy    -0.087191 Occupation  0.000000 Symmetry App     
  0.000000000000000  0.000000000000000 -0.000000000000000  0.000000000000000
  0.525186247355216  0.000000000000000 -0.000000000000000  0.000000000000000
  0.496648595088824  0.000000000000000 -0.000000000000000  0.000000000000000
  0.000000000000000 -0.027227403295089 -0.012811189752784  0.000000000000000
  0.000000000000000  0.000000000000000 -0.000000000000000 -0.014503436762299
  0.000000000000000 -0.000000000000000  0.000000000000000  0.126036765724007
  0.000000000000000  0.000000000000000  0.000000000000000 -0.000000000000000
 -0.009079193979842  0.032520540046462  0.000000000000000  0.000000000000000
 -0.000000000000000  0.000000000000000  0.007489670052024  0.000000000000000
  0.000000000000000 -0.000000000000000 -0.022681158252180  0.000000000000000
  0.000000000000000 -0.000000000000000 -0.007265763608287  0.000000000000000
  0.000000000000000  0.000000000000000 -0.000000000000000 -0.002240356936702
  0.009154656207150  0.000000000000000  0.000000000000000  0.000000000000000
 -0.000000000000000 -0.433227017136660  0.000000000000000  0.000000000000000
 -0.000000000000000 -0.416823982869372  0.000000000000000  0.000000000000000
  0.000000000000000 -0.000000000000000 -0.001844376584552  0.000880969501369
  0.000000000000000  0.000000000000000 -0.000000000000000  0.000000000000000
  0.019153539869417  0.097553048075132  0.284163326934844 -0.000976897494741
 -0.003205473159020  0.000746572020877 -0.097553048075132 -0.284163326934844
  0.000976897494741  0.003205473159020  0.000746572020877
   22 Orbital Energy    -0.021927 Occupation  0.000000 Symmetry Ap      
 -0.000316322912175  0.004187577055647 -0.047213662078209  0.049358238948496
  0.000000000000000  0.026171366766325 -0.133596313312650 -0.051752094873077
  0.000000000000000  0.004146081748400 -0.005319013189737 -0.003035633277738
  0.019403364251676  0.000000000000000 -0.000000000000000 -0.097150684433698
  0.176691449792562 -0.429505950723849 -0.178952633405582  0.000000000000000
  0.888357041249680 -0.637221723449156 -0.325108537529889  0.000000000000000
 -0.016648629242342 -0.000853386484175  0.000016299508473 -0.008839685735085
  0.000000000000000  0.000000000000000 -0.023197673980289  0.109504808658015
  0.173273514229258  0.052514993902356 -0.000000000000000 -0.237734814893713
 -0.469693309624573 -0.140782670027732  0.000000000000000 -0.587700024628650
 -0.762729262977298 -0.247533799748012  0.000000000000000  0.104314852242876
 -0.031589377165769 -0.048065957971181  0.056212330350861 -0.000000000000000
 -0.000000000000000 -0.016410780756488  0.040378218167072 -0.005583773777302
 -0.130022042721050 -0.000000000000000  0.151170232887662 -0.037311816778809
 -0.117513994970492  0.000000000000000  0.001375195400696 -0.004590738957065
 -0.000821741746786  0.004567815062275  0.000000000000000 -0.000000000000000
 -0.022374089596304 -0.150858059022793  0.002733913296533 -0.001478602841208
 -0.000000000000000 -0.011146276855281 -0.133463833249046 -0.011702595026255
 -0.004472779340043 -0.000267365327508 -0.011146276855281 -0.133463833249046
 -0.011702595026255 -0.004472779340043  0.000267365327508
   23 Orbital Energy     0.068653 Occupation  0.000000 Symmetry Ap      
  0.046331299848201 -0.028370550500813  0.114988953650990 -0.030259404319213
 -0.000000000000000 -0.770845969177163  0.202875860948130  0.079004357813911
 -0.000000000000000  0.009029720363316  0.020371961035420 -0.007430682709577
 -0.020954205048306 -0.000000000000000  0.000000000000000 -0.119658773488039
  0.167160532138217  0.227974033342076 -0.079345529779377 -0.000000000000000
  1.924058150662512  0.576973076584552 -0.253822222603166 -0.000000000000000
  0.006802062370690 -0.005911047866108 -0.027630657131713  0.018587759118527
  0.000000000000000 -0.000000000000000  0.007043641233573 -0.012853566674067
 -0.019144595288234  0.005412714703072  0.000000000000000  0.125612178372113
  0.066758517216462 -0.020128867466238 -0.000000000000000 -0.133072797820521
 -0.089250543933162  0.047325891589343  0.000000000000000  0.038597641847433
  0.002270949764430 -0.011942830276563 -0.007704841490151 -0.000000000000000
  0.000000000000000 -0.001673858462011  0.007142694218347 -0.003756677666057
  0.011328646244186  0.000000000000000  0.021333506763582 -0.039836502303639
  0.014171670695958  0.000000000000000  0.002474321144453  0.007830661187031
 -0.004660655695041  0.001356982627071  0.000000000000000  0.000000000000000
  0.100003955322245  0.668359617790733 -0.003190761377912  0.007161596554024
  0.000000000000000 -0.082291022694544 -1.233347027487327  0.002674498904606
  0.003077332362782  0.010592956467934 -0.082291022694544 -1.233347027487327
  0.002674498904606  0.003077332362782 -0.010592956467934
   24 Orbital Energy     0.105827 Occupation  0.000000 Symmetry Ap      
 -0.125838784340580  0.247013651853810 -0.260394503472913  0.039452046291397
  0.000000000000000  1.650696249518683 -0.714800878048848  0.066362745795664
  0.000000000000000 -0.017608124026273 -0.011449591478651  0.009260019354355
 -0.008757844037101  0.000000000000000  0.000000000000000  0.011129393362047
 -0.037068030987536  0.168569039476340 -0.231431336945130 -0.000000000000000
  0.130300482316069  0.509188810682809 -0.669900394928204 -0.000000000000000
 -0.004483717788684  0.021365299859425 -0.016138690211807  0.000009561947660
  0.000000000000000  0.000000000000000  0.012508550541926 -0.038331672539789
 -0.007541517710092 -0.051377656087906 -0.000000000000000  0.185223105373581
  0.017802447654829  0.150675972093522  0.000000000000000  0.010080497901909
  0.130349279270462  0.155199875699486 -0.000000000000000  0.019951702603793
 -0.012481489734840  0.014394129682371 -0.048853099482370 -0.000000000000000
  0.000000000000000  0.010602828292760 -0.048268558410771  0.125250866116276
  0.012658674981565 -0.000000000000000  0.026566637128149  0.127378391148704
 -0.048687143448264 -0.000000000000000 -0.000165237117241 -0.008700362054809
 -0.002731964753234  0.005083245086657  0.000000000000000 -0.000000000000000
 -0.096872970782852 -1.616789776003491  0.011660188956850 -0.006507068309157
 -0.000000000000000 -0.032566125625914 -0.556262043391076  0.002211788499037
 -0.007042724139814  0.006305188387281 -0.032566125625914 -0.556262043391076
  0.002211788499037 -0.007042724139814 -0.006305188387281
   25 Orbital Energy     0.110456 Occupation  0.000000 Symmetry App     
  0.000000000000000  0.000000000000000 -0.000000000000000  0.000000000000000
  0.118374138263941  0.000000000000000 -0.000000000000000  0.000000000000000
  0.363088362440849 -0.000000000000000  0.000000000000000  0.000000000000000
 -0.000000000000000  0.000623714235642  0.014456445438450  0.000000000000000
  0.000000000000000  0.000000000000000 -0.000000000000000 -0.460872600093949
  0.000000000000000  0.000000000000000 -0.000000000000000 -1.332809307178705
 -0.000000000000000 -0.000000000000000 -0.000000000000000  0.000000000000000
  0.025645486337103 -0.005631127410402  0.000000000000000  0.000000000000000
  0.000000000000000 -0.000000000000000 -0.007521734871479  0.000000000000000
 -0.000000000000000  0.000000000000000  0.005298288435067  0.000000000000000
 -0.000000000000000  0.000000000000000  0.230913117091956  0.000000000000000
 -0.000000000000000  0.000000000000000  0.000000000000000 -0.063300520197944
 -0.041471911611264  0.000000000000000  0.000000000000000  0.000000000000000
 -0.000000000000000 -0.114808963949026  0.000000000000000  0.000000000000000
 -0.000000000000000 -0.128072274289035  0.000000000000000 -0.000000000000000
  0.000000000000000  0.000000000000000 -0.001271917316215 -0.001750051775856
  0.000000000000000  0.000000000000000 -0.000000000000000  0.000000000000000
  0.005675969891794 -0.099071326881191 -1.426504983445874 -0.007900947264271
  0.003965461935027  0.003715534268746  0.099071326881191  1.426504983445874
  0.007900947264271 -0.003965461935027  0.003715534268746
   26 Orbital Energy     0.175548 Occupation  0.000000 Symmetry Ap      
  0.034382400025679 -0.058321829471116 -0.064565411036899  0.474199289101256
  0.000000000000000 -0.552636386953668  0.460875656344116  1.735567164060217
  0.000000000000000 -0.013254776503074  0.013677946986606  0.005550310657187
 -0.013732338886414  0.000000000000000  0.000000000000000 -0.073782727196869
  0.035910537026228 -0.057331032826686  0.190063321857144  0.000000000000000
  1.637386674369504 -0.160158938504793  1.434505800110460  0.000000000000000
  0.026576586583321 -0.050045371437686  0.007386806764204  0.011841464346274
 -0.000000000000000 -0.000000000000000  0.014953888978040 -0.020571279486697
 -0.010239492030706 -0.011538152141146  0.000000000000000  0.288551800633975
  0.043325260852492  0.050176512749757 -0.000000000000000 -0.414426839611008
 -0.111673000404010 -0.254865501231432  0.000000000000000  0.041072996411836
  0.000065680373523  0.027778403432074  0.090888592140393 -0.000000000000000
 -0.000000000000000  0.044339754703646 -0.048354328214825  0.133656645157912
 -0.117853960002403 -0.000000000000000 -0.830106794353380  0.426387958037233
 -0.173612870165026 -0.000000000000000  0.014309018908663  0.020445406998076
  0.021657576736505 -0.018244443648555 -0.000000000000000  0.000000000000000
  0.009050400843054 -0.573101101400580  0.016647745872141  0.015482341955890
 -0.000000000000000  0.030836151910464  0.117591222173764  0.003144719621451
  0.014889478099209 -0.002123720094935  0.030836151910464  0.117591222173764
  0.003144719621451  0.014889478099209  0.002123720094935
   27 Orbital Energy     0.219843 Occupation  0.000000 Symmetry Ap      
  0.072902077751957 -0.042343786371410 -0.254715069459660  0.233099771939232
  0.000000000000000 -1.905178183522165 -1.981666141056108 -0.097005452251945
  0.000000000000000  0.011492395358634  0.004926308897987 -0.027838708796560
  0.011031999674520  0.000000000000000 -0.000000000000000 -0.038459045723535
  0.064724351986449  0.117650522298679  0.204057771709741 -0.000000000000000
  0.398201963855032  0.821472816953958  0.644014584229090 -0.000000000000000
  0.011476267890009 -0.027693869899312  0.014190996099565 -0.044116869074998
 -0.000000000000000  0.000000000000000 -0.000714397205385 -0.012994120462437
 -0.001202261588344  0.038517191218096  0.000000000000000 -0.051993354475853
 -0.006865099877753 -0.107854481709961 -0.000000000000000  0.507252140424046
  0.463042005955775 -0.006958561143200 -0.000000000000000 -0.109606596897821
  0.081420079146667  0.009816525219380  0.060509233153481  0.000000000000000
 -0.000000000000000 -0.103376040594113  0.099765819518479 -0.150606096892307
 -0.136916975842649  0.000000000000000  2.035059799364780 -0.683423130561855
 -0.543625978395125  0.000000000000000 -0.012651431341282 -0.052009353901345
 -0.067601566745042  0.019482064390875  0.000000000000000 -0.000000000000000
  0.075333498843496 -0.850476115067881 -0.000680506074707 -0.012090369280917
 -0.000000000000000  0.070065809639846 -0.199893623684851  0.000076238991483
 -0.003160232462877 -0.000531751524450  0.070065809639846 -0.199893623684851
  0.000076238991483 -0.003160232462877  0.000531751524450
   28 Orbital Energy     0.361125 Occupation  0.000000 Symmetry Ap      
 -0.011695326017058 -0.061118665338873  0.012812303961493  0.200640005174570
  0.000000000000000  0.288643785295264 -0.008100235062516  0.100343718665201
  0.000000000000000 -0.027100341751784  0.000333146431907  0.001193525107854
 -0.007981760049813  0.000000000000000  0.000000000000000 -0.010819159944433
 -0.013573527431729  0.212032933100451  0.043214163419333 -0.000000000000000
  0.175367165844368  0.064438368291897  0.088709245795664 -0.000000000000000
 -0.008546188490668 -0.024130067038384 -0.006168660278084  0.000506290922229
  0.000000000000000 -0.000000000000000 -0.059489539327627  0.075979210377859
 -0.140538420501318 -0.076519005615047  0.000000000000000 -1.193749484474471
  0.510812634287455  0.285296717265660 -0.000000000000000  1.555935730325971
 -0.392993930281249 -0.271216875932099  0.000000000000000 -0.169072439876600
 -0.048511172924172 -0.039260066852214 -0.029172477641485  0.000000000000000
 -0.000000000000000  0.012331854285782 -0.059788679774450  0.059855176040619
 -0.006095150662940 -0.000000000000000 -0.094916723890092  0.089694814752370
  0.007074954160247 -0.000000000000000  0.004819837672878 -0.014848716606535
 -0.009540530561585 -0.003084911173862  0.000000000000000 -0.000000000000000
 -0.086335690561489 -0.207044298241550  0.010100379150964 -0.001348217661007
 -0.000000000000000 -0.049874263459956 -0.132889238467644 -0.004312658222852
  0.007699467563781  0.008110980411068 -0.049874263459956 -0.132889238467644
 -0.004312658222852  0.007699467563781 -0.008110980411068
   29 Orbital Energy     0.407001 Occupation  0.000000 Symmetry App     
  0.000000000000000  0.000000000000000 -0.000000000000000  0.000000000000000
  0.379786016271063  0.000000000000000  0.000000000000000 -0.000000000000000
 -0.394671353481343 -0.000000000000000  0.000000000000000 -0.000000000000000
  0.000000000000000  0.015983892753031  0.004231333772969  0.000000000000000
  0.000000000000000 -0.000000000000000  0.000000000000000  0.023538195074827
  0.000000000000000 -0.000000000000000  0.000000000000000  0.066202459852683
 -0.000000000000000 -0.000000000000000 -0.000000000000000  0.000000000000000
  0.031686563913186 -0.015623312030119  0.000000000000000  0.000000000000000
  0.000000000000000 -0.000000000000000 -0.279477702006453  0.000000000000000
 -0.000000000000000  0.000000000000000  1.069953249010779  0.000000000000000
  0.000000000000000 -0.000000000000000 -1.140565121520511 -0.000000000000000
 -0.000000000000000 -0.000000000000000  0.000000000000000  0.018076117112201
 -0.011777361489184  0.000000000000000  0.000000000000000  0.000000000000000
 -0.000000000000000 -0.026418039712672  0.000000000000000 -0.000000000000000
  0.000000000000000  0.059326154691786  0.000000000000000 -0.000000000000000
  0.000000000000000  0.000000000000000 -0.023589035211221 -0.013579271568647
  0.000000000000000  0.000000000000000  0.000000000000000 -0.000000000000000
 -0.002650311419598 -0.124132092771421 -0.027988181146917 -0.019698088108600
  0.004534499202844 -0.003998409523262  0.124132092771421  0.027988181146917
  0.019698088108600 -0.004534499202844 -0.003998409523262
   30 Orbital Energy     0.407611 Occupation  0.000000 Symmetry Ap      
 -0.006865592088813  0.130481006405847 -0.139769248739626 -0.056101801094454
  0.000000000000000 -0.446816856108394 -0.230107866240422 -0.428300437369490
  0.000000000000000  0.012426093751423 -0.011025514868643  0.001211471389113
 -0.018291052423997 -0.000000000000000  0.000000000000000  0.031168735897858
 -0.248746861848878 -0.077205217236635 -0.011377543603712  0.000000000000000
  0.543960546230143 -0.245631446657473 -0.270479184532865  0.000000000000000
  0.099625958837723 -0.016694659897371 -0.044121514881867  0.043757188161568
 -0.000000000000000 -0.000000000000000  0.020713936470969  0.012134171726109
 -0.240474812568075  0.049870029796710  0.000000000000000  0.509718251512706
  0.965413194588823 -0.178817449519594 -0.000000000000000 -1.141338301196659
 -1.552440058969319  0.042728650302975  0.000000000000000  0.251003988651288
 -0.025039623667389 -0.054966257166406  0.086006291608614 -0.000000000000000
 -0.000000000000000 -0.024955898836557  0.033445547658536 -0.050713095670635
  0.073919206298971  0.000000000000000  0.490836620623784 -0.239734032341089
 -0.088791978074026  0.000000000000000 -0.001768052382498 -0.004445131543813
 -0.015976914493083  0.012453831773716  0.000000000000000 -0.000000000000000
  0.108436984582284  0.057467902126027  0.001699820198705 -0.012315602669101
 -0.000000000000000  0.012680604146029  0.202004887409214  0.035314062191254
  0.004875623434730 -0.002379726771620  0.012680604146029  0.202004887409214
  0.035314062191254  0.004875623434730  0.002379726771620
&
&hess
   1
   1  9.030981E-01
   2  1.417290E-01  5.495293E-01
   3 -3.989446E-08 -3.941697E-08  1.848463E-01
   4 -6.325388E-02  9.622538E-03  4.149765E-08  3.708192E-01
   5  3.973384E-02 -1.676031E-01  3.838048E-08 -6.101147E-02  3.960498E-01
   6 -1.081748E-06 -1.961837E-10 -7.537116E-02 -1.226967E-08  1.153470E-08
   7 -2.624374E-02 -1.007145E-03 -1.630984E-08 -1.240816E-01 -2.403163E-02
   8 -3.655722E-02 -5.016311E-03  1.009099E-08 -2.519367E-02 -3.607850E-02
   9  9.605529E-08  8.058830E-09  8.661916E-04  1.015464E-04 -1.453644E-08
  10 -6.310418E-01 -2.560493E-01 -8.659155E-09 -7.584510E-03 -3.962295E-02
  11 -2.660264E-01 -2.277099E-01  6.400517E-10 -3.634272E-02 -2.396485E-02
  12  1.847787E-04 -8.509863E-08 -5.709374E-02  5.692022E-07  1.431020E-08
  13 -1.850288E-01  1.003444E-01 -3.052656E-08 -4.495776E-04 -3.481335E-03
  14  9.306392E-02 -1.246193E-01  8.076702E-09  2.188195E-02 -1.383462E-02
  15 -5.277658E-08  6.356388E-08 -5.618064E-02 -1.290095E-08 -6.561403E-08
  16  1.167936E-03  2.731148E-03 -4.271955E-04 -8.752887E-02  4.430417E-02
  17  1.400442E-02 -1.227825E-02 -2.507605E-02  4.561548E-02 -7.728060E-02
  18 -1.281434E-03  1.614022E-03  1.452855E-03  9.733387E-02 -8.012862E-02
  19  1.167904E-03  2.731118E-03  4.271815E-04 -8.752888E-02  4.430428E-02
  20  1.400441E-02 -1.227829E-02  2.507604E-02  4.561551E-02 -7.728068E-02
  21  1.281562E-03 -1.614009E-03  1.452876E-03 -9.733391E-02  8.012856E-02
   6
   6  5.140751E-01
   7 -5.247277E-08  1.873344E-01
   8 -3.000535E-08  5.519387E-02  4.413523E-02
   9 -3.222160E-02  3.897331E-08  3.371671E-08  2.071070E-02
  10 -2.814975E-08  3.728641E-03  1.127374E-03 -2.989218E-08  6.806812E-01
  11 -4.195327E-08 -8.657427E-03 -8.351364E-03  1.377933E-08  3.132306E-01
  12  1.467080E-02  2.434168E-08 -1.025423E-08  1.039113E-03 -2.639737E-08
  13  5.250347E-08  3.368722E-03  1.067539E-03 -4.990910E-09 -4.476575E-02
  14 -1.515967E-08 -9.265959E-06  1.374985E-03 -6.375231E-09 -1.684023E-02
  15  2.049273E-02  2.993112E-08  2.053309E-08 -6.102937E-04  5.881457E-09
  16  9.932242E-02 -2.255706E-02  2.243948E-03  1.564306E-02 -2.280947E-04
  17 -8.613573E-02 -1.066828E-02  2.145655E-03  7.759272E-03 -6.972513E-04
  18 -2.209003E-01 -3.579708E-03  1.457906E-03  5.255513E-03 -8.606309E-05
  19 -9.932241E-02 -2.255704E-02  2.243931E-03 -1.564305E-02 -2.280633E-04
  20  8.613575E-02 -1.066828E-02  2.145669E-03 -7.759291E-03 -6.972939E-04
  21 -2.209002E-01  3.579766E-03 -1.457852E-03  5.255560E-03  8.600694E-05
  11
  11  2.336194E-01
  12  5.664113E-09  1.958252E-02
  13  5.796763E-04 -4.801082E-09  2.270227E-01
  14  2.192074E-02  2.039213E-08 -9.873212E-02  1.219597E-01
  15 -2.164836E-08  1.937776E-02  2.797035E-08  1.170913E-08  1.898592E-02
  16 -1.177307E-03 -3.549570E-05 -5.595929E-05  3.049998E-04 -4.435355E-04
  17  2.243216E-03  3.217417E-03  1.188483E-04 -3.412058E-03  2.620742E-03
  18  6.614308E-05  8.561275E-04 -3.074024E-04  3.734677E-04 -1.031361E-03
  19 -1.177328E-03  3.544631E-05 -5.597508E-05  3.050191E-04  4.435406E-04
  20  2.243250E-03 -3.217339E-03  1.188666E-04 -3.412040E-03 -2.620751E-03
  21 -6.610912E-05  8.561438E-04  3.073241E-04 -3.734448E-04 -1.031377E-03
  16
  16  1.016586E-01
  17 -4.389784E-02  8.331902E-02
  18 -1.030565E-01  8.713653E-02  2.329330E-01
  19  7.496476E-03 -4.494948E-03  1.095938E-02  1.016586E-01
  20 -4.494939E-03  5.262258E-03 -1.050820E-02 -4.389788E-02  8.331907E-02
  21 -1.095940E-02  1.050819E-02 -1.854885E-02  1.030566E-01 -8.713657E-02
  21
  21  2.329330E-01
&
&valid
version=1.0
geometry
atom_num=7
   6     0.6077943531     1.1034022535     0.0000000000
   6     0.5032309074    -0.4202375687     0.0000000000
  17    -1.2022841103    -0.9928113942     0.0000000000
   8     1.6908050004     1.6569371986     0.0000000000
   1    -0.3663767626     1.6595667618     0.0000000000
   1     1.0096766909    -0.8213840232    -0.8924733197
   1     1.0096766909    -0.8213840232     0.8924733197
end
molecule
molchg=0
multip=1
qs_cuts=   0    0    0
end
basis
name=6-31g**                         
numd=6
atom_basis_num=0
end
&
