&zmat
 C1              5.0263458748            -0.2958707077             2.6202978938
 Si2             4.1773062317            -0.6861826271             0.9673574590
 C25             3.6285859580            -2.5073825987             0.9586803217
 C26             5.4251827861            -0.4203883027            -0.4391159924
 C3              2.7014483412             0.3479124993             0.7296825771
 C4              1.6930725817             1.0205629254             0.4512673091
 C5              0.5213966789             1.7093263469             0.1226911505
 P6             -0.9375568878             0.8274265305            -0.0834645720
 C7             -0.7197963546            -0.6770624386            -1.1021113380
 C8              0.0871632942            -1.7189973171            -0.5978630922
 C9              0.3356382856            -2.8491877526            -1.3853651546
 C10            -0.2249052188            -2.9547411080            -2.6664033216
 C11            -1.0329431291            -1.9232449741            -3.1653816449
 C12            -1.2774212974            -0.7825638142            -2.3900703889
 C13            -2.1698708318             1.9090105999            -0.8836164452
 C14            -3.5393024071             1.8411846173            -0.5641352649
 C15            -4.4564824037             2.6476160305            -1.2491637246
 C16            -4.0152179498             3.5246756557            -2.2497960142
 C17            -2.6509723569             3.5984025128            -2.5660670639
 C18            -1.7280823184             2.7904172705            -1.8913284049
 C19            -1.7380868175             0.1609389727             1.4453737933
 C20            -2.6486375536            -0.9136883300             1.4103382037
 C21            -3.2432590539            -1.3625025459             2.5960474265
 C22            -2.9217233197            -0.7509806582             3.8172895846
 C23            -2.0013425724             0.3059348097             3.8557420109
 C24            -1.4081274008             0.7616818074             2.6713978565
 H27             5.9257148606            -0.9196270618             2.7613016643
 H28             5.3368055793             0.7610679633             2.6636878621
 H29             4.3444938136            -0.4806472128             3.4660655797
 H46             4.4886972120            -3.1813396415             1.1103113581
 H47             2.8950106120            -2.7065032138             1.7572297147
 H48             3.1616409836            -2.7622505769            -0.0070332341
 H49             4.9737941301            -0.6744873548            -1.4119136692
 H50             6.3222398109            -1.0480470597            -0.3008026968
 H51             5.7497476790             0.6319579970            -0.4845843555
 H30             0.4545216954             2.7999376912             0.1096577683
 H31             0.5254642881            -1.6400713846             0.4008247069
 H32             0.9680015535            -3.6509529050            -0.9917849963
 H33            -0.0332282574            -3.8428218374            -3.2761740418
 H34            -1.4758109138            -2.0058869255            -4.1625419437
 H35            -1.9021151415             0.0247145297            -2.7842534725
 H36            -3.8851586696             1.1636132048             0.2217273976
 H37            -5.5198656959             2.5925260693            -0.9973953308
 H38            -4.7357978677             4.1512950538            -2.7842452211
 H39            -2.3037758557             4.2828037072            -3.3458110748
 H40            -0.6621894148             2.8301220258            -2.1356318412
 H41            -2.8800933566            -1.4032884739             0.4585008772
 H42            -3.9517405667            -2.1961747701             2.5693846523
 H43            -3.3823737712            -1.1086005851             4.7433161875
 H44            -1.7396170255             0.7711512671             4.8108846983
 H45            -0.6687719878             1.5706146025             2.6795085976
&

