&gen
basis=6-31G**
igeopt=1
dftname=PBE-D3
ifreq=1
&
entry_name: J1_3695_2111.in
&zmat
C1          5.2023897712        -0.7012980708         1.6622442217
Si2          4.2298179375        -0.4866941082         0.0839493858
C3          2.6445210124         0.3098457991         0.4513561639
C4          1.5720440703         0.8087299199         0.6756230430
C5          0.2709005954         1.3654330548         0.9172408813
P6         -1.0671205458         0.6367957852         0.3323962548
C7         -0.5937890153        -0.8756038730        -0.5351777841
C8         -0.1516417413        -1.9885108625         0.1974333093
C9          0.2784596269        -3.1422451602        -0.4639118736
C10         0.2809007214        -3.1883348881        -1.8602273748
C11        -0.1449241254        -2.0794700336        -2.5963707641
C12        -0.5763943408        -0.9236672908        -1.9379949534
C13        -1.9156928569         1.7582902888        -0.7950285652
C14        -3.2957812390         1.6265489530        -1.0135073877
C15        -3.9483611434         2.4663508590        -1.9211436085
C16        -3.2255043414         3.4317022903        -2.6268798742
C17        -1.8474634826         3.5539524615        -2.4306689696
C18        -1.1916710617         2.7161643568        -1.5235021341
C19        -2.1808855457         0.2409123677         1.6964437134
C20        -3.0077320096        -0.8922755224         1.6275773836
C21        -3.9024289047        -1.1766096408         2.6634810320
C22        -3.9911772417        -0.3233079673         3.7660517713
C23        -3.1915469134         0.8205887146         3.8293734454
C24        -2.2955689760         1.1080691580         2.7950412658
C25         3.9018686329        -2.1568261255        -0.6828473996
C26         5.1955755207         0.5717829269        -1.1118399132
H27         6.1699698363        -1.1941367977         1.4354285396
H28         5.3910038830         0.2922067830         2.1182786756
H29         4.6239252443        -1.3298540395         2.3700301044
H30         0.1904136454         2.3174235369         1.4229328127
H31        -0.1308346867        -1.9581931457         1.2795306694
H32         0.6186536651        -3.9970850494         0.1059756282
H33         0.6190617864        -4.0802046229        -2.3715811541
H34        -0.1343724976        -2.1130606281        -3.6780978655
H35        -0.8866632330        -0.0709560528        -2.5261974986
H36        -3.8684930743         0.8745124305        -0.4876700607
H37        -5.0139246034         2.3648761646        -2.0815204474
H38        -3.7316037241         4.0795202350        -3.3308706554
H39        -1.2861445517         4.2942578938        -2.9859228820
H40        -0.1212385045         2.8129210912        -1.3967667572
H41        -2.9692634403        -1.5523615588         0.7710915979
H42        -4.5322902329        -2.0550234090         2.6078565732
H43        -4.6859916749        -0.5431631179         4.5662448356
H44        -3.2704807043         1.4885301503         4.6773716794
H45        -1.6993551619         2.0083770414         2.8539036924
H46         4.8659743899        -2.6462581251        -0.9303915366
H47         3.3395416262        -2.7885408479         0.0349927139
H48         3.3030388594        -2.0275933146        -1.6078822481
H49         4.6130751262         0.6972672995        -2.0475983343
H50         6.1632493228         0.0804078404        -1.3414072952
H51         5.3839543006         1.5658068503        -0.6568420565
&

