&gen
basis=6-31G**
igeopt=1
dftname=PBE-D3
ifreq=1
&
entry_name: J1_10325_2111.in
&zmat
C1          1.5011150113        -1.1724605916         0.3677411724
C2          0.6688010733        -0.1315921800        -0.4016433595
C3          1.0423507754         0.1007359616        -1.8617480362
C4          2.2928292991        -0.6394576046        -2.3816638993
C5         -0.1538565915        -0.0902767318        -2.8169291300
O6          0.1524428463         0.4144609065        -4.0880738758
O7          1.3366005994         1.4668353908        -1.7177645674
P8          1.0654062995         1.6117309257        -0.0204439022
C9          2.8262948894         2.0251747666         0.2383494412
C10         3.4528618310         2.9888695748        -0.5739989035
C11         4.8058765180         3.2941259006        -0.4016658767
C12         5.5533285160         2.6370344003         0.5769472667
C13         4.9495270719         1.6705968218         1.3827931606
C14         3.5972975769         1.3610494546         1.2133301050
C15         0.6361344466         1.7138238618         1.7714745339
C16         1.1535580718         2.7618732012         2.5688316931
C17         0.7959927288         2.8885293253         3.9131666356
C18        -0.1114769032         1.9975185209         4.4825519672
C19        -0.6784620850         0.9913676079         3.7022019074
C20        -0.3248661001         0.8595224044         2.3561844276
C21        -0.1633994051         2.9119307409        -0.2901087599
C22         0.2104356485         4.2663585739        -0.2932935211
C23        -0.7477848620         5.2627111276        -0.5019810903
C24        -2.0859722832         4.9169295961        -0.7034045452
C25        -2.4692002251         3.5739676108        -0.6882032906
C26        -1.5141252398         2.5750586983        -0.4790074263
H27         1.2729830254        -2.1849540765        -0.0256864702
H28         2.5900228032        -1.0008845934         0.2792742357
H29         1.2383558929        -1.1646413677         1.4436808004
H30        -0.4137116362        -0.3459149854        -0.2924874488
H31         3.1929073317        -0.3639086189        -1.7931931656
H32         2.5024423639        -0.3551727843        -3.4341818419
H33         2.1406381175        -1.7386157364        -2.3404207881
H34        -0.3965347048        -1.1743887562        -2.8890454557
H35        -1.0482163002         0.4424307388        -2.4270113604
H36        -0.6430295161         0.2372795328        -4.6544435886
H37         2.9018462311         3.4969786919        -1.3540090569
H38         5.2765128046         4.0375531806        -1.0319654139
H39         6.6009557273         2.8746762583         0.7088605641
H40         5.5293236658         1.1612757432         2.1416511892
H41         3.1518556677         0.6196412971         1.8620764165
H42         1.8295051906         3.4961823988         2.1523730329
H43         1.2148420088         3.6878948053         4.5107633193
H44        -0.3913010356         2.0994552974         5.5231009819
H45        -1.4063045106         0.3186315854         4.1374084283
H46        -0.8284826037         0.0959395579         1.7887925014
H47         1.2337836933         4.5598173451        -0.1144160448
H48        -0.4532632188         6.3042076090        -0.5016818263
H49        -2.8267802205         5.6896406288        -0.8631292647
H50        -3.5078991805         3.3067160464        -0.8334430854
H51        -1.8344479059         1.5433830596        -0.4500068527
&

