&gen
basis=6-31G**
igeopt=1
dftname=PBE-D3
ifreq=1
&
entry_name: J1_1066_2111.in
&zmat
C1          4.2855486164        -1.4041607591         0.1706794267
C2          4.6962205825        -0.3933788300        -0.8979087309
C3          4.0099407147         0.9730270454        -0.7315826402
C4          2.4843835012         0.9288874653        -0.9598117290
C5          1.7000245818         0.9201999705         0.3643985886
C6          0.1800150913         0.8423088359         0.1487603815
C7         -0.2917012628        -0.5854822001        -0.1783455790
C8         -1.8003971078        -0.6570856686        -0.4642743152
C9         -2.6559828555        -0.4154238577         0.7930194443
C10        -4.1421608902        -0.7699729513         0.5771239155
C11        -4.8227303705         0.1740684301        -0.4222170657
C12        -4.8678376765        -0.7038068526         1.8937145333
O13        -5.4002541611        -1.6991875232         2.3585305106
H14         4.4195002394        -0.9739706470         1.1859246896
H15         4.9206684822        -2.3108208147         0.0843404212
H16         3.2282465600        -1.7110145147         0.0293192741
H17         5.7956449151        -0.2427645116        -0.8322099544
H18         4.4757867176        -0.8091709004        -1.9051367046
H19         4.2576398212         1.4027214792         0.2641583268
H20         4.4533358423         1.6576301020        -1.4875270799
H21         2.1867404813         1.8362022335        -1.5303819255
H22         2.2154766235         0.0524676738        -1.5855387253
H23         2.0289194631         0.0836183816         1.0154292162
H24         1.9234327755         1.8649264216         0.9072804276
H25        -0.3096175712         1.1764498499         1.0879152169
H26        -0.1252558595         1.5430502966        -0.6590680903
H27         0.2376478496        -0.9526624367        -1.0820571723
H28        -0.0349439470        -1.2703036082         0.6593925929
H29        -2.0580228316         0.0831061756        -1.2517764382
H30        -2.0234149799        -1.6700963800        -0.8650134813
H31        -2.2585260903        -1.0471674886         1.6186826241
H32        -2.5728119438         0.6477263015         1.1069789183
H33        -4.2129712559        -1.8085880262         0.1820150898
H34        -4.3926010681         0.0446677642        -1.4368224077
H35        -5.9077108388        -0.0574675281        -0.4882583419
H36        -4.7023314895         1.2335850649        -0.1088919087
H37        -4.9199006588         0.2336090835         2.4391586921
&

