&gen
basis=6-31G**
igeopt=1
dftname=PBE-D3
ifreq=1
&
entry_name: J1_10023_2111.in
&zmat
C1          3.5336773255        -5.1340923142        -2.0612998916
C2          3.8728159146        -3.6486866426        -2.2140253570
C3          5.2449068873        -3.3565390602        -1.6000320018
O4          3.9104204932        -3.3276118252        -3.5864110385
C5          2.9334500754        -2.3542439299        -3.7899995479
C6          3.5568589075        -1.0260914990        -4.1828163727
O7          2.9438694037        -0.0095361261        -3.4326106766
C8          2.5294393189        -0.6007975336        -2.2234627246
C9          1.2615324970         0.1253521989        -1.7218259979
O10         1.5147247705         1.5003007005        -1.5966098136
P11         1.1484846503         1.6675828802         0.0767121883
C12         2.8724458922         2.1698889283         0.3892230872
C13         3.6679043707         1.4927019025         1.3327482099
C14         4.9985381570         1.8675551540         1.5383620170
C15         5.5539735574         2.9135916915         0.7991842803
C16         4.7795716482         3.5854733280        -0.1484654717
C17         3.4481449717         3.2145314791        -0.3564674644
C18         0.6561606658         1.7583811845         1.8529341965
C19         1.1078651864         2.8226033208         2.6682586992
C20         0.7117396260         2.9253717291         4.0038394287
C21        -0.1624448384         1.9871203469         4.5487397233
C22        -0.6537409337         0.9529423856         3.7539747713
C23        -0.2615407091         0.8440894075         2.4165807443
C24        -0.1248794494         2.9007201086        -0.2814128033
C25         0.1387291522         4.2743884470        -0.1443886154
C26        -0.8554422838         5.2154758198        -0.4277624892
C27        -2.1179043463         4.7949325252        -0.8523553125
C28        -2.3882684275         3.4318624654        -0.9932664405
C29        -1.3970500169         2.4876193001        -0.7100910474
C30         0.8317438709        -0.0880323872        -0.2873624126
C31         1.6579350085        -1.0010377702         0.5209375308
N32         2.2983494957        -1.7224413159         1.1606631702
C33         2.2756687457        -2.0892645498        -2.4895118829
O34         2.9018231670        -2.8873029899        -1.5328554051
H35         3.5044147981        -5.4176812390        -0.9872610073
H36         2.5376030556        -5.3410450466        -2.5076109325
H37         4.2900540275        -5.7610366655        -2.5805253037
H38         5.4850388711        -2.2773362743        -1.7091271657
H39         6.0342501428        -3.9472551922        -2.1124951852
H40         5.2482064486        -3.6092999896        -0.5179478617
H41         2.1998693545        -2.6971790173        -4.5531775925
H42         3.4004885854        -0.8331605041        -5.2653057454
H43         4.6509998824        -1.0177306821        -3.9786790848
H44         3.3529501317        -0.4688580669        -1.4838757153
H45         0.4119762846        -0.0265040104        -2.4248714209
H46         3.2572755866         0.6922296309         1.9301701104
H47         5.5989445675         1.3473334612         2.2734203097
H48         6.5849287875         3.2017290922         0.9588369693
H49         5.2128749878         4.3908377218        -0.7273029128
H50         2.8737172492         3.7337191220        -1.1121543381
H51         1.7662456138         3.5851698728         2.2766620481
H52         1.0778483293         3.7403851032         4.6148236909
H53        -0.4710770834         2.0699463523         5.5828256116
H54        -1.3503460400         0.2375983111         4.1720556132
H55        -0.7005415554         0.0478442756         1.8405828667
H56         1.1032124499         4.6233400265         0.1936958449
H57        -0.6473268906         6.2717101889        -0.3158950145
H58        -2.8865099376         5.5248414983        -1.0711651227
H59        -3.3666218549         3.1063364369        -1.3223666516
H60        -1.6263605271         1.4377352777        -0.8264413771
H61        -0.2412636877        -0.3621586426        -0.2479747827
H62         1.1919882344        -2.3395039807        -2.5383408492
&

