&zmat
 C1              4.7144587401            -4.5548948321            -1.5273397867
 C2              4.3079973067            -3.1034376262            -1.7609035476
 C3              5.0718904097            -2.1329651313            -0.8498061702
 O34             2.8862261845            -3.0133142509            -1.5501040667
 C33             2.3344382683            -2.1567030025            -2.5300275753
 C8              2.1629519694            -0.6597689186            -2.1485249492
 C9              0.7766773902            -0.2579733468            -1.6365146829
 O10             0.5493859448             1.1535459708            -1.6821320710
 P11             0.8492906661             1.5203732566             0.0501364905
 C12             2.6617308093             1.8116811041            -0.0555731999
 C13             3.5875888597             1.2051965964             0.8165697099
 C14             4.9629313018             1.3771174412             0.6050415604
 C15             5.4229531971             2.1523218733            -0.4685537130
 C16             4.5018327294             2.7529902577            -1.3402015730
 C17             3.1279718667             2.5765780408            -1.1429775028
 C18             0.5254713162             1.5438306153             1.9276451294
 C19             1.3838015468             2.1303715894             2.8791508577
 C20             1.0329039567             2.1730883412             4.2357210769
 C21            -0.1876256194             1.6409372792             4.6681729407
 C22            -1.0601811842             1.0705303960             3.7323697749
 C23            -0.7049243302             1.0257861474             2.3787027879
 C24            -0.0181018074             3.1569818518            -0.2207736394
 C25             0.3807621232             4.2863352621             0.5222617413
 C26            -0.2638837858             5.5153822671             0.3468791669
 C27            -1.3397754512             5.6259190355            -0.5464756460
 C28            -1.7515142277             4.5053110400            -1.2777032292
 C29            -1.0882326580             3.2793515131            -1.1260700843
 C30             0.5662974521            -0.4362456782            -0.1183086244
 C31             1.3891962485            -1.2901087832             0.7016061595
 N32             2.0997238091            -1.9082175067             1.4074183790
 O7              2.4060092914             0.0352015037            -3.3766927920
 C6              3.5681773761            -0.5946422314            -3.9313719396
 C5              3.3870713150            -2.1117829130            -3.6746773776
 O4              4.5310610586            -2.7822731260            -3.1538677615
 H35             4.5294921385            -4.8340254946            -0.4788554665
 H36             4.1238051620            -5.2086925593            -2.1851574694
 H37             5.7840916962            -4.6895380798            -1.7483124568
 H38             4.8582921430            -1.0858678251            -1.1077192498
 H39             6.1569299642            -2.2939877317            -0.9518658368
 H40             4.7749818404            -2.2974134371             0.1974910819
 H62             1.3659026262            -2.5826148569            -2.8487635647
 H44             2.9308193921            -0.3920754890            -1.3963341771
 H45             0.0023505882            -0.7678589593            -2.2427781080
 H46             3.2427425303             0.5715535908             1.6370030763
 H47             5.6747280777             0.8890947620             1.2773147064
 H48             6.4972445572             2.2811938139            -0.6313642253
 H49             4.8541370415             3.3484227561            -2.1877411867
 H50             2.4079600905             2.9969327182            -1.8498959829
 H51             2.3422741220             2.5552123932             2.5678795256
 H52             1.7218335088             2.6247157711             4.9565900815
 H53            -0.4590583344             1.6731427277             5.7275353721
 H54            -2.0212335220             0.6591560970             4.0561248371
 H55            -1.4157682984             0.5920018141             1.6660715248
 H56             1.2040515350             4.2104287976             1.2375510261
 H57             0.0708493265             6.3880710766             0.9159758391
 H58            -1.8534486429             6.5840809399            -0.6712109188
 H59            -2.5882713043             4.5833036069            -1.9787407612
 H60            -1.3819444588             2.4144151770            -1.7233112300
 H61            -0.4986039454            -0.6243948757             0.0948558196
 H42             3.6179570383            -0.3185763975            -4.9958309718
 H43             4.4959972097            -0.2550612908            -3.4243942913
 H41             3.0576193231            -2.6443142316            -4.5836304488
&

