&gen
basis=6-31G**
igeopt=1
dftname=PBE-D3
ifreq=1
&
entry_name: J1_10215_2111.in
&zmat
C1         -1.6910984379        -1.0522055440         0.4878417541
C2         -1.1539212642        -2.0873960935         1.1387050743
C3         -0.8366370734        -0.0928698902        -0.3110112243
C4         -1.2446674934         0.1502930842        -1.7506048219
C5         -2.4464845947        -0.6353520493        -2.3383914698
C6         -2.9225729066         0.0225905361        -3.6527772070
C7         -4.0913029972        -0.7544541878        -4.2721176988
C8         -3.7114310703        -2.2185355135        -4.5170066482
C9         -3.2304600656        -2.8830147744        -3.2227416159
C10        -2.0589473941        -2.1066293728        -2.6096820582
O11        -1.5674984528         1.5061483244        -1.5831104928
P12        -1.1709390595         1.6565759524         0.0845928944
C13        -2.8936459304         2.1378715598         0.4502952124
C14        -3.5200673909         3.1411454065        -0.3121633922
C15        -4.8468984535         3.5013302333        -0.0609709895
C16        -5.5665553821         2.8630801617         0.9505874974
C17        -4.9604077139         1.8626482372         1.7122956654
C18        -3.6343650185         1.4979597220         1.4637301211
C19        -0.6276164050         1.7423475734         1.8466093535
C20        -1.0573200742         2.8055278606         2.6755072172
C21        -0.6246345658         2.9076680735         3.9996893476
C22         0.2680943240         1.9719961013         4.5180846609
C23         0.7434138223         0.9433084095         3.7067875780
C24         0.3146786982         0.8357977448         2.3805974254
C25         0.0722040764         2.9145290286        -0.2912554487
C26        -0.2279197892         4.2825639274        -0.1770909335
C27         0.7415523059         5.2447503439        -0.4747668499
C28         2.0153128589         4.8506468305        -0.8911076109
C29         2.3217177179         3.4929939252        -1.0093922928
C30         1.3552686417         2.5277316881        -0.7119064006
H31        -2.7660806370        -0.9272743237         0.5276272599
H32        -0.0842628652        -2.2708604323         1.1190001478
H33        -1.7907694695        -2.7660811419         1.6964424407
H34         0.2441561662        -0.3419031173        -0.2774424262
H35        -0.3631651156         0.0712483236        -2.4265030721
H36        -3.3002421549        -0.6000070168        -1.6280612447
H37        -2.0833889426         0.0701499320        -4.3820866297
H38        -3.2624626744         1.0623158923        -3.4543569918
H39        -4.9730271929        -0.7050581321        -3.5957615778
H40        -4.3744463522        -0.2831790946        -5.2378466186
H41        -4.5963096807        -2.7675542841        -4.9047848974
H42        -2.9095868810        -2.2731931607        -5.2859878512
H43        -2.9061700755        -3.9226738529        -3.4438578041
H44        -4.0684222842        -2.9332569592        -2.4929456124
H45        -1.1894544728        -2.1483980440        -3.3028272288
H46        -1.7595821086        -2.6124032052        -1.6697348206
H47        -2.9877149467         3.6395448026        -1.1115902640
H48        -5.3186188835         4.2738374892        -0.6543857286
H49        -6.5938259665         3.1435721296         1.1440465319
H50        -5.5175417145         1.3706559929         2.4990407182
H51        -3.1832660648         0.7348866239         2.0828138113
H52        -1.7275830034         3.5672436203         2.3023733423
H53        -0.9762563179         3.7205329181         4.6219156924
H54         0.6054907337         2.0542817029         5.5431865063
H55         1.4577992811         0.2326603781         4.1022667058
H56         0.7501717924         0.0504868967         1.7891154216
H57        -1.2022386855         4.6107097444         0.1540578700
H58         0.5055142726         6.2968164926        -0.3804906444
H59         2.7647863234         5.5968652278        -1.1209917487
H60         3.3088515945         3.1880185232        -1.3318734527
H61         1.6123002500         1.4823914190        -0.8097708247
&

