&gen
basis=6-31G**
igeopt=1
dftname=PBE-D3
ifreq=1
&
entry_name: J1_10326_2111.in
&zmat
C1          2.7986823723        -1.3107834388         1.9736804941
O2          1.4935262256        -1.1238152349         1.4413883752
C3          1.2479268397        -0.3518378522         0.3025957413
O4          2.2042318349         0.1911916341        -0.3156696899
C5         -0.1771565443        -0.1635226112        -0.1448631648
C6         -0.3585831773        -0.0954534290        -1.6426343271
C7         -1.3361820166        -1.1396643797        -2.2152866710
O8         -1.6898401323        -0.7755579975        -3.5190813151
C9         -1.4051842556        -1.8902460725        -4.3390224554
C10        -2.6154189513        -2.1701424100        -5.2351558982
C11        -0.1831299098        -1.5755076149        -5.2161498363
O12        -1.1410956463        -3.0315852955        -3.5525748399
C13        -0.7216601065        -2.5274611630        -2.3237355222
C14        -1.0512185078        -3.4908972959        -1.1572159406
O15        -0.4855698009        -4.7421962382        -1.3871117678
C16        -1.2577513650        -5.6406131865        -0.6175194415
C17        -1.5528648523        -6.8861781174        -1.4588561103
C18        -0.4691680816        -6.0363169057         0.6369464566
O19        -2.4813983480        -5.0484529460        -0.2233629665
C20        -2.5031370027        -3.7771145560        -0.8017248013
C21        -3.4974388656        -3.7943464457        -1.9685848505
O22        -0.9290790401         1.1917512295        -1.6671565182
P23        -0.8415717143         1.5204983735         0.0207444611
C24        -2.6459648332         1.7296292793         0.0000540190
C25        -3.4911276246         0.6229469339         0.2082322657
C26        -4.8784437632         0.7620862113         0.1161626679
C27        -5.4373217988         1.9991981380        -0.2090975684
C28        -4.6082355963         3.0958015350        -0.4532964388
C29        -3.2195892567         2.9604719140        -0.3627540754
C30        -0.6029380551         1.6425036064         1.8553581327
C31        -1.6554595341         1.4904002626         2.7896346350
C32        -1.4130103588         1.5626195044         4.1648610126
C33        -0.1225719594         1.7800912849         4.6423499188
C34         0.9319403208         1.9270813472         3.7453013682
C35         0.6973116474         1.8583185235         2.3706449508
C36         0.1350959096         3.0372697154        -0.2754732709
C37        -0.1759321521         4.2334844603         0.4022215522
C38         0.5734183909         5.3922862490         0.1826240824
C39         1.6391640217         5.3762671216        -0.7181712578
C40         1.9553411578         4.2014826258        -1.4023078739
C41         1.2089898912         3.0395613569        -1.1854259882
H42         3.2340892095        -0.3307437111         2.2629351571
H43         3.4492267839        -1.8043356711         1.2210028318
H44         2.7357690529        -1.9556715397         2.8739200056
H45        -0.8504311672        -0.8876690984         0.3561490115
H46         0.5939895495        -0.0857849579        -2.2170066785
H47        -2.2606210679        -1.1521834126        -1.6062910594
H48        -3.5179344280        -2.3629482933        -4.6213314707
H49        -2.8243141009        -1.2965301498        -5.8893408674
H50        -2.4275224546        -3.0607202340        -5.8725478195
H51         0.7001485612        -1.3499184261        -4.5822212062
H52        -0.3834765383        -0.6907417110        -5.8577594357
H53         0.0623743942        -2.4439696889        -5.8642525086
H54         0.3894838927        -2.4471209346        -2.3634666089
H55        -0.5590901648        -3.0752886730        -0.2499363380
H56        -2.1091769722        -6.6049474782        -2.3771972832
H57        -0.6062368744        -7.3825499717        -1.7625841359
H58        -2.1696789356        -7.6075879763        -0.8811375861
H59        -0.2642501847        -5.1380558224         1.2574102962
H60         0.5014153024        -6.4984415726         0.3557391000
H61        -1.0501552474        -6.7593004347         1.2488539656
H62        -2.8570020947        -3.0424139797        -0.0454798289
H63        -3.6867074219        -2.7696209344        -2.3395716183
H64        -3.1351698657        -4.4378361184        -2.7964624374
H65        -4.4701001506        -4.1994403569        -1.6176172125
H66        -3.0831700320        -0.3418136087         0.4723965550
H67        -5.5201669945        -0.0907737011         0.2958645824
H68        -6.5118639276         2.1054485869        -0.2829003668
H69        -5.0413049022         4.0490431239        -0.7276990125
H70        -2.6033650290         3.8120281611        -0.6062751071
H71        -2.6737427113         1.3181128657         2.4954157699
H72        -2.2316338819         1.4467358284         4.8636974837
H73         0.0600763151         1.8333890662         5.7078251883
H74         1.9357713019         2.0933825001         4.1143899717
H75         1.5435468398         1.9769058991         1.7079995967
H76        -0.9915668505         4.2681511292         1.1129381466
H77         0.3281334584         6.3031295302         0.7133039487
H78         2.2186900915         6.2745107562        -0.8876321285
H79         2.7787141547         4.1911757671        -2.1047888064
H80         1.4696524351         2.1517142111        -1.7408289615
&

