&gen
basis=6-31G**
igeopt=1
dftname=PBE-D3
ifreq=1
&
entry_name: J1_9880_2111.in
&zmat
C1         -0.5545352186        -2.8997209777         1.1958882261
C2          0.4996944756        -1.8692527125         1.6027767151
C3          1.3537474003        -1.4013320308         0.4054455621
C4          0.6924562002        -0.2456521138        -0.3838951105
C5          1.1775695259        -0.0472301439        -1.8234075125
C6          2.4892602841        -0.7096559396        -2.2650095640
C7          2.5368979989        -0.4577374904        -3.7557127616
C8          1.0977605979        -0.6615667043        -4.2338525455
C9          0.7529210140         0.1634429351        -5.5064929046
C10         1.6443619118        -0.2418876544        -6.7242198885
C11         0.8683399786        -0.7390927874        -7.9469001756
C12        -0.3122217404         0.1451655003        -8.2289382546
C13        -0.6351908676         0.5034348323        -9.5469810522
C14        -1.8131002521         1.2207683759        -9.8201215051
O15        -2.1720122048         1.6144119748       -11.1180098908
C16        -1.3950492002         1.3525932005       -12.2821767365
C17        -2.6732779438         1.5428504267        -8.7676657274
C18        -2.3642542952         1.1757506247        -7.4559486609
C19        -1.1529111798         0.5157003964        -7.1629561204
C20        -0.7769548378         0.0402082623        -5.7627801742
C21        -1.5681347208         0.7268110545        -4.6159903261
C22        -0.8001333441         0.8222229580        -3.2815541341
C23         0.1703851345        -0.3631986611        -2.9990917485
C24        -0.6669857631        -1.6358372387        -2.6886678461
O25         1.4366144302         1.3333310697        -1.6797783162
P26         1.0789096074         1.5180742738         0.0001100974
C27         2.7068342556         2.2806373311         0.2876996330
C28         3.8842612115         1.5135579773         0.3106694966
C29         5.1237603656         2.1189999053         0.5367606111
C30         5.2013795333         3.4942571845         0.7613339275
C31         4.0367233943         4.2628407673         0.7781831657
C32         2.7962186960         3.6600206440         0.5523385467
C33         0.8159406074         1.5968487265         1.8423140899
C34         1.6639859576         0.8613469700         2.7045364292
C35         1.5254934654         0.9183760372         4.0931656740
C36         0.5760590932         1.7571922895         4.6669915509
C37        -0.2060816225         2.5704406145         3.8529791299
C38        -0.0697513481         2.5177876439         2.4626830501
C39        -0.3068960981         2.6048081746        -0.4596546343
C40        -0.0789397065         3.7740662260        -1.2071965374
C41        -1.1505748323         4.5660842046        -1.6288937203
C42        -2.4611533667         4.1913427742        -1.3262248510
C43        -2.7034587881         3.0178257863        -0.6098104376
C44        -1.6355152821         2.2205160051        -0.1893234665
H45        -0.0695387561        -3.8059879422         0.7749199229
H46        -1.1437402490        -3.1990909586         2.0881494759
H47        -1.2487898533        -2.4725185447         0.4427433994
H48         1.1665263137        -2.3305162561         2.3628235873
H49        -0.0260614523        -1.0186796530         2.0802474272
H50         1.4683267827        -2.2819933554        -0.2567062991
H51         2.3795718530        -1.1469983539         0.7161590892
H52        -0.4061288461        -0.3522367830        -0.3474964224
H53         2.4767387236        -1.8073580508        -2.1064585477
H54         3.3868890503        -0.2798446318        -1.7874342240
H55         3.2424662909        -1.1614889870        -4.2484719031
H56         2.8737458854         0.5864114846        -3.9438668327
H57         1.0157836776        -1.7382616020        -4.5145556053
H58         0.9722990275         1.2366347289        -5.3014045838
H59         2.2439895870         0.6426519628        -7.0345701537
H60         2.3773627111        -1.0302019881        -6.4514732405
H61         0.5025916396        -1.7714591169        -7.7567672633
H62         1.5572743079        -0.7784627057        -8.8190013482
H63         0.0230328711         0.2055696256       -10.3521118238
H64        -0.3942885484         1.8246419680       -12.1875957631
H65        -1.2890346573         0.2573879276       -12.4320889330
H66        -1.9091401540         1.7835421724       -13.1655413732
H67        -3.5985705223         2.0674211762        -8.9704521747
H68        -3.0891923057         1.3994340009        -6.6865841867
H69        -1.0374463787        -1.0415322888        -5.7413161956
H70        -1.8267055673         1.7712113581        -4.8941172791
H71        -2.5214714991         0.1771509800        -4.4548019940
H72        -0.2322528768         1.7758072015        -3.3106362105
H73        -1.5398402498         0.9079976626        -2.4622670063
H74        -1.4566149400        -1.4407542534        -1.9351181066
H75        -0.0158354368        -2.4560432058        -2.3187443597
H76        -1.1874484702        -2.0006881802        -3.5979673006
H77         3.8534605235         0.4456752934         0.1964265715
H78         6.0239297798         1.5181578128         0.5511170324
H79         6.1613456455         3.9608553153         0.9406072606
H80         4.0933070128         5.3251932761         0.9773614024
H81         1.9062736707         4.2697388450         0.6149012664
H82         2.4631819602         0.2560135191         2.3196256465
H83         2.1725137616         0.3242241894         4.7256528086
H84         0.4740857030         1.8065283398         5.7433844837
H85        -0.9043746787         3.2658363900         4.3011125916
H86        -0.6392729512         3.2443980215         1.9105809405
H87         0.9234646360         4.0573554833        -1.4973642127
H88        -0.9649859697         5.4642238011        -2.2035512735
H89        -3.2894718831         4.8045506326        -1.6566065770
H90        -3.7199229021         2.7216939626        -0.3854462300
H91        -1.8455211933         1.3135139244         0.3615073708
&

