&gen
basis=6-31G**
igeopt=1
dftname=PBE-D3
ifreq=1
&
entry_name: J1_9878_2111.in
&zmat
C1         -5.5750455645        -3.1344498233        -3.7173764026
C2         -4.4643074720        -2.2534185338        -3.2278494765
C3         -3.2177762838        -2.8049695613        -2.8989934080
C4         -2.1954734051        -1.9911228760        -2.4041616102
C5         -2.4115754130        -0.6183172457        -2.2022244326
C6         -1.2815485350         0.2345331101        -1.6654404574
O7         -1.6459109361         1.5806415288        -1.4628996542
P8         -1.1334738091         1.7167187078         0.1767454599
C9         -2.7678149093         2.4349406729         0.6268554515
C10        -0.5201450311         1.5590496627         1.9091389640
C11        -1.3915805449         1.2228823273         2.9711735384
C12        -0.9045007701         1.0257482678         4.2659779160
C13         0.4614187932         1.1242728559         4.5240638179
C14         1.3462406854         1.3966620830         3.4824314701
C15         0.8656321351         1.5922915598         2.1850191079
C16         0.0631515736         3.0032606914        -0.2662085692
C17        -0.0832655934         4.3104659242         0.2275414286
C18         0.8380157964         5.3031045049        -0.1196216953
C19         1.9092560038         5.0008042086        -0.9637053720
C20         2.0613595521         3.7046053062        -1.4616760625
C21         1.1426622422         2.7089450384        -1.1170139408
C22        -0.8110576749        -0.0195075768        -0.2469915302
C23        -1.5436486897        -1.0385177174         0.6230510890
C24        -2.9481388795        -1.0890953603         0.7408194529
C25        -3.5590069754        -2.0174032398         1.5880866413
C26        -2.7812347906        -2.9010725626         2.3369950819
C27        -1.3901385215        -2.8593154823         2.2381429070
C28        -0.7749666047        -1.9352461276         1.3892114501
C29        -3.6620578726        -0.0665360617        -2.5378078825
C30        -4.6834724804        -0.8819387160        -3.0334449919
H31        -6.2572636058        -2.5692850916        -4.3876092839
H32        -5.1689233068        -3.9961532227        -4.2888484316
H33        -6.1531504589        -3.5153600256        -2.8497610543
H34        -3.0364998228        -3.8651056960        -3.0262414043
H35        -1.2369228040        -2.4333457985        -2.1614189392
H36        -0.4278177880         0.1931157938        -2.3772977801
H37        -3.5137247213         1.6543151384         0.8533195217
H38        -3.1580407760         3.0481320610        -0.2122137967
H39        -2.6799326274         3.1140833651         1.4995423954
H40        -2.4487821921         1.0772655205         2.8110053805
H41        -1.5879218741         0.7784105527         5.0680972237
H42         0.8366392923         0.9654443488         5.5267626089
H43         2.4102818501         1.4392813573         3.6763825260
H44         1.5907400279         1.7447938855         1.3996826320
H45        -0.9016244855         4.5641198295         0.8866781401
H46         0.7217083401         6.3073374922         0.2669522202
H47         2.6218088436         5.7704033035        -1.2308848995
H48         2.8927318185         3.4704945033        -2.1139303101
H49         1.2827493931         1.7099491326        -1.5054206360
H50         0.2866447792        -0.2008073496        -0.2450720812
H51        -3.5808065875        -0.4271713071         0.1743069331
H52        -4.6381432443        -2.0502027293         1.6645718604
H53        -3.2564133276        -3.6173237959         2.9946658478
H54        -0.7864727505        -3.5415499457         2.8225701775
H55         0.3065853003        -1.9147599120         1.3386388320
H56        -3.8591582010         0.9889211678        -2.4025831628
H57        -5.6459406540        -0.4429345507        -3.2657531932
&

