&zmat
 C10            -0.9034055801             1.3377774138             0.3715267082
 O1              4.0167549441             0.0684129613            -0.7536350701
 C2              3.4863811198            -0.3450526372             0.2659359256
 C3              1.9967410362            -0.3275481738             0.5237019664
 C4              1.1717605752             0.2695784510            -0.6271340584
 C5             -0.3083297888             0.2636936762            -0.3161768372
 C6             -1.1120537745            -0.8396406067            -0.6577456197
 C7             -2.4713476904            -0.8715410390            -0.3205639294
 C8             -3.0506884462             0.2038334508             0.3667943388
 C9             -2.2621360428             1.3105541742             0.7108973410
 H11             4.1021424202            -0.7792077092             1.1020352402
 H12             1.6798767345            -1.3659405175             0.7494257690
 H13             1.8221974743             0.2215090618             1.4710979326
 H14             1.5255739108             1.2963151599            -0.8213007872
 H15             1.3791862929            -0.3031155492            -1.5468476108
 H16            -0.6645719131            -1.6811172467            -1.1989727199
 H17            -3.0808902414            -1.7369680965            -0.5988560103
 H18            -4.1127147484             0.1815582823             0.6292987046
 H19            -2.7077400184             2.1575988949             1.2418676645
 H20            -0.2920364030             2.2074737574             0.6384077322
&

