&gen
basis=6-31G**
igeopt=1
dftname=PBE-D3
ifreq=1
&
entry_name: J1_3055_2111.in
&zmat
C1          0.9810335295        -1.9566162908        -1.1232408136
C2          1.2776751033        -1.0732980439         0.0558335459
O3          1.8247147117         0.1500458057        -0.4058005282
C4          2.3395246309         0.9193755065         0.6765053963
C5          1.3337719033         1.0825806309         1.7938629552
C6          0.2958092074         0.2455486277         1.9207703648
C7         -0.0011338310        -0.7936392133         0.8706341505
O8         -1.0092594518        -0.2968545268         0.0055635667
C9         -2.2868367548        -0.7224280422         0.4302523507
C10        -3.3252612536        -0.0643142067        -0.4302809773
C11        -3.7306850024        -0.6633724368        -1.6346054407
C12        -4.6684426492        -0.0289472186        -2.4555320856
C13        -5.1968585326         1.2113735314        -2.0869224071
C14        -4.7843139850         1.8219819330        -0.8992965969
C15        -3.8467558364         1.1909620806        -0.0755249200
O16         3.5174318584         0.3328050726         1.2008255777
C17         4.5911063285         0.5033406386         0.2988037316
C18         5.8165177429        -0.2141352532         0.8428343515
O19         0.5784348566        -3.0968709537        -0.9548017185
H20         1.1319294646        -1.5894566418        -2.1335557116
H21         2.0147281646        -1.6189839261         0.6908810376
H22         2.5436605181         1.9484931719         0.3010739888
H23         1.5088523785         1.8344944799         2.5574477126
H24        -0.3926088952         0.3727744585         2.7505862166
H25        -0.2884125513        -1.7451241156         1.3810701934
H26        -2.3772993340        -1.8284874774         0.3334623623
H27        -2.4676186645        -0.4501840537         1.4957140070
H28        -3.3205487330        -1.6189895800        -1.9373989883
H29        -4.9822432387        -0.4969181862        -3.3796637500
H30        -5.9213307670         1.7018043055        -2.7241622103
H31        -5.1878004938         2.7864239219        -0.6190537608
H32        -3.5270783711         1.6800360939         0.8364650084
H33         4.8401521875         1.5827443662         0.1863598207
H34         4.3517774908         0.0708797520        -0.6992367775
H35         6.0949885836         0.2061165327         1.8325518920
H36         6.6693796008        -0.0846678393         0.1434805295
H37         5.6030000841        -1.2984929037         0.9540979268
&

