&zmat
 C18             5.8264500421            -0.8152988633             0.6710325127
 C17             4.7388235257             0.1084667993             0.1502672891
 O16             3.7003086320             0.1640243694             1.1457494242
 C4              2.5886691444             0.9487830246             0.7451091233
 C5              1.7210670134             1.1493675616             1.9617101808
 C6              0.5533596931             0.5047400440             2.1135461751
 C7              0.0419484275            -0.4737640726             1.0895148231
 O8             -1.0993216592             0.0938583004             0.4227322206
 C9             -2.3131587346            -0.6613708038             0.6114379256
 C10            -3.3198141579            -0.1850325653            -0.4037545658
 C11            -3.2281881539            -0.6311917693            -1.7354956666
 C12            -4.1325919397            -0.1718203095            -2.6992849142
 C13            -5.1377285711             0.7400014010            -2.3429510806
 C14            -5.2342522710             1.1903291392            -1.0196249201
 C15            -4.3260630178             0.7303566313            -0.0563116503
 C2              1.1561148717            -0.8037700684             0.0740058773
 C1              0.5950357940            -1.4460279469            -1.1853001520
 O19            -0.2032493075            -2.3699821090            -1.1705277014
 O3              1.8719286940             0.3627058822            -0.3401305400
 H35             6.2271262253            -0.4434386000             1.6271782970
 H36             6.6541461432            -0.8833829116            -0.0526788725
 H37             5.4254006965            -1.8275297001             0.8376445495
 H33             5.1347631298             1.1304408599            -0.0311528519
 H34             4.3218229143            -0.2604176427            -0.8062141759
 H22             2.9306671251             1.9227973310             0.3362128155
 H23             2.0926746299             1.8498027865             2.7156724904
 H24            -0.0944107075             0.7036946633             2.9739490635
 H25            -0.2426177428            -1.4243919552             1.5820859710
 H26            -2.1043538493            -1.7389404658             0.4625756358
 H27            -2.7004526664            -0.5203895288             1.6422856714
 H28            -2.4419466033            -1.3438344064            -2.0060613217
 H29            -4.0566258829            -0.5275041550            -3.7316046310
 H30            -5.8464799607             1.0970344246            -3.0967334139
 H31            -6.0169183656             1.9013712570            -0.7376004859
 H32            -4.3961293590             1.0849785003             0.9778996771
 H21             1.8578742269            -1.5235985620             0.5517908664
 H20             0.9867112434            -1.0008083623            -2.1375751549
&

