&gen
basis=6-31G**
igeopt=1
dftname=PBE-D3
ifreq=1
&
entry_name: J1_1725_2111.in
&zmat
C1         -2.4794380944         3.0502182438         0.9407091604
C2         -2.4972047089         2.9206530599        -0.5522788011
O3         -3.1191655496         1.7183983531        -0.9512903190
C4         -1.7320092167         1.8123652841        -1.1856396768
C5         -0.9303091577         0.8466412419        -0.2965968469
O6          0.2715641986         1.4803101989         0.0738158265
C7          0.9205440914         0.7365036136         1.0879744897
C8          1.3173694545        -0.6492841064         0.6296796424
O9          2.5500083443        -0.4754304293         0.0040545429
C10         3.0987890731         0.6877749824         0.5906204078
C11         3.5848039290         1.6223291974        -0.5222477772
C12         4.2739867957         0.2885897391         1.4890842855
O13         2.1319891839         1.3624423901         1.3732685276
C14         0.3125408480        -1.3528235534        -0.3116651252
C15        -0.6085418397        -0.4372550781        -1.0804661282
O16        -1.7827077858        -1.1705597015        -1.2745584949
C17        -1.7221240053        -2.2519499859        -0.3641757705
C18        -1.7576517891        -3.5692757153        -1.1499529491
C19        -2.9273399502        -2.1813988800         0.5791524760
O20        -0.5365104788        -2.1962652581         0.4022744560
O21        -1.7960059045         3.9124266260         1.4671354009
H22        -3.0642978133         2.3773314212         1.5602306061
H23        -2.8250488666         3.7729324943        -1.1831804272
H24        -1.4919585479         1.9274301069        -2.2640330710
H25        -1.5337684713         0.5866555634         0.6048411011
H26         0.3034630377         0.6969373311         2.0144523074
H27         1.4786340415        -1.2942805465         1.5242607557
H28         4.3594821908         1.1199751900        -1.1404673448
H29         2.7360987321         1.9004330586        -1.1826335078
H30         4.0138931048         2.5513367428        -0.0892956985
H31         4.7309291384         1.1886331907         1.9536869709
H32         5.0488675752        -0.2473073731         0.8999433351
H33         3.9198835756        -0.3838682973         2.2992547700
H34         0.8864515751        -1.9809662739        -1.0320728081
H35        -0.1517598842        -0.1858161469        -2.0637079446
H36        -0.8969692168        -3.6200925335        -1.8500403460
H37        -2.6946929313        -3.6424261822        -1.7426708469
H38        -1.6994038733        -4.4361304038        -0.4572640200
H39        -2.9176289801        -3.0391174424         1.2854987966
H40        -3.8750643867        -2.2021531763        -0.0005224243
H41        -2.8996974377        -1.2439169456         1.1718879400
&

