&gen
basis=6-31G**
igeopt=1
dftname=PBE-D3
ifreq=1
&
entry_name: J1_10301_2111.in
&zmat
C1          1.9690964533        -3.6001810416        -3.6952693307
O2          1.2546058409        -2.6459045316        -2.9403156469
C3         -0.1386373103        -2.7835518911        -3.1607722801
O4         -0.8183412817        -2.3474419293        -2.0058253268
C5         -1.2986488495        -1.0479099018        -2.2596545100
C6         -0.3123149574        -0.0068882225        -1.6891722446
O7         -0.8731825061         1.2796712150        -1.7089134469
P8         -0.8112232438         1.6042504844        -0.0173893812
C9         -2.6042276672         1.8422981184         0.0435452798
C10        -3.1705084232         3.1131181805        -0.1531019365
C11        -4.5574957794         3.2826512491        -0.1087943812
C12        -5.3899853834         2.1880402152         0.1351622152
C13        -4.8358390174         0.9230034181         0.3425602200
C14        -3.4495454302         0.7498078736         0.3005466879
C15        -0.8028101491         1.8252753853         1.8142499731
C16        -0.7569019655         0.7294190650         2.7029732351
C17        -0.7887799352         0.9257485159         4.0866948424
C18        -0.8978527575         2.2122448838         4.6120430518
C19        -0.9931250911         3.3060280757         3.7540107908
C20        -0.9610706379         3.1162997272         2.3705938215
C21         0.3092856063         3.0191625348        -0.3108996569
C22         0.0152048452         3.9561218496        -1.3195001331
C23         0.8707981129         5.0346804282        -1.5611104204
C24         2.0343144776         5.1891732723        -0.8058444008
C25         2.3466153016         4.2624938012         0.1898964333
C26         1.4947900679         3.1819622310         0.4344779911
C27        -0.1352596953        -0.0840750089        -0.1944531239
C28         1.3153114642        -0.2460799363         0.2174016424
C29         1.7188267494        -1.2901886274         1.2148726878
O30         2.1879751972         0.4342833233        -0.3010702098
C31        -1.4728754943        -0.8903868912        -3.7651586818
O32        -2.7765114404        -1.2118390069        -4.1427821788
C33        -2.6667368776        -2.2044677039        -5.1366170381
C34        -3.1075417987        -1.6170986739        -6.4811356259
C35        -3.5679446400        -3.3817340100        -4.7555527207
O36        -1.3404202346        -2.6675775760        -5.2507125670
C37        -0.5832982121        -1.9207458166        -4.3478069759
H38         1.7168832331        -3.5402951426        -4.7775018379
H39         3.0539103270        -3.3939967704        -3.5903875466
H40         1.7812383605        -4.6265388894        -3.3104124620
H41        -0.4347790004        -3.8483880767        -3.3238718885
H42        -2.2832869059        -0.9282567923        -1.7579121054
H43         0.6455268406        -0.0076867835        -2.2563349436
H44        -2.5476660874         3.9785204433        -0.3207150710
H45        -4.9868757432         4.2647353890        -0.2591063414
H46        -6.4634906410         2.3212852797         0.1699953936
H47        -5.4805441995         0.0763209334         0.5397887312
H48        -3.0407959781        -0.2346098562         0.4787419860
H49        -0.7209507748        -0.2863428243         2.3549656769
H50        -0.7421861078         0.0744168434         4.7536488947
H51        -0.9262345866         2.3597654037         5.6838907288
H52        -1.1005549121         4.3034168009         4.1604454750
H53        -1.0635635511         3.9851206995         1.7345705234
H54        -0.8698846432         3.8496098760        -1.9322633839
H55         0.6331405622         5.7490884371        -2.3386819292
H56         2.6956273071         6.0248958880        -0.9946141171
H57         3.2498654447         4.3813758216         0.7742267109
H58         1.7567279572         2.4836109695         1.2180734833
H59        -0.7991899140        -0.8511664627         0.2536900726
H60         2.4877546658        -1.9538832185         0.7667705529
H61         0.8554374334        -1.9164314752         1.5207215392
H62         2.1427117870        -0.7972677420         2.1145918688
H63        -1.2235829386         0.1315472239        -4.1300503498
H64        -3.0399105266        -2.3849139717        -7.2815152770
H65        -4.1543473256        -1.2494093903        -6.4200383349
H66        -2.4499233471        -0.7644402630        -6.7544290099
H67        -3.5047579349        -4.1838812394        -5.5218916346
H68        -3.2462449030        -3.8013575882        -3.7783869507
H69        -4.6244861005        -3.0495364431        -4.6654781253
H70         0.2794908230        -1.4536468639        -4.8729143239
&

