&zmat
 C2             -1.8591661997            -1.1388585752             0.2198603297
 C1             -0.6739206372            -0.8071978210             0.7671830227
 C3              0.5612125218            -0.4036765086             0.0364236357
 C4              0.6596429341            -0.2991320678            -1.4919827156
 C5              1.1632103550            -1.5014598589            -2.3290090319
 C6              0.0960724090            -2.6095831790            -2.3295449569
 C7              2.4867441037            -2.0582229717            -1.7754400792
 C8              1.4275839907            -0.9952926853            -3.7892418669
 C9              0.2497675914            -0.3299300610            -4.4719894536
 C10            -0.6154362663            -1.0590517590            -5.3097141504
 C11            -1.7343412068            -0.4518194927            -5.8975938978
 C12            -2.0099016904             0.9011797377            -5.6560167530
 C13            -1.1516577057             1.6415876476            -4.8296839939
 C14            -0.0304013064             1.0346743845            -4.2509658368
 O15             1.5721942512             0.7997689878            -1.5577530771
 P16             1.1620649899             1.4300242684             0.1315656399
 C17             2.8647295814             2.1810653806             0.2563620351
 C18             3.0984493001             3.2359721577             1.1644984653
 C19             4.3501984948             3.8588907914             1.2225128651
 C20             5.3954578329             3.4200309211             0.3975607332
 C21             5.1751268737             2.3684015534            -0.5003909037
 C22             3.9158050360             1.7597261304            -0.5813225479
 C23             0.7783036439             1.6407018987             1.9963538261
 C24             1.5304899557             0.8473360304             2.8900930777
 C25             1.3015040336             0.8880394671             4.2703093663
 C26             0.3111889470             1.7346521575             4.7923688473
 C27            -0.4384071835             2.5340124915             3.9210660397
 C28            -0.2071720213             2.4872048871             2.5360692739
 C29            -0.0284704492             2.6340254685            -0.5855699367
 C30            -1.4155242184             2.3918551617            -0.5483529962
 C31            -2.2979341119             3.2521996865            -1.2181853336
 C32            -1.8111005401             4.3660098272            -1.9140650503
 C33            -0.4301655763             4.6161784925            -1.9411299749
 C34             0.4581484351             3.7521059348            -1.2904423326
 H36            -2.7085198439            -1.4150838564             0.8508790170
 H37            -2.0206712513            -1.1592984340            -0.8610514806
 H35            -0.5801196053            -0.8098291137             1.8605027550
 H38             1.4332237250            -0.9593554973             0.4342552205
 H39            -0.3321959560            -0.0023457855            -1.8992161221
 H40            -0.1130309962            -2.9601054739            -1.3057828387
 H41            -0.8515399468            -2.2568039129            -2.7698427870
 H42             0.4379689807            -3.4748314077            -2.9233242199
 H43             2.9047191225            -2.8145347813            -2.4610854913
 H44             3.2341012719            -1.2577647516            -1.6529310321
 H45             2.3436897950            -2.5498046438            -0.7979249257
 H46             2.2702443389            -0.2850268362            -3.7410957706
 H47             1.7612824436            -1.8633827149            -4.3872337498
 H48            -0.4080432289            -2.1182466491            -5.5010846233
 H49            -2.3933519144            -1.0390980056            -6.5454274293
 H50            -2.8865033266             1.3744776024            -6.1095300874
 H51            -1.3569839727             2.6968536306            -4.6220496910
 H52             0.6289553168             1.6067038059            -3.5893410816
 H53             2.2969254644             3.5750832568             1.8259919893
 H54             4.5106724523             4.6860493015             1.9208437467
 H55             6.3777421334             3.8997328321             0.4535092014
 H56             5.9844379363             2.0220312092            -1.1507909492
 H57             3.7204331485             0.9693493019            -1.3069275150
 H58             2.3242593103             0.1968878813             2.5016475265
 H59             1.9011475934             0.2647773872             4.9415943457
 H60             0.1310222061             1.7730534193             5.8709568261
 H61            -1.2073947347             3.2048260883             4.3180976909
 H62            -0.7999595691             3.1247416084             1.8734892391
 H63            -1.8070783868             1.5276174952            -0.0044817870
 H64            -3.3724275983             3.0457932740            -1.1930924498
 H65            -2.5026337016             5.0377333273            -2.4316442368
 H66            -0.0400965174             5.4849221303            -2.4805676648
 H67             1.5353751187             3.9366186845            -1.3400137438
&

