&gen
basis=6-31G**
igeopt=1
dftname=PBE-D3
ifreq=1
&
entry_name: J1_10119_2111.in
&zmat
C1          0.8689078367        -4.1671281808         2.3841231321
C2          1.8544089245        -3.1073719165         1.9206249484
O3          1.1745929720        -2.1418644575         1.1264973487
C4          1.8307281864        -1.0682982582         0.5185151498
O5          3.0704719450        -0.9123674964         0.6842175176
C6          1.0217480892        -0.1158784481        -0.3290414615
C7          1.4951100653         0.1727668548        -1.7387934963
C8          2.6786145663        -0.6120277479        -2.3581934799
O9          3.2270926749         0.1454314306        -3.3930218422
C10         3.5893562765        -0.7710848727        -4.4028379738
C11         3.0101958092        -0.2906064097        -5.7364150823
C12         5.1170169979        -0.8412440475        -4.4875411946
O13         3.0890906403        -2.0599275040        -4.1256504072
C14         2.2571836184        -1.9185960092        -3.0164277376
C15         2.3560488927        -3.1574817855        -2.0879327454
O16         3.6262292259        -3.3070575109        -1.4964379223
C17         1.8908364436        -4.4685079007        -2.7635573897
C18         2.7615456523        -4.9637106790        -3.8919175949
O19         2.7340076205        -6.3519327854        -3.8100649331
C20         2.3425500049        -6.6489066881        -2.4867068937
C21         3.5503052905        -7.1951427198        -1.7177944986
C22         1.2275083396        -7.6973763807        -2.5259167399
O23         1.8624734924        -5.4984688854        -1.8239942941
O24         1.8451068080         1.5105749667        -1.4998943619
P25         1.2536923403         1.6425391711         0.1136772893
C26         2.8930075170         2.2185550171         0.6888644016
C27         3.5865810722         3.2046789632        -0.0386326581
C28         4.8435169172         3.6488907310         0.3811501210
C29         5.4280048463         3.1143045387         1.5300804672
C30         4.7568219020         2.1330916889         2.2607966438
C31         3.5002572270         1.6849899284         1.8446907107
C32         0.5096702941         1.7070501441         1.8030760780
C33         0.6995754277         2.8533902852         2.6099979778
C34         0.1282427857         2.9441801478         3.8811574894
C35        -0.6615701159         1.9051043320         4.3684983120
C36        -0.8908947692         0.7791862164         3.5797085390
C37        -0.3231044707         0.6820643232         2.3058630025
C38         0.0028482833         2.8404660318        -0.4124786316
C39        -1.2467209569         2.3926534362        -0.8728804435
C40        -2.2164015343         3.3093558426        -1.2893641904
C41        -1.9473165647         4.6793087439        -1.2512797312
C42        -0.7079741076         5.1343070083        -0.7954951298
C43         0.2647699042         4.2207532979        -0.3789394645
H44         0.4185578036        -4.6751052660         1.5049095275
H45         0.0632479953        -3.6975472138         2.9874310028
H46         1.3944609516        -4.9213582739         3.0068384793
H47         2.3083012110        -2.6115814524         2.8059322335
H48         2.6556142797        -3.5911432944         1.3205064411
H49        -0.0460621784        -0.4137473547        -0.3608657576
H50         0.6307962824         0.1706079289        -2.4411293637
H51         3.4916095319        -0.7702495073        -1.6254846901
H52         3.2810936000        -0.9933676658        -6.5534162682
H53         3.3962643949         0.7210158543        -5.9860067445
H54         1.9024967754        -0.2380295226        -5.6692578443
H55         5.5401129241         0.1607504383        -4.7147988782
H56         5.5338257571        -1.1875330820        -3.5178358791
H57         5.4296481791        -1.5548072033        -5.2798836650
H58         1.2105972971        -1.8432487051        -3.3893642919
H59         1.6320561688        -2.9893383897        -1.2684676727
H60         4.3169413516        -3.1582656909        -2.1911911252
H61         0.8541013789        -4.3262107302        -3.1448207131
H62         2.3572042620        -4.6379734758        -4.8741277681
H63         3.8152325573        -4.6278305177        -3.8063822925
H64         4.3554600938        -6.4302697103        -1.6861584441
H65         3.9480657415        -8.1059043878        -2.2147249103
H66         3.2645397114        -7.4475983525        -0.6740470947
H67         0.3540913519        -7.2980425813        -3.0843685439
H68         1.5793467986        -8.6204974578        -3.0346876893
H69         0.8994531530        -7.9547205977        -1.4958573431
H70         3.1621253482         3.6285245010        -0.9390511740
H71         5.3660530070         4.4072600276        -0.1874504057
H72         6.4013585522         3.4597400325         1.8535877648
H73         5.2097709744         1.7194131857         3.1525143180
H74         2.9995825659         0.9313088650         2.4375523233
H75         1.2967006654         3.6840405275         2.2596805224
H76         0.2955483542         3.8252128398         4.4872170651
H77        -1.1053682926         1.9771074426         5.3530248947
H78        -1.5192323688        -0.0195951359         3.9525328695
H79        -0.5634245089        -0.1963805715         1.7351632961
H80        -1.4765136064         1.3372252959        -0.9081706746
H81        -3.1773324823         2.9571029775        -1.6414627875
H82        -2.6993580354         5.3880005178        -1.5731272637
H83        -0.5013497516         6.1962282006        -0.7624791218
H84         1.2098117004         4.5978066293        -0.0178643579
&

