&zmat
 O10             4.6587638343            -0.4018030268            -0.4673703072
 C1              3.4608892431            -0.5931172192            -0.3324609912
 C2              2.5314930914             0.3622951989             0.3790147710
 Se3             1.2819903460             1.1350475271            -0.9701766197
 C4             -0.3223367047             0.1252805279            -0.5795768656
 C5             -1.5518358038             0.7944538785            -0.7236968915
 C6             -2.7515386880             0.1050970777            -0.5030081539
 C7             -2.7343380167            -1.2428187827            -0.1172762823
 C8             -1.5077045084            -1.9053820135             0.0299146252
 C9             -0.3025557239            -1.2325041663            -0.2150914359
 H11             2.9561511938            -1.4980308987            -0.7681600735
 H12             1.9028488795            -0.1424405065             1.1300433013
 H13             3.0950096838             1.1892893124             0.8335884931
 H14            -1.5711451586             1.8547799637            -0.9930018914
 H15            -3.7030483971             0.6332255783            -0.6164214173
 H16            -3.6719646752            -1.7744750728             0.0670798334
 H17            -1.4835198144            -2.9596170659             0.3218893437
 H18             0.6443244182            -1.7740597228            -0.1333747145
&

