&zmat
 C1             -4.4896270619            -0.0614530580            -0.5204672426
 C2             -3.1736189101             0.2333755220             0.1857208805
 O10            -3.1383728574             0.7775852454             1.2843201043
 C3             -1.8994735072            -0.1848504826            -0.5459514749
 C4             -0.6145853814             0.1464906589             0.2143171840
 C5              0.6521505735            -0.2877067992            -0.5328686721
 C6              1.9399767216             0.0454913217             0.2303108055
 C7              3.2041507192            -0.3885942099            -0.5121924166
 C8              4.4934094471            -0.0670223267             0.2111888946
 O9              4.5593798849             0.4910189027             1.2954082665
 H11            -5.3294061307             0.2741472484             0.1027623258
 H12            -4.5264572239             0.4493800128            -1.4983450888
 H13            -4.5867359167            -1.1418963982            -0.7244274308
 H14            -1.9683360681            -1.2710291787            -0.7575734998
 H15            -1.9057759508             0.2934008187            -1.5461583760
 H16            -0.6513936749            -0.3318537940             1.2091990037
 H17            -0.5838682876             1.2324514415             0.4139800949
 H18             0.6108934271            -1.3775859070            -0.7290658059
 H19             0.6783751707             0.1959039208            -1.5296259775
 H20             1.9937087841             1.1310263973             0.4279107171
 H21             1.9248801729            -0.4329779685             1.2258945548
 H22             3.2059041102            -1.4795583769            -0.7164885559
 H23             3.2682528524             0.0758992129            -1.5183381782
 H24             5.4272588312            -0.3857254483            -0.3311125837
&

