&zmat
 C24              5.9185564150            -1.9006113691            -1.6398417135
 O23              6.0121542938            -0.8444946721            -0.6804985033
 C22              5.0871851970            -0.9801184932             0.3494621624
 O21              3.7701086656            -0.8141207617            -0.1638765833
 C20              2.7656065868            -1.1740416353             0.7800768747
 C19              1.4005087879            -0.9616678058             0.1364756820
 C18              1.1702803560             0.4578460495            -0.4403630649
 C17              1.4551094128             1.5912245706             0.5715694842
 C16              0.4109619151             1.6613323725             1.6985753551
 C15             -1.0021256785             1.8470124750             1.1162494118
 C14             -1.3046973465             0.6934660504             0.1442544479
 C25             -0.2695994318             0.5683863324            -1.0051936346
 C26             -0.4565093278             1.7011879110            -2.0376611480
 C27             -1.9192719470             1.8269095022            -2.5103386567
 C4              -2.8782896804             1.9473039890            -1.3096559161
 C3              -4.3321932030             2.2496268383            -1.6940915774
 C2              -5.2724499259             2.3487515396            -0.4816085186
 C1              -6.5855197750             3.0184232430            -0.8302788711
 O28             -7.6885621233             2.6202609699            -0.4958333959
 N5              -2.6723014995             0.7569032505            -0.4366483871
 C6              -3.3201228468            -0.4160127034            -0.7430196050
 O13             -4.3913728591            -0.5485172801            -1.3285843240
 O7              -2.5847626009            -1.5139261445            -0.2847964012
 C8              -3.2580388761            -2.7592196800            -0.2839304684
 C9              -3.2911316200            -3.3095450150             1.1500257462
 Cl10            -1.6092280492            -3.4527193148             1.7995811141
 Cl11            -4.0525004821            -4.9400415902             1.0914025163
 Cl12            -4.2416581025            -2.2159894609             2.2115392838
 H51              6.0742548732            -2.8904008505            -1.1629542249
 H52              6.7153892924            -1.7273618347            -2.3771171543
 H53              4.9380393437            -1.9025489188            -2.1468608287
 H49              5.1644390871            -1.9819136195             0.8456407479
 H50              5.3257623709            -0.1888510040             1.0902701247
 H47              2.8805148871            -2.2363932013             1.0901671437
 H48              2.8614266795            -0.5616390048             1.7044008610
 H45              0.6340065099            -1.2219729484             0.8884217472
 H46              1.2795213121            -1.6909911057            -0.6846751273
 H44              1.8826638269             0.5725672845            -1.2778253049
 H42              2.4727927884             1.4792807142             0.9817854668
 H43              1.4594357946             2.5568611976             0.0323987810
 H40              0.4414132833             0.7372120867             2.3068205100
 H41              0.6455239981             2.4914735730             2.3866909399
 H38             -1.7687908734             1.8603109381             1.9102181756
 H39             -1.0423017683             2.8308281418             0.6151504834
 H37             -1.2752938720            -0.2237408437             0.7466534165
 H54             -0.5057379745            -0.3835715134            -1.5217192693
 H55             -0.1380161369             2.6681579325            -1.6056388821
 H56              0.2081064379             1.5187912482            -2.9004669690
 H57             -2.0352500625             2.7053235264            -3.1698187598
 H58             -2.2142613239             0.9390652277            -3.1015215746
 H34             -2.5472996449             2.8020601417            -0.6923623244
 H32             -4.3099806989             3.2199748377            -2.2272587130
 H33             -4.7154535607             1.4959385361            -2.3970615970
 H30             -4.7959437405             2.9753012554             0.3017536467
 H31             -5.4774555509             1.3586251157            -0.0480953897
 H29             -6.4732014905             3.9622290164            -1.4401517721
 H35             -4.2882243934            -2.6472436302            -0.6614656316
 H36             -2.6987058295            -3.4737332429            -0.9100085486
&

