&gen
basis=6-31G**
igeopt=1
dftname=PBE-D3
ifreq=1
&
entry_name: J1_10478_2111.in
&zmat
C1          3.8880039446        -2.7714383448        -6.3161905260
C2          2.8955647117        -1.7537855364        -5.7614735413
C3          2.6900609894        -1.9454035133        -4.2546235399
C4          1.6935195954        -0.9205130048        -3.7010134027
C5          1.4898784399        -1.1106389914        -2.1936461026
C6          0.4895002701        -0.0871829999        -1.6373537371
O7          1.0133039081         1.2175023590        -1.6715613653
P8          0.9023173787         1.5577263809         0.0115421367
C9          2.6958002605         1.8620259359        -0.0113384413
C10         3.2066428930         3.1245184668        -0.3616698145
C11         4.5862056241         3.3305696675        -0.4580115862
C12         5.4704573322         2.2734271338        -0.2367110168
C13         4.9756668582         1.0045180973         0.0675979392
C14         3.5974223766         0.7949664382         0.1641369188
C15         0.6694170887         1.6965241572         1.8472190153
C16         1.7117365409         1.4542680697         2.7730587143
C17         1.4913632213         1.5528465464         4.1502425499
C18         0.2281576131         1.8758164257         4.6398053050
C19        -0.8233083797         2.0906350536         3.7531400586
C20        -0.6104532828         1.9943951949         2.3763195307
C21        -0.1528855196         3.0140866512        -0.3246552624
C22        -1.2414557598         2.9264623228        -1.2134713225
C23        -2.0496798649         4.0398825110        -1.4608022978
C24        -1.7854485899         5.2537955045        -0.8247743399
C25        -0.7126102636         5.3565283205         0.0616585066
C26         0.0987376230         4.2466627568         0.3115854280
C27         0.3103379587        -0.1618549773        -0.1389992763
C28        -1.1453468718        -0.4158606881         0.3006335208
C29        -1.6158092655        -1.8145319609        -0.0966271855
H30         4.8758511434        -2.6564885605        -5.8211720167
H31         4.0165009762        -2.6087983222        -7.4070604171
H32         3.5134268977        -3.8044306026        -6.1527815298
H33         1.9248728500        -1.8729830649        -6.2905291501
H34         3.2816598148        -0.7301455548        -5.9601643256
H35         2.3067746100        -2.9720440621        -4.0629706061
H36         3.6657188647        -1.8287825935        -3.7328009272
H37         0.7174632951        -1.0370741463        -4.2218241973
H38         2.0775225832         0.1054279587        -3.8943470551
H39         2.4676442685        -1.0116620727        -1.6784741496
H40         1.0967994391        -2.1329893233        -2.0017703438
H41        -0.4703753022        -0.1210862353        -2.1982482562
H42         2.5510103853         3.9471555797        -0.5969614167
H43         4.9693157567         4.3080317040        -0.7213725787
H44         6.5378710712         2.4343066220        -0.3150790807
H45         5.6600744731         0.1811894118         0.2261204236
H46         3.2390238488        -0.1948581912         0.4074608412
H47         2.7039846987         1.1819044311         2.4685633897
H48         2.3047845965         1.3712697877         4.8411352874
H49         0.0617643641         1.9484363447         5.7068139040
H50        -1.8096151070         2.3250834678         4.1323859301
H51        -1.4619281917         2.1408187650         1.7258788799
H52        -1.4700809724         2.0037974834        -1.7248912692
H53        -2.8824713534         3.9608003637        -2.1476324220
H54        -2.4135427354         6.1140057152        -1.0169766575
H55        -0.5117134411         6.2959850454         0.5601374771
H56         0.9108895041         4.3456662877         1.0200462893
H57         1.0105056951        -0.8671131132         0.3586307185
H58        -1.2056689178        -0.3608411387         1.4058099849
H59        -1.8368812929         0.3382154207        -0.1270054285
H60        -1.6535973818        -1.9218920879        -1.2005100880
H61        -2.6358442228        -1.9902137069         0.3054399105
H62        -0.9327474125        -2.5842507000         0.3218149887
&

