&gen
basis=6-31G**
igeopt=1
dftname=PBE-D3
ifreq=1
&
entry_name: J1_2308_2111.in
&zmat
C1          5.6874520521        -0.5053277562         0.1387161010
C2          4.7518431090         0.2179649079        -0.8165506975
O3          3.4063051611         0.0291802441        -0.3991111213
C4          2.3414271156         0.5871505612        -1.1016830416
C5          1.1240384913         0.3899056405        -0.6871147287
P6         -0.3716473147         0.1416923677        -0.1696476574
C7         -1.2287184409         1.7236094795        -0.1037317072
C8         -2.5649173026         1.8290437304        -0.5206077906
C9         -3.2351919542         3.0527830433        -0.4286154377
C10        -2.5807312662         4.1729988384         0.0909884504
C11        -1.2562856848         4.0695267283         0.5247296900
C12        -0.5830135485         2.8475150423         0.4340441933
C13        -0.2957341119        -0.5932239161         1.4723432869
C14        -1.2127839610        -0.2145678590         2.4652017574
C15        -1.1723192075        -0.8177546237         3.7260581262
C16        -0.2262738105        -1.8097559368         3.9983458647
C17         0.6770574868        -2.2043478034         3.0077560704
C18         0.6392994598        -1.6035438171         1.7458925024
C19        -1.2002935212        -0.9723398077        -1.3158607617
C20        -1.0642268078        -0.7810905387        -2.6994265206
C21        -1.7364496285        -1.6182915550        -3.5949906017
C22        -2.5572131453        -2.6422842307        -3.1146125767
C23        -2.7110769899        -2.8264419683        -1.7378082041
C24        -2.0404110821        -1.9908757657        -0.8393049517
H25         5.5665056525        -0.1017171139         1.1663312268
H26         5.4579620142        -1.5919942555         0.1442335553
H27         6.7396585335        -0.3600279139        -0.1848559546
H28         4.8867678331        -0.1883323549        -1.8425321761
H29         4.9949131848         1.3027771897        -0.8195916149
H30         2.5133878743         1.1831234108        -1.9891501703
H31        -3.0920820963         0.9692584458        -0.9121407029
H32        -4.2639285834         3.1314469839        -0.7556605946
H33        -3.1015674356         5.1189982029         0.1632510109
H34        -0.7527534864         4.9350684569         0.9354666504
H35         0.4386822721         2.7776880390         0.7855223872
H36        -1.9610447624         0.5415105883         2.2677119528
H37        -1.8777729433        -0.5194369805         4.4907667229
H38        -0.1973835379        -2.2768273088         4.9742618912
H39         1.4035658449        -2.9790600389         3.2161457025
H40         1.3364330889        -1.9280060603         0.9836983159
H41        -0.4415520415         0.0164927419        -3.0846554788
H42        -1.6246567953        -1.4703398200        -4.6613039323
H43        -3.0784958292        -3.2887196467        -3.8087246305
H44        -3.3541528075        -3.6138992290        -1.3665800013
H45        -2.1826210778        -2.1395283422         0.2227955963
&

