&gen
basis=6-31G**
igeopt=1
dftname=PBE-D3
ifreq=1
&
entry_name: J1_10219_2111.in
&zmat
C1         -1.8405822984        -1.0027266713         0.4606479478
C2         -1.5911393769        -2.3177463880         0.4891269113
C3         -2.5416017390        -3.2655465439         1.1508789506
C4         -0.9021956369        -0.0557447528        -0.2423930865
C5         -1.2126579600         0.2226145351        -1.6968302612
C6         -2.1189731788        -0.7095072509        -2.5001237451
C7         -3.4276844998        -1.0584833493        -2.1058079775
C8         -4.2112293375        -1.9037892667        -2.8970845657
C9         -3.7083551707        -2.4098430104        -4.0953861981
C10        -2.4179185579        -2.0744986195        -4.5036775648
C11        -1.6296211448        -1.2317918544        -3.7150383020
O12        -1.7358416398         1.5151833268        -1.4987340015
P13        -1.2158264222         1.6994343078         0.1389048030
C14        -2.8099462097         2.4460501725         0.6724484797
C15        -4.0327984194         2.0512330953         0.1014314619
C16        -5.2382900803         2.6278554044         0.5118916558
C17        -5.2425961021         3.6240111914         1.4876778869
C18        -4.0390711749         4.0557060581         2.0434087314
C19        -2.8327964479         3.4815272829         1.6342003014
C20        -0.5864924658         1.5581015640         1.8776293612
C21        -1.4275708777         1.0399841277         2.8915915497
C22        -0.9694176625         0.8761627794         4.2006912997
C23         0.3435146178         1.2039605950         4.5284641157
C24         1.2027403254         1.6877721601         3.5446707745
C25         0.7511624602         1.8541130038         2.2320395927
C26        -0.0007541830         2.9282238156        -0.4330533113
C27        -0.3108746718         4.2996854116        -0.4469002264
C28         0.6077414015         5.2296756751        -0.9430716260
C29         1.8341741148         4.8008383471        -1.4536490451
C30         2.1394740465         3.4392106132        -1.4802192462
C31         1.2237368391         2.5062481021        -0.9861907583
H32        -2.7503550443        -0.6253073253         0.9158934501
H33        -0.6951933626        -2.7133542585         0.0183616093
H34        -3.5363099342        -3.2066478339         0.6602799225
H35        -2.1582824071        -4.3034441308         1.0622891063
H36        -2.6435483834        -3.0097025817         2.2267155969
H37         0.1647787257        -0.3220960627        -0.0745501554
H38        -0.2452809468         0.3340710047        -2.2359820027
H39        -3.8490094337        -0.7200262849        -1.1785593747
H40        -5.2099061719        -2.1711784688        -2.5763127510
H41        -4.3173878339        -3.0640848721        -4.7057194398
H42        -2.0266246344        -2.4672916103        -5.4332996887
H43        -0.6324215511        -0.9873546249        -4.0594822856
H44        -4.0661179055         1.3276938231        -0.6866109717
H45        -6.1700309110         2.3094150198         0.0623047781
H46        -6.1766762196         4.0709885505         1.8025229037
H47        -4.0390202489         4.8395138587         2.7898139924
H48        -1.9153197632         3.8470131810         2.0767178130
H49        -2.4527674863         0.7714975678         2.6826891624
H50        -1.6353667582         0.4906363136         4.9619377081
H51         0.6979789967         1.0747173915         5.5429138915
H52         2.2277468200         1.9276315190         3.7971322201
H53         1.4731797165         2.2049245714         1.5181099439
H54        -1.2661095768         4.6610993251        -0.1024058352
H55         0.3624860520         6.2839154254        -0.9431647852
H56         2.5427355792         5.5225081925        -1.8390605355
H57         3.0858139653         3.1054076789        -1.8857424682
H58         1.4853765134         1.4578217336        -1.0118563122
&

