&zmat
 C3             -2.2281465883            -3.0309909917             1.7101941150
 C2             -1.3482171708            -2.0368268272             1.0140465692
 C1             -1.7820008843            -1.0855942110             0.1650036650
 C4             -0.9077988535            -0.0596142451            -0.4716043263
 C5             -1.3133511416             0.4076798380            -1.9001880495
 C6             -2.1711989899            -0.5551069124            -2.6985838338
 C7             -3.4346759635            -0.1622972972            -3.1660559429
 C8             -4.2327041252            -1.0583305529            -3.8917057149
 C9             -3.7734010279            -2.3543161327            -4.1591603965
 C10            -2.5065518958            -2.7492112357            -3.7029254746
 C11            -1.7106783637            -1.8543663123            -2.9791815492
 O12            -1.9929283969             1.6066285454            -1.5678885279
 P13            -1.2590229888             1.7234072065             0.1419935171
 C14            -2.8443248009             2.4552474271             0.7668881887
 C15            -4.0794344278             2.1241314183             0.1803156203
 C16            -5.2670082013             2.6760662581             0.6793638763
 C17            -5.2303846504             3.5887851725             1.7409800008
 C18            -4.0007566840             3.9382493221             2.3181453691
 C19            -2.8158631089             3.3594776461             1.8494919068
 C20            -0.5159367739             1.4402294352             1.8878407406
 C21            -1.2871689894             0.7298925353             2.8358773675
 C22            -0.7593470990             0.3681407122             4.0816796243
 C23             0.5592620726             0.7115888365             4.4144412983
 C24             1.3365074039             1.4216524829             3.4908005367
 C25             0.8047277452             1.7784250645             2.2410578747
 C26            -0.0714722084             2.9859210942            -0.4728822224
 C27            -0.4313957041             4.3458894536            -0.5130626770
 C28             0.4495730871             5.2928652036            -1.0496782984
 C29             1.6938935863             4.8973746419            -1.5604872927
 C30             2.0546739535             3.5439046425            -1.5293762125
 C31             1.1801762829             2.5919714348            -0.9870611961
 H34            -1.9157005664            -4.0694388162             1.4983544453
 H35            -2.1692545647            -2.9042298704             2.8074237295
 H36            -3.2824635912            -2.9213197734             1.4096566426
 H33            -0.2745854726            -2.0861295507             1.2434272619
 H32            -2.8532415054            -1.0215635188            -0.0687590566
 H37             0.1582006314            -0.3076015715            -0.3182706562
 H38            -0.3862922598             0.6148011792            -2.4856812977
 H39            -3.7699929589             0.8572397917            -2.9558716243
 H40            -5.2172723074            -0.7411236498            -4.2505024591
 H41            -4.3975390352            -3.0554634163            -4.7219536155
 H42            -2.1413724518            -3.7609317990            -3.9064923706
 H43            -0.7274386116            -2.1700761500            -2.6129430501
 H44            -4.0919761111             1.4409969179            -0.6708525367
 H45            -6.2240186822             2.3962916365             0.2280794861
 H46            -6.1583818670             4.0273164434             2.1211374145
 H47            -3.9644420275             4.6529639199             3.1459750540
 H48            -1.8635396108             3.6047594731             2.3286897095
 H49            -2.3238970266             0.4676967691             2.6025088692
 H50            -1.3822321054            -0.1799656705             4.7963527401
 H51             0.9736722658             0.4342506601             5.3885528501
 H52             2.3624372415             1.7092569994             3.7432605556
 H53             1.4301968999             2.3412603056             1.5417988239
 H54            -1.4069636146             4.6638050726            -0.1339909742
 H55             0.1563162830             6.3469981991            -1.0739483256
 H56             2.3769052254             5.6395906622            -1.9837195187
 H57             3.0221828575             3.2224925074            -1.9271004329
 H58             1.4818116008             1.5399910570            -0.9622887149
&

