&gen
basis=6-31G**
igeopt=1
dftname=PBE-D3
ifreq=1
&
entry_name: J1_3276_2111.in
&zmat
C1          0.8819449938         0.6082616232         2.2703984495
C2          0.0623688136         0.4222776962         1.0235059656
O3         -0.8778584343        -0.6090107721         1.2818888194
C4         -2.1254437828        -0.3487275749         0.6654570702
C5         -2.9796086444         0.5139172907         1.5555579054
C6         -3.2293509517         1.8561056425         1.2242031223
C7         -4.0015309292         2.6580344970         2.0701064897
C8         -4.5243757333         2.1281219435         3.2529907047
C9         -4.2733294459         0.7958947276         3.5931503225
C10        -3.5010527376        -0.0091746276         2.7498884909
C11         0.9478810988         0.0162275577        -0.1839507237
C12         2.0182039240         1.0756244292        -0.5868073818
C13         1.4270578628         2.4560846221        -0.9085521692
O14         0.4190756448         2.3303968448        -1.8907084438
C15        -0.2146600654         3.5780823108        -2.0874415970
O16        -1.1468720866         3.4739665842        -3.1431479623
C17        -2.3093333989         2.8122187598        -2.6945892937
O18         2.9910314642         1.2179617272         0.4168806104
O19         1.5930596293        -1.2126739041         0.1194243830
C20         1.5537702206        -2.0965393755        -0.9809640706
C21         2.3744512376        -3.3091807446        -0.6539993822
C22         3.7588270365        -3.3098354801        -0.8921829662
C23         4.5314763138        -4.4238887875        -0.5492854011
C24         3.9305012641        -5.5372979613         0.0445775994
C25         2.5566391425        -5.5362927312         0.3016179424
C26         1.7803617723        -4.4241986634        -0.0396591130
O27         0.8924417865         1.6819541091         2.8514127863
H28         1.4641141925        -0.2178745166         2.6662240763
H29        -0.4378236553         1.3939503817         0.8029403392
H30        -2.0177540024         0.0914617217        -0.3526720444
H31        -2.6437222310        -1.3194291135         0.5160442696
H32        -2.8231313816         2.2825293842         0.3164081068
H33        -4.1920403242         3.6912305264         1.8099414028
H34        -5.1211189157         2.7504065451         3.9072743901
H35        -4.6749606274         0.3876937618         4.5115820043
H36        -3.3075062781        -1.0381648795         3.0269436149
H37         0.2476944064        -0.0810443440        -1.0492573345
H38         2.5121263730         0.7202130761        -1.5218258069
H39         1.0383129699         2.9198097894         0.0262943476
H40         2.2498524949         3.1007167961        -1.2934288551
H41         0.5350938108         4.3440735284        -2.3879254590
H42        -0.7011754500         3.9399226722        -1.1485089458
H43        -2.8519578094         3.4291673671        -1.9450694767
H44        -2.0755584679         1.8075486415        -2.2772725095
H45        -2.9877071229         2.6643956457        -3.5596290616
H46         3.6054278995         0.4418347333         0.3393080012
H47         1.9643925646        -1.6159360552        -1.8983700530
H48         0.5036930645        -2.4044572365        -1.1892986174
H49         4.2383370884        -2.4485657385        -1.3410902452
H50         5.5969044698        -4.4222394469        -0.7399076972
H51         4.5301298903        -6.3981039201         0.3108683079
H52         2.0938066461        -6.3956011028         0.7694411527
H53         0.7188943999        -4.4318479607         0.1754956479
&

