&gen
basis=6-31G**
igeopt=1
dftname=PBE-D3
ifreq=1
&
entry_name: J1_10567_2111.in
&zmat
C1          4.4080541094        -4.0418232873        -3.5198463615
C2          3.4041195318        -3.0433497706        -3.0251478705
C3          2.1892069434        -3.4758930857        -2.4746203930
C4          1.2394965902        -2.5455345466        -2.0440217479
C5          1.4874421504        -1.1678676934        -2.1577389886
C6          0.4339209497        -0.1868154562        -1.6825253817
O7          0.8993060539         1.1392714611        -1.7008580648
P8          0.8435402669         1.4535326171        -0.0062131372
C9          2.6337395834         1.7113259424         0.0381694754
C10         3.4960808488         0.6166940106         0.2180881465
C11         4.8809567285         0.8033115486         0.2350832402
C12         5.4166394758         2.0838144921         0.0805315591
C13         4.5672005698         3.1797603172        -0.0883319632
C14         3.1814002177         2.9966178032        -0.1095702055
C15         0.8567558442         1.6604006241         1.8291085919
C16         0.8978591213         0.5558893729         2.7073579971
C17         0.9458183968         0.7394022592         4.0923336017
C18         0.9923054767         2.0241964054         4.6300258529
C19         1.0140144119         3.1295562204         3.7824368936
C20         0.9654840988         2.9521114926         2.3978672592
C21        -0.2867042163         2.8643339692        -0.2799596151
C22        -0.0035061953         3.8109009324        -1.2820857683
C23        -0.8663295492         4.8869217021        -1.5090544416
C24        -2.0249826933         5.0299649487        -0.7437889901
C25        -2.3239903512         4.0958865144         0.2491620550
C26        -1.4639443533         3.0193148563         0.4803964259
C27         0.1905192932        -0.2458143257        -0.1926167980
C28        -1.2723351790        -0.4294596829         0.1916694798
C29        -1.5989505405        -1.3164945202         1.2342961015
C30        -2.9297473370        -1.5119413945         1.6145411012
C31        -3.9547132225        -0.8351506686         0.9520503431
C32        -3.6513795167         0.0321046097        -0.0981019867
C33        -2.3226247219         0.2297430217        -0.4833444443
C34         2.6908792651        -0.7380309229        -2.7480597180
C35         3.6408589319        -1.6695372948        -3.1759796208
H36         4.1982038589        -4.2803467102        -4.5833815585
H37         5.4385094220        -3.6353971302        -3.4358245820
H38         4.3583233146        -4.9767367728        -2.9219119905
H39         1.9769693576        -4.5335139614        -2.3777147751
H40         0.3089012321        -2.8983344108        -1.6161541396
H41        -0.4744139413        -0.2839221131        -2.3131719968
H42         3.1020672785        -0.3820393136         0.3429077118
H43         5.5389368250        -0.0455382706         0.3688869114
H44         6.4892633642         2.2273639591         0.0955324605
H45         4.9827192970         4.1728167252        -0.2006147881
H46         2.5446214198         3.8608843472        -0.2252867834
H47         0.9278193974        -0.4558726183         2.3507238317
H48         0.9643987146        -0.1200351771         4.7502159811
H49         1.0343794202         2.1622122427         5.7026915442
H50         1.0792016913         4.1270171216         4.1976010704
H51         1.0180492800         3.8326551792         1.7723731917
H52         0.8803167219         3.7148293737        -1.8987103190
H53        -0.6377891094         5.6086570198        -2.2825618585
H54        -2.6923457961         5.8631634742        -0.9220551296
H55        -3.2235412677         4.2053293040         0.8409387286
H56        -1.7169437314         2.3108003246         1.2581503097
H57         0.8485273740        -1.0023269166         0.2815411258
H58        -0.8261697336        -1.8699107140         1.7510603173
H59        -3.1664409327        -2.1933081878         2.4215143246
H60        -4.9844239767        -0.9873719420         1.2485493194
H61        -4.4466890699         0.5538984602        -0.6145105303
H62        -2.1205905874         0.9133029282        -1.2968943824
H63         2.9039693273         0.3152092034        -2.8766649845
H64         4.5614407121        -1.3185810044        -3.6259159608
&

