&zmat
 O1             -0.1635513620            -1.7721315514            -0.8838412958
 C2             -0.8847222904            -0.7829465520            -0.8142693381
 C3             -1.9349361210            -0.4382742232            -1.8611967248
 C4             -3.3538906361            -0.3455622396            -1.2301359595
 C5             -3.3091896234             0.1293708217             0.2437289780
 C6             -2.0925174162             1.0310511611             0.5013149110
 C7             -0.7861697116             0.2213672301             0.3447547053
 C8              0.4425798320             1.1593406413             0.1431455694
 C9              1.7830223420             0.4691162482             0.2549480353
 C10             2.3528191208             0.2315829790             1.5196329672
 C11             3.5787909128            -0.4327279613             1.6427516754
 C12             4.2582334438            -0.8695823688             0.4968495016
 C13             3.7027606281            -0.6366363583            -0.7681041233
 C14             2.4753302813             0.0274015606            -0.8857304122
 H15            -1.8872239114            -1.1731697067            -2.6781822714
 H16            -1.6616493641             0.5499641651            -2.2798335652
 H17            -3.8449441986            -1.3308861244            -1.2888180221
 H18            -3.9661133310             0.3456434167            -1.8341190361
 H19            -4.2480778492             0.6448129094             0.5066158911
 H20            -3.2379157263            -0.7468893883             0.9154537270
 H21            -2.1305081582             1.4782626160             1.5099375829
 H22            -2.0985526232             1.8795404719            -0.2106581612
 H23            -0.6060481713            -0.3802000733             1.2546479566
 H24             0.3495118939             1.6594377510            -0.8388395891
 H25             0.3706239923             1.9568931143             0.9054565672
 H26             1.8262162732             0.5736754103             2.4182633971
 H27             4.0070975407            -0.6073711070             2.6347838745
 H28             5.2168342192            -1.3891426383             0.5902707141
 H29             4.2254319009            -0.9764058326            -1.6675477976
 H30             2.0409777672             0.1962838852            -1.8767251647
&

