&gen
basis=6-31G**
igeopt=1
dftname=PBE-D3
ifreq=1
&
entry_name: J1_10329_2111.in
&zmat
C1          1.9457988262        -2.6752105671         0.7202166394
C2          0.5538881750        -3.3301706068         0.6371811578
C3          0.5871120977        -4.4331550135        -0.4312310038
C4          0.1664237366        -3.9586653849         1.9893493563
O5         -0.4315796016        -2.3731501644         0.2241655711
C6         -0.7856686634        -1.1944239770         0.9004936750
O7         -0.2708904929        -0.9192421893         2.0163829501
C8         -1.8851886612        -0.3191443859         0.3353108896
C9         -3.2072730718        -0.6144972714         1.0739350870
C10        -1.9491792361        -0.3872595214        -1.1902468327
C11        -3.1976893309        -0.9808413921        -1.8620845848
Cl12        -3.1661070600        -2.7614211465        -1.7694961925
O13        -1.8449933398         0.9949720248        -1.4191629653
P14        -1.4930262987         1.4834182369         0.1946565096
C15        -2.7907181302         2.7845355520         0.1417407598
C16        -2.5571514011         4.0640720087         0.6928568134
C17        -3.5429607924         5.0533369556         0.6518599319
C18        -4.7748515132         4.7891278262         0.0542391006
C19        -5.0204174135         3.5361620890        -0.5070316502
C20        -4.0373269383         2.5432394217        -0.4677933544
C21        -1.1623665078         1.7977986132         1.9925701142
C22        -2.2445581675         1.8670484772         2.9004096758
C23        -2.0351355949         2.0940836139         4.2623184242
C24        -0.7420812870         2.2538561601         4.7541647950
C25         0.3438918246         2.1860506648         3.8841742897
C26         0.1424274976         1.9599762998         2.5194390534
C27         0.1345459532         2.0228823680        -0.4285306768
C28         0.3276384474         3.3410590466        -0.8814870958
C29         1.5641342216         3.7440925287        -1.3945556120
C30         2.6153349595         2.8314662443        -1.4887042872
C31         2.4259270305         1.5094897709        -1.0855284919
C32         1.1911404167         1.1030592818        -0.5729383293
H33         1.9841111635        -1.9054537314         1.5177368884
H34         2.7222560548        -3.4373707563         0.9470331658
H35         2.1999798089        -2.1897665666        -0.2462358268
H36         0.8463520075        -4.0015281612        -1.4220678007
H37        -0.4103565603        -4.9157899629        -0.5173940815
H38         1.3376529214        -5.2128514576        -0.1771649192
H39        -0.8741881123        -4.3458076916         1.9471158334
H40         0.2313576715        -3.2202733159         2.8140270864
H41         0.8482358636        -4.8002922934         2.2386870604
H42        -3.5597470892        -1.6396211350         0.8383021741
H43        -4.0069053049         0.1041579768         0.8152897367
H44        -3.0555926744        -0.5837360887         2.1721229293
H45        -1.0469662469        -0.8633624988        -1.6360021304
H46        -4.1420420863        -0.6087097622        -1.4218733132
H47        -3.1944875572        -0.6990859655        -2.9360289583
H48        -1.6135671079         4.2992297301         1.1675844606
H49        -3.3503934461         6.0264154523         1.0848848936
H50        -5.5375540079         5.5563852842         0.0223184822
H51        -5.9736850117         3.3338960353        -0.9781788908
H52        -4.2579959488         1.5958115925        -0.9278535191
H53        -3.2640595299         1.7614604542         2.5562329099
H54        -2.8796884508         2.1481531570         4.9371038741
H55        -0.5811693514         2.4288365744         5.8100639305
H56         1.3488258614         2.3044646271         4.2687755242
H57         1.0248784052         1.8992051465         1.9070589115
H58        -0.4742760676         4.0600386693        -0.8709843262
H59         1.7027574615         4.7630893225        -1.7322337664
H60         3.5709700991         3.1445464170        -1.8888797691
H61         3.2347920971         0.7958472157        -1.1756265942
H62         1.0757532284         0.0736835546        -0.2863777139
&

