&gen
basis=6-31G**
igeopt=1
dftname=PBE-D3
ifreq=1
&
entry_name: J1_10551_2111.in
&zmat
C1         -2.8370286893        -1.2552390443         0.5756387602
C2         -1.5190503237        -1.0954646441         0.5343441949
C3         -0.7408862107        -0.0744207880        -0.2842436108
C4         -1.0833785093         0.1361175919        -1.7452558839
C5         -2.0977650901        -0.7869764460        -2.3905444282
C6         -1.8818836758        -2.1774301988        -2.3737884762
C7         -2.7806973410        -3.0426162748        -3.0037869359
C8         -3.8820385557        -2.5281608205        -3.6909855187
C9         -4.0754210897        -1.1469693147        -3.7644069495
C10        -3.1792355433        -0.2782208125        -3.1343604127
O11        -1.5384813475         1.4647212948        -1.5986898078
P12        -1.1227261327         1.6709358677         0.0628055704
C13        -2.7743877184         2.3750650705         0.4775996656
C14        -3.9407345338         1.9643919380        -0.1975049655
C15        -5.1862259318         2.5156291237         0.1161129558
C16        -5.2900909443         3.5022151112         1.0955426246
C17        -4.1458202410         3.9480629293         1.7548059324
C18        -2.8990964774         3.3993458728         1.4440082811
C19        -0.5936323960         1.5613801673         1.8332587656
C20         0.7248466667         1.8577596748         2.2497025851
C21         1.1089106024         1.7025466497         3.5849777027
C22         0.2004377712         1.2247940694         4.5274839685
C23        -1.0933515034         0.8897215016         4.1353845693
C24        -1.4843548026         1.0448276197         2.8039675635
C25         0.0958233798         2.9239197800        -0.4439190871
C26         1.3291723424         2.5240045896        -0.9936261238
C27         2.2564995734         3.4758430516        -1.4263330551
C28         1.9554529513         4.8358182048        -1.3399001580
C29         0.7213313912         5.2446934584        -0.8318504680
C30        -0.2091008731         4.2958971570        -0.3971288458
C31        -0.8220335730        -2.0843294320         1.4048984774
C32        -1.9466548827        -2.8197908544         2.1346784054
C33        -3.2478051221        -2.3598069285         1.4774987047
H34        -3.5446282172        -0.6955008628        -0.0113761296
H35         0.3491103650        -0.2543136268        -0.1651714286
H36        -0.1593996827         0.1385343345        -2.3646642488
H37        -1.0209909254        -2.5917683064        -1.8640527388
H38        -2.6182471384        -4.1119901396        -2.9660711069
H39        -4.5756965576        -3.1987954357        -4.1813672930
H40        -4.9146045851        -0.7481182729        -4.3195326801
H41        -3.3306699564         0.7883170949        -3.2366531404
H42        -3.9034665828         1.2322774087        -0.9825043997
H43        -6.0719100654         2.1821883602        -0.4092958692
H44        -6.2553428950         3.9290581695         1.3353505802
H45        -4.2229818719         4.7233986629         2.5060715825
H46        -2.0311687745         3.7765323288         1.9685693029
H47         1.4815961237         2.1941376799         1.5630225864
H48         2.1203761734         1.9425974467         3.8868215708
H49         0.5036098469         1.1011082920         5.5590776976
H50        -1.7941134741         0.4996528467         4.8621943717
H51        -2.4891796056         0.7503394741         2.5345391858
H52         1.5857320221         1.4778285239        -1.0748599066
H53         3.2080943856         3.1579146548        -1.8323492025
H54         2.6731171447         5.5721318936        -1.6778523394
H55         0.4798006824         6.2987813244        -0.7853870303
H56        -1.1669933876         4.6460016337        -0.0510236604
H57        -0.1506745981        -1.5678220167         2.1244392362
H58        -0.2349576038        -2.7876805423         0.7758664143
H59        -1.9461363320        -2.5390499783         3.2111462884
H60        -1.8242395641        -3.9212323801         2.0457854860
H61        -3.7011113235        -3.1795719874         0.8797945454
H62        -3.9722858457        -1.9898049003         2.2342057833
&

