&gen
basis=6-31G**
igeopt=1
dftname=PBE-D3
ifreq=1
&
entry_name: J1_10485_2111.in
&zmat
C1         -3.8647285841        -1.8411283241        -0.3736840597
C2         -3.4848337233        -0.3874137720        -0.1197339038
O3         -2.1278054271        -0.1519486448        -0.4875069394
C4         -1.0338168324        -0.5604180388         0.2873394196
O5         -1.2205334058        -1.1311532156         1.3960479860
C6          0.3780132428        -0.3132940112        -0.1828563991
C7          0.5232982605        -0.2675764163        -1.6835055420
C8          1.5106241955        -1.3037829512        -2.2858393288
C9          2.9861022982        -1.0587532282        -1.8895183551
C10         3.9036803102        -2.1219602742        -2.5050148923
C11         3.7653538342        -2.1474591613        -4.0311701053
C12         2.3080778075        -2.3781565949        -4.4456315743
C13         1.3822090968        -1.3244936804        -3.8237323561
O14         1.0108397028         1.0471941852        -1.7496038005
P15         0.9140491424         1.4285892788        -0.0680112411
C16         2.6957082144         1.8578770693         0.0066683689
C17         0.8323904128         1.6945329771         1.7600965001
C18         0.7350752752         3.0015102669         2.2961545954
C19         0.7071873303         3.2148952356         3.6765124591
C20         0.8142418683         2.1377436438         4.5534742317
C21         0.9742326155         0.8480022625         4.0507660296
C22         1.0031275614         0.6278799991         2.6705639710
C23        -0.2623963275         2.7580271910        -0.4498396563
C24        -1.5523009471         2.7822630679         0.1106071366
C25        -2.4408836143         3.8136389947        -0.2057564888
C26        -2.0495895581         4.8325790723        -1.0773318554
C27        -0.7656957406         4.8256111011        -1.6276658008
C28         0.1258745254         3.7957184870        -1.3134932280
H29        -4.9385593806        -1.9933033668        -0.1360406268
H30        -3.6918625542        -2.0964724634        -1.4405794476
H31        -3.2588803893        -2.5170147139         0.2650808094
H32        -4.1359217341         0.2655710630        -0.7381557401
H33        -3.6483922410        -0.1247300586         0.9480592391
H34         1.0989607953        -1.0180277256         0.2769567152
H35        -0.4523465690        -0.3194367755        -2.2140003014
H36         1.2072647936        -2.3063688819        -1.9075383341
H37         3.3154320571        -0.0591470784        -2.2448582757
H38         3.1062111912        -1.0925433130        -0.7873162314
H39         4.9582925734        -1.8958904178        -2.2371841507
H40         3.6513723621        -3.1219368487        -2.0883536099
H41         4.1268194072        -1.1849989859        -4.4557976866
H42         4.3977319487        -2.9628576709        -4.4435075870
H43         2.2299576072        -2.3271989126        -5.5529684748
H44         1.9855298920        -3.3937042003        -4.1264698890
H45         1.6304143615        -0.3222756859        -4.2386940929
H46         0.3351698997        -1.5641679665        -4.1112016591
H47         3.1292424862         1.9516851117        -1.0094208812
H48         2.8471196908         2.8375017995         0.5060700233
H49         3.2512809298         1.0714148310         0.5587828997
H50         0.6981606129         3.8694605723         1.6526137797
H51         0.6162501279         4.2206590526         4.0661265661
H52         0.7972728185         2.3050001318         5.6226805576
H53         1.0916186787         0.0155386124         4.7326845553
H54         1.1824309212        -0.3802254017         2.3400748603
H55        -1.8609969022         2.0277080996         0.8194513743
H56        -3.4304589419         3.8274139686         0.2323888921
H57        -2.7382600391         5.6314642801        -1.3200037682
H58        -0.4605311506         5.6191327717        -2.2974349461
H59         1.1184267631         3.8057756005        -1.7458225072
&

