&gen
basis=6-31G**
igeopt=1
dftname=PBE-D3
ifreq=1
&
entry_name: J1_10105_2111.in
&zmat
C1          3.2668346216        -0.6623398777         2.2655630904
O2          2.5383118787         0.0365521869         1.2393693333
C3          1.7200070642        -0.6782492814         0.4287622785
O4          1.6104954327        -1.8983853493         0.4344622965
C5          0.9264446489         0.2304700578        -0.4874009085
C6          1.3824239756         0.3306621737        -1.9676604651
C7          2.4589117039        -0.6587880029        -2.4388556874
O8          3.6165717356        -0.4890684835        -1.6156629690
C9          4.3197118532        -1.7094240930        -1.2940955070
C10         5.7413780912        -1.3478107660        -0.9500650311
C11         6.2719269858        -1.5645584695         0.3309205778
C12         7.5877971496        -1.1819641304         0.6316653840
C13         8.3812366642        -0.5725036229        -0.3482859220
C14         7.8630203323        -0.3665134785        -1.6366009335
C15         6.5542489399        -0.7565715428        -1.9359084666
C16         2.7765995068        -0.5109279331        -3.9570707719
O17         3.8561826682        -1.3891270633        -4.3235438240
C18         3.4581309184        -2.7279333427        -4.6272946671
C19         2.6235102941        -2.8480698411        -5.8875246314
C20         1.5782564376        -3.7819591149        -5.9671790774
C21         0.8341225454        -3.9187359389        -7.1472850301
C22         1.1227206565        -3.1096343916        -8.2540750683
C23         2.1578877988        -2.1658645374        -8.1751653072
C24         2.9087894681        -2.0361031042        -7.0004085390
C25         3.1171673997         0.9033302676        -4.4951448633
O26         3.0873192091         0.9031752993        -5.9339808019
C27         4.5138498431         1.3911005680        -4.0994889508
O28         4.8008008127         2.7273030143        -4.5093761146
C29         4.2880181678         3.7414573804        -3.6512323778
C30         3.0006903102         4.3928785601        -4.1327056699
C31         2.4539617151         4.1032624753        -5.3918745670
C32         1.2804856698         4.7458274940        -5.8168849192
C33         0.6492110230         5.6908679116        -4.9971543219
C34         1.1960288959         5.9846244877        -3.7384741014
C35         2.3603224552         5.3385283715        -3.3099201009
O36         1.8369188718         1.6729216800        -1.9551168153
P37         1.1607072287         2.1104956474        -0.2729577946
C38         2.7088172000         3.0833364785        -0.0007048036
C39         3.9694337724         2.4688865947        -0.1246284448
C40         5.1340822449         3.2170874416         0.0901381126
C41         5.0514929908         4.5822632226         0.3998737037
C42         3.7966506565         5.1987618489         0.5049767875
C43         2.6254335148         4.4507283936         0.3177899343
C44         0.5618748429         2.1174374736         1.5552151598
C45        -0.7156487723         1.5905685311         1.8505394915
C46        -1.1690713423         1.4630917168         3.1702319986
C47        -0.3492859142         1.8581949045         4.2365450567
C48         0.9221340125         2.3789195680         3.9651585406
C49         1.3717717084         2.5031391816         2.6414270509
C50        -0.1984046545         3.1646412414        -0.9650367878
C51        -0.4757026786         3.1445544050        -2.3450925542
C52        -1.4945930793         3.9425421710        -2.8770674923
C53        -2.2251788465         4.8029799384        -2.0487391069
C54        -1.9315648242         4.8614260381        -0.6792302587
C55        -0.9347983421         4.0405110662        -0.1372554038
H56         3.1045513418        -1.7467516704         2.1771671093
H57         2.9042243331        -0.2901999030         3.2362093692
H58         4.3303611709        -0.4129328803         2.1388417880
H59        -0.1313361669        -0.0570997862        -0.3722706326
H60         0.4978333092         0.1940500220        -2.6342460956
H61         2.0441011438        -1.6763851889        -2.2807453074
H62         3.8103893960        -2.2220372139        -0.4552104596
H63         4.3113046379        -2.3824452737        -2.1667843470
H64         5.6526717967        -2.0461807979         1.0950920596
H65         7.9905056308        -1.3553346851         1.6345529514
H66         9.4052061487        -0.2662748295        -0.1127688585
H67         8.4829776376         0.0977695604        -2.4098122847
H68         6.1427900019        -0.6131891624        -2.9385455004
H69         1.8510529848        -0.8223141546        -4.4908758129
H70         4.4105463791        -3.2756079768        -4.7452550130
H71         2.9193371072        -3.1989457558        -3.7768856280
H72         1.3432561204        -4.4051977996        -5.0963797318
H73         0.0207938259        -4.6493333520        -7.1975475515
H74         0.5383355582        -3.2089491601        -9.1741391870
H75         2.3818704043        -1.5252637479        -9.0343926543
H76         3.6886499704        -1.2741486956        -6.9138745595
H77         2.3746920555         1.6115158567        -4.0855057330
H78         2.1598141750         0.7640479724        -6.2009446378
H79         5.2518601364         0.7557629859        -4.6175465443
H80         4.6352851087         1.2695983414        -3.0077762080
H81         4.1380624138         3.3545030564        -2.6256935982
H82         5.0725259207         4.5218658053        -3.5873112527
H83         2.9508633141         3.3538156232        -6.0165670606
H84         0.8616487586         4.5103290776        -6.8014651716
H85        -0.2630633473         6.1950074452        -5.3320778027
H86         0.6994342888         6.7047859243        -3.0802282407
H87         2.7735058067         5.5563303854        -2.3180468958
H88         4.0343964362         1.4159640641        -0.4080354263
H89         6.1084192322         2.7278050957        -0.0086998690
H90         5.9629766806         5.1687849058         0.5509826327
H91         3.7239275404         6.2663293594         0.7348635607
H92         1.6487806782         4.9376602536         0.4055359841
H93        -1.3862269774         1.2997229676         1.0328372537
H94        -2.1672993830         1.0582363942         3.3642113926
H95        -0.6998623057         1.7615026899         5.2681788973
H96         1.5739524525         2.6924464000         4.7869831759
H97         2.3749119817         2.8966283004         2.4560520794
H98         0.1470216436         2.5332275064        -2.9993039616
H99        -1.6886313105         3.9146992819        -3.9526391932
H100        -3.0116807337         5.4373804506        -2.4693591126
H101        -2.4833607755         5.5432935382        -0.0246439474
H102        -0.7321288354         4.0803489280         0.9359690848
&

