&gen
basis=6-31G**
igeopt=1
dftname=PBE-D3
ifreq=1
&
entry_name: J1_10468_2111.in
&zmat
C1         -3.5280920208        -2.9484206653        -0.1914367141
C2         -3.1681930030        -2.5000057725        -1.6110721312
C3         -4.3941817817        -2.6179861402        -2.5220489811
O4         -2.1443259442        -3.3370758122        -2.1090121590
C5         -1.0283439712        -2.5205000244        -2.2708602677
C6         -1.5493686564        -1.1099759035        -2.2720612865
C7         -0.5566304669        -0.1023956971        -1.6596532719
O8         -1.0877441236         1.1998669347        -1.6554184416
P9         -0.9219716250         1.5182100946         0.0300589487
C10        -2.7164315859         1.7803981602         0.0858920849
C11        -3.2788603264         2.9613208938        -0.4273212313
C12        -4.6666488343         3.1291104425        -0.4566239607
C13        -5.5058924871         2.1121998949         0.0043898277
C14        -4.9586330061         0.9227929730         0.4896697214
C15        -3.5720976282         0.7526594701         0.5218613076
C16        -0.5895493859         1.6784563724         1.8500627749
C17        -1.6054592658         1.8136923699         2.8293373808
C18        -1.2880760919         1.9305266595         4.1861159217
C19         0.0412078140         1.9365121677         4.6007963565
C20         1.0601285407         1.8419717161         3.6574243101
C21         0.7509852024         1.7239433220         2.3007822718
C22         0.1028169647         2.9865187582        -0.3055049158
C23         1.2217086789         2.9053902913        -1.1536789416
C24         2.0079576676         4.0347313935        -1.4002060824
C25         1.6865660352         5.2564960745        -0.8055516873
C26         0.5767142769         5.3516458819         0.0360031516
C27        -0.2123771611         4.2254320854         0.2847690905
C28        -0.3412429192        -0.1991519322        -0.1682326414
C29         1.1002668910        -0.4443717614         0.1809604405
O30         1.3906588623        -1.2859783249         1.0155617554
O31        -2.7533705901        -1.1504580519        -1.5752296770
H32        -4.3503728323        -2.3236017006         0.2180669849
H33        -3.8507146013        -4.0116491340        -0.1907672999
H34        -2.6437625623        -2.8496486889         0.4730389892
H35        -4.1309889400        -2.2994581823        -3.5532025493
H36        -5.2162239553        -1.9681307027        -2.1518531208
H37        -4.7520823255        -3.6693024591        -2.5586015917
H38        -0.3238544709        -2.7063757876        -1.4309569948
H39        -0.5212415511        -2.7565182633        -3.2306898400
H40        -1.7615451481        -0.8008524945        -3.3204803981
H41         0.3915123326        -0.1086004443        -2.2435190216
H42        -2.6521255401         3.7433949722        -0.8310041876
H43        -5.0920669323         4.0433074201        -0.8499570984
H44        -6.5799583817         2.2426010123        -0.0224475114
H45        -5.6084820393         0.1315914779         0.8404766416
H46        -3.1658684856        -0.1685337881         0.9143327105
H47        -2.6506524799         1.8583356087         2.5871290248
H48        -2.0791691683         2.0274835473         4.9187914407
H49         0.2816418562         2.0311679729         5.6518478519
H50         2.0943433695         1.8701836418         3.9755915068
H51         1.5728505539         1.6954807116         1.6002105439
H52         1.4871029492         1.9762882920        -1.6346177748
H53         2.8667022612         3.9625484844        -2.0550623271
H54         2.2970151086         6.1293772653        -0.9974738258
H55         0.3285112237         6.2982933716         0.4982266515
H56        -1.0618594696         4.3178784039         0.9491605821
H57        -1.0206139521        -0.9159742389         0.3384200452
H58         1.8936850369         0.1189966331        -0.2962526134
&

