&gen
basis=6-31G**
igeopt=1
dftname=PBE-D3
ifreq=1
&
entry_name: J1_9937_2111.in
&zmat
C1         -2.7582246788        -1.2257461929         0.6929254454
C2         -1.4248570709        -1.1407138116         0.5520728241
C3         -0.5855660556        -2.1382463213         1.3106015626
C4         -0.7161078370        -0.0961011485        -0.3217238321
C5         -1.1263903714         0.0990655324        -1.7633700112
C6         -2.3033301043        -0.7041765358        -2.2763112076
C7         -2.1516893952        -2.0879367704        -2.4713916454
C8         -3.2165804441        -2.8567156620        -2.9495252593
C9         -4.4383375393        -2.2502711697        -3.2501534328
C10        -4.5955812004        -0.8729493790        -3.0783372416
C11        -3.5338603879        -0.0990624068        -2.6002311015
O12        -1.4093135725         1.4754511385        -1.6511431274
P13        -1.0681072719         1.6643211134         0.0298065435
C14        -2.7946272285         2.2940932395         0.3372155691
C15        -3.1615005792         3.5563974742        -0.4820474122
C16        -3.3999638478         4.8075232190         0.3788072142
C17        -2.1086454389         5.3974791677         0.9367661093
C18        -0.6988725400         1.6210392235         1.8615987787
C19         0.7421978034         1.2248348449         2.2468236574
C20         0.8839622555         0.9324856675         3.7488846879
C21         0.7161577401         2.1812647511         4.6142442009
C22         0.1913765556         2.9902382934        -0.3051270990
C23         1.5570399746         2.4671999479        -0.7943017423
C24         1.6933282631         2.5179822436        -2.3229004729
C25         3.0133726375         1.9043600489        -2.7795488957
H26        -3.4411738845        -0.5966887506         0.1514529806
H27        -3.1980957554        -1.9822134161         1.3363546886
H28        -0.7389395847        -2.0030503943         2.4023439451
H29        -0.8798462558        -3.1709591185         1.0262527613
H30         0.4963980816        -2.0223413680         1.0952635147
H31         0.3751499040        -0.2778633086        -0.3130078838
H32        -0.2615291426        -0.0468690770        -2.4470113971
H33        -1.2096727193        -2.5711225725        -2.2423817473
H34        -3.0939902641        -3.9231282457        -3.0877600669
H35        -5.2619727967        -2.8469049369        -3.6203506744
H36        -5.5410826918        -0.4036378342        -3.3176037891
H37        -3.6810798869         0.9661043627        -2.4809113312
H38        -3.5038552931         1.5094660879         0.0293141800
H39        -3.0132877862         2.4600202861         1.4126756267
H40        -4.1143342153         3.3511515904        -1.0189062667
H41        -2.4261585643         3.7809337933        -1.2784869277
H42        -4.0967744772         4.5741831215         1.2129644993
H43        -3.8869972595         5.5813515521        -0.2536478566
H44        -1.3976329787         5.6243203712         0.1147374908
H45        -1.6398294368         4.6976457119         1.6545345541
H46        -2.3368483298         6.3417182506         1.4743621023
H47        -0.9057703119         2.6165634632         2.3017447190
H48        -1.4042174853         0.9100907978         2.3422742407
H49         1.0502942337         0.3092645072         1.7111759660
H50         1.4544953230         2.0303048247         1.9743117817
H51         1.8986365164         0.5164685597         3.9312570994
H52         0.1460447987         0.1613054797         4.0599748386
H53         1.4038896804         2.9849986315         4.2754110622
H54        -0.3304500698         2.5481611813         4.5754277089
H55         0.9554308791         1.9331832039         5.6697341919
H56         0.3509470971         3.6093988766         0.6015353068
H57        -0.2119141684         3.7020899493        -1.0526777849
H58         1.7546405837         1.4434898408        -0.4254734574
H59         2.3517238465         3.1143298094        -0.3617663966
H60         0.8611089981         1.9713329110        -2.8074323082
H61         1.6528481531         3.5756754798        -2.6632033424
H62         3.0918049137         1.9711851841        -3.8851352671
H63         3.0626428645         0.8344431680        -2.4844213516
H64         3.8694113327         2.4500075849        -2.3284684721
&

