&gen
basis=6-31G**
igeopt=1
dftname=PBE-D3
ifreq=1
&
entry_name: J1_9855_2111.in
&zmat
C1          0.2221404365        -3.6393021508         2.9416650771
C2          1.2988576758        -2.9111792524         2.1539364357
O3          0.6905337531        -1.9696101854         1.2774058584
C4          1.4300446885        -1.1109588097         0.4602108460
O5          2.6866044505        -1.1881679710         0.4423146566
C6          0.6883506606        -0.0828622242        -0.3594992507
C7          1.1079914702         0.1643305555        -1.7934703084
C8          2.2503070253        -0.6793355586        -2.4322073832
C9          3.6570166801        -0.1022249416        -2.2745212521
C10         4.3724278219        -0.6882413304        -3.4509480459
C11         3.2598636848        -0.9005455478        -4.4612590269
O12         2.0085902690        -0.8118655030        -3.8151848251
O13         1.4575795515         1.5127715986        -1.6150494358
P14         1.0688391641         1.6534422465         0.0594253696
C15         2.8003343026         2.0992510176         0.4314025603
C16         3.4467332542         3.0948471621        -0.3245009940
C17         4.7811035421         3.4253789438        -0.0729762545
C18         5.4874165124         2.7679981491         0.9355987545
C19         4.8595383545         1.7798612846         1.6955627832
C20         3.5259395625         1.4448066433         1.4462967159
C21         0.5225370437         1.7272755417         1.8223969302
C22         0.9831531096         2.7604916076         2.6726876522
C23         0.5530661953         2.8488365571         3.9987680269
C24        -0.3690419194         1.9313820486         4.4978879531
C25        -0.8788154352         0.9374937129         3.6646383916
C26        -0.4542714972         0.8452944850         2.3361185919
C27        -0.1420831174         2.9482625011        -0.2979743710
C28        -1.4324596649         2.6019590563        -0.7317312342
C29        -2.3731993598         3.5966315819        -1.0144272268
C30        -2.0338651717         4.9436384274        -0.8682331231
C31        -0.7528347197         5.2977197995        -0.4386453224
C32         0.1910015044         4.3060984521        -0.1556314378
H33        -0.4564633308        -4.1786271412         2.2473816212
H34         0.6921487894        -4.3726810716         3.6302331750
H35        -0.3686128227        -2.9111171543         3.5372572680
H36         1.8878997684        -3.6468035014         1.5645360506
H37         1.9747885988        -2.3827686224         2.8611388623
H38        -0.4015643112        -0.2866602552        -0.3392924776
H39         0.2069562286         0.1149784336        -2.4466204810
H40         2.2258359195        -1.7068476444        -2.0070076219
H41         3.6682575447         1.0034697245        -2.3782943786
H42         4.1499965002        -0.3923134055        -1.3253498314
H43         5.1596563734        -0.0044803108        -3.8375532749
H44         4.8267304248        -1.6651828867        -3.1723706055
H45         3.3597170500        -1.8952084479        -4.9463924896
H46         3.3109166043        -0.1175167080        -5.2480801477
H47         2.9248464742         3.6075581225        -1.1217746513
H48         5.2689581554         4.1897371400        -0.6638520241
H49         6.5206476120         3.0254119592         1.1293019145
H50         5.4055250120         1.2747177477         2.4817666928
H51         3.0572295516         0.6923718889         2.0652966588
H52         1.6764943835         3.5091589710         2.3158481323
H53         0.9299759883         3.6370564948         4.6376849108
H54        -0.7036265392         2.0026275878         5.5247311383
H55        -1.6173484919         0.2431583607         4.0445032042
H56        -0.9205642006         0.0916893179         1.7267918482
H57        -1.7154915955         1.5658189052        -0.8514612880
H58        -3.3660104784         3.3226738079        -1.3471655190
H59        -2.7634793042         5.7126019101        -1.0867619955
H60        -0.4912769068         6.3415544226        -0.3227133131
H61         1.1714555493         4.6036095129         0.1862176962
&

