&gen
basis=6-31G**
igeopt=1
dftname=PBE-D3
ifreq=1
&
entry_name: J1_10424_2111.in
&zmat
O1          1.7594135094        -0.2181878873        -0.4014957115
C2          0.8014517025        -0.5470134386         0.3524646791
O3          1.0499302238        -1.2067806605         1.5602662432
C4          2.3535201740        -1.5955639835         1.9851666577
C5          2.8633848336        -2.7268224879         1.1347943958
C6          2.2189659472        -3.9740481778         1.1693178860
C7          2.6701426516        -5.0223561746         0.3613902367
C8          3.7645664148        -4.8318226048        -0.4867157921
C9          4.4087801223        -3.5921665423        -0.5290691034
C10         3.9604402470        -2.5409945378         0.2769978417
C11        -0.6227421999        -0.2282466757        -0.0218345861
C12        -0.8729357920        -0.1906940951        -1.5096413746
C13        -2.0057707400        -1.1075830656        -1.9847555495
S14        -1.5246794350        -2.8577551320        -1.8328210514
O15        -1.2693766037         1.1544181002        -1.5618759549
P16        -1.0478828441         1.5403345888         0.1034872434
C17        -2.7766432061         2.0479244336         0.2638770006
C18        -3.1544975812         3.3895904557         0.0864400417
C19        -4.4941517720         3.7683855617         0.2142205131
C20        -5.4658845133         2.8140226046         0.5238470122
C21        -5.0979502723         1.4800752207         0.7133122572
C22        -3.7594019378         1.0977145644         0.5873636559
C23        -0.8828799888         1.8330876859         1.9178506332
C24        -0.7540377345         3.1505596726         2.4170170665
C25        -0.6658909217         3.3957217512         3.7893163138
C26        -0.7367201491         2.3388058099         4.6946152366
C27        -0.9165723252         1.0374033623         4.2290436345
C28        -1.0066758435         0.7856511561         2.8569964901
C29         0.2513774030         2.7458814143        -0.3348377520
C30         0.0206711667         3.6998610335        -1.3430584686
C31         1.0168328047         4.6138022421        -1.6983819076
C32         2.2577992031         4.5813784597        -1.0597721769
C33         2.5064496652         3.6314301961        -0.0676662237
C34         1.5137986894         2.7152720504         0.2903990484
H35         3.0369996048        -0.7185394908         1.9564949389
H36         2.2961672582        -1.9358264506         3.0405356631
H37         1.3659540166        -4.1311678993         1.8180141780
H38         2.1698957934        -5.9816824505         0.3911219136
H39         4.1120725567        -5.6438145289        -1.1122855286
H40         5.2542054130        -3.4448795758        -1.1886304963
H41         4.4650430249        -1.5840708011         0.2281833153
H42        -1.3471986451        -0.8874443301         0.4981040245
H43         0.0338530370        -0.3348206830        -2.1367256240
H44        -2.2313815250        -0.8906305051        -3.0502218003
H45        -2.9294490940        -0.9331812355        -1.3952486923
H46        -0.4991711580        -2.7429480879        -2.7909006129
H47        -2.4187614355         4.1494861029        -0.1293789056
H48        -4.7782004917         4.8039152704         0.0783564093
H49        -6.5023338131         3.1092735828         0.6238000395
H50        -5.8496777173         0.7422564038         0.9621993181
H51        -3.4930172231         0.0637447571         0.7546097497
H52        -0.7271015784         3.9988714847         1.7468358932
H53        -0.5522174880         4.4095345333         4.1509663345
H54        -0.6718897202         2.5302857107         5.7578919702
H55        -1.0008744123         0.2204804881         4.9342258435
H56        -1.1954218797        -0.2301162160         2.5574695431
H57        -0.9243283985         3.7304678605        -1.8686477575
H58         0.8278738066         5.3443429218        -2.4743138089
H59         3.0280261855         5.2895292881        -1.3366632125
H60         3.4694140924         3.6049030907         0.4257187213
H61         1.7284246848         1.9963158746         1.0694904188
&

