&zmat
 C17             4.7505331361            -0.5590462271            -1.5653195267
 C16             3.6557669316            -0.2220434941            -0.5834482159
 C15             2.8281142626            -1.2298888487            -0.0500291302
 C14             1.7976352844            -0.9253545016             0.8440976053
 C13             1.5922186151             0.4131996574             1.2055646554
 S12             0.2757446759             0.8293789691             2.3473322408
 O20             0.5189044187             2.1824769075             2.8761627440
 O21            -0.0030936150            -0.3377097447             3.2015706562
 N11            -1.1213946855             1.0029389466             1.3231351793
 C10            -1.4092633376             2.1950377660             0.6454180193
 C9             -2.3629727861             1.9602031802            -0.3152095850
 C8             -2.6754281744             0.5579846089            -0.2701671362
 C3             -3.5800082573            -0.2651209472            -0.9933659749
 C2             -4.4517048772             0.2763734566            -2.0515831572
 O1             -4.4879356395             1.4513861922            -2.4133568952
 C4             -3.6376149276            -1.6339422584            -0.6789435890
 C5             -2.8355670520            -2.1907657535             0.3327136235
 C6             -1.9470511121            -1.3979673106             1.0722023582
 C7             -1.8769400668            -0.0348154543             0.7532056677
 C19             2.3999022889             1.4402592559             0.6982038765
 C18             3.4274535771             1.1117594439            -0.1904166375
 H30             5.1193003875            -1.5867376023            -1.4239912566
 H31             5.6035818075             0.1311592193            -1.4717057278
 H32             4.3800063845            -0.4823333713            -2.6028984868
 H29             3.0004845231            -2.2732089588            -0.3332161316
 H28             1.1717567689            -1.7121315712             1.2717172757
 H27            -0.9117868053             3.1111422478             0.9555681664
 H26            -2.8225928352             2.6894462547            -0.9756126426
 H22            -5.1160424223            -0.4936760994            -2.5320096145
 H23            -4.3334348765            -2.2722938763            -1.2347907025
 H24            -2.9137575820            -3.2570595376             0.5612039281
 H25            -1.3511334691            -1.8151593055             1.8859821411
 H34             2.2336549935             2.4718693442             1.0185356582
 H33             4.0713139885             1.9059022688            -0.5821345097
&

