&gen
basis=6-31G**
igeopt=1
dftname=PBE-D3
ifreq=1
&
entry_name: J1_10004_2111.in
&zmat
C1         -0.6791956105        -4.7032699650         1.3424341977
C2         -1.4644176450        -3.4160836301         1.5327524535
O3         -0.8942574147        -2.3882050610         0.7300050372
C4         -1.4295448653        -1.0990866135         0.6646907594
O5         -2.4273272233        -0.7945771591         1.3725672537
C6         -0.7442390970        -0.0828379595        -0.2136621638
C7         -1.2173373760         0.1209484200        -1.6455906091
C8         -2.3777640804        -0.7000518068        -2.3203952419
C9         -2.4262638940        -0.2544563500        -3.8048949269
C10        -2.0480997207        -2.2105793621        -2.2959774681
C11        -3.7656835889        -0.4106609672        -1.6609734942
C12        -4.9294146631        -1.1359470534        -2.3017799052
C13        -5.6784987728        -0.5200944069        -3.3200285280
C14        -6.7516198714        -1.1926243471        -3.9123212736
C15        -7.0905229016        -2.4804865084        -3.4896363553
C16        -6.3590499885        -3.0967534856        -2.4711780940
C17        -5.2850521290        -2.4281313641        -1.8761474000
O18        -1.5689332815         1.4762537067        -1.4932206700
P19        -1.1020163122         1.6616622028         0.1540678859
C20        -2.7881730878         2.2863023804         0.5443821877
C21        -0.4712126488         1.5968981872         1.8891175217
C22        -1.3223721999         1.5029624687         3.0164401537
C23        -0.7952041946         1.4104782644         4.3079647934
C24         0.5841247693         1.3776199544         4.5037337404
C25         1.4411804591         1.4161740379         3.4060886246
C26         0.9212116571         1.5082189879         2.1128462304
C27         0.0560762691         2.9788037022        -0.2964801553
C28         1.1565282213         2.7045917663        -1.1264247913
C29         2.0453269587         3.7241885227        -1.4793140058
C30         1.8413005550         5.0243668085        -1.0108254347
C31         0.7477692498         5.3066591680        -0.1884492612
C32        -0.1436262316         4.2898357116         0.1667917193
H33        -0.7120855242        -5.0124161015         0.2761096282
H34         0.3781862707        -4.5508874239         1.6459891126
H35        -1.1218258682        -5.5083924891         1.9659351095
H36        -1.4312662908        -3.1178940579         2.6030945999
H37        -2.5216659056        -3.5843222811         1.2323674267
H38         0.3543464032        -0.2525278957        -0.1847340208
H39        -0.3180776857         0.0661130354        -2.3010492214
H40        -2.6975317634         0.8203856833        -3.8846852464
H41        -3.1659664347        -0.8442853915        -4.3857290934
H42        -1.4400282881        -0.4013865544        -4.2963636351
H43        -2.6525708729        -2.7639152992        -3.0464509921
H44        -0.9759649753        -2.3859187989        -2.5296353414
H45        -2.2797719850        -2.6612625642        -1.3140286615
H46        -3.7537246947        -0.6842396115        -0.5945191919
H47        -3.9722015141         0.6809131407        -1.6896029314
H48        -5.4283159161         0.4779910976        -3.6576844823
H49        -7.3210401666        -0.7147645075        -4.6989838761
H50        -7.9217700053        -2.9995477830        -3.9490114312
H51        -6.6255495330        -4.0924444995        -2.1410073602
H52        -4.7334057502        -2.9164353787        -1.0827181864
H53        -2.7582812663         3.0583170811         1.3394139464
H54        -3.4580179758         1.4564829480         0.8424905596
H55        -3.2342916150         2.7817923795        -0.3432138610
H56        -2.3959859985         1.4687185502         2.9257995531
H57        -1.4607739836         1.3487659394         5.1594413171
H58         0.9882058212         1.3012087787         5.5049019384
H59         2.5118767770         1.3623366242         3.5554282393
H60         1.6162208353         1.4946104308         1.2854597896
H61         1.3341392808         1.7027414897        -1.4925125353
H62         2.8933599514         3.5058025964        -2.1153624100
H63         2.5305823941         5.8126790912        -1.2844113247
H64         0.5908915910         6.3141005417         0.1747223020
H65        -0.9807846117         4.5274993326         0.8081740440
&

