&gen
basis=6-31G**
igeopt=1
dftname=PBE-D3
ifreq=1
&
entry_name: J1_10035_2111.in
&zmat
C1         -2.7713971973        -4.5590833527        -1.7941221913
C2         -3.1790406557        -3.0890651377        -1.8548590285
C3         -2.0512609508        -2.2225985405        -2.4499422993
C4         -2.3074702203        -0.6668473992        -2.4934783652
C5         -3.7350943748        -0.2391930415        -2.0422940584
C6         -2.2018041043        -0.2215982684        -3.9772854796
C7         -1.1726408715         0.1089138410        -1.7218685448
O8         -1.4887802023         1.4705363059        -1.5807639330
P9         -1.1194598936         1.6466573726         0.0926812861
C10        -2.8427818401         2.1465637241         0.4183814417
C11        -3.6189325806         1.5042258740         1.4024525678
C12        -4.9491185005         1.8777264915         1.6125827354
C13        -5.5222043155         2.8916467828         0.8430039165
C14        -4.7644792053         3.5363976175        -0.1362096107
C15        -3.4334860953         3.1672135646        -0.3488712431
C16        -0.5830516133         1.7645556064         1.8564040497
C17         0.4538781848         0.9496363542         2.3634216687
C18         0.8946349935         1.0833037397         3.6831209816
C19         0.3412123596         2.0559685320         4.5133475079
C20        -0.6392816852         2.9131092599         4.0186227702
C21        -1.0842120757         2.7844634023         2.7006491814
C22         0.1302812452         2.8959839923        -0.2890718474
C23        -0.1452614846         4.2644291355        -0.1271268881
C24         0.8291311870         5.2205353173        -0.4281762984
C25         2.0832884733         4.8198885215        -0.8949480281
C26         2.3652031129         3.4617620029        -1.0602466712
C27         1.3937849053         2.5025098203        -0.7595586152
C28        -0.7957030253        -0.1172618675        -0.2642626858
C29        -1.5934422812        -1.1020076113         0.5995312166
H30        -1.8805799423        -4.6855304313        -1.1425043719
H31        -3.6056414825        -5.1593217761        -1.3736196373
H32        -2.5391230168        -4.9388795297        -2.8118618603
H33        -4.0883944291        -3.0066038995        -2.4874619638
H34        -3.4304736344        -2.7601635682        -0.8271054930
H35        -1.8625810323        -2.6158296871        -3.4743258087
H36        -1.1052255727        -2.4386180824        -1.9107519016
H37        -3.9810319028        -0.5144037446        -1.0072077770
H38        -3.8684438278         0.8593078343        -2.1324329777
H39        -4.5051056568        -0.7045574600        -2.6936853896
H40        -2.3405481669         0.8771923787        -4.0774867815
H41        -1.2075470120        -0.4795507818        -4.4033117577
H42        -2.9764654948        -0.7242625563        -4.5970208716
H43        -0.2331326145         0.0350680401        -2.3176915737
H44        -3.1921418332         0.7360387946         2.0311945990
H45        -5.5348243820         1.3830544474         2.3765369145
H46        -6.5527849660         3.1788505258         1.0066117407
H47        -5.2100077259         4.3202737525        -0.7348833321
H48        -2.8705291568         3.6684182694        -1.1252937882
H49         0.9502545878         0.2158212094         1.7522992326
H50         1.6794955667         0.4389459597         4.0580182876
H51         0.6884041495         2.1601485817         5.5331748172
H52        -1.0469493122         3.6895291508         4.6531284140
H53        -1.8123769417         3.4997777786         2.3457188080
H54        -1.1042245566         4.5961472981         0.2439681720
H55         0.6122955570         6.2728088688        -0.2972657385
H56         2.8366530465         5.5613866913        -1.1273633386
H57         3.3371872083         3.1517946158        -1.4216214558
H58         1.6310779146         1.4564244830        -0.8942694769
H59         0.2842066526        -0.3619810321        -0.2084290688
H60        -1.3611896911        -2.1446106501         0.3099598246
H61        -2.6766005734        -0.9414765925         0.5617264759
H62        -1.2895562612        -1.0036232089         1.6600687432
&

