&gen
basis=6-31G**
igeopt=1
dftname=PBE-D3
ifreq=1
&
entry_name: J1_5110_2111.in
&zmat
C1          4.3883794912        -2.2212139855        -1.7765896757
O2          3.3792851837        -1.2298055853        -1.9254947367
C3          2.3328731040        -1.0784071762        -1.0122791183
O4          2.2513524520        -1.8332768429        -0.0040126008
C5          1.3362246587        -0.0218779654        -1.2447082253
P6          0.0411113125         0.1909294475        -0.2706034860
C7         -0.9265274720        -1.3295840345        -0.3453708789
C8         -1.6984932109        -1.6070807314        -1.4839704203
C9         -2.4212901555        -2.8005334310        -1.5717518515
C10        -2.3623645788        -3.7324637806        -0.5322605786
C11        -1.5735228184        -3.4753096376         0.5921704805
C12        -0.8501240635        -2.2822274997         0.6831778234
C13         0.5296711574         0.5881928782         1.4185092159
C14        -0.4312315345         0.5628333414         2.4407517261
C15        -0.0790320415         0.9102361176         3.7482285584
C16         1.2297225274         1.3037566032         4.0393089907
C17         2.1852312227         1.3585829218         3.0210686106
C18         1.8361150852         1.0115840143         1.7122225117
C19        -0.9453311852         1.5915094660        -0.8319867356
C20        -2.3391843782         1.5870442385        -0.6631042725
C21        -3.0990724721         2.6963354332        -1.0462131563
C22        -2.4710082084         3.8258978636        -1.5770414534
C23        -1.0807435264         3.8518437602        -1.7139892945
C24        -0.3180085820         2.7438779390        -1.3321331281
H25         4.9378516820        -2.0642205228        -0.8242289159
H26         5.1032211429        -2.1436235561        -2.6212454184
H27         3.9309520354        -3.2332713620        -1.7837439738
H28         1.4432256263         0.5977349804        -2.1244064898
H29        -1.7415038574        -0.8996147893        -2.3024692103
H30        -3.0226580776        -3.0052342296        -2.4480171464
H31        -2.9202548795        -4.6572761860        -0.6021042782
H32        -1.5169643755        -4.2038602648         1.3905734384
H33        -0.2274036345        -2.1114272731         1.5508481921
H34        -1.4521235692         0.2730865614         2.2256037942
H35        -0.8220438422         0.8795457465         4.5345948275
H36         1.5010762624         1.5746323647         5.0514330189
H37         3.1953564934         1.6765049655         3.2447399426
H38         2.5850242108         1.0798117515         0.9347466714
H39        -2.8399950233         0.7312404969        -0.2299400253
H40        -4.1743302627         2.6834716851        -0.9233624070
H41        -3.0600200367         4.6852975582        -1.8701481768
H42        -0.5929748734         4.7341603319        -2.1077627490
H43         0.7595330115         2.7921983871        -1.4190393993
&

