&zmat
 C1              1.6565125381            -0.1520189082            -1.3582927117
 C2              2.0942039916            -0.4099671751             0.0894721272
 C3              2.3565061099            -1.9028838221             0.3247396153
 C9              1.0392479831             0.1211752918             1.1090844218
 C10            -0.2837503990            -0.5899827373             1.2202380613
 P11            -1.7158021306            -0.1441501109             0.4336628642
 C12            -2.1487971301            -0.7308649866            -1.2927948867
 C13            -1.6308476250            -1.9781327718            -1.6840406273
 C14            -1.9089636103            -2.4991542308            -2.9534944628
 C15            -2.6997643809            -1.7674408031            -3.8519024484
 C16            -3.2154494096            -0.5196049452            -3.4743974961
 C17            -2.9459292812            -0.0036510485            -2.1985466597
 C18            -1.8183360056             1.6779638463             0.2668832694
 C19            -2.4633205732             2.4371485928             1.2606513381
 C20            -2.4500249278             3.8355136242             1.1960994400
 C21            -1.7790568578             4.4862569727             0.1499831995
 C22            -1.1290980814             3.7357842304            -0.8387393835
 C23            -1.1547165476             2.3353801634            -0.7882863697
 C24            -3.1538548193            -0.7508998437             1.4068743578
 C25            -3.0007355221            -0.8807282463             2.8006060208
 C26            -4.0806586696            -1.2931350723             3.5912486634
 C27            -5.3228736463            -1.5624997583             2.9998250777
 C28            -5.4810294251            -1.4290381038             1.6130959554
 C29            -4.4014189046            -1.0296499566             0.8160153447
 O4              3.2691149001             0.3898170204             0.3592639917
 Si5             4.8963014685             0.1223054226             0.0352104852
 C6              5.6583014524            -1.1339005601             1.2322398932
 C7              5.6899705395             1.8106923735             0.3133290818
 C8              5.2200905286            -0.4445973198            -1.7461885330
 H30             2.3898253301            -0.5566745768            -2.0745745982
 H31             0.6819675543            -0.6212224129            -1.5654286492
 H32             1.5730085307             0.9338284506            -1.5293856366
 H33             2.7130118513            -2.0764604956             1.3534257884
 H34             1.4211331083            -2.4692847996             0.1854325695
 H35             3.1046954611            -2.3017081708            -0.3808996999
 H45             1.5474191339             0.0962394946             2.0928112436
 H46             0.8926176130             1.1932026657             0.8803096424
 H47            -0.3261706853            -1.5690815829             1.7087292867
 H48            -0.9879269769            -2.5250062035            -0.9824424576
 H49            -1.5021162302            -3.4718626193            -3.2473288442
 H50            -2.9080216171            -2.1664010281            -4.8494833359
 H51            -3.8276022418             0.0555520418            -4.1765694763
 H52            -3.3515873244             0.9709880240            -1.9082090585
 H53            -2.9739432381             1.9292823895             2.0846843383
 H54            -2.9625736104             4.4196239062             1.9664042524
 H55            -1.7636365922             5.5795563321             0.1058434045
 H56            -0.6012980390             4.2396039062            -1.6541981414
 H57            -0.6657552860             1.7508469908            -1.5726545491
 H58            -2.0233208531            -0.6555267395             3.2398888186
 H59            -3.9525552237            -1.4002494079             4.6727994824
 H60            -6.1685947466            -1.8776291753             3.6189726143
 H61            -6.4483239644            -1.6430948736             1.1480034155
 H62            -4.5253848776            -0.9429329583            -0.2671234007
 H36             6.7548582029            -1.1684092743             1.1115882498
 H37             5.2698038836            -2.1513279151             1.0668544645
 H38             5.4430406904            -0.8560056890             2.2771694167
 H39             5.2843970080             2.5564016493            -0.3892256766
 H40             6.7827432107             1.7652369725             0.1719346836
 H41             5.4935815891             2.1699190243             1.3363070203
 H42             4.8025276146             0.2708411910            -2.4732454172
 H43             4.7848919052            -1.4351169777            -1.9583497036
 H44             6.3063028508            -0.5153868010            -1.9287536738
&

