&gen
basis=6-31G**
igeopt=1
dftname=PBE-D3
ifreq=1
&
entry_name: J1_2292_2111.in
&zmat
C1          1.7525516756         0.0245843678        -1.2729301876
C2          2.0850287627        -0.3511681330         0.1878375095
C3          2.4580209309        -1.8529893286         0.2929407338
O4          3.0893864084         0.5213181144         0.7040905274
Si5          4.7671818993         0.2797369498         0.2617067676
C6          5.5509268506        -1.0671050810         1.2993351504
C7          5.6548628114         1.8629022494         0.6987638505
C8          5.1124048747        -0.0233419259        -1.5536673470
C9          0.8377200618        -0.0722717312         1.0748626752
C10        -0.3896813792        -0.8831432561         0.7214305119
P11        -1.8040682214        -0.2251361468         0.2138025728
C12        -2.2217321845        -0.8962887035        -1.4122210084
C13        -1.7594691343        -2.1634992216        -1.8062432674
C14        -2.1106976930        -2.6855537909        -3.0548560213
C15        -2.9375951117        -1.9560052694        -3.9123182128
C16        -3.4204093942        -0.7056856879        -3.5193119862
C17        -3.0706470485        -0.1800768483        -2.2722221178
C18        -1.7047252986         1.5753797703         0.1226356328
C19        -2.1126230772         2.3651520303         1.2092026800
C20        -1.9852884884         3.7565050135         1.1550050161
C21        -1.4377970573         4.3665579678         0.0233676459
C22        -1.0125207848         3.5853198069        -1.0540437473
C23        -1.1393089060         2.1943113135        -1.0033381960
C24        -3.1051986517        -0.6870516964         1.3758155530
C25        -2.7963504630        -0.9450382976         2.7220439966
C26        -3.8113053347        -1.2608228932         3.6302334044
C27        -5.1414222025        -1.3072774838         3.2056897139
C28        -5.4588587353        -1.0305522643         1.8736220356
C29        -4.4465496633        -0.7139256877         0.9626165409
H30         2.5301397560        -0.3254209527        -1.9734549800
H31         0.8071158567        -0.4496135397        -1.6075515526
H32         1.6547206709         1.1262707660        -1.3730408854
H33         2.7219613634        -2.1140727094         1.3397201106
H34         1.6195519355        -2.5002717030        -0.0351772332
H35         3.3033224550        -2.1117061559        -0.3726126441
H36         6.6548482164        -0.9754524558         1.2407319216
H37         5.2587537068        -2.0691928955         0.9289963500
H38         5.2295397361        -0.9520129952         2.3547121011
H39         5.2318743519         2.6987321863         0.1045682077
H40         6.7357462285         1.7578425464         0.4720796122
H41         5.5225769050         2.0740933884         1.7797220296
H42         4.6312569654         0.7682213601        -2.1637763572
H43         4.7503298040        -1.0237100042        -1.8624636992
H44         6.2084237033         0.0169900194        -1.7194922632
H45         1.0902778962        -0.2998908371         2.1333441721
H46         0.6218398205         1.0151806483         1.0486488360
H47        -0.3764887004        -1.9467926415         0.9311110996
H48        -1.1279787307        -2.7523154156        -1.1559466561
H49        -1.7448906918        -3.6587005525        -3.3559473198
H50        -3.2100021453        -2.3626116610        -4.8776492435
H51        -4.0701718905        -0.1454035159        -4.1790804975
H52        -3.4675809841         0.7827374632        -1.9776996349
H53        -2.5230833553         1.9104074648         2.1005319278
H54        -2.3055743293         4.3615664074         1.9933012400
H55        -1.3375951768         5.4434879775        -0.0160447568
H56        -0.5805359848         4.0571922694        -1.9270130605
H57        -0.7966234984         1.6027215057        -1.8417724869
H58        -1.7741892892        -0.8960333979         3.0739608834
H59        -3.5669621023        -1.4637628911         4.6649125830
H60        -5.9264339048        -1.5499044422         3.9101762593
H61        -6.4906704706        -1.0558390778         1.5477394046
H62        -4.7153335626        -0.4875702956        -0.0593838942
&

