&zmat
 O10             4.6071785590            -0.8014894546            -0.7265873823
 C1              3.6756487578            -0.3942420989            -0.0360956101
 C2              2.2661801319            -0.4284450153            -0.4367695841
 C3              1.3009230754             0.0449206759             0.3954600993
 C4             -0.1411725032             0.0937590117             0.1744249598
 C5             -0.9665548571             0.6335941205             1.1882558476
 C6             -2.3533309281             0.7034747903             1.0282899908
 C7             -2.9449878687             0.2336536675            -0.1522020309
 C8             -2.1403113696            -0.3055626808            -1.1696842228
 C9             -0.7557211985            -0.3757726319            -1.0110702324
 H11             3.8542400233             0.0467151782             0.9854962535
 H12             2.0492455963            -0.8496243796            -1.4241419656
 H13             1.6370300241             0.4454147661             1.3639422520
 H14            -0.5033136995             1.0004503379             2.1105605265
 H15            -2.9735998701             1.1245892886             1.8248314810
 H16            -4.0300109169             0.2863574354            -0.2816319511
 H17            -2.5995746542            -0.6730042796            -2.0920420673
 H18            -0.1412404145            -0.7980231487            -1.8114342182
&

