&gen
basis=6-31G**
igeopt=1
dftname=PBE-D3
ifreq=1
&
entry_name: J1_10243_2111.in
&zmat
C1          0.9030507627        -2.4932422570        -2.1652877289
C2          1.5098794088        -1.0888103561        -2.3609007353
C3          1.4970999308        -0.7549569299        -3.8680534282
C4          2.9774800869        -1.0969359354        -1.8830815530
C5          0.6294328308        -0.0344950758        -1.6184533052
O6          1.2065597678         1.2501609176        -1.6028888687
P7          0.9904564821         1.5871509596         0.0757734771
C8          2.7741036929         1.9094125759         0.1994625894
C9          3.6543164611         0.9140926697         0.6639262956
C10         5.0336847207         1.1377292913         0.6805431372
C11         5.5522627026         2.3458541784         0.2113098517
C12         4.6919659935         3.3286276196        -0.2821017327
C13         3.3114999551         3.1086570644        -0.2995361571
C14         0.5720941178         1.7576555599         1.8771270758
C15         1.5361556758         1.8164470931         2.9128199855
C16         1.1488823165         1.9383818050         4.2510600083
C17        -0.1996024387         2.0172377359         4.5906163704
C18        -1.1675250182         1.9866874126         3.5910001954
C19        -0.7882965013         1.8672375068         2.2529394059
C20        -0.0209491508         3.0596670096        -0.3208800086
C21        -1.0383583077         3.0114593433        -1.2920718706
C22        -1.8035495284         4.1455966434        -1.5790730891
C23        -1.5584242594         5.3453360696        -0.9096846434
C24        -0.5419304125         5.4153076548         0.0435128764
C25         0.2253794095         4.2841997159         0.3333783874
C26         0.4816023336        -0.1604843382        -0.1190692799
C27        -0.8953472355        -0.5539593129         0.3911051753
C28        -1.0554449611        -1.1617331944         1.5604691340
C29        -2.4706581772        -1.5050831731         1.8433220995
C30        -3.2449360298        -0.9355682683         0.6548613756
C31        -2.1942554822        -0.4349712303        -0.3393480094
H32         0.9255381785        -2.7907950861        -1.0954637096
H33         1.4733800948        -3.2518565645        -2.7438402132
H34        -0.1538054559        -2.5142880899        -2.5089795170
H35         2.0930374361        -1.4961020531        -4.4437367974
H36         1.9290821243         0.2530770777        -4.0490078783
H37         0.4596199763        -0.7657543660        -4.2671635411
H38         3.4257498584        -0.0846618116        -1.9654787914
H39         3.0641790325        -1.4563131015        -0.8391382944
H40         3.5846208791        -1.7857615482        -2.5094225051
H41        -0.3530779704         0.0326349252        -2.1282849553
H42         3.2743282983        -0.0214854394         1.0479512640
H43         5.7006214286         0.3730711363         1.0571289115
H44         6.6208883443         2.5169977623         0.2217703834
H45         5.0959194206         4.2572166407        -0.6642270134
H46         2.6726875238         3.8665781999        -0.7288911417
H47         2.5927844241         1.7915910221         2.7308065290
H48         1.9010564417         1.9783488054         5.0286376255
H49        -0.4936184311         2.1116353072         5.6279453701
H50        -2.2157488643         2.0574885042         3.8512393653
H51        -1.5696845220         1.8568331678         1.5053470074
H52        -1.2374324831         2.1106320151        -1.8472080806
H53        -2.5842894325         4.0950734910        -2.3270365987
H54        -2.1517404054         6.2221974846        -1.1343825453
H55        -0.3473451365         6.3470347353         0.5587124880
H56         1.0077077600         4.3626792652         1.0774127738
H57         1.2502944168        -0.8243242071         0.3208205250
H58        -0.2385165085        -1.3881952536         2.2390836798
H59        -2.5846897705        -2.6087585064         1.9007027039
H60        -2.7953840812        -1.0350425910         2.7963873873
H61        -3.8888228490        -1.7150713219         0.1920965278
H62        -3.8853725580        -0.0899665865         0.9902183703
H63        -2.1864628655        -1.0823882251        -1.2423912313
H64        -2.4020674037         0.6161447503        -0.6159203703
&

