&zmat
 C10             3.5792786337             0.1080076039            -0.9091681046
 C9              2.1093116978            -0.1378957723            -0.5791379244
 O11             1.7717453502            -1.4249638507            -1.0961858818
 C8              1.2029310620             0.9578555407            -1.1771933041
 C7             -0.2512831137             0.9138855973            -0.6927399072
 O6             -0.7945621168            -0.4036533355            -0.8888721243
 C4             -1.6226114031            -0.7374591149             0.2494367795
 C5             -3.0690015359            -0.3075028429            -0.0008951741
 C12            -1.4645421982            -2.2258437742             0.5250086347
 O3             -1.0472511283            -0.0187471943             1.3534583995
 C2             -0.4344882959             1.1505840254             0.8517153664
 C1             -1.2178671714             2.4333009052             1.1110949162
 O13            -2.3553455510             2.4918730471             1.5418280320
 H23             4.1884158877            -0.7277509925            -0.5320742827
 H24             3.7197327822             0.1666465302            -2.0010899243
 H25             3.9415982297             1.0430636398            -0.4517602682
 H22             1.9956780242            -0.1277289299             0.5311106916
 H26             0.7906643100            -1.4433270045            -1.1012051624
 H20             1.6033815128             1.9618731661            -0.9431022039
 H21             1.2219483152             0.8525917166            -2.2765721141
 H19            -0.8542326966             1.6492320121            -1.2655035961
 H16            -3.6785698063            -0.5179780184             0.8904542849
 H17            -3.4823933379            -0.8576792925            -0.8602999357
 H18            -3.1323907083             0.7716538216            -0.1992533925
 H27            -2.0167563954            -2.4984975994             1.4362284264
 H28            -0.3984474543            -2.4590771841             0.6656528740
 H29            -1.8597286838            -2.8141923768            -0.3166758863
 H15             0.5529520194             1.2680220672             1.3434501517
 H14            -0.6323598689             3.3628143269             0.8542957525
&

