&gen
basis=6-31G**
igeopt=1
dftname=PBE-D3
ifreq=1
&
entry_name: J1_10312_2111.in
&zmat
C1         -1.5489678080        -1.1050176064         0.4670860904
C2         -1.3230154407        -2.4072479352         0.2765013683
C3         -0.7761651718        -0.0536558053        -0.3040553749
C4         -1.1706585653         0.1717615461        -1.7466706528
C5         -2.2671342676        -0.7030050864        -2.3271741544
C6         -1.9264002139        -1.9506895747        -2.8779128906
C7         -2.9136735719        -2.7865188272        -3.4077452214
C8         -4.2496366801        -2.3800770289        -3.4060505532
C9         -4.5985487778        -1.1327619673        -2.8838415886
C10        -3.6142844064        -0.2937706253        -2.3530622672
O11        -1.5807329433         1.5052552909        -1.5857709392
P12        -1.1878040260         1.6879106340         0.0828033171
C13        -2.8944424124         2.2749165345         0.3944940973
C14        -3.1990652973         3.6502427066         0.3432111939
C15        -4.5032509671         4.1054936867         0.5552316069
C16        -5.5306226900         3.1961121071         0.8009589442
C17        -5.2552101160         1.8298558838         0.8258955408
C18        -3.9510478799         1.3715454773         0.6181214555
C19        -0.7582975835         1.7855424850         1.8841721206
C20        -0.9526434641         2.9943294849         2.5924988848
C21        -0.6242607858         3.1043998481         3.9458268991
C22        -0.0592387487         2.0246733718         4.6187724734
C23         0.2047749761         0.8431337293         3.9309084766
C24        -0.1208709078         0.7274526285         2.5763772313
C25         0.1386601977         2.8675989905        -0.3249813009
C26         1.4624159169         2.6257666786         0.0918921997
C27         2.4886970789         3.5101673888        -0.2515801956
C28         2.2146987165         4.6273741591        -1.0421725560
C29         0.9174096543         4.8504030312        -1.5067909266
C30        -0.1120432728         3.9688232274        -1.1643238227
H31        -2.1682089001        -0.8252858877         1.3087666068
H32        -0.6200881005        -2.7491432146        -0.4757279212
H33        -1.8285798201        -3.1424616479         0.8939334018
H34         0.3199228945        -0.2230723758        -0.2243599393
H35        -0.2746807416         0.1494775440        -2.4066463064
H36        -0.8941542497        -2.2778182791        -2.8926320207
H37        -2.6421166063        -3.7491211396        -3.8213446624
H38        -5.0131052752        -3.0276008481        -3.8174391207
H39        -5.6322844999        -0.8121655615        -2.8961945102
H40        -3.9086493259         0.6772522138        -1.9836617439
H41        -2.4321613824         4.3865395685         0.1686902567
H42        -4.7165817521         5.1663299414         0.5283363718
H43        -6.5412160013         3.5490734317         0.9607474488
H44        -6.0567015909         1.1214582765         0.9917124315
H45        -3.8021930105         0.3104125299         0.5846819939
H46        -1.3266410406         3.8759532797         2.1017834331
H47        -0.7936605615         4.0367824131         4.4689771445
H48         0.2001886001         2.1129991295         5.6658436070
H49         0.6814355775         0.0176081808         4.4439487704
H50         0.1746373403        -0.1852361356         2.0914491947
H51         1.7059201078         1.7521799241         0.6811244312
H52         3.4993216149         3.3233448280         0.0878387594
H53         3.0112040376         5.3088908954        -1.3114863367
H54         0.7116496415         5.6989134091        -2.1464747152
H55        -1.0929249942         4.1321755555        -1.5874147486
&

