&gen
basis=6-31G**
igeopt=1
dftname=PBE-D3
ifreq=1
&
entry_name: J1_10518_2111.in
&zmat
C1         -3.4272224427        -3.9688178072         3.1219918829
C2         -2.7434074351        -3.0026732520         2.2010427001
C3         -3.4962747129        -2.1855997365         1.3485788591
C4         -2.8633554659        -1.2540863193         0.5219739468
C5         -1.4624990605        -1.1138636689         0.5334689127
C6         -0.7107103910        -0.0778619908        -0.3012748801
C7         -1.0728321993         0.1377293805        -1.7578438119
C8         -2.0714673812        -0.7984960581        -2.4069467814
C9         -1.8350600331        -2.1855514287        -2.3932684886
C10        -2.7206563186        -3.0621158932        -3.0263490367
C11        -3.8294607909        -2.5620435321        -3.7122766430
C12        -4.0437857649        -1.1836662351        -3.7811767153
C13        -3.1608374215        -0.3034988784        -3.1483097104
O14        -1.5475769653         1.4577253411        -1.5983865700
P15        -1.1134292084         1.6624661024         0.0587459734
C16        -2.7676276171         2.3534227008         0.4977985077
C17        -2.8911435128         3.3501603972         1.4937626591
C18        -4.1365669777         3.8912757733         1.8222909181
C19        -5.2816588092         3.4699151850         1.1492429091
C20        -5.1794087061         2.5184686168         0.1359283617
C21        -3.9352713289         1.9748840872        -0.1959525073
C22        -0.5562655859         1.5470229772         1.8202427130
C23         0.7663415674         1.8513255381         2.2172903440
C24         1.1731494328         1.6901810181         3.5451072775
C25         0.2841107734         1.1976676768         4.4985802067
C26        -1.0126857484         0.8532589902         4.1247267953
C27        -1.4263683604         1.0144722749         2.8009059132
C28         0.0815008671         2.9362446611        -0.4534125575
C29         1.3075031613         2.5593045883        -1.0349869006
C30         2.2161112141         3.5284846570        -1.4689451636
C31         1.9037966564         4.8834670603        -1.3504421185
C32         0.6771936386         5.2702612768        -0.8081560117
C33        -0.2345802784         4.3041401444        -0.3721249825
C34        -0.7176919907        -1.9301898533         1.4054838243
C35        -1.3508622439        -2.8590342391         2.2348584748
H36        -4.3690431683        -4.3436264734         2.6675241409
H37        -3.6643357280        -3.4602978483         4.0797235771
H38        -2.7738470847        -4.8433225559         3.3278395299
H39        -4.5758372842        -2.2690552917         1.3226028883
H40        -3.4761520583        -0.6641252459        -0.1301748778
H41         0.3868634335        -0.2306113090        -0.2138520890
H42        -0.1550772920         0.1616094920        -2.3862399139
H43        -0.9689414037        -2.5884171809        -1.8830027647
H44        -2.5424870224        -4.1290859488        -2.9916127507
H45        -4.5129268489        -3.2414923020        -4.2048330723
H46        -4.8889923430        -0.7957759888        -4.3349232346
H47        -3.3281567470         0.7609309378        -3.2468794480
H48        -2.0229008404         3.7151341895         2.0261574351
H49        -4.2116979547         4.6434298526         2.5969801411
H50        -6.2458286930         3.8914480828         1.4024310273
H51        -6.0652298275         2.2082522588        -0.4033316788
H52        -3.9021971256         1.2777567310        -1.0125177734
H53         1.5090724443         2.1977371634         1.5201054198
H54         2.1873060359         1.9366802143         3.8323433550
H55         0.6049435707         1.0692576281         5.5242367135
H56        -1.6979909767         0.4510785620         4.8596463267
H57        -2.4321328533         0.7114530384         2.5441684844
H58         1.5734976964         1.5178365603        -1.1406403662
H59         3.1621215694         3.2279077179        -1.9004410088
H60         2.6070626854         5.6332113273        -1.6891372499
H61         0.4271053941         6.3208526377        -0.7352668677
H62        -1.1868473762         4.6382997360         0.0039236212
H63         0.3598171858        -1.8364261458         1.4599993913
H64        -0.7538003316        -3.4632008667         2.9067789743
&

