&gen
basis=6-31G**
igeopt=1
dftname=PBE-D3
ifreq=1
&
entry_name: J1_10060_2111.in
&zmat
N1          2.4531837442        -0.2995499195         0.4007881546
C2          1.3294870480        -0.2199312351         0.1349846468
C3         -0.0974147808        -0.1296300906        -0.2102524967
C4         -0.3002510010        -0.0663140560        -1.7032824130
C5         -1.2893051006        -1.1153660586        -2.2328157977
C6         -1.5961644473        -0.8908762939        -3.7169879017
C7         -2.6190268765        -1.8842782039        -4.1978696219
C8         -3.9898482316        -1.6199586941        -4.0373919412
C9         -4.9406675319        -2.5585048536        -4.4499277975
C10        -4.5304488077        -3.7690249767        -5.0154690110
C11        -3.1684168655        -4.0450558236        -5.1650101464
C12        -2.2140289424        -3.1094542826        -4.7532573072
O13        -0.8611853044         1.2235463771        -1.7298253647
P14        -0.8106500389         1.5352041992        -0.0383346820
C15        -2.6171484659         1.6944319566        -0.1076518939
C16        -3.4359399671         0.5839091300         0.1691128752
C17        -4.8238191753         0.6751796426         0.0337203333
C18        -5.4072113113         1.8665424332        -0.4017816198
C19        -4.6019706198         2.9644628635        -0.7123843540
C20        -3.2129546116         2.8765784191        -0.5791613588
C21        -0.6198310964         1.6801967896         1.8018726891
C22         0.6741685331         1.8443113597         2.3502242685
C23         0.8729416868         1.9492135312         3.7284970421
C24        -0.2135024929         1.9000140017         4.5972411372
C25        -1.5012585457         1.7551503207         4.0873032493
C26        -1.7084742392         1.6502663422         2.7084201294
C27         0.1675082726         3.0478326738        -0.3001883299
C28         1.3515137928         3.0069889480        -1.0577734672
C29         2.1110710428         4.1650167197        -1.2479523455
C30         1.7006718766         5.3735095445        -0.6811244803
C31         0.5312957165         5.4253423681         0.0802524972
C32        -0.2314473739         4.2701497275         0.2726011464
H33        -0.6998894512        -0.9051198471         0.3082936267
H34         0.6477725522        -0.0820333848        -2.2886126524
H35        -0.8456539390        -2.1261411386        -2.0981087655
H36        -2.2362395404        -1.0752832510        -1.6559521254
H37        -0.6612050631        -0.9871236641        -4.3117471304
H38        -1.9829031255         0.1403772194        -3.8720241144
H39        -4.3200528442        -0.6902479847        -3.5899841568
H40        -5.9954596976        -2.3490133254        -4.3274857576
H41        -5.2676352512        -4.4950535101        -5.3330868389
H42        -2.8519792656        -4.9859190671        -5.5964191031
H43        -1.1617537996        -3.3398901753        -4.8650615031
H44        -3.0035878759        -0.3453928654         0.5135553960
H45        -5.4467777995        -0.1793352898         0.2640914010
H46        -6.4819242468         1.9354059300        -0.5095398841
H47        -5.0532942499         3.8801988011        -1.0718325642
H48        -2.6106528576         3.7220404934        -0.8759512814
H49         1.5424175994         1.9157137669         1.7115349218
H50         1.8733207982         2.0752556646         4.1221790407
H51        -0.0586756415         1.9831036353         5.6652337767
H52        -2.3464026982         1.7288683040         4.7633658046
H53        -2.7308508765         1.5625000153         2.3916355680
H54         1.6918043901         2.0824385875        -1.5024086429
H55         3.0200530668         4.1246563004        -1.8341014715
H56         2.2910554442         6.2686120395        -0.8282004477
H57         0.2179795473         6.3602930966         0.5264514170
H58        -1.1226664525         4.3267858764         0.8840255429
&

