&gen
basis=6-31G**
igeopt=1
dftname=PBE-D3
ifreq=1
&
entry_name: J1_9839_2111.in
&zmat
C1         -2.4128215488        -1.0537768125        -3.8854333442
O2         -2.2937959404        -0.4100984717        -5.1361164567
C3         -1.3824524562         0.6634473276        -5.0356925296
O4         -0.0620716626         0.1620811087        -4.9673327716
C5          0.8343970546         1.2092674343        -4.6576911771
C6          2.2830070701         0.6796346652        -4.5150724861
O7          2.8639592985         0.6553693299        -5.8124096632
C8          3.6734970757         1.7914420363        -6.0284021176
C9          2.4054046766        -0.7610813224        -3.9184046392
O10         3.7042454079        -1.2133387435        -4.1647430301
C11         4.3846404155        -1.1801938165        -2.9273769011
C12         5.4789503940        -0.1079126993        -2.9763168764
C13         5.0217959898        -2.5530199453        -2.6909882544
O14         3.5008060130        -0.8796042270        -1.8682084532
C15         2.2229607857        -0.9560458805        -2.4109590670
C16         1.2167103452        -0.0105456211        -1.7172726889
O17         1.6914256507         1.3039326282        -1.5371329952
P18         1.0964422222         1.5309909396         0.0635564001
C19         2.6680553813         2.2937216410         0.6315101184
C20         3.9144256677         1.8293686883         0.1747941425
C21         5.1039449205         2.4262768464         0.6006397999
C22         5.0694872476         3.5026671509         1.4866186830
C23         3.8438814464         3.9887852333         1.9411939533
C24         2.6528378820         3.3957356211         1.5141098708
C25         0.3895424266         1.4566041436         1.7712469983
C26         1.1903884648         0.9917131102         2.8375544729
C27         0.6777836489         0.8667282513         4.1302237813
C28        -0.6534884146         1.1853574222         4.3870534653
C29        -1.4746721046         1.6199193713         3.3484042869
C30        -0.9665572763         1.7447708270         2.0516411973
C31        -0.0987682614         2.7219053017        -0.6197141426
C32        -1.2864332914         2.2611109621        -1.2210675299
C33        -2.1751409427         3.1578820001        -1.8194250325
C34        -1.8779162745         4.5208705812        -1.8508625945
C35        -0.6855937039         4.9864758167        -1.2939626770
C36         0.2063858321         4.0924434503        -0.6939315746
C37         0.8085807452        -0.2351881661        -0.2779381560
C38         1.6251236728        -1.2067110603         0.5393382754
O39         1.0515844163        -2.2386088120         0.9795904997
O40         2.9833046345        -0.9786071070         0.8068952162
C41         3.8630897224        -1.8577821335         1.5292967828
C42         3.4698297961        -1.9224431206         3.0173110764
C43         3.8519207457        -3.2747113251         0.9190285141
C44         5.2803164233        -1.2767731448         1.4156372842
H45        -2.8286525787        -0.3663193576        -3.1154948610
H46        -3.1191831762        -1.9024114479        -3.9911083473
H47        -1.4381075973        -1.4704995206        -3.5475995219
H48        -1.4896680036         1.2802555432        -5.9545176483
H49        -1.6393309777         1.3208533202        -4.1692097642
H50         0.5395074864         1.7364148330        -3.7259398474
H51         0.8091681846         1.9776414808        -5.4636943414
H52         2.8278088039         1.3657421817        -3.8232763176
H53         3.1097879271         2.7347702032        -5.8542276346
H54         4.5778447237         1.7564717304        -5.3834402120
H55         4.0117829730         1.7898954351        -7.0846676331
H56         1.7092875254        -1.4399629280        -4.4566878334
H57         5.0275399937         0.8993872566        -3.0823387681
H58         6.0739311868        -0.1168577414        -2.0378672875
H59         6.1584379851        -0.2852021059        -3.8372625870
H60         5.7036949888        -2.8107603668        -3.5296133729
H61         4.2325235344        -3.3322485922        -2.6320668519
H62         5.6056294691        -2.5587728880        -1.7466862458
H63         1.8508009751        -1.9937064799        -2.2492167732
H64         0.2856894443         0.0005631838        -2.3200837561
H65         3.9805652505         1.0121496556        -0.5153232813
H66         6.0540492522         2.0521428558         0.2413232065
H67         5.9917147187         3.9628951776         1.8167943025
H68         3.8153162656         4.8277226615         2.6244125886
H69         1.7172318699         3.7959056007         1.8826100769
H70         2.2239719724         0.7334222999         2.6741127904
H71         1.3149678917         0.5180342733         4.9327333569
H72        -1.0514665460         1.0868007009         5.3887104455
H73        -2.5133938189         1.8522789392         3.5456744875
H74        -1.6585869764         2.0561708880         1.2905022688
H75        -1.5377063784         1.2103008367        -1.2155218369
H76        -3.0918730756         2.7938273761        -2.2650692058
H77        -2.5646090971         5.2143451902        -2.3187183083
H78        -0.4440941812         6.0405236244        -1.3408613600
H79         1.1408014809         4.4791216956        -0.3218612627
H80        -0.2745133677        -0.4760084583        -0.1975677992
H81         3.5792633325        -0.9284249244         3.4976963884
H82         4.1262683658        -2.6363815982         3.5602043208
H83         2.4195576936        -2.2572285992         3.1406939087
H84         4.7117684015        -3.8732495253         1.2900103441
H85         3.9078026542        -3.2178000501        -0.1845690638
H86         2.9288237215        -3.8272321742         1.1888432494
H87         5.5797491448        -1.1979085084         0.3492593428
H88         6.0182130077        -1.9156408421         1.9474003667
H89         5.3161900458        -0.2587597749         1.8585398824
&

