&gen
basis=6-31G**
igeopt=1
dftname=PBE-D3
ifreq=1
&
entry_name: J1_10131_2111.in
&zmat
C1          0.2099038373        -3.5688325803         2.9496381436
C2          1.3051463409        -2.8777717154         2.1540959430
O3          0.7211059506        -1.9327828905         1.2649020875
C4          1.4822932079        -1.1011082550         0.4399665427
O5          2.7387301656        -1.2075263944         0.4252599280
C6          0.7669801933        -0.0590063122        -0.3891630391
C7          1.2421295475         0.1945964005        -1.8040976891
C8          2.4228002992        -0.6378226338        -2.3445870899
C9          2.6360196906        -0.4508257138        -3.8553177271
C10         3.1424064501         0.9524880360        -4.2161874033
N11         3.5277619604         1.0082926886        -5.6247881852
C12         2.5695845493         1.0510487140        -6.6881554102
O13         1.3335887491         1.0547580290        -6.4327786083
O14         3.0188950442         1.0955887403        -8.0107207835
C15         2.1305389359         1.1407766056        -9.1208529274
O16         1.6254495687         1.5278070897        -1.5922264752
P17         1.1673669072         1.6635468297         0.0628695719
C18         2.8922575709         2.0606010918         0.5125162428
C19         3.5524402834         1.3856677836         1.5584056059
C20         4.8797563352         1.6888350550         1.8736473188
C21         5.5673751812         2.6627236394         1.1476061721
C22         4.9280065040         3.3359561657         0.1052576882
C23         3.6001702354         3.0373208397        -0.2124707684
C24         0.5476595076         1.7380732153         1.8008170678
C25         0.9887415403         2.7607074656         2.6736424121
C26         0.5054165666         2.8510506857         3.9811043049
C27        -0.4502543026         1.9458743118         4.4378471522
C28        -0.9394063594         0.9622172453         3.5803472054
C29        -0.4615856685         0.8681245415         2.2701494306
C30         0.0047313082         2.9890855191        -0.3373546267
C31        -1.2771014848         2.6759367799        -0.8186913402
C32        -2.1801155641         3.6945346181        -1.1369123425
C33        -1.8109629094         5.0324155256        -0.9791094492
C34        -0.5378141003         5.3533700569        -0.5024440910
C35         0.3683537023         4.3376916012        -0.1838337980
H36        -0.4810473730        -4.1001979622         2.2614260290
H37         0.6608829276        -4.3045661280         3.6483457091
H38        -0.3633916668        -2.8185914105         3.5348509486
H39         1.8764474010        -3.6351600986         1.5749093838
H40         1.9931428685        -2.3571986826         2.8554746873
H41        -0.3251212115        -0.2495759862        -0.4081696162
H42         0.3816260812         0.1612607700        -2.5097631092
H43         2.2096541475        -1.7145701700        -2.1694225985
H44         3.3624941480        -0.3736888731        -1.8125761596
H45         3.3905286194        -1.1954957660        -4.1912961924
H46         1.6900465842        -0.6667691140        -4.3970352778
H47         4.0287190160         1.1965793782        -3.5904930210
H48         2.3607662586         1.7163032390        -4.0192185956
H49         4.5422491174         1.0750327428        -5.8654007373
H50         1.4979960682         2.0519841954        -9.0649133817
H51         2.7210525646         1.1701502928       -10.0594406819
H52         1.4860882272         0.2362525716        -9.1292095894
H53         3.0372876304         0.6402683584         2.1488255048
H54         5.3746489246         1.1694259178         2.6840262506
H55         6.5955204354         2.8956521175         1.3926417792
H56         5.4626469980         4.0883633359        -0.4599625034
H57         3.1303210975         3.5637698832        -1.0329325256
H58         1.7085842363         3.4988106904         2.3484331477
H59         0.8675439200         3.6310476576         4.6383837796
H60        -0.8259692609         2.0185616701         5.4502580015
H61        -1.7027374949         0.2772894629         3.9267904680
H62        -0.9120312168         0.1224592706         1.6395796572
H63        -1.5821052819         1.6470965485        -0.9481113875
H64        -3.1667172379         3.4462554362        -1.5062494343
H65        -2.5113741520         5.8199758268        -1.2252127310
H66        -0.2531847636         6.3901419807        -0.3778187483
H67         1.3433395493         4.6094519566         0.1934108675
&

