&zmat
 C1              4.2438694579            -2.1650360108             2.6136688687
 O2              3.0156973242            -1.4624566241             2.3242621821
 C3              3.1810680387            -0.3355348036             1.5696820206
 O14             4.2673301471             0.0580836538             1.1751249820
 C4              1.8432809273             0.3316351693             1.3035918871
 C5              0.8262993738            -0.5990946936             0.6194604590
 C6             -0.5089811017             0.1072001844             0.3377030154
 C7             -1.4954464833            -0.8297603294            -0.3222589061
 O13            -1.2680167181            -1.1736266729            -1.6973707711
 C8             -2.4786044339            -0.4357654687            -1.3782909595
 C9             -2.5740045673             0.9339061225            -1.9049785776
 C10            -3.7380175826             1.5597986324            -2.1988839478
 C11            -3.7489763577             2.9423443600            -2.6986185362
 O12            -4.7663236382             3.5761812432            -2.9622525480
 H15             4.7358580694            -2.4877988685             1.6826252785
 H16             4.9402268402            -1.5182802875             3.1703121704
 H17             3.9520062747            -3.0329463434             3.2191873347
 H18             2.0470152834             1.2203732923             0.6863044916
 H19             1.4327951814             0.6799699337             2.2695452426
 H20             1.2412243597            -0.9680376261            -0.3352213110
 H21             0.6610561981            -1.4851947322             1.2566497614
 H22            -0.9514843541             0.4750836378             1.2828941239
 H23            -0.3348743299             0.9915503364            -0.2980377553
 H24            -1.7991345785            -1.6869150050             0.3030187897
 H25            -3.4028231572            -1.0304306794            -1.4351495629
 H26            -1.6268146514             1.4656066764            -2.0648155223
 H27            -4.7096240285             1.0677265544            -2.0738874356
 H28            -2.7260460315             3.3953909095            -2.8273541171
&

