&gen
basis=6-31G**
igeopt=1
dftname=PBE-D3
ifreq=1
&
entry_name: J1_10355_2111.in
&zmat
C1         -1.0407124319        -0.4479406000         0.2839626017
C2         -1.3727036580        -1.2134162915         1.3316119715
C3         -2.8065438402        -1.4223374947         1.7061672802
C4          0.4015859915        -0.2119886318        -0.0964390105
C5          0.5907913590        -0.1283271714        -1.5884077027
C6          1.4854606794        -1.2017447823        -2.2587636762
C7          0.8609009766        -2.6040758480        -2.1354863840
C8          1.5993541560        -3.6392875280        -3.0113211675
C9          3.0651319489        -3.2646548714        -3.3069653244
C10         3.7056870648        -2.5224114891        -2.1297870994
C11         2.9603565099        -1.2154178443        -1.7788675739
O12         1.1768285594         1.1459637465        -1.5961953508
P13         0.9526547635         1.5257768286         0.0738285084
C14         2.7674186630         1.9517091743         0.1582500305
C15         3.3005856274         2.5027241350         1.4642519636
C16         3.4284788766         3.8141237668         1.7621015300
C17         3.0716132732         4.9000630503         0.7781053727
C18         3.9387504995         4.1903186676         3.1291603836
C19         0.6628924698         1.7304269789         1.8935230229
C20         0.2947545707         2.9759076047         2.4592337179
C21         0.1284689497         3.1191018496         3.8389890933
C22         0.3612333897         2.0400597462         4.6887511493
C23         0.7869652762         0.8225716223         4.1620874409
C24         0.9562331392         0.6735043736         2.7831739296
C25        -0.2056450991         2.8381184163        -0.4341857204
C26        -1.5509694568         2.8325217241        -0.0167555988
C27        -2.4309591719         3.8299509930        -0.4459279248
C28        -1.9843859575         4.8367239926        -1.3037642938
C29        -0.6562368368         4.8477549426        -1.7336429307
C30         0.2273483771         3.8527450436        -1.3063213067
H31        -1.8302359045         0.0065529667        -0.3082196118
H32        -0.6025992818        -1.6948184035         1.9269843130
H33        -3.2798551498        -0.4468491736         1.9467397714
H34        -3.3518729819        -1.9013134349         0.8657212139
H35        -2.8688601103        -2.0811505744         2.5973562779
H36         1.0971865408        -0.9324273407         0.3750156422
H37        -0.3763312594        -0.0689007122        -2.1386014439
H38         1.4977485610        -0.9446321423        -3.3424325616
H39        -0.2097260654        -2.5749078901        -2.4351510311
H40         0.9011055108        -2.9310803098        -1.0730470553
H41         1.0635084792        -3.7532249720        -3.9788148356
H42         1.5684161255        -4.6262238828        -2.5000693650
H43         3.6457079092        -4.1868088880        -3.5257363728
H44         3.1111542222        -2.6186004659        -4.2111906933
H45         3.7047289395        -3.1973186118        -1.2450823490
H46         4.7661229849        -2.2921788528        -2.3703914560
H47         3.0224179696        -1.0958300007        -0.6807857794
H48         3.4918482587        -0.3540740734        -2.2394045536
H49         3.0268443953         2.6316514755        -0.6773826135
H50         3.3389933926         1.0267502426        -0.0373306846
H51         3.5828158418         1.7699169857         2.2166809196
H52         3.2552812159         5.9090454441         1.2016488974
H53         1.9975395210         4.8358428878         0.5211400382
H54         3.6867326188         4.8033007050        -0.1405469350
H55         3.2605802760         3.7800651368         3.9075295486
H56         3.9917064322         5.2908959235         3.2612900994
H57         4.9568034670         3.7722359691         3.2780220371
H58         0.1622420169         3.8582477674         1.8518438078
H59        -0.1639565620         4.0762633401         4.2511432036
H60         0.2385104968         2.1553535601         5.7578554546
H61         1.0062536318        -0.0041488051         4.8254133434
H62         1.3549647577        -0.2631768579         2.4305488949
H63        -1.9142874298         2.0865718968         0.6745071236
H64        -3.4591110933         3.8252690809        -0.1078111807
H65        -2.6672393626         5.6083525276        -1.6349569764
H66        -0.3113793282         5.6256475692        -2.4025055771
H67         1.2475148453         3.8725103361        -1.6647711736
&

