&gen
basis=6-31G**
igeopt=1
dftname=PBE-D3
ifreq=1
&
entry_name: J1_10273_2111.in
&zmat
C1         -0.8854965352        -0.5296125889         0.3803532703
C2         -1.0711480620        -1.2612791535         1.4864484069
C3         -2.4076003835        -1.6006860496         2.0287440323
C4         -3.5632233305        -1.6430484119         1.2220639187
C5         -4.8032565711        -1.9661978364         1.7821115932
C6         -4.9040808104        -2.2564531135         3.1444073578
C7         -3.7633627456        -2.2314020425         3.9493308848
C8         -2.5208173161        -1.9106727848         3.3947760628
C9          0.4996705893        -0.1490558163        -0.0678832429
C10         0.6234332771        -0.0701268059        -1.5705243143
C11         1.5532861535        -1.1088670121        -2.2764428939
C12         1.0711452693        -2.5383000880        -1.9497112257
C13         1.4488219130        -0.8974395635        -3.8019221689
C14         3.0364216717        -0.9668114706        -1.8725003932
O15         1.1203322144         1.2458510920        -1.6105149831
P16         0.9423717440         1.6161825287         0.0683329480
C17         2.7446653445         1.9958099567         0.2505450635
C18         3.0362571042         3.4931354678         0.0731052146
C19         4.4966703048         3.8505262416         0.3886738935
C20         5.4780524828         3.2972279296        -0.6445469903
C21         0.6992269060         1.8012877129         1.9200990783
C22        -0.7426792521         2.0165570617         2.4395334780
C23        -0.8858624235         1.6568459035         3.9270427294
C24        -0.1017229421         2.5990814581         4.8394648808
C25        -0.1100563569         3.0703824950        -0.3937445186
C26        -1.5146548003         2.6900696266        -0.8879346175
C27        -2.3705433130         3.9212184080        -1.2237160506
C28        -1.9092295916         4.6370958208        -2.4931991458
H29        -1.7330190317        -0.1576392189        -0.1761219242
H30        -0.2035868980        -1.5584374012         2.0649953281
H31        -3.5149656035        -1.4510827831         0.1591581180
H32        -5.6865203373        -1.9974745121         1.1572228158
H33        -5.8650977811        -2.5064431545         3.5750011590
H34        -3.8414211703        -2.4607844610         5.0042205190
H35        -1.6477850176        -1.8930217337         4.0359729274
H36         1.2864579049        -0.7692891936         0.4091246775
H37        -0.3759424069        -0.0827985080        -2.0627129153
H38         1.2008153522        -2.7676708386        -0.8710833335
H39         1.6495350646        -3.2910541123        -2.5280064009
H40        -0.0044598429        -2.6559558114        -2.2043581189
H41         0.4040728185        -1.0461693397        -4.1514469137
H42         2.0993936950        -1.6159380575        -4.3464456644
H43         1.7629469699         0.1327404809        -4.0768578309
H44         3.4485757129        -0.0010144295        -2.2316279714
H45         3.6425658800        -1.7732936955        -2.3390835548
H46         3.1751494021        -1.0388982865        -0.7751175699
H47         3.3122571112         1.4399824253        -0.5140959026
H48         3.1375361989         1.6390205827         1.2269890213
H49         2.7966969003         3.8015015563        -0.9675373579
H50         2.3885890178         4.0804297210         0.7577325547
H51         4.7713274044         3.4795209723         1.3999947747
H52         4.5915877464         4.9580048614         0.4006433751
H53         5.5214687358         2.1896055409        -0.5922351704
H54         5.1818179116         3.6087374903        -1.6687368068
H55         6.4945980961         3.6920048623        -0.4355922839
H56         1.2977579174         2.6595999493         2.2909671220
H57         1.1204747325         0.8909705529         2.3993451879
H58        -1.0544887122         3.0728910957         2.3057619141
H59        -1.4670423636         1.3966394759         1.8930112091
H60        -1.9612069357         1.7161986074         4.2030021357
H61        -0.5551496157         0.6097921521         4.1005170151
H62        -0.3236576856         2.3555192606         5.8997655516
H63        -0.3927068701         3.6541566892         4.6501144132
H64         0.9901531953         2.4818085304         4.6779189424
H65         0.4103432203         3.6027557808        -1.2156303535
H66        -0.1669732064         3.8086228205         0.4295849708
H67        -1.4450502717         2.0364586645        -1.7821924072
H68        -2.0494393078         2.1295990247        -0.1013696466
H69        -3.4197171100         3.5869478519        -1.3769388709
H70        -2.3677674260         4.6342294545        -0.3706997184
H71        -2.6417833383         5.4290556654        -2.7560241243
H72        -0.9228061403         5.1203382524        -2.3373221116
H73        -1.8428634835         3.9227255826        -3.3411691832
&

