&gen
basis=6-31G**
igeopt=1
dftname=PBE-D3
ifreq=1
&
entry_name: J1_9794_2111.in
&zmat
C1          5.9259453431        -1.9825960398         1.9116602458
O2          5.7149399557        -0.8501611371         1.0746983946
C3          4.4617001798        -0.4451685699         0.5918311051
C4          3.2757666323        -1.1375634525         0.8953515489
C5          2.0500834431        -0.6938121542         0.3912486554
C6          1.9825223845         0.4541688839        -0.4226394866
C7          0.7092237756         0.9732764026        -0.9847285994
P8         -0.7774338106         0.4892475532        -0.4973297040
C9         -2.0287161073         1.4998956089        -1.3112143618
C10        -3.1628953091         1.9352020683        -0.6075718002
C11        -4.1541837266         2.6760229536        -1.2580314539
C12        -4.0307176411         2.9696602854        -2.6196749913
Cl13        -5.2773885430         3.8955199738        -3.4352112568
C14        -2.9184479097         2.5121281179        -3.3330881824
C15        -1.9260084697         1.7714189358        -2.6844002283
C16        -0.8653822683         0.7330900476         1.2891671616
C17        -1.0139586394        -0.3518627128         2.1678407644
C18        -1.0566902698        -0.1382869758         3.5488087177
C19        -0.9453864113         1.1575769032         4.0625476047
Cl20        -0.9975088128         1.4229385349         5.7955119363
C21        -0.7863247634         2.2407489261         3.1927211131
C22        -0.7420182085         2.0291502820         1.8118728689
C23        -1.1402312841        -1.2069566367        -0.9926205643
C24        -0.2681775639        -1.9208283144        -1.8306310022
C25        -0.5856600809        -3.2217803073        -2.2323000938
C26        -1.7832625172        -3.8121334059        -1.8164350095
Cl27        -2.1808253992        -5.4435137013        -2.3232980975
C28        -2.6679990871        -3.0959840916        -1.0042136685
C29        -2.3520802156        -1.7954404756        -0.6012672555
C30         3.1727099246         1.1340690668        -0.7273745097
C31         4.3975414433         0.6892808120        -0.2226449657
H32         7.0077019723        -2.0666124541         2.1420598135
H33         5.3676484939        -1.8627354252         2.8641333278
H34         5.6002510077        -2.9079708787         1.3912369011
H35         3.2899242949        -2.0222698079         1.5171480540
H36         1.1660192545        -1.2628534660         0.6340501901
H37         0.7632079218         1.8064897019        -1.6734884136
H38        -3.2891092645         1.6984326358         0.4403448719
H39        -5.0209550205         3.0143340050        -0.7046892412
H40        -2.8254707453         2.7231778392        -4.3907863534
H41        -1.0826702327         1.4050778635        -3.2557275193
H42        -1.0839145668        -1.3638272968         1.7953828140
H43        -1.1715621324        -0.9810755875         4.2184585085
H44        -0.6944671995         3.2455282309         3.5849149835
H45        -0.6133263344         2.8756498952         1.1489174806
H46         0.6548318044        -1.4775400489        -2.1784251594
H47         0.0969652924        -3.7674656157        -2.8711860501
H48        -3.6015879247        -3.5437632744        -0.6883808390
H49        -3.0511600344        -1.2474426449         0.0181302566
H50         3.1553313973         2.0171903997        -1.3546069021
H51         5.3032059725         1.2303685478        -0.4660716085
&

