&gen
basis=6-31G**
igeopt=1
dftname=PBE-D3
ifreq=1
&
entry_name: J1_9772_2111.in
&zmat
C1         -0.3377665368         0.2594110877        -2.9508380733
C2         -0.9856739997         0.8081459597        -1.7146111019
P3         -0.6828817186         0.2113220766        -0.2170215606
C4          1.0934390206        -0.1080460937        -0.0346356461
C5          1.5662700270        -1.1080811873         0.8306480854
C6          2.9397077628        -1.3012320942         1.0073555731
C7          3.8540324133        -0.4825304006         0.3416085289
C8          3.3952874004         0.5385841264        -0.4925921511
C9          2.0227609223         0.7337822260        -0.6707473525
C10        -1.7792997269        -1.2763459293        -0.0932465447
C11        -2.1376575695        -1.6570239487         1.3462942978
C12        -1.1989378900        -2.4786295722        -0.8465828581
C13        -1.1486634100         1.4964104124         1.0273459942
C14        -0.7510002001         2.9033060292         0.5589446633
C15        -0.4971946797         1.2193700986         2.3898719960
H16         0.4321105257        -0.5048269959        -2.7171433159
H17        -1.1136531407        -0.2017853653        -3.5962031703
H18         0.1444897975         1.0895022985        -3.5068606589
H19        -1.8132554851         1.4962394565        -1.8464987839
H20         0.8851521233        -1.7358703087         1.3793680407
H21         3.2950727437        -2.0807760692         1.6688295213
H22         4.9168597554        -0.6312836209         0.4818848181
H23         4.1031253087         1.1848222319        -0.9953662313
H24         1.6888745770         1.5453850512        -1.3035537690
H25        -2.7371819431        -1.0094978168        -0.5912948040
H26        -2.8401740627        -2.5176357979         1.3432830768
H27        -1.2456361363        -1.9510146284         1.9301455964
H28        -2.6573853291        -0.8176378627         1.8513639981
H29        -1.0485750660        -2.2334074704        -1.9163076297
H30        -1.9066396992        -3.3336353081        -0.8002025758
H31        -0.2337271215        -2.8031758037        -0.4107325208
H32        -2.2528209846         1.4763837721         1.1481195058
H33        -1.3170025434         3.1939101065        -0.3488711470
H34         0.3368106364         2.9545178620         0.3425776208
H35        -0.9898963073         3.6506868471         1.3455777274
H36         0.6056022684         1.3397493507         2.3315766270
H37        -0.7179395521         0.1977247676         2.7493974384
H38        -0.8866321803         1.9331825131         3.1466520089
&

