&zmat
 C1              0.2689052841            -2.2605293556             1.0735997125
 C2              1.2249245417            -1.1508962002             0.6942435758
 O3              2.3804143570            -1.1153651694             1.1177265977
 C4              0.6645336432            -0.0617765815            -0.2132300593
 C5              1.1427028186             0.0359756436            -1.6797627880
 C6              2.2257025003            -0.9397862235            -2.1536947932
 O7              1.7687316379            -2.2810325259            -1.8908887260
 C8              2.9344092000            -3.1165958909            -1.9214636219
 C9              4.0525981150            -2.2949702539            -1.2446079418
 O10             5.3151596745            -2.4464215770            -1.8979972231
 C11             5.7710262893            -1.1215767717            -2.2472517098
 C12             6.5348813333            -1.2064353348            -3.5596123791
 C13             6.5975901478            -0.5260213104            -1.0982648500
 O14             4.5799824112            -0.3548367886            -2.4715932411
 C15             3.6236683648            -0.8276392933            -1.5125078831
 O16             1.6189115129             1.3763644812            -1.6863473045
 P17             1.2100053564             1.7612052785             0.0736062795
 C18             2.8262658831             2.6761647273             0.2674131059
 C19             3.8937672080             2.5156686034            -0.6370668110
 C20             5.0650264216             3.2716753398            -0.4894252223
 C21             5.1786354553             4.2174563190             0.5362175725
 C22             4.1075442197             4.4084784889             1.4200373630
 C23             2.9462613026             3.6386354302             1.2928263930
 C24             0.7998467896             1.5879112164             1.9444094303
 C25            -0.5476618143             1.4471132953             2.3449328166
 C26            -0.8863007730             1.0612727127             3.6493645437
 C27             0.1210056860             0.7878556206             4.5849764070
 C28             1.4631801111             0.8962183675             4.1996970437
 C29             1.7960667839             1.2839558276             2.8941412434
 C30            -0.0878443910             3.0135320269            -0.3737833901
 C31            -0.6171481868             3.0520938410            -1.6777501642
 C32            -1.5652280049             4.0210381684            -2.0335725063
 C33            -1.9773447260             4.9842274669            -1.1036619135
 C34            -1.4364038767             4.9703506978             0.1897316436
 C35            -0.5065952826             3.9895579740             0.5543919951
 H36            -0.1828038383            -2.6938417752             0.1663644595
 H37             0.7984406254            -3.0348616912             1.6450256696
 H38            -0.5443754874            -1.8374023467             1.6899670443
 H39            -0.4381873676            -0.0651364513            -0.1542869870
 H40             0.2703441248            -0.0865614519            -2.3569412189
 H41             2.3736419600            -0.7857926353            -3.2440236885
 H42             2.6792273302            -4.0569573445            -1.4091766801
 H43             3.2519780621            -3.3369753282            -2.9618997771
 H44             4.1289478867            -2.5083797027            -0.1648711155
 H45             6.8623825154            -0.2039636890            -3.8737713265
 H46             5.8780816792            -1.6321219085            -4.3317724620
 H47             7.4205075781            -1.8484874616            -3.4416820667
 H48             6.0013144203            -0.4782630908            -0.1736693981
 H49             6.9235190853             0.4955752931            -1.3500507061
 H50             7.4855445515            -1.1475331394            -0.9059361978
 H51             3.6337960139            -0.2168848038            -0.5985361670
 H52             3.8032062063             1.8165798527            -1.4682789587
 H53             5.8884512531             3.1212539450            -1.1947563444
 H54             6.0932053924             4.8088174505             0.6451806985
 H55             4.1759743816             5.1541370630             2.2181859501
 H56             2.1312705730             3.7880980516             2.0049666066
 H57            -1.3523807283             1.6574145753             1.6314551780
 H58            -1.9401338804             0.9771313032             3.9344011472
 H59            -0.1392281334             0.4854214332             5.6040389549
 H60             2.2598909174             0.6685037598             4.9149186497
 H61             2.8501809114             1.3344719088             2.6082640564
 H62            -0.2486749891             2.3376427307            -2.4167205080
 H63            -1.9715216162             4.0291663579            -3.0496458443
 H64            -2.7105658496             5.7460046985            -1.3854635466
 H65            -1.7412393768             5.7233902331             0.9229074842
 H66            -0.1142598932             3.9802171410             1.5742289757
&

