&gen
basis=6-31G**
igeopt=1
dftname=PBE-D3
ifreq=1
&
entry_name: J1_9967_2111.in
&zmat
C1          1.4210203656        -2.4443820350         1.1464772953
C2          1.8101233771        -1.0079740121         0.9745062860
O3          2.7894547183        -0.5917862475         1.5726661114
C4          0.9893361396        -0.1008977248         0.0795341348
C5          1.4610037841         0.0535281908        -1.3497131400
C6          2.4183540598        -0.9505607976        -2.0412344056
O7          1.8818437231        -2.2480805178        -1.9876531948
C8          2.9569048409        -3.1215789589        -2.2390388533
C9          4.2574037260        -2.4228827547        -1.8588684982
O10         5.1422509898        -2.3724875896        -2.9351367029
C11         5.5393821505        -1.0233625237        -3.0436575728
C12         5.4649705904        -0.6076991480        -4.5146418741
C13         6.9755256546        -0.8757097257        -2.5276215980
O14         4.6910545291        -0.1827257301        -2.2930696866
C15         3.8615215740        -1.0277626849        -1.5550937791
O16         1.9557445085         1.3651680851        -1.2137789681
P17         1.2389605291         1.6943868811         0.3251248017
C18         2.7506345545         2.5299485717         0.9580827106
C19         4.0369087658         2.0823065976         0.6097595233
C20         5.1792186353         2.7308233369         1.0873986489
C21         5.0570307861         3.8484745141         1.9123959433
C22         3.7914294548         4.3245517943         2.2526173477
C23         2.6482770106         3.6781770041         1.7752499768
C24         0.3953047987         1.7112009598         1.9780261202
C25        -1.0021539309         1.8910877014         2.1062554625
C26        -1.6255063309         1.8455812044         3.3566702319
C27        -0.8797893362         1.5928459805         4.5052048921
C28         0.4909271869         1.3714889211         4.4049040060
C29         1.1199827400         1.4153969715         3.1585598363
C30         0.0868995671         2.8366421910        -0.5079330580
C31        -1.0532726079         2.3357175649        -1.1668381298
C32        -1.9086699975         3.1937845544        -1.8631595792
C33        -1.6216889874         4.5570845295        -1.9392628407
C34        -0.4713724072         5.0608047877        -1.3304768779
C35         0.3863009964         4.2056868991        -0.6317991944
H36         0.5361397697        -2.6955969920         0.5246352370
H37         2.2662545498        -3.0970887117         0.8435837355
H38         1.1761720658        -2.6370920005         2.2118143963
H39        -0.0899823838        -0.3632120745         0.1297706281
H40         0.5586365433         0.0997085293        -2.0006009177
H41         2.4410444712        -0.6504978916        -3.1161313835
H42         2.8272951038        -4.0428457843        -1.6323398208
H43         2.9519205876        -3.4077318639        -3.3141810267
H44         4.7445838007        -2.9137569302        -0.9861300669
H45         5.7689273560         0.4543973995        -4.6343842663
H46         4.4241920189        -0.7205068227        -4.8863216914
H47         6.1309778914        -1.2466206663        -5.1334755319
H48         7.0261291163        -1.1731274492        -1.4584457321
H49         7.3127923669         0.1794506919        -2.6149307733
H50         7.6654217778        -1.5256372045        -3.1074810718
H51         3.9852801003        -0.8490111213        -0.4786722083
H52         4.1699065858         1.2483498776        -0.0466224739
H53         6.1611491223         2.3696167195         0.8097545361
H54         5.9424453141         4.3503768809         2.2805467304
H55         3.6945526802         5.1971060540         2.8856433067
H56         1.6802900068         4.0734399380         2.0547272633
H57        -1.6407352947         2.0511931333         1.2581940155
H58        -2.6949071876         1.9957458162         3.4324300630
H59        -1.3664526247         1.5554946600         5.4712429361
H60         1.0694025573         1.1595484638         5.2949123427
H61         2.1827775116         1.2280631178         3.1331937098
H62        -1.3003575720         1.2845738210        -1.1205653086
H63        -2.7932119924         2.7999756229        -2.3468492721
H64        -2.2826535342         5.2205694827        -2.4817843329
H65        -0.2350205826         6.1138986630        -1.4126213554
H66         1.2916418459         4.6216016146        -0.2226493218
&

