&gen
basis=6-31G**
igeopt=1
dftname=PBE-D3
ifreq=1
&
entry_name: J1_9916_2111.in
&zmat
C1          1.3553591046        -4.4970001036         1.2092482233
C2          1.1486845903        -3.1989292381         0.4444402185
S3          1.1739038787        -1.7869805994         1.5968617520
C4          0.9372746226        -0.5746182491         0.2954437939
O5          1.9177164217        -0.0791887407        -0.2379683721
C6         -0.4656976965        -0.2092821674        -0.1316154756
C7         -0.6390540116        -0.0984751777        -1.6267567373
C8         -1.5541336542        -1.1594989899        -2.3000673118
C9         -1.4372281911        -1.0951247738        -3.8530533658
C10        -2.6420350968        -0.4049017611        -4.5027418295
C11        -3.9552724463        -1.1492390524        -4.1905721468
C12        -3.9566431651        -1.8284937753        -2.8060233625
C13        -3.0300690366        -1.1032058234        -1.8263722483
O14        -1.1865183072         1.1984587663        -1.6210703566
P15        -0.9797198097         1.5346621291         0.0615473946
C16        -2.7653731482         1.8384711154         0.1775874603
C17        -3.6243601354         0.8652818029         0.7232388100
C18        -5.0065473626         1.0705090095         0.7406387941
C19        -5.5474625393         2.2370390284         0.1963413372
C20        -4.7070064038         3.1965529755        -0.3724583460
C21        -3.3237398295         2.9952648835        -0.3916976452
C22        -0.5832825897         1.7240700482         1.8689653858
C23         0.7721344083         1.7330601543         2.2749521932
C24         1.1321916699         1.8664958077         3.6173974208
C25         0.1511924416         2.0246722060         4.5913172676
C26        -1.1894907877         2.0741978584         4.2196681658
C27        -1.5569587181         1.9417468285         2.8770029560
C28         0.0536015244         2.9871295720        -0.3194472149
C29         1.1559998823         2.8870788328        -1.1870156282
C30         1.9426722510         4.0082530347        -1.4671971317
C31         1.6373573873         5.2417127412        -0.8888472841
C32         0.5423715903         5.3570057027        -0.0308447719
C33        -0.2469523697         4.2389871920         0.2514359393
H34         2.3364606516        -4.4820997721         1.7296791121
H35         1.3380918320        -5.3530506796         0.5023122263
H36         0.5450242092        -4.6334971936         1.9565211716
H37         0.1693554516        -3.2356505621        -0.0786097411
H38         1.9585352714        -3.0831037419        -0.3074824040
H39        -1.2082611796        -0.8827456832         0.3408752322
H40         0.3426225395        -0.0744208111        -2.1478206016
H41        -1.1520349608        -2.1523675248        -1.9976250642
H42        -0.5085072331        -0.5781189909        -4.1772359099
H43        -1.3732567794        -2.1305364379        -4.2558859419
H44        -2.7057598787         0.6401532440        -4.1269949416
H45        -2.4965258157        -0.3571982662        -5.6035990513
H46        -4.1344511196        -1.9237437311        -4.9678680709
H47        -4.7953191983        -0.4230371856        -4.2466297466
H48        -3.6220689883        -2.8846187120        -2.9070661495
H49        -4.9913671453        -1.8409768026        -2.4000358655
H50        -3.3766536941        -0.0525106546        -1.7623761512
H51        -3.1263224124        -1.5736772293        -0.8252794459
H52        -3.2243083305        -0.0421199327         1.1538854967
H53        -5.6584425519         0.3229395828         1.1735686438
H54        -6.6183202441         2.3934714874         0.2072655828
H55        -5.1286535712         4.0920145289        -0.8103720099
H56        -2.6970305008         3.7317122216        -0.8745439143
H57         1.5680207583         1.6671254181         1.5494636260
H58         2.1770594800         1.8602049805         3.8999277108
H59         0.4308917052         2.1324969762         5.6313192810
H60        -1.9498767939         2.2306818248         4.9742423710
H61        -2.6044979017         2.0484210575         2.6688979491
H62         1.4091088000         1.9512930647        -1.6586188640
H63         2.7889907351         3.9206836724        -2.1362144953
H64         2.2480137775         6.1082418556        -1.1070705666
H65         0.3053422171         6.3131324193         0.4175331558
H66        -1.0864142728         4.3483489749         0.9259145945
&

