&gen
basis=6-31G**
igeopt=1
dftname=PBE-D3
ifreq=1
&
entry_name: J1_10043_2111.in
&zmat
C1          4.3833936672        -8.0083271461       -11.2931457905
C2          3.2118192395        -8.0453100362       -10.3186177339
O3          3.1157827822        -6.8171889176        -9.5993658506
C4          3.9734001490        -6.4674252377        -8.5502671742
O5          4.8549605509        -7.2787155400        -8.1569551670
C6          3.7986077881        -5.1424427260        -7.9166575966
C7          4.5657109444        -4.6118884069        -6.9391919141
C8          5.7883961899        -5.3140825633        -6.4009382182
C9          4.2348466965        -3.2248066255        -6.4216234206
C10         2.8945977397        -3.1591310885        -5.6557179627
O11         2.5346340743        -1.7782720256        -5.5180343568
C12         1.5570892796        -1.5669495018        -4.5000960203
C13         2.1132739875        -1.8994431875        -3.0715915529
C14         2.5485276062        -0.6287567776        -2.3047446052
C15         1.3409366102         0.1490936195        -1.7329806870
O16         1.6492955219         1.5135268795        -1.5729879195
P17         1.1835601265         1.6896581748         0.0777689557
C18         2.7843807576         2.5472293931         0.4520207446
C19         2.8442061188         3.5937642902         1.4024688145
C20         4.0320558416         4.2890668212         1.6418413077
C21         5.1822968244         3.9793071283         0.9200475202
C22         5.1431108790         2.9807929731        -0.0504433781
C23         3.9573068986         2.2827015386        -0.2945186400
C24         0.5738648791         1.5779356332         1.8195043860
C25        -0.8125597113         1.5107714143         2.0885163329
C26        -1.2898367714         1.3759167104         3.3949754623
C27        -0.3978631523         1.2722980872         4.4598782821
C28         0.9737234694         1.2849909939         4.2177391492
C29         1.4558308779         1.4202322114         2.9134311495
C30        -0.1159533022         2.8625731499        -0.4579015589
C31        -1.2560795951         2.3924661463        -1.1427971997
C32        -2.2413236818         3.2788599148        -1.5859634317
C33        -2.0944908480         4.6495465313        -1.3776817894
C34        -0.9544929078         5.1361206275        -0.7388094198
C35         0.0336910499         4.2530830848        -0.2932467190
C36         0.8974446845        -0.0881747127        -0.3002010541
C37         1.4815900312        -1.3194468730         0.5108830343
C38         0.3779318887        -1.9032794469         1.4211167597
C39         2.7998725322        -1.1772557060         1.3352355389
C40         3.5443861683        -2.5176727131         1.4388078920
O41         3.6643462623        -0.2455493302         0.7633806184
C42         3.2979672085        -2.8647193904        -3.2362406223
O43         3.6083311473        -3.6401212869        -2.1264387429
C44         4.1645905792        -4.8218229085        -2.6984172494
C45         5.6940752256        -4.8295247932        -2.4965599519
C46         6.0741282726        -4.9235776220        -1.0132797298
C47         5.4345772488        -6.1517852515        -0.3559276252
C48         3.9129630595        -6.1504795668        -0.5406992878
C49         3.5370054331        -6.0592432859        -2.0255479607
O50         3.8931596894        -4.8704727215        -4.0944711431
C51         2.9497214288        -3.8674584824        -4.2733121533
H52         5.3422451243        -7.9076128092       -10.7432565635
H53         4.2704119534        -7.1500182644       -11.9887190380
H54         4.4080758984        -8.9487724805       -11.8828815543
H55         2.2738981046        -8.1915464994       -10.8946267820
H56         3.3208257441        -8.8993733735        -9.6152480964
H57         2.9725593610        -4.5531749438        -8.2971136860
H58         6.3139604830        -4.6972626012        -5.6428174056
H59         5.4962073138        -6.2659970083        -5.9100582967
H60         6.5058102715        -5.5145971594        -7.2242354277
H61         4.1860000845        -2.5346438324        -7.2926465050
H62         5.0455727823        -2.8366605917        -5.7687864152
H63         2.1114337588        -3.6548746251        -6.2705508598
H64         0.6566636138        -2.1885969591        -4.7082141612
H65         1.2181255979        -0.5119125807        -4.5598002687
H66         1.3130354214        -2.4178023937        -2.4979517383
H67         3.1054543829         0.0320508966        -3.0052585269
H68         3.2648520558        -0.8945717073        -1.5079405417
H69         0.4726336445         0.0711920485        -2.4242564816
H70         1.9717828753         3.8774933286         1.9749427829
H71         4.0572686354         5.0752036714         2.3854356179
H72         6.1014188149         4.5198680348         1.1056514019
H73         6.0333688458         2.7485921162        -0.6207160133
H74         3.9796208282         1.5238562993        -1.0614687506
H75        -1.5416194268         1.5304188541         1.2954200249
H76        -2.3557013956         1.3351223056         3.5790756864
H77        -0.7695370916         1.1621493783         5.4703760076
H78         1.6676599935         1.1778119463         5.0414548822
H79         2.5257068707         1.3888835212         2.7742613404
H80        -1.3999135947         1.3409800786        -1.3336043043
H81        -3.1178445474         2.9014545239        -2.0967154755
H82        -2.8566898507         5.3354968802        -1.7240383457
H83        -0.8292153608         6.2021559268        -0.5987649070
H84         0.9130185401         4.6788802448         0.1512933760
H85        -0.2031909443        -0.2231244268        -0.3372954994
H86         1.6518621269        -2.1166338815        -0.2406535590
H87         0.7054102766        -2.8489328571         1.8979804582
H88         0.1059576830        -1.1870730419         2.2221836483
H89        -0.5329145032        -2.1434374692         0.8318971111
H90         2.5534503710        -0.8706448856         2.3737283226
H91         3.8384040172        -2.8672957371         0.4290879161
H92         2.9207156590        -3.2943205082         1.9250482605
H93         4.4655657945        -2.3936074968         2.0468619920
H94         4.3271451670         0.0043819639         1.4600796326
H95         4.2090927533        -2.2909066995        -3.5340520204
H96         6.1362639588        -5.6928268152        -3.0417059706
H97         6.1320902200        -3.9029949522        -2.9268918862
H98         7.1793340464        -4.9963229059        -0.9238935364
H99         5.7535389990        -4.0018171453        -0.4830163587
H100         5.8627453133        -7.0771883158        -0.8003308677
H101         5.6719249172        -6.1517063712         0.7296489417
H102         3.4668108289        -5.2973341312         0.0141318839
H103         3.4929629294        -7.0868702580        -0.1146732891
H104         3.8783283961        -6.9807275706        -2.5473423147
H105         2.4302041652        -6.0108916864        -2.1168081929
H106         1.9429714870        -4.3062888762        -4.0663313939
&

