&gen
basis=6-31G**
igeopt=1
dftname=PBE-D3
ifreq=1
&
entry_name: J1_10103_2111.in
&zmat
C1          8.2750210483        -0.3730044840        -4.9090116065
O2          7.1756144687        -1.2464151019        -4.7711716754
C3          6.8130372134        -1.3910854478        -3.4055105344
C4          5.6722585203        -0.4162399167        -3.0631264932
C5          4.4296831579        -0.6702180859        -3.9543018065
C6          3.1659243943         0.0602768013        -3.4379470056
C7          2.6208168677        -0.4634633990        -2.0969286825
C8          1.2992881399         0.2375157382        -1.7220058905
O9          1.5125317051         1.6120420834        -1.5356215304
P10         1.0458203424         1.7102430773         0.1181508170
C11         2.7494357550         2.1902430155         0.5588663170
C12         3.3900746437         3.2338832926        -0.1338063254
C13         4.7139333765         3.5733056828         0.1591064678
C14         5.4158316317         2.8725969791         1.1416694641
C15         4.7947612654         1.8307620179         1.8325581986
C16         3.4720060935         1.4871657219         1.5413364275
C17         0.4466313159         1.7283322743         1.8627878915
C18        -0.4742293021         0.7712807414         2.3441464191
C19        -0.9358469957         0.8199759172         3.6626938129
C20        -0.5128461014         1.8355801044         4.5185408834
C21         0.3627187381         2.8149421430         4.0537007673
C22         0.8289138888         2.7716145077         2.7376658799
C23        -0.2006644494         2.9617252552        -0.2657946266
C24        -1.4587070867         2.5701256991        -0.7520619976
C25        -2.4282623213         3.5301888754        -1.0563252704
C26        -2.1497402755         4.8874680577        -0.8793449836
C27        -0.9008317079         5.2863618613        -0.3974335840
C28         0.0716276379         4.3293788307        -0.0927441411
C29         0.7558545187        -0.0288689757        -0.3370277997
C30         1.5256848606        -0.9768894304         0.4863296041
C31         2.1654218666        -1.7427684719         1.1603239847
Si32         3.1573197492        -2.8585943829         2.1853400655
C33         3.8704703338        -4.2110064231         1.1177960388
C34         4.5470774542        -1.8953916744         2.9753151479
C35         2.0777915448        -3.6036382715         3.5125998749
C36         4.1884365251        -2.1779008132        -4.2432037698
C37         4.8531312167        -3.0946659469        -3.1996589249
O38         4.6154822897        -4.4503243977        -3.5428989307
C39         3.5142573617        -4.9639948180        -2.8259065270
C40         6.3813465893        -2.8586774293        -3.1537827434
H41         9.1904472127        -0.8195601788        -4.4623150448
H42         8.4689844906        -0.2161479409        -5.9897762647
H43         8.0668298660         0.6209997579        -4.4557165684
H44         7.6667081001        -1.1845126534        -2.7134329203
H45         5.4332337425        -0.5420135723        -1.9878505876
H46         6.0150310072         0.6323843720        -3.1962193661
H47         4.6553621365        -0.1998176062        -4.9385626944
H48         2.3699244976        -0.0284144031        -4.2100451044
H49         3.4003211255         1.1428445787        -3.3359298275
H50         2.4270385239        -1.5541300985        -2.1619345318
H51         3.3666881606        -0.2767733363        -1.2974488841
H52         0.5203908836         0.0735362432        -2.4993921055
H53         2.8739984023         3.7749152472        -0.9158381252
H54         5.1980998337         4.3762536774        -0.3814899622
H55         6.4411430521         3.1360880865         1.3667048612
H56         5.3380920216         1.2894470638         2.5961875378
H57         3.0091798487         0.6896754076         2.1023315257
H58        -0.8605870333        -0.0146526848         1.7180240228
H59        -1.6325766643         0.0718442973         4.0185168070
H60        -0.8749298679         1.8716089609         5.5378643224
H61         0.6768075369         3.6145407147         4.7121284792
H62         1.4900392390         3.5607197788         2.4076345942
H63        -1.6937994669         1.5249738929        -0.8961734571
H64        -3.3961299794         3.2214710862        -1.4296464437
H65        -2.9015731809         5.6296341827        -1.1145767905
H66        -0.6864911824         6.3380250467        -0.2577394248
H67         1.0258643898         4.6608719759         0.2894101210
H68        -0.3179117984        -0.2995440593        -0.3872261345
H69         3.0438362512        -4.7834700968         0.6496650006
H70         4.5064308056        -3.7597148272         0.3286665070
H71         4.4839902935        -4.8912674017         1.7432078403
H72         4.1250591247        -1.1048303336         3.6290735971
H73         5.1734210395        -2.5808749147         3.5820183347
H74         5.1686373468        -1.4288050293         2.1836108903
H75         1.6526778574        -2.7935359931         4.1402037541
H76         1.2537914550        -4.1767344747         3.0401958931
H77         2.6856765119        -4.2822744123         4.1453902550
H78         4.6116850329        -2.4275401047        -5.2419558669
H79         3.1015551135        -2.3986597494        -4.3076821221
H80         4.4557426858        -2.8317463066        -2.1884484127
H81         3.2699479650        -5.9698245165        -3.2243572201
H82         2.6102171451        -4.3257376134        -2.9416328932
H83         3.7716537674        -5.0797472308        -1.7520907308
H84         6.7478953983        -3.1814531507        -2.1540346257
H85         6.8849834711        -3.5157414395        -3.8975183861
&

