&zmat
 O9              4.0737489519             1.4742819696            -1.2246463652
 C8              4.1530755629             0.5852370275            -0.3909556287
 C7              2.9673138508            -0.0964391931             0.2546352697
 C6              1.6074782017             0.4111231124            -0.2263076226
 C5              0.4276721743            -0.2898979311             0.4577910943
 C4             -0.9363302850             0.2060022805            -0.0375190744
 C3             -2.1188676645            -0.4902784518             0.6485613547
 C2             -3.4745228336            -0.0499070678             0.1037386330
 O1             -3.5359510214            -0.4279751163            -1.2745260939
 H23             5.1561618337             0.2095956850            -0.0434443772
 H21             3.0820324192            -1.1868827563             0.0825531853
 H22             3.0820196906             0.0178188807             1.3528678405
 H19             1.5514428365             1.5015868189            -0.0576694565
 H20             1.5418061201             0.2800680048            -1.3214235288
 H17             0.4982026283            -0.1469112099             1.5545947394
 H18             0.5002083476            -1.3828282954             0.2916110062
 H15            -1.0188280545             0.0507673096            -1.1278192188
 H16            -1.0119776770             1.2992984285             0.1246273181
 H13            -2.0980302311            -0.2965104060             1.7374608153
 H14            -2.0335720702            -1.5855800124             0.5200764084
 H11            -4.2870875826            -0.5276793234             0.6928685188
 H12            -3.5825377164             1.0505367888             0.2287589671
 H10            -4.3677195679            -0.0730870514            -1.6345087447
&

