&gen
basis=6-31G**
igeopt=1
dftname=PBE-D3
ifreq=1
&
entry_name: J1_9905_2111.in
&zmat
C1          4.6279702107        -5.2701264876        -0.9293953260
C2          3.9797559800        -3.9076821167        -0.7090846018
O3          4.3843671305        -2.9990020702        -1.7150278487
C4          3.4535970937        -2.9707491353        -2.7831788348
C5          4.1540344190        -2.4835909772        -4.0265627076
C6          4.0200581765        -1.2221318746        -4.4475982434
C7          3.0518174538        -0.2778708493        -3.7939176895
O8          1.9005542054        -0.1864144481        -4.6189307247
C9          1.7510566961         1.1139241469        -5.1512753005
C10         0.3636711406         1.2502948197        -5.7052383353
C11        -0.6762267297         1.7292923115        -4.8906868726
C12        -1.9789098157         1.8168457631        -5.3898795900
C13        -2.2542903819         1.4162137134        -6.7003074404
C14        -1.2278292412         0.9231782438        -7.5114233735
C15         0.0768794707         0.8338345154        -7.0152006425
C16         2.6564738588        -0.7978861027        -2.3867046912
C17         1.4407245897        -0.0132499830        -1.8411759059
O18         1.7427776715         1.3480660783        -1.6939041311
P19         1.1850943503         1.5536174854        -0.0776987399
C20         2.8369655742         2.1481978956         0.4301386910
C21         3.5054315974         3.1155779128        -0.3437479095
C22         4.7765663412         3.5664899696         0.0226697496
C23         5.3992810005         3.0564031124         1.1629220670
C24         4.7521295195         2.0930504897         1.9382127273
C25         3.4815625130         1.6382800576         1.5752419823
C26         0.4708781944         1.7025096412         1.6177677631
C27         0.7202576150         2.8614982405         2.3896770921
C28         0.1651046567         3.0139183055         3.6622159437
C29        -0.6720661808         2.0291625800         4.1823900425
C30        -0.9684955978         0.8986407415         3.4230705921
C31        -0.4170406254         0.7404974426         2.1482175449
C32        -0.0777136207         2.7195559857        -0.6419460941
C33        -1.3164206606         2.2422345648        -1.1020405761
C34        -2.2865515044         3.1322744629        -1.5714335924
C35        -2.0299857920         4.5049751293        -1.5833324203
C36        -0.8035704093         4.9895253942        -1.1226265811
C37         0.1702679835         4.1023586814        -0.6545758338
C38         0.9628368014        -0.2274872626        -0.4221086198
C39         1.7559446945        -1.1411854137         0.4811251056
O40         3.0102992488        -1.0564913357         0.5670325291
O41         1.0606413804        -2.0620204257         1.2701431123
C42         1.6869575260        -2.8363819858         2.2852769027
O43         2.3214689025        -2.1748728121        -2.4511198107
H44         5.7325576677        -5.1624760376        -0.9711892696
H45         4.3646155162        -5.9484480461        -0.0906486695
H46         4.2710053438        -5.7223753026        -1.8778687992
H47         4.3360665315        -3.5151788859         0.2660147434
H48         2.8723194625        -4.0148833114        -0.6278575805
H49         3.0886309833        -3.9941334228        -3.0292523177
H50         4.8497310778        -3.1444538648        -4.5349653922
H51         4.5573398383        -0.8960005094        -5.3330568810
H52         3.5934812781         0.6895995345        -3.6549299687
H53         1.8950007022         1.9030307261        -4.3765713602
H54         2.5000893693         1.2786740413        -5.9575154128
H55        -0.4770364827         2.0350640304        -3.8717220593
H56        -2.7749889577         2.1918988329        -4.7595783153
H57        -3.2635150484         1.4830424431        -7.0855367237
H58        -1.4440274242         0.6060666077        -8.5234269185
H59         0.8613417878         0.4398221588        -7.6494948133
H60         3.5262920529        -0.6264327720        -1.7157285629
H61         0.5751985280        -0.1200555310        -2.5331742341
H62         3.0507079495         3.5170237474        -1.2397655861
H63         5.2806579514         4.3102127500        -0.5808335058
H64         6.3836111889         3.4068995002         1.4451224207
H65         5.2345001951         1.6988245825         2.8232734088
H66         2.9975444474         0.9013641716         2.2019282853
H67         1.3472187190         3.6566149207         2.0102231804
H68         0.3796143092         3.9019741690         4.2426152407
H69        -1.1040436346         2.1494611163         5.1674585550
H70        -1.6385750577         0.1458956395         3.8182341300
H71        -0.7165170439        -0.1304683141         1.5939638739
H72        -1.5336495358         1.1836555797        -1.1065349537
H73        -3.2362990007         2.7567986859        -1.9297470182
H74        -2.7816829676         5.1930010791        -1.9478775437
H75        -0.6069660226         6.0538214548        -1.1280900838
H76         1.1072009143         4.5010450063        -0.2949546503
H77        -0.1052050456        -0.5253351217        -0.4441686753
H78         2.1646809437        -2.1672709669         3.0321036448
H79         0.9203839175        -3.4543898437         2.7957542887
H80         2.4489154838        -3.5080461790         1.8411410792
&

