&gen
basis=6-31G**
igeopt=1
dftname=PBE-D3
ifreq=1
&
entry_name: J1_10245_2111.in
&zmat
C1         -1.1887970437        -6.3604721493         1.6824032356
C2         -2.2119991279        -5.2969750367         1.2944845631
C3         -1.7817306209        -3.9098892494         1.7849275065
C4         -2.8000897534        -2.8385294308         1.3678478009
C5         -2.5212279636        -1.4586917378         1.9942045973
C6         -1.1164582237        -0.8824752043         1.7339673513
C7         -0.8361996235        -0.6268816164         0.2469450576
C8          0.6263107079        -0.2187399242        -0.0673660140
C9          0.8196928713        -0.1331887296        -1.5692769197
C10         1.7826350075        -1.1544449138        -2.2543346520
C11         1.2397440993        -2.5852853059        -2.0590047674
C12         3.2248785160        -1.0816838288        -1.7137411078
C13         1.8188940198        -0.8472886569        -3.7668494797
O14         1.3030591023         1.1829589070        -1.5934912688
P15         1.0748228009         1.5605717353         0.0729146638
C16         2.7909931469         2.1275353404         0.2135854767
C17         3.1277068610         3.4652336855        -0.0550839050
C18         4.4514675324         3.8991946637         0.0631442424
C19         5.4484838937         3.0070347877         0.4632510304
C20         5.1203405450         1.6825602416         0.7590468785
C21         3.7978321316         1.2463144107         0.6428764919
C22         0.9775929237         1.8386785201         1.8929570817
C23         0.7315892581         3.1293435719         2.4181338751
C24         0.7387136459         3.3585064054         3.7963499899
C25         1.0412653308         2.3215549414         4.6770016172
C26         1.3658662045         1.0610626044         4.1787349247
C27         1.3607802131         0.8271277232         2.8010959992
C28        -0.2508742902         2.7480178261        -0.3566725445
C29        -1.4902567192         2.7385855672         0.3150818695
C30        -2.5027845854         3.6323658699        -0.0435732684
C31        -2.3003785354         4.5389458417        -1.0847291153
C32        -1.0859723835         4.5498504443        -1.7719497942
C33        -0.0700580838         3.6582928550        -1.4160853840
H34        -1.0799737615        -6.4064293167         2.7869908649
H35        -0.2023397819        -6.1317529998         1.2254596946
H36        -1.5274881818        -7.3528746446         1.3172227727
H37        -2.3176402682        -5.2866660367         0.1875654629
H38        -3.1948496710        -5.5648228504         1.7400214003
H39        -0.7896917300        -3.6703528217         1.3447822346
H40        -1.6896231751        -3.9226141932         2.8933151334
H41        -3.8130323215        -3.1565067705         1.6991186315
H42        -2.8375299504        -2.7600868769         0.2609003893
H43        -3.2807041669        -0.7392005871         1.6173328392
H44        -2.6665934118        -1.5355556771         3.0939849490
H45        -0.3438403165        -1.5527881005         2.1649138593
H46        -1.0711678341         0.0790742361         2.2785293173
H47        -1.0149932925        -1.5754624316        -0.2990975354
H48        -1.5590721356         0.1086995162        -0.1588326067
H49         1.3642685063        -0.8886857390         0.4118097885
H50        -0.1559222208        -0.1406682870        -2.1099239613
H51         0.2021302401        -2.6672625655        -2.4489952436
H52         1.8732470010        -3.3228900864        -2.5976504382
H53         1.2296336023        -2.8647269957        -0.9840672923
H54         3.2798066803        -1.4221475782        -0.6613068865
H55         3.6247617640        -0.0497692768        -1.7961912402
H56         3.8926013930        -1.7488797779        -2.3006522318
H57         2.4724213956        -1.5694311105        -4.3028484298
H58         2.2115225348         0.1764356122        -3.9493058492
H59         0.8009350620        -0.9135006392        -4.2085121770
H60         2.3716868552         4.1836655355        -0.3308241917
H61         4.7027829081         4.9307032960        -0.1473405884
H62         6.4723361529         3.3452155024         0.5566840125
H63         5.8894646230         0.9950985702         1.0864627435
H64         3.5592010718         0.2272596263         0.9069506032
H65         0.5544358197         3.9742916452         1.7674266136
H66         0.5275359273         4.3481111578         4.1805768513
H67         1.0519485157         2.5020626385         5.7440991466
H68         1.6384350707         0.2657132412         4.8604115077
H69         1.6675228444        -0.1476224719         2.4596793089
H70        -1.6724915708         2.0578657603         1.1330921980
H71        -3.4456033937         3.6220679973         0.4878951241
H72        -3.0861295927         5.2296381440        -1.3621119370
H73        -0.9331785213         5.2456341138        -2.5868338345
H74         0.8505086392         3.6720829174        -1.9837461400
&

