&gen
basis=6-31G**
igeopt=1
dftname=PBE-D3
ifreq=1
&
entry_name: J1_9861_2111.in
&zmat
C1          4.7874458644        -2.1196796674         2.4472575229
Si2          3.1716686657        -2.9574795743         2.0358319009
C3          2.3097556953        -3.4715821327         3.6089724981
C4          3.4978997734        -4.4548630297         0.9709938031
C5          2.1245437789        -1.7976562307         1.1240653696
C6          1.4609719731        -1.0104568885         0.5002696278
C7          0.6692641325        -0.0488810519        -0.2805481635
C8          1.1096685175         0.1599680800        -1.7111670377
C9          2.2622462622        -0.7176167633        -2.2872561374
C10         2.2423849978        -0.6709072304        -3.8377014279
C11         3.5824837732        -1.0752005732        -4.4900206547
C12         4.4047380674        -2.0012285056        -3.5885141120
C13         4.7409009085        -1.3300094393        -2.2425681070
C14         3.6678143659        -0.3273511153        -1.7731685245
O15         1.4907228072         1.5026216252        -1.5589554965
P16         1.0697510385         1.6862752442         0.1034277736
C17         2.7988804699         2.1001001456         0.5126174781
C18         3.4905719245         3.0667779177        -0.2398561758
C19         4.8301866187         3.3557310432         0.0343056797
C20         5.4976106496         2.6801025952         1.0574053204
C21         4.8269268221         1.7124249260         1.8069537464
C22         3.4879007183         1.4191826873         1.5357282174
C23         0.5146148889         1.8091617766         1.8600857391
C24         0.9095971452         2.9149307144         2.6486325768
C25         0.4858931412         3.0444105807         3.9731563053
C26        -0.3552346790         2.0864039552         4.5352333788
C27        -0.7828814995         1.0032605823         3.7694008454
C28        -0.3637472643         0.8676683928         2.4426014556
C29        -0.1267211910         2.9796046350        -0.3065501312
C30        -1.4320915290         2.6281351393        -0.6881708453
C31        -2.3636875552         3.6180237294        -1.0144043341
C32        -2.0002787424         4.9656599700        -0.9640295047
C33        -0.7044324849         5.3250098899        -0.5865681827
C34         0.2303599189         4.3380137477        -0.2604092883
H35         5.2597075820        -1.7494448060         1.5138722216
H36         5.4640653150        -2.8445734489         2.9442108835
H37         4.5962354461        -1.2661375132         3.1290275264
H38         2.1123314004        -2.5746624718         4.2314042559
H39         1.3492592452        -3.9671602592         3.3591098945
H40         2.9557428093        -4.1772869352         4.1703675492
H41         2.5361238154        -4.9496933653         0.7247156188
H42         4.1495293655        -5.1644153621         1.5208544796
H43         4.0014333267        -4.1392104261         0.0342411531
H44        -0.4151432624        -0.2757639273        -0.2375513999
H45         0.2172738406         0.1067711395        -2.3756452775
H46         2.0636825297        -1.7720483086        -1.9902275554
H47         1.4404094181        -1.3500477403        -4.2021049842
H48         1.9871360573         0.3545612495        -4.1861647366
H49         3.3865846585        -1.5796588205        -5.4608439653
H50         4.1807422644        -0.1617056059        -4.7030362287
H51         3.8267276580        -2.9339073587        -3.4055635150
H52         5.3458921771        -2.2865359181        -4.1062354221
H53         4.8662432861        -2.1226613069        -1.4727486131
H54         5.7127766074        -0.7967344613        -2.3279647022
H55         3.6985806112        -0.2836540298        -0.6690335717
H56         3.9283155138         0.6861124990        -2.1509508459
H57         3.0032666439         3.5836710734        -1.0556616311
H58         5.3535059441         4.0992420755        -0.5527954964
H59         6.5355154800         2.9039754682         1.2670386427
H60         5.3456462314         1.1880197962         2.5987759192
H61         2.9906906998         0.6688129982         2.1334609133
H62         1.5524443376         3.6838049824         2.2431226979
H63         0.8081342448         3.8927174748         4.5631245790
H64        -0.6840163454         2.1885169589         5.5613462821
H65        -1.4487489144         0.2679382882         4.2026696804
H66        -0.7477507216         0.0246889131         1.8955278663
H67        -1.7338232099         1.5912026791        -0.7327512077
H68        -3.3680897137         3.3398511098        -1.3063638895
H69        -2.7227742973         5.7311034713        -1.2160119411
H70        -0.4243223616         6.3696207737        -0.5442878204
H71         1.2215343519         4.6417671846         0.0410045600
&

