&gen
basis=6-31G**
igeopt=1
dftname=PBE-D3
ifreq=1
&
entry_name: J1_9771_2111.in
&zmat
C1          0.1870634046         0.5037329894        -0.9407312537
C2          1.4975351165         0.3741137025        -1.6270829979
C3          2.5388742845        -0.4511778700        -1.1524781419
C4          3.7485672709        -0.5356719007        -1.8481503034
C5          3.9377107782         0.1996418876        -3.0193886171
C6          2.9176160321         1.0238677785        -3.4968991670
C7          1.7061613068         1.1126933047        -2.8051945798
P8         -0.3084344580        -0.4423710737         0.2997757456
C9         -1.9896521251         0.0596623314         0.8101255684
C10        -1.9650037237         1.3854374611         1.5212013590
C11        -2.0956637077         2.5838952609         0.7996474340
C12        -2.0224191017         3.8146629142         1.4590674967
C13        -1.8167345465         3.8585203426         2.8406063738
C14        -1.6870525765         2.6713590153         3.5659972115
C15        -1.7621154327         1.4386713015         2.9111600722
C16        -0.3832960565        -2.1882950320        -0.2426539254
C17        -1.1572095181        -2.3201662516        -1.5259739915
C18        -2.5555083062        -2.4554076730        -1.5007948752
C19        -3.2768866396        -2.5394568213        -2.6955271342
C20        -2.6093090973        -2.4875022320        -3.9221518795
C21        -1.2188356394        -2.3525512037        -3.9560704364
C22        -0.4936477725        -2.2690350027        -2.7638444524
C23         0.7839555981        -0.2608061049         1.7226674212
C24         0.8944280043        -1.2931092457         2.6661425595
C25         1.6999872889        -1.1290381039         3.7971580585
C26         2.3872606124         0.0706339107         4.0000985552
C27         2.2655135770         1.1103139706         3.0747045728
C28         1.4620564821         0.9492431463         1.9424572048
H29        -0.5199749678         1.2235699486        -1.3301936300
H30         2.4341623218        -1.0307864026        -0.2484581218
H31         4.5414833909        -1.1722362616        -1.4771127229
H32         4.8752336034         0.1319381266        -3.5559505090
H33         3.0648930633         1.5947804219        -4.4045732446
H34         0.9271048708         1.7564710412        -3.1953331208
H35        -2.4068045462        -0.7213065494         1.4809335182
H36        -2.6442753791         0.1145043791        -0.0854031287
H37        -2.2536626549         2.5664100189        -0.2710976083
H38        -2.1226693753         4.7349332260         0.8983075829
H39        -1.7573328398         4.8122480334         3.3487820128
H40        -1.5241904828         2.7061479187         4.6353951194
H41        -1.6479489118         0.5265698548         3.4839081315
H42        -0.8684171485        -2.7941463567         0.5512640305
H43         0.6453514200        -2.5829552154        -0.3733603093
H44        -3.0860096100        -2.4913605776        -0.5574073478
H45        -4.3540083739        -2.6423136209        -2.6703803776
H46        -3.1693871547        -2.5511865822        -4.8460869334
H47        -0.7027016554        -2.3110053315        -4.9064920530
H48         0.5829183837        -2.1625356856        -2.8061700316
H49         0.3556445462        -2.2214011888         2.5348832152
H50         1.7861411316        -1.9298954068         4.5200642336
H51         3.0077813495         0.1971814083         4.8777554901
H52         2.7885177652         2.0436449193         3.2380114301
H53         1.3631901985         1.7708690802         1.2448464967
&

