&zmat
 C15             8.1660198868            -1.3464805287            -4.1213183875
 C14             7.0334655122            -0.6918554675            -3.8203037002
 C13             5.6570556416            -1.3008850014            -3.8302809830
 C12             4.9735739130            -1.3360735001            -2.4439110372
 C11             4.6518992611             0.0428778637            -1.8473681680
 C10             3.8484895808            -0.0517675931            -0.5425779865
 C9              3.4271766905             1.3106778162             0.0285105346
 C8              2.5763814122             1.2206389795             1.3093122764
 C7              1.2775961504             0.4246250873             1.1167942145
 C6              0.2706130036             0.5350311213             2.2767005434
 C5             -0.9719612610            -0.3115467892             2.0587788858
 C2             -0.8977746776            -1.7105398983             2.3597089655
 O1              0.0733289097            -2.3432623841             2.7839710392
 O3             -2.1440284943            -2.3396014416             2.1091457216
 C4             -2.1065174295            -3.7666909727             2.0011299834
 P16            -2.3111109501             0.2190978576             1.0999961912
 C17            -1.9504304193             1.9024588116             0.4760332412
 C18            -2.0825148739             3.0008653490             1.3495159931
 C19            -1.7341684299             4.2862315628             0.9183548220
 C20            -1.2586341027             4.4857954339            -0.3859164591
 C21            -1.1339790784             3.3975781024            -1.2599118896
 C22            -1.4780743087             2.1081866120            -0.8330884805
 C23            -3.9477301169             0.4181807276             1.9253717253
 C24            -4.9229962418             1.2890232820             1.3971430733
 C25            -6.1522628764             1.4453489761             2.0508763236
 C26            -6.4124087438             0.7377403583             3.2328479799
 C27            -5.4402801100            -0.1223306336             3.7635531850
 C28            -4.2086919727            -0.2819009833             3.1164784137
 C29            -2.6203803581            -0.8157984876            -0.3962385207
 C30            -3.8889701414            -0.9598979457            -0.9850445852
 C31            -4.0358235930            -1.7187781355            -2.1542966397
 C32            -2.9237704924            -2.3391963895            -2.7407875976
 C33            -1.6592682431            -2.2062423197            -2.1482748554
 C34            -1.5063416320            -1.4503416160            -0.9793475399
 H55             9.1435910179            -0.8565772002            -4.0874408836
 H56             8.1544546742            -2.4019938948            -4.4163106926
 H54             7.0959976022             0.3664671920            -3.5317336679
 H52             5.7176751616            -2.3280627151            -4.2326552140
 H53             5.0070614035            -0.7289243422            -4.5231472001
 H50             4.0314645825            -1.9093211581            -2.5367432054
 H51             5.6120323107            -1.9039776742            -1.7418551170
 H48             5.5853347431             0.6090590766            -1.6675120548
 H49             4.0750180937             0.6335943478            -2.5871431003
 H46             2.9477915868            -0.6659095981            -0.7295219581
 H47             4.4354044062            -0.6043596538             0.2169269106
 H44             4.3296137565             1.9209425020             0.2233754958
 H45             2.8496091057             1.8587242611            -0.7428952914
 H42             3.1715708165             0.7676327960             2.1253626699
 H43             2.3273603086             2.2461622960             1.6440646538
 H40             1.5010715546            -0.6485242034             0.9792746925
 H41             0.7824444693             0.7694263839             0.1870501208
 H38             0.7481205979             0.1755980781             3.2061496608
 H39             0.0159550609             1.5964800508             2.4466010173
 H35            -1.3246658097            -4.1763887012             2.6593344659
 H36            -3.0989288903            -4.1381839542             2.2964233157
 H37            -1.8991831602            -4.0656985805             0.9566208850
 H57            -2.4611539279             2.8461721984             2.3644762888
 H58            -1.8353461878             5.1338122199             1.6027265507
 H59            -0.9883166155             5.4915459489            -0.7215819063
 H60            -0.7677416655             3.5506834469            -2.2794061145
 H61            -1.3789758066             1.2599465983            -1.5165795181
 H62            -4.7154048178             1.8584601523             0.4853827976
 H63            -6.9038801127             2.1261607989             1.6396327997
 H64            -7.3714967602             0.8631571344             3.7447427201
 H65            -5.6403302723            -0.6705284747             4.6891601760
 H66            -3.4436131540            -0.9510274248             3.5181785814
 H67            -4.7648381619            -0.4932060539            -0.5255455771
 H68            -5.0267219163            -1.8298003872            -2.6054647436
 H69            -3.0438418144            -2.9320648727            -3.6525144619
 H70            -0.7880346016            -2.6967373818            -2.5931710158
 H71            -0.5268418985            -1.3554721587            -0.4984635699
&

