&gen
basis=6-31G**
igeopt=1
dftname=PBE-D3
ifreq=1
&
entry_name: J1_103_2111.in
&zmat
O1         -0.0944578057        -2.5617260585         2.1485281100
C2         -1.1330013671        -1.9521498187         1.7714665698
O3         -2.3197377231        -2.6628267998         1.5575259425
C4         -2.4141836101        -4.0714115284         1.7241756422
C5         -1.0926970307        -0.4837597348         1.5598270161
C6          0.1908602915         0.2630389718         1.8389975073
C7          1.1298449710         0.2082404155         0.6284549050
C8          2.4222556103         0.9921029601         0.8967781758
C9          3.3099541892         1.1124751468        -0.3516971554
C10         3.9354760260        -0.2278816281        -0.7654864736
C11         4.9191471818        -0.0391423572        -1.9263825223
C12         5.5366621376        -1.3805313211        -2.3486401912
C13         6.4900590861        -1.2287724029        -3.5432993517
C14         7.7146219285        -0.4219894620        -3.2015861636
C15         8.6609776798        -0.8908218347        -2.3830694647
P16        -2.3998491883         0.2938432322         0.9229184257
C17        -1.9733745406         1.9692184688         0.3851265094
C18        -1.9536411537         3.0202431367         1.3173080550
C19        -1.5927954826         4.3107956112         0.9201067791
C20        -1.2429576250         4.5618799082        -0.4085276118
C21        -1.2521152295         3.5218123676        -1.3408600411
C22        -1.6137616880         2.2298900307        -0.9475129524
C23        -3.7136502903         0.4488803996         2.1605218321
C24        -4.7868458023         1.3238274664         1.9224246914
C25        -5.8117548779         1.4607398259         2.8626665003
C26        -5.7727978641         0.7288295507         4.0512714125
C27        -4.7066781923        -0.1379865795         4.3018569912
C28        -3.6792878102        -0.2776091446         3.3636102319
C29        -2.9831250211        -0.6503906145        -0.5085030387
C30        -4.3552299131        -0.8031377684        -0.7673984037
C31        -4.7865170076        -1.5300069741        -1.8813900866
C32        -3.8541468749        -2.1051642912        -2.7478636373
C33        -2.4878677633        -1.9529657191        -2.5026714754
C34        -2.0529612271        -1.2274122288        -1.3903187693
H35        -2.1746770344        -4.3467592110         2.7730174975
H36        -3.4496062474        -4.3958336600         1.4939446198
H37        -1.7139074879        -4.5832708761         1.0306773229
H38         0.6961274345        -0.1842795235         2.7223016059
H39        -0.0173559861         1.3168831401         2.1123923311
H40         1.3732208278        -0.8533718819         0.4108743893
H41         0.6174770710         0.6395689687        -0.2572585545
H42         2.9924509333         0.5101578551         1.7210220368
H43         2.1575232514         2.0211377460         1.2257906762
H44         4.1244866068         1.8345177963        -0.1234062276
H45         2.7171501753         1.5298407164        -1.1952927222
H46         3.1362228550        -0.9304118914        -1.0844768451
H47         4.4728612499        -0.6696283181         0.1024090080
H48         5.7258951493         0.6580261930        -1.6109136308
H49         4.3836399087         0.4085974682        -2.7925020628
H50         4.7217011594        -2.0777288162        -2.6424746818
H51         6.0763098606        -1.8362941559        -1.4898178643
H52         6.8031633067        -2.2362036718        -3.8939961508
H53         5.9530203796        -0.7377132938        -4.3835279217
H54         7.8439360058         0.5562959646        -3.6549893888
H55         9.5376377895        -0.2892953945        -2.1662023838
H56         8.5714451067        -1.8729852615        -1.9290623241
H57        -2.2066396709         2.8396803688         2.3541850600
H58        -1.5795195533         5.1153215458         1.6439300165
H59        -0.9612447811         5.5610079574        -0.7147057979
H60        -0.9755023782         3.7159261455        -2.3690859436
H61        -1.6035608833         1.4417137172        -1.6855559580
H62        -4.8314934746         1.8989911764         1.0060929254
H63        -6.6361074491         2.1349307371         2.6695565161
H64        -6.5664817150         0.8357382686         4.7793099530
H65        -4.6741059857        -0.7001606569         5.2262155613
H66        -2.8611362633        -0.9434696017         3.5926389317
H67        -5.0981732544        -0.3738141552        -0.1134505362
H68        -5.8453138626        -1.6477308769        -2.0727132823
H69        -4.1903388559        -2.6672674729        -3.6094876230
H70        -1.7650575552        -2.3961378128        -3.1753699095
H71        -0.9904706463        -1.1161104589        -1.2184266011
&

