&gen
basis=6-31G**
igeopt=1
dftname=PBE-D3
ifreq=1
&
entry_name: J1_9814_2111.in
&zmat
C1         -6.0617448443        -2.8827434879        -5.0923711799
O2         -4.9032419592        -3.2870960730        -4.3700703995
C3         -4.0073027277        -2.4025959604        -3.7515174924
C4         -4.1699784508        -1.0057113604        -3.8003364492
C5         -3.2534439967        -0.1658226822        -3.1611754790
C6         -2.1807911654        -0.7050408344        -2.4296683690
C7         -1.1501652039         0.1889632793        -1.7710528673
O8         -1.5790491337         1.5226789705        -1.5965603657
P9         -1.1366877302         1.6940640405         0.0621469628
C10        -2.7654022546         2.4371721090         0.5111102798
C11        -2.8532005993         3.4265853605         1.5180994746
C12        -4.0787239962         4.0070777147         1.8541725237
C13        -5.2384283409         3.6332659741         1.1780487311
C14        -5.1703088382         2.6900464126         0.1542258625
C15        -3.9461569690         2.1071609014        -0.1851953363
C16        -0.5816952962         1.5404475623         1.8213591040
C17         0.7506243130         1.7965359715         2.2200873783
C18         1.1527038775         1.6088443192         3.5458433805
C19         0.2483062014         1.1370399170         4.4953068642
C20        -1.0594456347         0.8396187172         4.1192764836
C21        -1.4682934273         1.0271823953         2.7974001158
C22         0.1011509552         2.9310358816        -0.4381640970
C23         1.3126910999         2.5180360821        -1.0255343465
C24         2.2539364054         3.4597179893        -1.4503974243
C25         1.9890142407         4.8233701611        -1.3168239530
C26         0.7772154939         5.2466400125        -0.7685310642
C27        -0.1670911954         4.3081152820        -0.3415773612
C28        -0.7954170153        -0.0552472907        -0.3171023386
C29        -1.5829939601        -1.0740979864         0.5059231472
C30        -0.8657394801        -1.9331523769         1.3618628569
C31        -1.5323249159        -2.8531917872         2.1754735050
C32        -2.9247612889        -2.9313257173         2.1478872934
C33        -3.6518766067        -2.0898223289         1.3058104816
C34        -2.9891906628        -1.1658637075         0.4933997787
C35        -1.9920322210        -2.0975192461        -2.4328657243
C36        -2.9085473637        -2.9368165539        -3.0709057568
H37        -6.7494510031        -2.3195375916        -4.4266748356
H38        -6.5885271884        -3.7842172093        -5.4667852056
H39        -5.7704036118        -2.2548616592        -5.9607508055
H40        -4.9948189950        -0.5584088489        -4.3378961850
H41        -3.3836313466         0.9049719917        -3.2466274753
H42        -0.2323026472         0.1881252331        -2.3997446441
H43        -1.9722655837         3.7553274809         2.0532419060
H44        -4.1268886272         4.7528466466         2.6371317298
H45        -6.1871031178         4.0852917927         1.4371160945
H46        -6.0668942657         2.4167762195        -0.3872324168
H47        -3.9381153231         1.4183685410        -1.0093607697
H48         1.5040365095         2.1251556441         1.5257646737
H49         2.1746683169         1.8186869869         3.8345212546
H50         0.5652411516         0.9881742759         5.5194092765
H51        -1.7573786616         0.4536499728         4.8509767343
H52        -2.4838292935         0.7607124154         2.5385878405
H53         1.5422240245         1.4691398651        -1.1426763647
H54         3.1884631748         3.1311618636        -1.8865074313
H55         2.7175219465         5.5518733324        -1.6484472118
H56         0.5638853769         6.3044308472        -0.6838840121
H57        -1.1067000858         4.6710454764         0.0396254062
H58         0.2961624074        -0.2471178733        -0.2317829807
H59         0.2148838345        -1.8834924471         1.4119100789
H60        -0.9677399237        -3.5034916479         2.8310177097
H61        -3.4401684529        -3.6443260955         2.7782022747
H62        -4.7320944894        -2.1532935294         1.2811532034
H63        -3.5820901838        -0.5481808532        -0.1514332108
H64        -1.1387179176        -2.5350709777        -1.9295692622
H65        -2.7605627626        -4.0088956276        -3.0417769277
&

