&gen
basis=6-31G**
igeopt=1
dftname=PBE-D3
ifreq=1
&
entry_name: J1_9963_2111.in
&zmat
C1         -1.5679384334        -1.1081134393         0.6241318791
C2         -0.8293161723        -0.1095804685        -0.2751266359
C3         -1.2698192066         0.1202584948        -1.7158690147
C4         -2.4589311586        -0.6114029391        -2.4529774339
C5         -2.3547776400        -2.1450519221        -2.2896870589
C6         -3.8433953517        -0.1216309183        -1.9548151503
C7         -2.3132357220        -0.2482440577        -3.9730991360
C8         -3.4080159105        -0.7631361088        -4.8860692914
C9         -3.2561755146        -1.9873721927        -5.5615178176
C10        -4.2620639097        -2.4545449183        -6.4128158089
C11        -5.4214874175        -1.6998768994        -6.6075178185
C12        -5.5742312943        -0.4735223712        -5.9560657674
C13        -4.5708773177        -0.0024940691        -5.1039581822
O14        -1.5534353464         1.4882852551        -1.5607068279
P15        -1.1364765552         1.6517989778         0.1025684751
C16        -2.8485798668         2.1465640340         0.4819609301
C17        -3.6011552348         1.4782019481         1.4665419695
C18        -4.9261539950         1.8454290354         1.7168504667
C19        -5.5173577564         2.8773369890         0.9855867847
C20        -4.7832840043         3.5456069385         0.0039378919
C21        -3.4574274018         3.1830366737        -0.2484419421
C22        -0.5451694341         1.7546105526         1.8494813276
C23         0.5264225965         0.9541810280         2.3048508545
C24         1.0109551881         1.0745209430         3.6103416556
C25         0.4668841618         2.0204910524         4.4768256686
C26        -0.5481803098         2.8648162428         4.0321816342
C27        -1.0369064635         2.7494562253         2.7285050348
C28         0.0995530171         2.9057585614        -0.3071799916
C29         1.3392049992         2.5196378679        -0.8426743466
C30         2.2994254552         3.4829311311        -1.1656120740
C31         2.0299037912         4.8377719264        -0.9580042705
C32         0.7993348371         5.2311254637        -0.4266732055
C33        -0.1638086877         4.2709942338        -0.1031319513
H34        -2.6625541021        -1.0388709675         0.5632722825
H35        -1.2860057958        -0.9510724309         1.6834571844
H36        -1.2453685905        -2.1383931738         0.3706370893
H37         0.2549038584        -0.3422282268        -0.2665456988
H38        -0.3555755006         0.0286467441        -2.3470885067
H39        -2.7026057632        -2.4779745326        -1.2955372494
H40        -3.0157208348        -2.6741749801        -3.0033434551
H41        -1.3114245347        -2.4896074491        -2.4541267498
H42        -4.0024372936         0.9457148837        -2.2171944156
H43        -4.6597058602        -0.7169838076        -2.4155107692
H44        -3.9660836196        -0.2134623719        -0.8655718087
H45        -2.2644483966         0.8583861042        -4.0833039921
H46        -1.3363688890        -0.6254327944        -4.3507710296
H47        -2.3600593184        -2.5805308509        -5.4271281881
H48        -4.1412010365        -3.4009145622        -6.9239102848
H49        -6.1988208495        -2.0625639363        -7.2675477552
H50        -6.4691213221         0.1144117963        -6.1140257658
H51        -4.7002551299         0.9551033692        -4.6157591393
H52        -3.1608023834         0.6906900299         2.0606375882
H53        -5.4942844258         1.3305965527         2.4807534431
H54        -6.5441080074         3.1591879911         1.1797063035
H55        -5.2434337677         4.3422641620        -0.5661140701
H56        -2.9130231661         3.7013744195        -1.0268472914
H57         1.0152481230         0.2421172460         1.6622026850
H58         1.8221093408         0.4410362741         3.9456780309
H59         0.8478222351         2.1147012656         5.4855143951
H60        -0.9487247065         3.6216448347         4.6942896501
H61        -1.7901202021         3.4568628611         2.4124663751
H62         1.5662839471         1.4762521533        -1.0116047737
H63         3.2530483977         3.1786624286        -1.5772532100
H64         2.7746059296         5.5823594895        -1.2078017923
H65         0.5921619754         6.2807897333        -0.2632303470
H66        -1.1043084235         4.5965532711         0.3176404206
&

