&gen
basis=6-31G**
igeopt=1
dftname=PBE-D3
ifreq=1
&
entry_name: J1_9887_2111.in
&zmat
C1         -1.7705448181        -1.0329409522         0.1050576337
C2         -1.4280827967        -2.3259540101         0.2892260099
C3         -2.4676836167        -3.2733066581         0.8290004888
C4         -0.0523492501        -2.8455120636        -0.0539361583
C5         -0.8553905083         0.0042786299        -0.5234870525
C6         -1.2333943717         0.3715878917        -1.9378545619
C7         -2.2770450732        -0.4936540688        -2.6203894382
C8         -3.6525820373        -0.2042979660        -2.5416011131
C9         -4.5884334775        -1.0571589862        -3.1344480431
C10        -4.1638322577        -2.2062417803        -3.8054588547
C11        -2.8018226511        -2.5049446376        -3.8849578463
C12        -1.8625118109        -1.6549034727        -3.2942148472
O13        -1.6990512796         1.6613055376        -1.6397254969
P14        -1.2100760668         1.7150562340         0.0143777953
C15        -2.9171434633         2.2305906009         0.5441590624
C16        -3.5077220547         1.4087203823         1.6709594205
C17        -4.7477253650         1.6169708478         2.1612321679
C18        -5.6467666660         2.6975878841         1.6090649579
C19        -5.2352073024         0.7428710843         3.2875803864
C20        -0.5721157011         1.7125444069         1.7497781750
C21        -0.6509032206         2.8938492632         2.5234559932
C22        -0.1821659103         2.9279045723         3.8386818529
C23         0.3837344783         1.7897603412         4.4090352771
C24         0.4888721658         0.6182483835         3.6614938256
C25         0.0225637228         0.5772576730         2.3442508207
C26        -0.0033156158         2.9948350087        -0.3988693271
C27        -0.4283923984         4.3032565237        -0.6782667946
C28         0.5042751494         5.2899194837        -1.0118612497
C29         1.8642296047         4.9750467718        -1.0774311938
C30         2.2932133005         3.6715828900        -0.8133805237
C31         1.3637109479         2.6821689090        -0.4797926457
H32        -2.8024306644        -0.7534278645         0.2846230317
H33        -2.8134792983        -2.9220333783         1.8244201379
H34        -2.0675359526        -4.3020746566         0.9433611377
H35        -3.3349578571        -3.3113369130         0.1358755335
H36         0.1753549632        -2.6426498521        -1.1210865825
H37         0.0203320916        -3.9411443956         0.1060495843
H38         0.7110594959        -2.3571709366         0.5860259909
H39         0.2269595469        -0.2283538023        -0.4492932702
H40        -0.3261451344         0.4567623489        -2.5775255298
H41        -4.0074204066         0.6722232996        -2.0207912622
H42        -5.6444659882        -0.8288757980        -3.0697568710
H43        -4.8902538930        -2.8662644136        -4.2616103770
H44        -2.4735239548        -3.3977494936        -4.4012094855
H45        -0.8107193267        -1.9048330555        -3.3561431290
H46        -3.6092372298         2.1735937362        -0.3185948067
H47        -2.8956128741         3.2957032377         0.8477071885
H48        -2.9136994720         0.6186839636         2.1187406120
H49        -6.6191861387         2.7301265589         2.1427677577
H50        -5.1618642731         3.6897635623         1.7227131564
H51        -5.8532492728         2.5072811171         0.5350385303
H52        -5.2331535130        -0.3199884193         2.9648178489
H53        -4.5657633680         0.8562520823         4.1666028487
H54        -6.2665242863         1.0099679884         3.5985479765
H55        -1.0674969388         3.8009627844         2.1089799365
H56        -0.2547673080         3.8413056983         4.4148389735
H57         0.7473307369         1.8173733229         5.4280839366
H58         0.9368704747        -0.2628738116         4.1027997225
H59         0.1426206669        -0.3505289292         1.8176923126
H60        -1.4785526566         4.5602555204        -0.6417552805
H61         0.1723007729         6.2982691185        -1.2226123359
H62         2.5849106164         5.7399354173        -1.3361796934
H63         3.3462499822         3.4276078047        -0.8678429168
H64         1.7109257052         1.6778430890        -0.2764761739
&

