&zmat
 C18            -5.3830611173             1.4597821434             0.4912394522
 C17            -4.6093681020             1.1031826687             1.7335817502
 C19            -5.2309974461             0.0266778785             2.5900952553
 C16            -3.4293052614             1.6623409121             2.0911845082
 C15            -2.6496289865             2.7047771123             1.3426563438
 P14            -1.2352063226             1.8826186339             0.4019448988
 C20            -0.2055563428             1.5976473764             1.9951963532
 C21             0.2644374600             2.7200950749             2.7143614480
 C22             0.9763821470             2.5767192295             3.9099836432
 C23             1.2350522586             1.2971088106             4.4235510393
 C24             0.7728070192             0.1732761315             3.7305087581
 C25             0.0594248476             0.3235356753             2.5300881105
 C26            -0.0457784394             3.0471182054            -0.4065531033
 C27            -0.5378027917             4.0738691708            -1.2350327756
 C28             0.3476302211             4.9473773871            -1.8775945526
 C29             1.7323817003             4.7788139390            -1.7348362430
 C30             2.2294694725             3.7381867456            -0.9386100069
 C31             1.3459221330             2.8850227582            -0.2648069679
 O13            -2.3595936476             1.9047232941            -1.0901397595
 C6             -1.7040767433             0.8039531969            -1.6957033387
 C7             -2.6248065150            -0.0733467225            -2.5147760627
 C8             -3.9489157179             0.3163550631            -2.7640072670
 C9             -4.7994088594            -0.5029398221            -3.5197598756
 C10            -4.3334022931            -1.7200321817            -4.0331965396
 C11            -3.0075173521            -2.1116797882            -3.7933118722
 C12            -2.1591250588            -1.2918472452            -3.0412069123
 C5             -1.0877678109             0.1568956994            -0.4089886238
 C1             -1.9433937147            -0.9189500513             0.1767852697
 C2             -1.5885240023            -2.1913728697             0.4738952597
 C3             -2.6133441110            -3.1616769098             1.0080947016
 C4             -0.2011645613            -2.7592931024             0.3099129599
 H49            -5.5042068060             0.5688001064            -0.1521823497
 H50            -6.4019346788             1.8048619750             0.7471242954
 H51            -4.8859287885             2.2268275251            -0.1171127052
 H52            -4.6271600993            -0.1921237979             3.4845640345
 H53            -6.2469682172             0.3121912303             2.9194317194
 H54            -5.3465391159            -0.9129954353             2.0168405681
 H48            -2.9464557275             1.2951396806             3.0057945087
 H46            -3.2516933207             3.2416159088             0.5977797525
 H47            -2.1994369947             3.4243953376             2.0458140110
 H55             0.0958679972             3.7280307144             2.3170236058
 H56             1.3363153097             3.4648741009             4.4395770776
 H57             1.7929913525             1.1804139332             5.3578804948
 H58             0.9644887127            -0.8310142590             4.1229077179
 H59            -0.3123132089            -0.5670360590             2.0198401584
 H60            -1.6154033818             4.1490114907            -1.3995923748
 H61            -0.0452659681             5.7514788657            -2.5073744118
 H62             2.4235138752             5.4518548044            -2.2516182111
 H63             3.3090364519             3.5916404767            -0.8353942299
 H64             1.7394335153             2.0925213460             0.3781864327
 H40            -0.8639981043             1.1378680039            -2.3503829078
 H41            -4.2932910494             1.2688585335            -2.3543820741
 H42            -5.8307708900            -0.1874998180            -3.7085296910
 H43            -4.9978490432            -2.3615324593            -4.6204986044
 H44            -2.6358058076            -3.0614867706            -4.1910879964
 H45            -1.1261184126            -1.6035655715            -2.8483980497
 H39            -0.0285572267            -0.1397525143            -0.4932344996
 H32            -2.9916610894            -0.6363538839             0.3262654439
 H33            -3.6031660787            -2.6920688207             1.1194548428
 H34            -2.3094270925            -3.5617954928             1.9935856882
 H35            -2.7211539805            -4.0337893870             0.3367521030
 H36            -0.2205993916            -3.6351261499            -0.3637906941
 H37             0.1934898566            -3.1220714355             1.2775426156
 H38             0.5224591595            -2.0376494890            -0.0970899664
&

