&gen
basis=6-31G**
igeopt=1
dftname=PBE-D3
ifreq=1
&
entry_name: J1_10417_2111.in
&zmat
C1         -2.2585602555         0.0865836960        -0.0505828318
C2         -1.1250796007        -0.4765070304         0.3989654532
C3         -1.1968568317        -1.4643630667         1.5351676670
C4          0.2484647631        -0.2095642882        -0.2104579650
C5          0.3437607548        -0.1778497563        -1.7143080402
C6          1.3095253413        -1.2271475277        -2.2835795794
C7          1.4379819654        -1.0929903622        -3.8043489637
C8          2.3913658948        -2.1238073940        -4.3459180320
C9          1.9224984364        -3.3915806217        -4.7292275225
C10         2.8152358619        -4.3595429113        -5.2000676491
C11         4.1806835352        -4.0726481919        -5.2818875176
C12         4.6564064630        -2.8185599367        -4.8889877688
C13         3.7671517072        -1.8477070200        -4.4176193751
O14         0.8984171635         1.1145115719        -1.8027114804
P15         0.8726565967         1.4933352202        -0.1220224731
C16         2.6855409571         1.7701165998        -0.1289936227
C17         0.6879158547         1.5876881196         1.7094077967
C18         1.6426536172         0.9924861237         2.5632103102
C19         1.4638493763         0.9921276356         3.9493243191
C20         0.3134835400         1.5474449908         4.5081478366
C21        -0.6715411077         2.0839735926         3.6802213080
C22        -0.4981143405         2.0874867946         2.2938533650
C23         0.0024615495         3.0646922758        -0.4543191231
C24        -1.0085766257         3.1652400968        -1.4299247809
C25        -1.6347332963         4.3895609758        -1.6821238870
C26        -1.2421553169         5.5346453241        -0.9877096704
C27        -0.2079823932         5.4616245154        -0.0539071763
C28         0.4215639231         4.2401451669         0.2000610581
H29        -3.2163268878        -0.1423912040         0.4063982342
H30        -2.2682717112         0.7654978476        -0.8842510068
H31        -0.9419243030        -2.4768959544         1.1585201700
H32        -2.2061621329        -1.5016613419         1.9986133575
H33        -0.4689758660        -1.1810739790         2.3238235419
H34         1.0106910437        -0.8859036891         0.2384067428
H35        -0.6415018916        -0.2155424724        -2.2264908077
H36         0.9243414831        -2.2406203959        -2.0351968857
H37         2.3131284147        -1.1082254952        -1.8169160403
H38         1.8018157473        -0.0743172912        -4.0633115228
H39         0.4392348735        -1.2179638933        -4.2778570151
H40         0.8681456184        -3.6297013010        -4.6615643855
H41         2.4488751472        -5.3334076547        -5.4981249420
H42         4.8704481852        -4.8234291478        -5.6452110448
H43         5.7148798805        -2.5998703750        -4.9462467166
H44         4.1495587655        -0.8831905627        -4.1069328608
H45         3.0011130212         2.4387711593         0.6984111845
H46         2.9872148005         2.2631770803        -1.0766572196
H47         3.2158085165         0.7980995079        -0.0583771011
H48         2.5194425325         0.5015080329         2.1668944012
H49         2.2119696614         0.5437065903         4.5902567074
H50         0.1742970142         1.5398962476         5.5814444274
H51        -1.5802624716         2.4832571311         4.1118451112
H52        -1.3081080882         2.4617169634         1.6832641846
H53        -1.2916927217         2.3175647166        -2.0328986508
H54        -2.4145963942         4.4533807906        -2.4300103911
H55        -1.7263243238         6.4818939112        -1.1870130824
H56         0.1109566837         6.3534087085         0.4699742301
H57         1.2299645723         4.2112036854         0.9189488044
&

