&gen
basis=6-31G**
igeopt=1
dftname=PBE-D3
ifreq=1
&
entry_name: J1_10147_2111.in
&zmat
C1         -2.7815030778         2.3854796988         0.5768905528
P2         -1.1276154471         1.6947854723         0.1560635508
C3         -0.5412863732         1.5508701471         1.8989868844
C4          0.8387739576         1.6088904109         2.1984531919
C5          1.3004417013         1.4240006616         3.5042917297
C6          0.4028194681         1.1379377136         4.5311993346
C7         -0.9565376190         1.0149894661         4.2500044751
C8         -1.4247555358         1.2013119359         2.9466665346
C9          0.0540786154         3.0009088859        -0.2692906274
C10        -0.1236635984         4.3065124487         0.2183547189
C11         0.7860784755         5.3142700952        -0.1154245779
C12         1.8769855390         5.0287194723        -0.9399229154
C13         2.0603163097         3.7341953305        -1.4316851220
C14         1.1532128869         2.7234768286        -1.1004190199
O15        -1.6095836188         1.5469880225        -1.4917636165
C16        -1.2182651830         0.2071666423        -1.6854219244
C17        -2.3236220455        -0.6660032417        -2.2403412012
C18        -2.0802150060        -2.0361333272        -2.4358728982
C19        -3.0798512275        -2.8669854793        -2.9492143954
C20        -4.3276245030        -2.3355038730        -3.2879559387
Cl21        -5.5821125030        -3.3802246877        -3.9291667693
C22        -4.5729061161        -0.9694658481        -3.1191483507
C23        -3.5758951905        -0.1349195494        -2.6052504751
C24        -0.7684461457        -0.0364474305        -0.2584643509
C25        -1.4992634786        -1.0658256211         0.6007528381
C26        -0.7295210946        -1.9472200007         1.3834519519
C27        -1.3442609822        -2.8793989384         2.2237871778
C28        -2.7360205498        -2.9446293305         2.2974474852
C29        -3.5149377543        -2.0763850996         1.5318653434
C30        -2.9046161876        -1.1400822662         0.6930346000
H31        -3.5175514614         1.5924577508         0.7923737422
H32        -3.1679644037         2.9902618451        -0.2699913696
H33        -2.7201658544         3.0676296346         1.4495092423
H34         1.5744750676         1.7726798609         1.4253481458
H35         2.3600954240         1.4856407052         3.7163162491
H36         0.7635233313         0.9875037922         5.5404930436
H37        -1.6491447632         0.7570934040         5.0408416677
H38        -2.4763467227         1.0368745164         2.7687481954
H39        -0.9577013570         4.5473939785         0.8624578900
H40         0.6455492314         6.3172467390         0.2663244442
H41         2.5805608454         5.8100135908        -1.1967461491
H42         2.9069010287         3.5130893959        -2.0687303474
H43         1.3174377299         1.7261618889        -1.4836437431
H44        -0.3516035801         0.1795986495        -2.3821523487
H45        -1.1180539359        -2.4614408604        -2.1777965410
H46        -2.8831068999        -3.9229754142        -3.0834470106
H47        -5.5359322813        -0.5529125749        -3.3856100960
H48        -3.7913715559         0.9185089335        -2.4830006270
H49         0.3319281654        -0.1993453651        -0.2368973569
H50         0.3522680433        -1.9083162486         1.3525648973
H51        -0.7398287707        -3.5496469777         2.8211438607
H52        -3.2108627082        -3.6670950679         2.9485361766
H53        -4.5945690353        -2.1273735038         1.5888646979
H54        -3.5380003413        -0.4905254969         0.1130430945
&

