&gen
basis=6-31G**
igeopt=1
dftname=PBE-D3
ifreq=1
&
entry_name: J1_10388_2111.in
&zmat
C1          4.3182786023         1.2828625207        -0.8839125468
C2          3.5109580364         0.2906692010        -0.0631022852
O3          2.1346164244         0.4041880796        -0.4042681091
C4          1.1333927803        -0.3382461744         0.2261876091
O5          1.4317727395        -1.1671371684         1.1287785478
C6         -0.3138683183        -0.1530755204        -0.1467546979
C7         -0.5579742758        -0.0499591622        -1.6356990718
C8         -1.5491813034        -1.1032653282        -2.1632968887
O9         -1.0153399484        -2.3840651370        -2.0624842313
C10        -1.7693091774        -3.1519770455        -2.9765481164
C11        -2.7807248281        -4.0069541588        -2.2025935844
C12        -0.8225134417        -4.0611974284        -3.7667759197
O13        -2.4702381094        -2.3133078340        -3.8770556574
C14        -2.0578406055        -1.0036279953        -3.5981372215
C15        -1.0879538470        -0.5550400169        -4.7477340821
O16         0.2516281722        -0.8495458233        -4.4451757958
C17        -1.2557891511         0.9048652077        -5.2767340359
C18        -0.4883011042         1.9756722911        -4.5382721972
O19        -1.4344279062         2.8104452322        -3.9505992525
C20        -2.6413538767         2.5521171348        -4.6309566764
C21        -2.8836590574         3.6500392150        -5.6762187674
C22        -3.7859682506         2.5468743491        -3.6145896166
O23        -2.5967401254         1.2972599589        -5.2756762506
O24        -1.1438379353         1.2295650167        -1.6009429825
P25        -0.9800605791         1.5241946179         0.0875746569
C26        -2.7839421790         1.7316907769         0.1600441306
C27        -3.6190644940         0.6190816935         0.3741677298
C28        -5.0091913760         0.7586184022         0.3467521438
C29        -5.5823544315         2.0037314353         0.0835287818
C30        -4.7653480381         3.1088288997        -0.1607715743
C31        -3.3741967770         2.9728259689        -0.1360439309
C32        -0.6538637814         1.6035586605         1.9107367329
C33         0.6648862224         1.8356929818         2.3687875907
C34         0.9632917114         1.8792146616         3.7320871802
C35        -0.0432676543         1.6855029129         4.6742946582
C36        -1.3492720466         1.4454731919         4.2532928514
C37        -1.6555712206         1.3996786424         2.8897309378
C38        -0.0361487051         3.0621624000        -0.2202249106
C39        -0.3203823500         4.2347541245         0.5093104078
C40         0.3951058904         5.4119534219         0.2750331434
C41         1.4005371975         5.4390302386        -0.6921060833
C42         1.6907182641         4.2887459763        -1.4266354470
C43         0.9785149521         3.1091427082        -1.1942593644
H44         3.9897164168         2.3187496591        -0.6552673563
H45         5.3964491948         1.1840323153        -0.6379918723
H46         4.1738992601         1.0854737613        -1.9672855861
H47         3.6505598840         0.5109161168         1.0176390765
H48         3.8654368114        -0.7409872125        -0.2758785927
H49        -0.9565015233        -0.9063865916         0.3581118647
H50         0.3887360329        -0.0373733962        -2.2076889820
H51        -2.4477183360        -1.0634871324        -1.5078446209
H52        -3.3739840475        -4.6346141222        -2.9016979571
H53        -2.2568520616        -4.6677478579        -1.4790138231
H54        -3.4810688680        -3.3544702798        -1.6391518608
H55        -0.0809151122        -3.4538064149        -4.3248666589
H56        -0.2720434063        -4.7387054406        -3.0792898750
H57        -1.3932331119        -4.6738929605        -4.4971607440
H58        -2.9662188416        -0.3699911761        -3.5998059066
H59        -1.3702352210        -1.1856978265        -5.6257516825
H60         0.7606344866        -0.8030045901        -5.2965537267
H61        -0.9040493520         0.9130557245        -6.3337276407
H62         0.1986870827         1.5750375545        -3.7764181298
H63         0.1228675204         2.5743854452        -5.2493135258
H64        -3.8425135466         3.4733878797        -6.2091715826
H65        -2.9189155532         4.6482696359        -5.1894029754
H66        -2.0627408687         3.6530729822        -6.4244471110
H67        -3.6038668115         1.7772569378        -2.8367572077
H68        -4.7507649240         2.3184341766        -4.1158406063
H69        -3.8646456421         3.5358536716        -3.1144196236
H70        -3.1990933320        -0.3516342813         0.5942120676
H71        -5.6422268009        -0.1001107273         0.5289634370
H72        -6.6590909245         2.1100333495         0.0584368810
H73        -5.2100969877         4.0686713410        -0.3894704790
H74        -2.7718765824         3.8314611817        -0.3875093720
H75         1.4749186783         1.9922204882         1.6704567512
H76         1.9792328618         2.0629225565         4.0572048776
H77         0.1888431100         1.7190511874         5.7309178058
H78        -2.1301549927         1.2912398017         4.9870402742
H79        -2.6814659977         1.2053885059         2.6395456674
H80        -1.0903550325         4.2376222723         1.2700079512
H81         0.1698568851         6.3038142324         0.8453259784
H82         1.9539995149         6.3513323433        -0.8730073044
H83         2.4689314395         4.3100461941        -2.1786228921
H84         1.2234231346         2.2419008976        -1.7845253413
&

