&gen
basis=6-31G**
igeopt=1
dftname=PBE-D3
ifreq=1
&
entry_name: J1_10111_2111.in
&zmat
C1         -3.5999520765         5.4775932003        -1.6065787039
C2         -3.3888767990         3.9930846882        -1.3247465135
C3         -3.0064684927         3.7576832785         0.1442929180
C4         -2.7887773694         2.2674793909         0.4634861638
P5         -1.0718676379         1.6769225020         0.0943037573
C6         -0.4096456831         1.7973589634         1.8487058686
C7         -0.7964684495         3.0374150613         2.6893052034
C8          0.0950875638         3.1468162306         3.9335164343
C9         -0.3020765256         4.3407882288         4.7975636474
C10         0.1439282848         2.9437371329        -0.5136108352
C11         1.4687914668         2.3239397037        -0.9800356305
C12         2.5139916555         3.4095832864        -1.2632940475
C13         3.8216103552         2.8000790434        -1.7605139123
O14        -1.5304755374         1.3252499868        -1.5297546462
C15        -1.0486662877         0.0029086612        -1.5816870792
C16        -1.9926174576        -0.9561550060        -2.3900790492
C17        -2.1248644771        -0.3781438648        -3.8199055178
C18        -3.4141708635        -1.0918421714        -1.8100803354
C19        -1.3523105335        -2.3547254838        -2.5113318763
C20        -0.7193598352        -0.1066993767        -0.0993129514
C21        -1.5432026871        -1.0705659100         0.7507634226
C22        -1.0987043016        -2.2923717602         1.0209076761
C23        -2.0006496519        -3.0544088197         1.9202260336
C24        -3.2193411489        -2.1498381551         2.0824692597
C25        -2.8070181387        -0.7906778448         1.5156830396
H26        -4.4150848109         5.8799888386        -0.9681183676
H27        -2.6647736807         6.0437870167        -1.4089250381
H28        -3.8810754502         5.6175575577        -2.6716374735
H29        -4.3286580748         3.4474044473        -1.5594993348
H30        -2.5917478951         3.6172284619        -1.9976489122
H31        -2.1079260464         4.3544418011         0.3951872500
H32        -3.8362698253         4.1301156284         0.7842415656
H33        -3.0645497460         2.0672395594         1.5135574794
H34        -3.5203264942         1.6755080530        -0.1198938892
H35         0.6977896356         1.7460969689         1.7934028066
H36        -0.6881212309         0.9000373508         2.4292881277
H37        -0.6959934513         3.9740773330         2.1120710608
H38        -1.8449009066         2.9553207649         3.0383072209
H39         1.1566183209         3.2673175291         3.6250898430
H40         0.0078022039         2.2190396960         4.5402974556
H41         0.3622899499         4.3941740517         5.6856436840
H42        -0.2009156901         5.2849682970         4.2210440200
H43        -1.3516257814         4.2337265144         5.1454155524
H44         0.3591628082         3.7083334999         0.2544935868
H45        -0.3023730156         3.4975264299        -1.3659282618
H46         1.2987369418         1.7512403524        -1.9134402645
H47         1.8656873269         1.6351297950        -0.2052766773
H48         2.7181243570         3.9855920078        -0.3343293340
H49         2.1270181216         4.1105247332        -2.0349225515
H50         4.5582639764         3.6079865031        -1.9542773693
H51         4.2416535850         2.1120053603        -0.9961719599
H52         3.6520041194         2.2401373784        -2.7048564030
H53        -0.0806503601         0.0158597715        -2.1287709464
H54        -2.6228147199         0.6155008471        -3.7992248788
H55        -1.1263959576        -0.2572136322        -4.2936846407
H56        -2.7289243674        -1.0487658225        -4.4692583740
H57        -3.8291245521        -0.1021918300        -1.5365983628
H58        -3.4353705190        -1.7754515406        -0.9415929227
H59        -4.0995380124        -1.5453861516        -2.5585600280
H60        -1.9564674082        -3.0051540340        -3.1804952522
H61        -1.2917084859        -2.8595114253        -1.5305284377
H62        -0.3257471140        -2.2846031909        -2.9313595231
H63         0.3673351173        -0.2872265057         0.0570027456
H64        -0.1586849581        -2.6874433193         0.6474207019
H65        -1.4985467221        -3.2212448791         2.8972798207
H66        -2.2785409945        -4.0262188361         1.4590394344
H67        -3.5185650259        -2.0680262676         3.1502557648
H68        -4.0722661219        -2.5598475740         1.4975276199
H69        -2.6217958831        -0.0967995166         2.3574530212
H70        -3.6106937642        -0.3837716411         0.8750671076
&

