&gen
basis=6-31G**
igeopt=1
dftname=PBE-D3
ifreq=1
&
entry_name: J1_10516_2111.in
&zmat
C1         -1.2783505137        -0.3725780821         0.1725866513
C2         -1.6802800097        -1.3557260109         0.9817424021
C3          0.1682264285        -0.2218522526        -0.2293811249
C4          0.3238782238        -0.1780757581        -1.7275300425
C5          1.3542945315        -1.1859462601        -2.2861894817
C6          1.6969415379        -0.8484480345        -3.7527122467
C7          2.6904733482        -1.8603932638        -4.3368918244
C8          2.1482951641        -3.2896893379        -4.2283087126
C9          1.8050204695        -3.6361143422        -2.7754542583
C10         0.8091585602        -2.6276315293        -2.1899707839
O11         0.8219906642         1.1324231245        -1.7850786869
P12         0.8051891261         1.4793647973        -0.0975587065
C13         2.6232346956         1.7251811590        -0.0703809473
C14         0.7792116274         1.7483695683         1.7297746755
C15         0.6689368369         0.6825274739         2.6501929565
C16         0.6748712751         0.9203553480         4.0279491352
C17         0.8174034325         2.2175782195         4.5173724227
C18         0.9711690359         3.2805717580         3.6298839067
C19         0.9657678084         3.0499604290         2.2522275795
C20        -0.2698759136         2.9077869322        -0.4130006295
C21        -1.5383706739         3.0207839942         0.1849551334
C22        -2.3436225315         4.1339700391        -0.0730123202
C23        -1.8907433902         5.1444372210        -0.9244855696
C24        -0.6280949857         5.0468739015        -1.5137881189
C25         0.1808942010         3.9360920056        -1.2573758740
H26        -2.0280260644         0.2794876633        -0.2631406793
H27        -2.7324967752        -1.4617568232         1.2243300231
H28        -0.9719353809        -2.0627073048         1.4023300404
H29         0.8550252555        -0.9538528332         0.2477205254
H30        -0.6402950121        -0.2353446531        -2.2830847603
H31         2.2906861552        -1.1143270132        -1.6863693747
H32         2.1516806847         0.1642793505        -3.8102761223
H33         0.7706337833        -0.8437310849        -4.3693748221
H34         2.8744254052        -1.6186910692        -5.4058363870
H35         3.6603296705        -1.7861957144        -3.7972950191
H36         1.2405823037        -3.3947554315        -4.8625748545
H37         2.9136562575        -4.0021060907        -4.6044644441
H38         1.3615596469        -4.6543283887        -2.7367643268
H39         2.7334238785        -3.6433311773        -2.1628602187
H40         0.6206074429        -2.8955520506        -1.1284612373
H41        -0.1571388771        -2.7060473911        -2.7362049109
H42         2.8650246860         2.7790232595         0.1784836095
H43         3.0936864620         1.0485013757         0.6741493665
H44         3.0766449482         1.4989142467        -1.0578738696
H45         0.5954920681        -0.3421348777         2.3345511952
H46         0.5792722474         0.0924556872         4.7188062730
H47         0.8247182502         2.3968360209         5.5847401933
H48         1.1031870140         4.2856972938         4.0091722437
H49         1.1152768009         3.8955410103         1.5942084100
H50        -1.8936050863         2.2702233494         0.8766263004
H51        -3.3162692767         4.2171464443         0.3943959638
H52        -2.5151002006         6.0061854049        -1.1218835527
H53        -0.2749560731         5.8332078117        -2.1682905033
H54         1.1589642188         3.8770032327        -1.7179594013
&

