&gen
basis=6-31G**
igeopt=1
dftname=PBE-D3
ifreq=1
&
entry_name: J1_10469_2111.in
&zmat
C1          2.3922237146        -3.2914561251         1.8327223346
O2          1.9271261211        -2.3785946198         0.8471178043
C3          1.5619298479        -1.0625801577         1.1476426026
O4          1.5092535173        -0.6870216955         2.3491943202
C5          1.0743802667        -0.1714100024         0.0271237279
C6          1.9193868988        -0.0967295327        -1.2492430409
C7          1.2194097298        -0.7557846464        -2.4596546127
C8          1.4952565139        -2.2871937630        -2.5020752522
O9          1.3150910507        -2.7401208020        -3.8312214505
C10         1.1124389806        -4.1364924588        -3.8477655884
O11         2.7864902995        -2.6828365246        -2.0260166774
C12         3.7318631107        -1.6432910551        -2.1627756875
C13         5.1675676051        -2.1243027626        -1.9119027158
O14         5.8882621996        -1.2546261618        -1.0491759172
C15         5.6811079030         0.1270077219        -1.3584855523
C16         6.4288950651         0.5161267949        -2.6168968027
C17         5.7558570273         0.8991579603        -3.7938348358
C18         6.4786922089         1.2314580918        -4.9436267222
C19         7.8745738873         1.1822406816        -4.9335316632
C20         8.5513134773         0.7992672106        -3.7733167668
C21         7.8335012253         0.4657556011        -2.6209594290
O22         4.3089635723         0.5344245135        -1.4138715372
C23         3.4265372113        -0.5374385903        -1.1519552682
O24         1.8649948876         1.3062872498        -1.3512962307
P25         1.2009178747         1.6477456953         0.2010287917
C26         2.8109965632         2.3667843907         0.6572869062
C27         3.6235720121         1.7781855730         1.6428244823
C28         4.8886008479         2.3011741570         1.9252931408
C29         5.3643868469         3.4060244989         1.2173708827
C30         4.5767071294         3.9874375284         0.2226471951
C31         3.3105628204         3.4684711805        -0.0611010881
C32         0.3781313338         1.8835466887         1.8323527712
C33         0.7983522537         2.8695558162         2.7559017420
C34         0.1210893347         3.0537221461         3.9645157687
C35        -1.0047784208         2.2877091269         4.2623640802
C36        -1.4693468762         1.3496299300         3.3421803164
C37        -0.7968732274         1.1601559706         2.1322563229
C38        -0.0614674569         2.7326004687        -0.5131249030
C39        -0.0240030555         4.1212808810        -0.2938612467
C40        -1.0047341828         4.9507984581        -0.8450567042
C41        -2.0328001475         4.4032966049        -1.6155775661
C42        -2.0843880361         3.0243437033        -1.8309855921
C43        -1.1057590593         2.1914259811        -1.2807735801
H44         2.6299518696        -4.2601546719         1.3474657327
H45         1.6067446211        -3.4554369394         2.6004216285
H46         3.3114429808        -2.8941987317         2.3130620693
H47         0.0261001269        -0.4514532509        -0.1987802597
H48         1.6080572755        -0.2834925113        -3.3891305418
H49         0.1246178818        -0.5702019856        -2.4623398725
H50         0.7377733341        -2.7434954691        -1.8218037650
H51         1.9695162327        -4.6798045690        -3.3919030693
H52         0.1628974112        -4.4081496786        -3.3360015802
H53         1.0301019321        -4.4684263809        -4.9029592617
H54         3.7115979796        -1.2364216885        -3.2015966669
H55         5.1419994951        -3.1277896650        -1.4363008457
H56         5.7141520250        -2.2366121074        -2.8742133931
H57         6.1384555151         0.7073600147        -0.5288058354
H58         4.6754539082         0.9447227835        -3.8301852696
H59         5.9555400313         1.5265701664        -5.8440458137
H60         8.4316670057         1.4394681472        -5.8251164333
H61         9.6328871421         0.7588926593        -3.7670596497
H62         8.3719529860         0.1659870230        -1.7302301208
H63         3.6472753747        -0.9062039768        -0.1300907152
H64         3.2887941492         0.9224351489         2.2008185240
H65         5.5034632459         1.8445335879         2.6900076154
H66         6.3465362934         3.8059309095         1.4335263309
H67         4.9519910135         4.8338121017        -0.3378378431
H68         2.7346385247         3.9099054003        -0.8631252105
H69         1.6311803868         3.5249059069         2.5509131670
H70         0.4625294034         3.8043484728         4.6657015110
H71        -1.5297743604         2.4362368490         5.1971091375
H72        -2.3603442293         0.7752330730         3.5606878503
H73        -1.2108025964         0.4535540240         1.4290863426
H74         0.7501786272         4.5638740980         0.3172266356
H75        -0.9702022211         6.0183718217        -0.6703604526
H76        -2.7922717502         5.0465683071        -2.0407784651
H77        -2.8851973077         2.5996286634        -2.4224047309
H78        -1.1722599985         1.1277324992        -1.4510360558
&

