&zmat
 C7             -3.1113999257            -2.9217299306            -3.4759110404
 C6             -1.9523192376            -1.9596312910            -3.7616006902
 C5             -1.8133361304            -0.8197778752            -2.7374380795
 C4             -1.4807000049            -1.3003363599            -1.3159356779
 P3             -0.9265334709             0.1030307250            -0.1996178647
 C2              0.2748138017             1.1836651148            -0.7694197394
 C1              1.6760647794             0.8974144018            -0.7216097785
 C16             2.6797892196             1.6150623424            -1.3236881639
 C17             4.1080990611             1.3478226261            -1.2531919121
 C18             4.6912591604             0.3185156269            -0.4654648037
 C19             6.0704546819             0.1016603097            -0.4532320142
 C20             6.9338436715             0.9030746699            -1.2187567162
 C21             6.3824233087             1.9308034944            -1.9983809600
 C22             5.0021411095             2.1474323201            -2.0140544678
 C8             -0.3371338130            -0.8002732745             1.3062129694
 C9             -1.3969149933            -1.5778999646             2.1000391401
 C10            -0.7907217123            -2.2843902445             3.3234311976
 C11            -1.8317033309            -3.0517278426             4.1450613657
 C12            -2.5119272856             1.0120883019             0.1015352102
 C13            -2.4005529122             2.3253962797             0.8921155740
 C14            -2.1012363088             2.1538030900             2.3878581642
 C15            -2.0962153739             3.4882489759             3.1412203258
 H31            -4.0735119518            -2.3820914039            -3.4285694506
 H32            -2.9791473786            -3.4490345094            -2.5162320905
 H33            -3.1980844715            -3.6884005518            -4.2626477468
 H29            -1.0007316003            -2.5223293016            -3.8028579355
 H30            -2.0855512031            -1.5141703735            -4.7640378182
 H27            -1.0148988021            -0.1282044670            -3.0650321270
 H28            -2.7515761974            -0.2319551219            -2.7248067504
 H25            -0.6261820717            -2.0025997422            -1.3476085629
 H26            -2.3271572062            -1.8361425050            -0.8488307777
 H24            -0.0887229396             2.0168196045            -1.3818771379
 H23             1.9750263316             0.0196331533            -0.1295021212
 H52             2.3898977118             2.4792254467            -1.9369465055
 H53             4.0509041308            -0.3191245040             0.1526998364
 H54             6.4809185783            -0.7024526455             0.1674491783
 H55             8.0139367201             0.7302172242            -1.2049211944
 H56             7.0349391330             2.5706806986            -2.6023235572
 H57             4.5866856988             2.9521619902            -2.6318384992
 H34             0.4546267582            -1.4880214619             0.9559404785
 H35             0.1621523954            -0.0495448192             1.9411233106
 H36            -1.8899082288            -2.3272836726             1.4529674030
 H37            -2.1919993685            -0.8892085293             2.4406620612
 H38            -0.2909635824            -1.5316136306             3.9613885375
 H39             0.0055066947            -2.9744508735             2.9868688723
 H40            -2.6200640299            -2.3768507600             4.5201556565
 H41            -2.3231795941            -3.8323478678             3.5395177940
 H42            -1.3722323301            -3.5449891137             5.0165668270
 H43            -3.2142491842             0.3056116339             0.5796235737
 H44            -2.9163758828             1.2098197995            -0.9073549574
 H45            -3.3537013874             2.8752822924             0.7765385765
 H46            -1.6160000587             2.9545230744             0.4348593490
 H47            -2.8507814652             1.4740999163             2.8376937532
 H48            -1.1193124000             1.6633907944             2.5125836336
 H49            -3.0728582271             3.9957695476             3.0609929517
 H50            -1.8786231346             3.3471899143             4.2121587869
 H51            -1.3320820676             4.1699348864             2.7313000888
&

