&gen
basis=6-31G**
igeopt=1
dftname=PBE-D3
ifreq=1
&
entry_name: J1_9780_2111.in
&zmat
C1          1.6078269836         0.6631462682        -0.7087758655
C2          0.2039229302         0.5993716130        -1.1487979202
P3         -0.9367262702        -0.2549681305        -0.3472520795
C4         -1.6093775089        -1.5451065266        -1.4585053925
C5         -1.9702740668        -0.9932157755        -2.8454866284
C6         -2.5426128449        -2.0748537319        -3.7745131343
C7         -3.9648123834        -2.4881640369        -3.3957444278
C8         -0.2431186716        -1.1320098224         1.1097191959
C9         -1.3179031047        -1.8876157525         1.8976631109
C10        -0.6929159668        -2.6726581475         3.0565147771
C11        -1.7576267419        -3.4213836934         3.8529116664
C12        -2.3066458837         0.8714274656         0.1314309725
C13        -1.8445003829         2.2568832224         0.6102055975
C14        -1.0239471561         2.2121991266         1.9057436420
C15        -0.8758678149         3.6039102437         2.5137259571
C16         2.4872754170         1.4387533607        -1.3535734372
C17         3.9157828894         1.5569368018        -0.9721128414
C18         4.3799028729         1.2656130995         0.3277116748
C19         5.7356978976         1.4051835303         0.6413048968
C20         6.6393127943         1.8433164102        -0.3289721723
C21         6.1882716334         2.1502704130        -1.6142123419
C22         4.8339515113         2.0135233891        -1.9335700339
H23         1.9293205267         0.0599589762         0.1255234188
H24        -0.1078827900         1.1866502041        -2.0034448927
H25        -0.8486337145        -2.3472078144        -1.5672249524
H26        -2.5098332970        -1.9747965701        -0.9759477462
H27        -1.0503233124        -0.5952702409        -3.3240622342
H28        -2.6955759604        -0.1572650337        -2.7565519370
H29        -1.8817225587        -2.9688556695        -3.7760556360
H30        -2.5638072815        -1.6718741424        -4.8103773472
H31        -4.6266954295        -1.5980055442        -3.3383273348
H32        -3.9757896178        -3.0208510587        -2.4227457666
H33        -4.3664095617        -3.1763327267        -4.1690999056
H34         0.5184551072        -1.8544656012         0.7455874799
H35         0.2604109335        -0.4105288228         1.7825516551
H36        -1.8482135414        -2.5958218708         1.2262900883
H37        -2.0522438726        -1.1656676422         2.3117732126
H38        -0.1593072334        -1.9744352148         3.7379033783
H39         0.0412922660        -3.4073042334         2.6594983289
H40        -2.4909232839        -2.7067385540         4.2837939724
H41        -2.2904303497        -4.1449185550         3.1996846296
H42        -1.2764446117        -3.9800577504         4.6831396388
H43        -2.9416108862         0.3921774609         0.9029222193
H44        -2.9506197485         1.0260446576        -0.7579522095
H45        -2.7574787762         2.8688346078         0.7808709075
H46        -1.2574590780         2.7594529254        -0.1885620815
H47        -1.5132438359         1.5445781892         2.6479345576
H48        -0.0072086141         1.8281370492         1.6857572239
H49        -1.8710319920         4.0135575682         2.7890174861
H50        -0.2518553050         3.5444803657         3.4303071243
H51        -0.3829318823         4.2893553141         1.7915781686
H52         2.1550363424         1.9870820857        -2.2285624785
H53         3.7032498004         0.9551017046         1.1116008917
H54         6.0848238542         1.1804234266         1.6409333635
H55         7.6877559752         1.9515068067        -0.0829075941
H56         6.8882244154         2.4957949354        -2.3640346774
H57         4.5034911803         2.2567014410        -2.9362261678
&

