&gen
basis=6-31G**
igeopt=1
dftname=PBE-D3
ifreq=1
&
entry_name: J1_9952_2111.in
&zmat
C1          1.3415510129        -2.2884233509         1.2478075365
C2          1.8428061394        -0.9595819847         0.7677263586
O3          2.9750312182        -0.6186325758         1.0683026886
C4          0.9304641355        -0.0422070137        -0.0219278329
C5          1.2651755909         0.1782711301        -1.4792290976
C6          2.1614267056        -0.7900941896        -2.2945717004
C7          3.6633246378        -0.6939823716        -2.1293958267
C8          4.1040725357        -2.0331505593        -2.6587816582
O9          5.1408823115        -2.5711215375        -1.8963450317
C10         4.6279185899        -3.7521389137        -1.3194714310
C11         5.2773082470        -4.9675210340        -1.9937459064
C12         4.9577418634        -3.7483250804         0.1749783248
O13         3.2271905293        -3.8269953492        -1.4749188425
C14         2.9025042523        -2.9107747483        -2.4728752889
O15         1.7989079622        -2.1294038511        -2.0649350082
O16         1.7548994385         1.4913700196        -1.3319628111
P17         1.1752934817         1.7429435363         0.2787277830
C18         2.7177664202         2.5829671311         0.8234637333
C19         2.6605050307         3.6844420163         1.7068500640
C20         3.8260306991         4.3338576622         2.1217759809
C21         5.0679833401         3.9087759731         1.6517936366
C22         5.1431810770         2.8406840942         0.7583350391
C23         3.9783620687         2.1894550531         0.3423635631
C24         0.5000418676         1.6712381829         2.0042133984
C25        -0.8526541056         1.9528668856         2.3101619585
C26        -1.3346691325         1.8392494195         3.6176173044
C27        -0.4905830829         1.4254692124         4.6454209496
C28         0.8383528602         1.1168207824         4.3676959099
C29         1.3267982825         1.2285495735         3.0641397412
C30        -0.0639803639         2.8930535948        -0.3985227175
C31        -1.2663163571         2.3987746902        -0.9409111769
C32        -2.1966594816         3.2678176430        -1.5173473717
C33        -1.9271685416         4.6353847785        -1.5865859199
C34        -0.7212962338         5.1333324316        -1.0902678508
C35         0.2117309659         4.2674816559        -0.5117908152
H36         0.3074296772        -2.4818349793         0.8939238063
H37         1.9985723318        -3.0965798491         0.8676765949
H38         1.3486465422        -2.3071192190         2.3576790516
H39        -0.1373643699        -0.3228808163         0.1083048700
H40         0.3027986002         0.2376254234        -2.0373097487
H41         1.9489088974        -0.5647793929        -3.3673122102
H42         4.0961847421         0.1483727432        -2.7114620557
H43         3.9548401767        -0.6244061778        -1.0720751593
H44         4.3987314726        -1.9685332722        -3.7299485869
H45         4.8942249694        -5.9098886824        -1.5466807630
H46         6.3816273174        -4.9336888380        -1.8753835798
H47         5.0407511418        -4.9713219270        -3.0791050135
H48         4.5180341892        -2.8506956420         0.6570875123
H49         6.0576430701        -3.7237309524         0.3309063030
H50         4.5424254401        -4.6537530817         0.6673239281
H51         2.6536428822        -3.4539166343        -3.4111910865
H52         1.7112254963         4.0437371573         2.0824708773
H53         3.7646450028         5.1699929449         2.8063041358
H54         5.9706367158         4.4130770637         1.9716462443
H55         6.1054395903         2.5207874028         0.3796868805
H56         4.0722830236         1.3964262126        -0.3693470974
H57        -1.5634308474         2.2541202582         1.5635746998
H58        -2.3711616630         2.0662968477         3.8322126752
H59        -0.8685390026         1.3369446078         5.6557506208
H60         1.4934586731         0.7871892545         5.1637960147
H61         2.3635997157         0.9790363186         2.8947477075
H62        -1.5006369650         1.3447564438        -0.8947039620
H63        -3.1263441619         2.8795851297        -1.9128263300
H64        -2.6468516968         5.3073186325        -2.0359990425
H65        -0.5024976474         6.1906708563        -1.1660350508
H66         1.1525121555         4.6787626996        -0.1837745178
&

