&gen
basis=6-31G**
igeopt=1
dftname=PBE-D3
ifreq=1
&
entry_name: J1_9856_2111.in
&zmat
C1         -0.6455480843        -1.9763548749         0.9651959305
C2         -1.4604767199        -1.0242980418         0.4837038577
C3         -2.9138236884        -1.0805284731         0.8871117883
C4         -0.8631411798         0.0749922695        -0.4003309743
C5         -1.5777275912         0.4739999401        -1.6757590532
C6         -2.7937007636        -0.3247372342        -2.0941341475
C7         -2.6359811202        -1.6734064232        -2.4573565904
C8         -3.7377892772        -2.4298617817        -2.8666243743
C9         -5.0035760273        -1.8431960307        -2.9343093493
C10        -5.1684805366        -0.4970469632        -2.5994185295
C11        -4.0697515642         0.2642435150        -2.1892220181
O12        -1.8819449225         1.7889486625        -1.2708454411
P13        -1.0562785594         1.7632604385         0.2418214065
C14        -2.5536902619         2.4421992066         1.0719713425
C15        -0.1071183113         1.4396681950         1.7902862836
C16         1.3051553576         1.3927027610         1.7594261406
C17         2.0414765930         1.0847868393         2.9062086219
C18         1.3869659107         0.7794920968         4.0978303461
C19        -0.0058655209         0.7599313423         4.1386013600
C20        -0.7480896411         1.0679006397         2.9950519596
C21         0.0618253363         3.0824576990        -0.3033930854
C22         0.0451132209         4.3367364866         0.3300145931
C23         0.9037949211         5.3544150050        -0.0961755346
C24         1.7830472568         5.1307129637        -1.1582155114
C25         1.8058226333         3.8879950598        -1.7953767841
C26         0.9490585313         2.8675922745        -1.3725427895
H27        -1.0271630598        -2.7638570381         1.6087155311
H28         0.4146523613        -1.9834614663         0.7313186019
H29        -3.0029095803        -0.9909301634         1.9900828783
H30        -3.3524169515        -2.0502575221         0.5694479639
H31        -3.5101597840        -0.2775053154         0.4238638016
H32         0.2114512832        -0.1140855083        -0.6201571138
H33        -0.8658330960         0.5141345352        -2.5294394105
H34        -1.6593779564        -2.1397894723        -2.4135487833
H35        -3.6095550429        -3.4708488352        -3.1335910394
H36        -5.8557202097        -2.4301629300        -3.2516649291
H37        -6.1486960240        -0.0420441837        -2.6595912572
H38        -4.2227289924         1.3056636419        -1.9378743174
H39        -2.2753641203         3.0691549347         1.9434555756
H40        -3.2378508757         1.6467889920         1.4119922598
H41        -3.1132579163         3.1008282555         0.3752865680
H42         1.8509491295         1.5713006486         0.8448927967
H43         3.1229786522         1.0675496933         2.8653497660
H44         1.9589701331         0.5350881607         4.9835596888
H45        -0.5138867403         0.4893680998         5.0553408897
H46        -1.8206613551         0.9844291646         3.0663993132
H47        -0.6222734560         4.5301516428         1.1576873790
H48         0.8881040530         6.3170826985         0.3982845729
H49         2.4475508256         5.9195282603        -1.4862478280
H50         2.4893989699         3.7142268039        -2.6163288568
H51         0.9903251000         1.9099350547        -1.8717670564
&

