&zmat
 C2             -0.8650762051            -1.4908780803             1.5028621643
 C1             -0.7102676084            -0.6098324853             0.4996272378
 C3              0.5941653721            -0.2216663542            -0.0983110348
 C4              0.7232987515            -0.0611049086            -1.6277911893
 C5              1.3233295421            -1.2227963769            -2.4312962680
 C6              2.7704502246            -1.5728094808            -2.0461404260
 C7              3.2347319292            -2.8703361994            -2.7537273480
 C8              2.5807343862            -3.0451898333            -4.1474784528
 C9              2.2948897822            -1.6777056456            -4.7849024297
 C10             1.2611028757            -0.8855789969            -3.9473998794
 O11             1.5505776071             1.1074615975            -1.6638054235
 P12             1.1721493958             1.5953364238             0.0600577562
 C13             2.9084023988             2.2079678472             0.2725201937
 C14             0.6757809155             1.8588429922             1.8811101415
 C15             1.1682560869             1.2125574697             3.0196666952
 C16             0.6407610969             1.5177972463             4.2854313779
 C17            -0.3818109004             2.4709407094             4.4125747176
 C18            -0.8853877494             3.1250271191             3.2811052351
 C19            -0.3566164428             2.8163042460             2.0159829187
 C20            -0.7695826624             3.3982272716             0.7230976787
 C21            -1.7552455321             4.3767328779             0.5090207537
 C22            -2.0227617247             4.8170987428            -0.7945819252
 C23            -1.3207351954             4.2910081213            -1.8909440270
 C24            -0.3379570257             3.3098069941            -1.6903948294
 C25            -0.0659035033             2.8741045007            -0.3892873583
 H27            -1.8492013054            -1.7205696919             1.9204528690
 H28            -0.0073599933            -2.0058526385             1.9490205190
 H26            -1.5942316855            -0.1072023768             0.0835069003
 H29             1.4167614548            -0.8366576187             0.3128420244
 H30            -0.2891207804             0.1554052421            -2.0467131982
 H31             0.6843137245            -2.1069028544            -2.2293324937
 H32             2.8816256679            -1.6873935219            -0.9532821596
 H33             3.4110576077            -0.7186916544            -2.3267665530
 H34             2.9973597709            -3.7473358258            -2.1251813299
 H35             4.3346857517            -2.8531820587            -2.8549464926
 H36             1.6275134902            -3.5981385993            -4.0500988102
 H37             3.2251716169            -3.6601977976            -4.7989961051
 H38             1.9385766988            -1.7922802562            -5.8231660752
 H39             3.2415902927            -1.1094418020            -4.8481450121
 H40             0.2383991587            -1.0834397922            -4.3166149602
 H41             1.4385594704             0.1980397931            -4.0647840456
 H42             3.5061954469             1.3939904054             0.7146416066
 H43             3.3246062346             2.4581878944            -0.7117156448
 H44             2.9261630176             3.0668351143             0.9588022049
 H45             1.9625734914             0.4613045821             2.9323184293
 H46             1.0245703033             1.0100128553             5.1760758757
 H47            -0.7895907091             2.7038598571             5.4010033373
 H48            -1.6836034151             3.8670218470             3.3876413734
 H49            -2.3133529697             4.7947244724             1.3524961109
 H50            -2.7911947767             5.5792962719            -0.9584693162
 H51            -1.5432638194             4.6437852210            -2.9024873894
 H52             0.2248920032             2.8676281943            -2.5175059557
&

