&gen
basis=6-31G**
igeopt=1
dftname=PBE-D3
ifreq=1
&
entry_name: J1_10094_2111.in
&zmat
C1         10.1336038640         2.4424510104        -5.7819613020
O2          9.6974325233         1.1667206449        -5.3659299762
C3          8.7551634713         0.6272460124        -6.2777676563
C4          7.2993328624         0.9227663127        -5.7977656491
C5          6.9527217460         0.1216197457        -4.5187349376
C6          5.6060995987         0.4429463384        -3.8123019340
C7          5.0226760619         1.8310079125        -3.8819259131
C8          3.7321163488         1.6602445402        -3.0894091899
C9          3.2234782593         0.2095961754        -3.3380916193
C10         2.5636433923        -0.4748325937        -2.0822996652
C11         2.0003516703        -1.8741758645        -2.4742802869
C12         1.3706490157         0.3577485156        -1.4915228554
O13         1.7137068608         1.6894202272        -1.2423023181
P14         0.9793346417         1.8689240114         0.2948949707
C15         2.5703346488         2.4814458926         0.9538888876
C16         3.2438865549         3.5204938992         0.2831903486
C17         4.4840108173         3.9772234139         0.7371088705
C18         5.0691117722         3.4056392929         1.8676234590
C19         4.4128804172         2.3782446189         2.5468132121
C20         3.1741444249         1.9165602933         2.0934053227
C21        -0.0037622813         2.0059891195         1.8436349551
C22         0.3466787659         2.8931982086         2.8894424408
C23        -0.4484722409         3.0027464150         4.0336217671
C24        -1.6346522610         2.2781933822         4.1357663327
C25        -2.0474260901         1.4720235056         3.0768752601
C26        -1.2556254025         1.3588469744         1.9315511512
C27        -0.1707618334         3.0815506682        -0.4025620342
C28        -0.0201886269         4.4521439297        -0.1294680911
C29        -0.9114995500         5.3819152450        -0.6725747747
C30        -1.9600259497         4.9526836356        -1.4897048641
C31        -2.1214468381         3.5919519141        -1.7612017452
C32        -1.2325678857         2.6588696001        -1.2198033111
C33         0.8104317444         0.0649692460        -0.0895980373
C34         1.6736208286        -0.9391380982         0.7676863158
C35         1.0430705394        -1.8229164735         1.9076931314
C36        -0.3898838211        -2.2623264938         1.5150168627
C37         1.0330303772        -1.0501565102         3.2395588000
O38         1.9430078143        -2.9290479110         2.0289598799
Si39         1.4835996667        -4.3591710332         2.9312022915
C40         0.4664282446        -5.5177905002         1.8689476703
C41         3.0705208236        -5.2618740176         3.3207942067
C42         0.6347212184        -4.0710892796         4.5759826712
C43         4.4406215896        -0.5293228647        -4.0548457349
C44         4.0310188923        -0.6372872539        -5.5605891520
C45         4.9139372735        -1.9310155311        -3.5040344111
C46         6.4488026583        -2.2288718001        -3.6283847580
C47         7.1172492221        -1.4194578751        -4.7548839404
C48         8.5956368603        -1.7648117714        -5.0953973076
C49         9.5779643937        -1.4882127573        -3.9200598916
C50         8.8480202508        -3.2222316333        -5.5499695450
C51         9.9419280195        -3.1198732672        -6.6313524208
C52         9.8275918155        -1.7246777040        -7.2557770847
C53         8.4219922229        -1.4058656271        -7.7228859596
C54         8.9356446906        -0.9115193800        -6.3442143472
H55        10.7851678130         2.8685020695        -4.9919202457
H56         9.2799698228         3.1400764414        -5.9285623218
H57        10.7365483390         2.3660490836        -6.7133400870
H58         8.8771420105         1.0644320961        -7.2994231340
H59         7.1967684386         2.0104374370        -5.6016410317
H60         6.5823381718         0.6616772534        -6.6052337380
H61         7.7038370420         0.4539887654        -3.7768597217
H62         5.8550538524         0.3231837751        -2.7243972509
H63         5.6934959901         2.5817489100        -3.4095434003
H64         4.8042963696         2.1285827913        -4.9296704748
H65         2.9837116359         2.4232016210        -3.3970219824
H66         3.9886038266         1.8018667661        -2.0165182556
H67         2.3761788424         0.3254099221        -4.0541610025
H68         3.3544124418        -0.5679807432        -1.3084785881
H69         1.8972937590        -1.9892509750        -3.5736688091
H70         2.6440003573        -2.6890476025        -2.0875441025
H71         0.9917205861        -2.0614707198        -2.0458843661
H72         0.5418299056         0.3572764745        -2.2361427991
H73         2.8180689311         3.9698049340        -0.6046148525
H74         4.9933006056         4.7727371876         0.2087107653
H75         6.0290135818         3.7609989803         2.2192664344
H76         4.8615299213         1.9420428313         3.4299418173
H77         2.6761502915         1.1488528735         2.6599859746
H78         1.2140602141         3.5321521428         2.8286619986
H79        -0.1534541191         3.6684592939         4.8345017378
H80        -2.2519516037         2.3701376330         5.0199843573
H81        -2.9935503563         0.9494101133         3.1334047822
H82        -1.6479560036         0.7922194120         1.1030855570
H83         0.7732713462         4.8027852147         0.5157873147
H84        -0.7915442655         6.4355939756        -0.4563252631
H85        -2.6499741209         5.6737654435        -1.9085072524
H86        -2.9375394618         3.2594391173        -2.3895465236
H87        -1.3803680618         1.6091373445        -1.4324307356
H88        -0.2373227081        -0.2571875701        -0.2135151516
H89         2.0322687739        -1.7074340989         0.0663967484
H90         2.6067653182        -0.4623198717         1.1160769917
H91        -1.0719407645        -1.3974258903         1.4490012732
H92        -0.3787535640        -2.8004358786         0.5432535114
H93        -0.8506753889        -2.9094630768         2.2829469439
H94         0.6879841126        -0.0211639141         3.1110406094
H95         0.3465816728        -1.5074019838         3.9748420706
H96         2.0540508688        -1.0183594131         3.6760564659
H97         0.4435292555        -6.5202445442         2.3433152024
H98         0.9320106049        -5.5984076475         0.8653642344
H99        -0.5730349740        -5.1502347308         1.7654757271
H100         3.6019920842        -5.4985879389         2.3762916346
H101         3.7140219110        -4.6187880408         3.9555583484
H102         2.8398989407        -6.2028603099         3.8612090478
H103         1.2350671817        -3.3685794002         5.1894015312
H104         0.5620583502        -5.0387558115         5.1132814268
H105        -0.3901204490        -3.6770442756         4.4297926775
H106         4.7931023863        -1.0039301673        -6.2553488222
H107         3.1638971246        -1.3246262915        -5.6584674151
H108         3.7155454939         0.3490701602        -5.9613248458
H109         4.3430630211        -2.7453440761        -4.0005969228
H110         4.7116316626        -1.9986251982        -2.4198034292
H111         6.5931224588        -3.3165739548        -3.8032754286
H112         6.9492466811        -1.9808431780        -2.6667525181
H113         6.5777594799        -1.7181785975        -5.6632974724
H114         9.5870492207        -0.4477140429        -3.5577207557
H115        10.6216573685        -1.7153346313        -4.2254892752
H116         9.3318539016        -2.1373884288        -3.0535252365
H117         7.9296089140        -3.6713995433        -5.9866049033
H118         9.1717050700        -3.8897997973        -4.7209101416
H119        10.9458741529        -3.2282831210        -6.1681587559
H120         9.8126776836        -3.9078781953        -7.4038103434
H121        10.6883182585        -1.1721678220        -7.6878092123
H122         7.7110754193        -2.2574002991        -7.7392221453
H123         8.4386114058        -0.6994501995        -8.5797508691
&

