&gen
basis=6-31G**
igeopt=1
dftname=PBE-D3
ifreq=1
&
entry_name: J1_10157_2111.in
&zmat
C1          1.6658313552        -1.2168958656         0.4666373424
C2          0.8067861674        -0.2049299622        -0.3106428375
C3          1.1500010335        -0.0384531903        -1.7915465217
C4          2.3481673429        -0.8381391648        -2.3353093913
C5         -0.0604251123        -0.2312823634        -2.6942164805
C6         -0.4040854300         0.7279647778        -3.6672612834
C7         -1.4994526583         0.5200143017        -4.5107058901
C8         -2.2504040457        -0.6529422290        -4.4089297321
C9         -1.9019131061        -1.6254172046        -3.4694549187
C10        -0.8082365869        -1.4223524865        -2.6231454258
O11         1.5091563042         1.3209173206        -1.7012089286
P12         1.1805951226         1.5578129919        -0.0272844244
C13         2.9192183148         2.0469214038         0.2307643159
C14         3.5203331030         2.9944145445        -0.6210088758
C15         4.8663497564         3.3377875995        -0.4677192407
C16         5.6372222929         2.7245427730         0.5206168044
C17         5.0656020967         1.7585219728         1.3496337651
C18         3.7203141758         1.4112402468         1.1986338382
C19         0.6354288949         1.6890039373         1.7544616944
C20         1.2325671279         2.8425714395         2.6250188596
C21         1.3992386784         4.2394436719         2.0031763359
C22         0.1822215512         4.7465938374         1.2368750682
C23         0.1248883254         4.2232453583        -0.2067227778
C24        -0.2055751787         2.7235093623        -0.3802514302
C25        -1.4098093058         2.2704689500         0.4425436784
C26        -0.9053477532         1.7130239276         1.7681300664
H27         1.4811555337        -2.2342292972         0.0632251989
H28         1.3775322758        -1.2447928867         1.5349643980
H29         2.7483456919        -1.0044310335         0.3870988504
H30        -0.2718059155        -0.4021617630        -0.1324834021
H31         3.2807323574        -0.5787950595        -1.7915677914
H32         2.5119723858        -0.5891989680        -3.4057063592
H33         2.1616183065        -1.9298238024        -2.2561786968
H34         0.1723913357         1.6371656673        -3.7788954373
H35        -1.7624445584         1.2669212989        -5.2485794267
H36        -3.0966641065        -0.8124250615        -5.0645524913
H37        -2.4764513328        -2.5400458440        -3.4000840222
H38        -0.5435088395        -2.1936603599        -1.9105754543
H39         2.9567966937         3.4590220679        -1.4173417022
H40         5.3144201539         4.0733681375        -1.1231461890
H41         6.6798290236         2.9904550530         0.6373843004
H42         5.6660379757         1.2757762156         2.1098043522
H43         3.3055188713         0.6637857226         1.8591624471
H44         0.9325162549         0.7641381176         2.2840275260
H45         0.6203628607         2.9502596713         3.5470794802
H46         2.2246354356         2.5344590694         3.0122307823
H47         2.3050929094         4.3000474940         1.3724782548
H48         1.5887743296         4.9463119212         2.8408264922
H49         0.2631965930         5.8542731733         1.1776378323
H50        -0.7527462958         4.5412068327         1.7966868668
H51        -0.6725994598         4.7996457350        -0.7257000899
H52         1.0633195850         4.4741126393        -0.7374461015
H53        -0.4959304772         2.6069907878        -1.4470035608
H54        -1.9428688388         1.4645200408        -0.1101907221
H55        -2.1421588122         3.0923984676         0.5968693114
H56        -1.3177922912         2.3034851105         2.6142293707
H57        -1.2892647843         0.6759676001         1.8933075391
&

