&zmat
 C1             -0.4441546871            -1.9718831402            -2.5194025702
 C2              0.2783094465            -1.7694385625            -1.2042763121
 P3              0.0547582133            -0.3865312189            -0.2403990405
 C4             -1.7753146925            -0.1698980268            -0.0813863844
 C5             -2.5052338689            -1.3170347116             0.2926628995
 C6             -3.8965277817            -1.2603299014             0.4382386673
 C7             -4.5795606730            -0.0590930672             0.1995851083
 C8             -3.8653945250             1.0832450682            -0.1858375209
 C9             -2.4709957550             1.0300918393            -0.3209626377
 C10             0.7889974880            -0.5110732985             1.4769981520
 C11             2.3488050753            -0.4192526086             1.5262153274
 C12             3.1864693242            -0.6996804931             0.2661717313
 C13             2.9672745657             0.2522468297            -0.9508599124
 C14             2.1774282096             1.5542651759            -0.6981763947
 C15             0.6712929810             1.4411769355            -0.2901766145
 C16             0.3628151221             1.9427785932             1.1524663805
 C17             0.1819206761             0.7384855697             2.1432883057
 H18            -0.6078018589            -3.0500581403            -2.7045094671
 H19            -1.4434288332            -1.5013113638            -2.5081953357
 H20             0.0848250011            -1.5769043348            -3.4117157004
 H21             1.2557212957            -2.2523270020            -1.0962320109
 H22            -1.9598333957            -2.2556851610             0.4352161838
 H23            -4.4500748155            -2.1574189079             0.7324487943
 H24            -5.6676856239            -0.0142079812             0.3084623692
 H25            -4.3947618219             2.0195271311            -0.3880017581
 H26            -1.9329567907             1.9316321679            -0.6249236975
 H27             0.4314728075            -1.4473876155             1.9336512855
 H28             2.6928050844            -1.0978378762             2.3269792299
 H29             2.6126283066             0.5946831248             1.8778284457
 H30             4.2432327953            -0.6379241354             0.5824774429
 H31             3.0379854316            -1.7450943700            -0.0572365491
 H32             3.9550265720             0.5399081538            -1.3529993905
 H33             2.4616369342            -0.3010724355            -1.7584496852
 H34             2.7023038759             2.1606556236             0.0646200905
 H35             2.2384838963             2.1438952207            -1.6295889832
 H36             0.0738208225             2.0024640846            -1.0255975393
 H37            -0.5499225176             2.5606154384             1.1648738559
 H38             1.1830846572             2.5993841941             1.4927454540
 H39             0.6744811908             0.9436355115             3.1092293842
 H40            -0.8876550286             0.5752306555             2.3560009820
&

