&gen
basis=6-31G**
igeopt=1
dftname=PBE-D3
ifreq=1
&
entry_name: J1_9758_2111.in
&zmat
C1         -0.0603649120        -1.2079566515        -2.7321170498
C2          0.3074370322        -1.4324717482        -1.2980052605
P3         -0.0191836690        -0.3117886753        -0.1592451860
C4         -1.8125610568        -0.2717448387         0.0274904753
C5         -2.4510960547        -1.1845702500         0.8808698368
C6         -3.8438442644        -1.1779356825         1.0039816319
C7         -4.6080311955        -0.2727575715         0.2631000116
C8         -3.9804748723         0.6206118707        -0.6088736229
C9         -2.5878950050         0.6165989497        -0.7340467283
C10         0.7700580021        -0.4551507192         1.4685273262
C11         2.3294773979        -0.6144067022         1.4616424226
C12         3.0374239255        -0.9055599183         0.1235905872
C13         2.9415851402         0.1846772259        -0.9788274334
C14         2.1806380163         1.4731979609        -0.6159116133
C15         0.6431180699         1.3705156432        -0.3335127272
C16         0.3124335514         1.9892915294         1.0419585417
C17         0.3795954039         0.8838114309         2.1296591866
H18        -0.8883223902        -1.8926634225        -3.0092456823
H19        -0.3823231715        -0.1602650573        -2.9133832685
H20         0.8178679102        -1.4257572994        -3.3739289927
H21         0.6120369323        -2.4262598550        -0.9896224613
H22        -1.8766319593        -1.9050262469         1.4470737279
H23        -4.3311331282        -1.8789564590         1.6692364385
H24        -5.6862164553        -0.2699855329         0.3575321933
H25        -4.5736849742         1.3124995405        -1.1926894286
H26        -2.1225481831         1.3022871613        -1.4280930150
H27         0.3209132508        -1.3030098843         2.0277195877
H28         2.5779864204        -1.4516166361         2.1500517861
H29         2.8324133291         0.2701376245         1.9087115934
H30         4.1150684460        -1.0542432989         0.3571857178
H31         2.7057168586        -1.8857129358        -0.2709068139
H32         3.9783070889         0.4856137266        -1.2481583890
H33         2.5277048959        -0.2420704812        -1.9134465188
H34         2.7237021472         1.9470959385         0.2299411444
H35         2.3138879403         2.1802697951        -1.4638449141
H36         0.0939143216         1.9067444216        -1.1357316265
H37        -0.7214955808         2.3993561882         1.0105165673
H38         0.9789107746         2.8411774669         1.2978689307
H39         1.0718905229         1.1721415010         2.9501134995
H40        -0.6262805059         0.7738818919         2.5928195257
&

