&gen
basis=6-31G**
igeopt=1
dftname=PBE-D3
ifreq=1
&
entry_name: J1_9789_2111.in
&zmat
C1          2.4082661983         0.1521915519        -0.6647567914
C2          1.1842996102         0.9809123174        -0.7358523878
P3         -0.0932085043         0.8501328716         0.2779939021
C4          0.4217050324         1.3390347693         1.9546949299
C5         -1.3662956143         2.0109572642        -0.2481822278
C6         -1.0623092906         3.3777587080        -0.3419172918
C7         -2.0420359791         4.2921248332        -0.7404704422
C8         -3.3316164269         3.8481688875        -1.0442681307
C9         -3.6430792886         2.4892913806        -0.9482436248
C10        -2.6657537369         1.5717243534        -0.5499560836
C11        -0.7364444404        -0.8345804919         0.2508822294
C12        -0.7579931206        -1.5579229313        -0.9518706919
C13        -1.2786034789        -2.8549035887        -0.9839266203
C14        -1.7931382761        -3.4315323233         0.1802555725
C15        -1.7924549756        -2.7092707258         1.3766398006
C16        -1.2716083291        -1.4120502096         1.4124316150
C17         2.6073843024        -0.8496530093         0.2022680045
C18         3.8750289849        -1.6528268160         0.1894406027
C19         3.9309474373        -2.5770575511        -1.0237752440
H20         3.1836543208         0.3753403967        -1.3876471314
H21         1.1314982610         1.7155538459        -1.5283765344
H22         1.1164488002         0.5887818435         2.3811288419
H23        -0.4709958992         1.4230446903         2.6075157089
H24         0.9298760818         2.3242559613         1.9134925701
H25        -0.0674491855         3.7351348579        -0.1076542270
H26        -1.8016323391         5.3449255067        -0.8129471407
H27        -4.0895067107         4.5567797497        -1.3523299572
H28        -4.6429881625         2.1466810336        -1.1812925519
H29        -2.9305448547         0.5257936004        -0.4786412957
H30        -0.3721267932        -1.1198520477        -1.8634703952
H31        -1.2866433121        -3.4114610035        -1.9121242840
H32        -2.1973831934        -4.4351697447         0.1541175457
H33        -2.1988168012        -3.1535171464         2.2760546502
H34        -1.2885805448        -0.8648328531         2.3449237215
H35         1.8668053458        -1.1030866648         0.9457901730
H36         4.7556541798        -0.9743764627         0.1905688652
H37         3.9186924219        -2.2725615019         1.1107921478
H38         3.9425563557        -1.9862555649        -1.9642095547
H39         4.8557931470        -3.1899523110        -0.9808773785
H40         3.0525987783        -3.2577254755        -1.0294957566
&

