&gen
basis=6-31G**
igeopt=1
dftname=PBE-D3
ifreq=1
&
entry_name: J1_10192_2111.in
&zmat
C1         -6.9341028353         3.3672063465         1.2877063610
C2         -5.5076313458         2.9804620289         1.0327214439
C3         -4.8205980745         3.5018546062        -0.0714178319
C4         -3.5045307936         3.1121227226        -0.3327058710
C5         -2.8508516760         2.1837570716         0.4975265550
P6         -1.1320443672         1.6745915895         0.1243320904
C7         -0.5880516491         1.7958805098         1.8860744209
C8         -0.9514893049         2.9217427689         2.6608836619
C9         -0.5305525071         3.0555241318         3.9854143897
C10         0.2798401931         2.0775551542         4.5707697505
C11         0.7658707128         2.2411186246         5.9802094800
C12         0.7045295296         0.9908875652         3.7986981778
C13         0.2849364059         0.8554991357         2.4724425673
C14         0.1083570150         2.9334803074        -0.2658793853
C15        -0.2266907448         4.2968945700        -0.2728171181
C16         0.7376310881         5.2609014309        -0.5791368588
C17         2.0472910142         4.8754307489        -0.8988133557
C18         3.0916352562         5.9125319202        -1.1873981557
C19         2.3885311302         3.5156498854        -0.8766276553
C20         1.4245296052         2.5516206312        -0.5696041844
O21        -1.5129352559         1.4999563910        -1.5496609936
C22        -1.0644160441         0.1810343921        -1.7254726929
C23        -2.0755478103        -0.7079395245        -2.4202057635
C24        -1.7726845920        -2.0663738772        -2.6157784579
C25        -2.6857787680        -2.9102397472        -3.2542843101
C26        -3.9023228814        -2.4033637349        -3.7170986856
C27        -4.2054118873        -1.0502752776        -3.5473800002
C28        -3.2959298024        -0.2016927538        -2.9090846520
C29        -0.7625633963        -0.0787033673        -0.2657974862
C30        -1.6215661582        -1.1138426133         0.4607942049
C31        -0.9807315338        -2.1358740971         1.1867656725
C32        -1.7243681653        -3.1127940204         1.8548628383
C33        -3.1183302804        -3.0934380925         1.7972269615
C34        -3.7704591505        -2.1015435740         1.0645297965
C35        -3.0305807124        -1.1229146623         0.3961570764
C36        -3.5572357899         1.6506627146         1.5948592686
C37        -4.8729538912         2.0405296415         1.8548890459
H38        -7.1646694102         3.3201552138         2.3733814154
H39        -7.1268147365         4.4047703047         0.9407563455
H40        -7.6075211240         2.6723550255         0.7438867863
H41        -5.3043991756         4.2099877741        -0.7328614869
H42        -3.0023251468         3.5318671768        -1.1942864224
H43        -1.5654545960         3.7073658432         2.2423744623
H44        -0.8335574690         3.9271826914         4.5524572161
H45         0.9361183843         1.2503814082         6.4529976361
H46         0.0172347372         2.7888482827         6.5914524969
H47         1.7187457592         2.8104188501         5.9784532085
H48         1.3734445638         0.2503845819         4.2201927215
H49         0.6810606282         0.0231558209         1.9230831359
H50        -1.2254334034         4.6232385068        -0.0237054914
H51         0.4628448189         6.3084382986        -0.5650340499
H52         3.5824965795         6.2156584477        -0.2391345104
H53         2.6346838884         6.8073290842        -1.6612970829
H54         3.8605817054         5.5116122857        -1.8816829564
H55         3.4012215191         3.2011198769        -1.0969675633
H56         1.7124165751         1.5100063808        -0.5624182145
H57        -0.1263303272         0.2005622382        -2.3245606190
H58        -0.8331062506        -2.4723905812        -2.2614365969
H59        -2.4496011965        -3.9575862437        -3.3907970919
H60        -4.6085181836        -3.0582152275        -4.2108921625
H61        -5.1463878803        -0.6580986501        -3.9109888483
H62        -3.5548896285         0.8421638344        -2.7881393380
H63         0.3197159163        -0.3045475359        -0.1771559940
H64         0.0995941169        -2.1856330957         1.2325336099
H65        -1.2179418656        -3.8891721973         2.4136289607
H66        -3.6926883253        -3.8516421051         2.3135454118
H67        -4.8513784562        -2.0920888233         1.0102831390
H68        -3.5652894739        -0.3796313165        -0.1751844460
H69        -3.0944191774         0.9255740140         2.2512519986
H70        -5.3967552290         1.6075452935         2.6981755570
&

