&gen
basis=6-31G**
igeopt=1
dftname=PBE-D3
ifreq=1
&
entry_name: J1_8447_2111.in
&zmat
O1          1.0248510289         2.3172674226        -2.3396572701
C2          0.2523191395         1.5203024053        -2.9338350708
C3         -0.4088858420         0.4134024708        -2.2276045322
P4         -0.1508833135         0.0876902292        -0.6448013915
C5         -1.1929840950        -1.2995226803        -0.1319691660
C6         -1.4306292808        -2.3739550584        -1.0068972007
C7         -2.2096908980        -3.4602387949        -0.5975961900
C8         -2.7479257911        -3.4900376215         0.6907297849
C9         -2.5007426100        -2.4369503223         1.5741958297
C10        -1.7211423601        -1.3492638950         1.1689865897
C11         1.5888136967        -0.3491865542        -0.4219743036
C12         2.5499136164         0.6490655794        -0.1898080203
C13         3.8999462108         0.3127629810        -0.0533512133
C14         4.3039032947        -1.0198052684        -0.1612768223
C15         3.3582846653        -2.0169540052        -0.4109753957
C16         2.0071198790        -1.6840695721        -0.5476853668
C17        -0.5943018674         1.5316332057         0.3477312128
C18        -0.0044291213         1.7346148531         1.6059793833
C19        -0.3799229730         2.8271873764         2.3930962160
C20        -1.3597196465         3.7135040703         1.9388278239
C21        -1.9723809314         3.5021571071         0.7010330743
C22        -1.5994218848         2.4100812139        -0.0884359165
H23         0.0590151711         1.6606109976        -3.9886481003
H24        -1.1270657787        -0.1753160684        -2.7803881293
H25        -1.0028766586        -2.3832503348        -2.0005094384
H26        -2.3903673233        -4.2826103474        -1.2776964130
H27        -3.3494944202        -4.3323752974         1.0069726716
H28        -2.9097261893        -2.4652714394         2.5759224649
H29        -1.5346172352        -0.5533299116         1.8753777491
H30         2.2597497066         1.6877440016        -0.1090877546
H31         4.6335792862         1.0864188638         0.1329207141
H32         5.3495567416        -1.2789065148        -0.0568974702
H33         3.6727349671        -3.0485437126        -0.5029546596
H34         1.2963235492        -2.4713840362        -0.7519690080
H35         0.7375609550         1.0432609845         1.9837201108
H36         0.0832880836         2.9822098387         3.3589102386
H37        -1.6513467284         4.5577229124         2.5500958869
H38        -2.7412225853         4.1812125726         0.3557742893
H39        -2.0971824580         2.2521223488        -1.0362552064
&

