&zmat
 O1              4.4376778756            -1.9283472545            -0.9581945223
 C2              3.3923347526            -0.9675478448            -1.1417233141
 C3              2.0801681451            -1.7170707082            -1.4034526751
 C4              0.8919153332            -0.8290033829            -1.6912451286
 P5             -0.0269661134            -0.0884628083            -0.4724157551
 C6             -1.6312619519             0.4568645815            -1.1842313485
 C7             -2.3621050119             1.5426218985            -0.6637673347
 C8             -3.6117051577             1.8714478545            -1.2044175493
 C9             -4.1385613899             1.1285370106            -2.2707414115
 C10            -3.4100743892             0.0522137572            -2.7974896054
 C11            -2.1653186584            -0.2894508777            -2.2534309984
 C12             0.5494085830             1.4284018360             0.4722973002
 C13             1.4898779193             2.2523784851            -0.1690691536
 C14             1.9721569756             3.4062614101             0.4618404042
 C15             1.5257715698             3.7376913460             1.7494977196
 C16             0.5968030431             2.9146837671             2.4031854278
 C17             0.1081314166             1.7646119480             1.7677496713
 C18            -0.3362100832            -1.2703924629             0.8973323102
 C19             0.6539307680            -1.4873045375             1.8762034051
 C20             0.4652085293            -2.4652291241             2.8621294845
 C21            -0.7180369647            -3.2156444539             2.8891849195
 C22            -1.7101752935            -2.9959833092             1.9221396411
 C23            -1.5177208024            -2.0336122243             0.9235086050
 H24             5.2623698162            -1.4304205051            -0.8169548073
 H25             3.5994070090            -0.2879813542            -1.9986219213
 H26             3.2661216435            -0.3187289365            -0.2451270020
 H27             2.2481121594            -2.4014920109            -2.2560093229
 H28             1.8833236084            -2.3676956310            -0.5302706797
 H29             0.8275575379            -0.3336728347            -2.6668932745
 H30            -1.9506680958             2.1360482182             0.1575288265
 H31            -4.1739549826             2.7156874873            -0.7934377415
 H32            -5.1151893571             1.3888767868            -2.6903035700
 H33            -3.8149209979            -0.5287463854            -3.6319094227
 H34            -1.5829081631            -1.1317060085            -2.6410194851
 H35             1.8495786008             1.9624702951            -1.1645538295
 H36             2.7017158513             4.0444173507            -0.0467217857
 H37             1.9084443511             4.6333125536             2.2487180645
 H38             0.2549173086             3.1673850455             3.4120948150
 H39            -0.6122495446             1.1205667258             2.2834148088
 H40             1.5672538553            -0.8841970740             1.8713247987
 H41             1.2430768916            -2.6371393111             3.6122266359
 H42            -0.8684216664            -3.9721632707             3.6654273426
 H43            -2.6367169815            -3.5777063469             1.9447793788
 H44            -2.2854474365            -1.8709063713             0.1607298130
&

