&gen
basis=6-31G**
igeopt=1
dftname=PBE-D3
ifreq=1
&
entry_name: J1_1018_2111.in
&zmat
O1          5.6078984772         0.3274804794         1.0554842980
C2          5.0876305277        -0.3194422635         0.1059637660
O3          5.7113996897        -1.4631721062        -0.4015411643
C4          6.9432422964        -1.9556752203         0.1115536265
C5          3.8169061204         0.1319585458        -0.4702266082
C6          3.1333420658        -0.4712938118        -1.5022957231
O7          2.0495818591         0.2313154494        -1.7159260698
C8          2.0572853223         1.2273746818        -0.8573303191
C9          0.9655490418         2.2514711930        -0.7656562550
C10        -0.3009454903         1.7035271696        -0.0835815358
O11        -0.7130179274         0.5217970422        -0.7358519745
C12        -1.9138294166         0.0497055581        -0.1566930605
C13        -2.4215393967        -1.0940505997        -0.9950485630
C14        -3.7277457993        -1.0810244075        -1.5170233717
C15        -4.1908081640        -2.1538507439        -2.2853939117
C16        -3.3585728051        -3.2479610911        -2.5358339946
C17        -2.0616433349        -3.2727851345        -2.0167941666
C18        -1.5939153050        -2.2029584693        -1.2477590968
O19        -1.6846483886        -0.4359132526         1.1528682829
C20        -1.1900104445         0.5664329797         2.0267675392
C21        -2.3075775667         1.3226656349         2.7156330783
C22        -2.9906520219         2.3334206794         2.1693323360
C23        -4.0589213763         3.0103037586         2.9128108775
O24        -4.6861197445         3.9643372907         2.3832244014
C25        -0.0717636133         1.4434576507         1.4164126806
N26         3.1391827518         1.2171092381        -0.0496892950
H27         7.7386314554        -1.1899585978        -0.0090009927
H28         6.8311984828        -2.2149283368         1.1856737059
H29         7.2335823351        -2.8672117231        -0.4499589528
H30         3.4175372249        -1.3606215132        -2.0492888915
H31         0.7081448586         2.5790560299        -1.7959424299
H32         1.3339646945         3.1447482600        -0.2154951401
H33        -1.0721473585         2.4934515373        -0.2113783954
H34        -2.6945899517         0.8432768733        -0.1508811377
H35        -4.3885023258        -0.2434659100        -1.3310741170
H36        -5.1961799931        -2.1373516116        -2.6859904071
H37        -3.7192937066        -4.0772178579        -3.1305362629
H38        -1.4186580757        -4.1218998452        -2.2092862525
H39        -0.5872110240        -2.2369287829        -0.8490744208
H40        -0.6943223108         0.0106841847         2.8532339170
H41        -2.5500769380         1.0207353457         3.7290397437
H42        -2.7695098408         2.6858886157         1.1761432120
H43        -4.3177752692         2.6988540573         3.9171198731
H44         0.8898751772         0.9018260664         1.5497044124
H45         0.0150252088         2.4076935264         1.9635867596
&

