&zmat
 C4              5.9869461821            -2.5388655766            -0.2235372834
 O3              4.9808281213            -1.6989095950            -0.8272230619
 C2              4.4675291050            -0.7557812776             0.0238863379
 O1              4.8169784284            -0.6162541902             1.1850014139
 C5              3.4352040163             0.0458597864            -0.6666643457
 C6              2.9870946471            -0.0509129835            -1.9617214560
 O7              2.0111211402             0.8868913314            -2.1436671863
 C8              1.9092954278             1.5206430665            -0.9182333725
 C9              0.8223504303             2.5314996872            -0.7591299977
 C10            -0.3850235859             1.9392403899            -0.0008890092
 C25            -0.0873358925             1.6253535073             1.4719834827
 C20            -1.2166777603             0.7783263405             2.0796347632
 C21            -2.5153261628             1.4865738598             2.3817848593
 C22            -2.7346808298             2.8117262878             2.5273810085
 C23            -4.0767022977             3.3169712237             2.8656664135
 O24            -4.3540045018             4.5032064846             3.0090395779
 O19            -1.4717314258            -0.3683641806             1.2386300459
 C12            -1.7910652791             0.0203669739            -0.0998432897
 C13            -2.0082929019            -1.2423482271            -0.8920598594
 C14            -3.2800718510            -1.5941502396            -1.3622687604
 C15            -3.4596322491            -2.7859496731            -2.0781627336
 C16            -2.3654742492            -3.6260953846            -2.3223950202
 C17            -1.0907482091            -3.2737931615            -1.8522202083
 C18            -0.9109448012            -2.0850065856            -1.1385499507
 O11            -0.7228997365             0.7346363573            -0.7097940453
 N26             2.7362266924             1.0616321228            -0.0168587583
 H27             6.8415768683            -1.9367131582             0.1234727120
 H28             5.5722454143            -3.0849894777             0.6386862731
 H29             6.2989785133            -3.2373714647            -1.0108544710
 H30             3.2446258199            -0.6724928202            -2.8130380341
 H31             0.4951652785             2.8600215823            -1.7572577617
 H32             1.2047702731             3.4068524967            -0.2095376336
 H33            -1.2329479129             2.6543548112            -0.0703279733
 H44             0.8520192260             1.0526365053             1.5323282470
 H45             0.0585057599             2.5587349606             2.0413454209
 H40            -0.8635107098             0.3371358089             3.0322368764
 H41            -3.3635042909             0.7994402571             2.5225492984
 H42            -1.9464843935             3.5628852518             2.4053043989
 H43            -4.8567301587             2.5134123482             2.9825253945
 H34            -2.7018536172             0.6651465141            -0.0909852901
 H35            -4.1318897746            -0.9330880655            -1.1686802312
 H36            -4.4536412351            -3.0574512782            -2.4458743055
 H37            -2.5046839241            -4.5569886525            -2.8807318147
 H38            -0.2360805739            -3.9301228809            -2.0430364600
 H39             0.0756068383            -1.7916586438            -0.7688272924
&

