&gen
basis=6-31G**
igeopt=1
dftname=PBE-D3
ifreq=1
&
entry_name: J1_2797_2111.in
&zmat
C1          4.4466277775        -0.1001672210        -1.1895719060
C2          3.0629110905         0.2066405773        -1.6796668713
C3          2.0021161623        -0.6531287963        -0.9588391862
C4          0.5681266793        -0.2224317746        -1.3787282535
O5         -0.3869828720        -1.2228019219        -1.0653262958
C6         -0.7979250152        -1.1545199450         0.2834983863
C7         -1.6303205248         0.0701078815         0.5471928901
O8         -2.9486628071        -0.3142663362         0.3134190304
C9         -2.9583335741        -1.7204337475         0.4431270399
C10        -3.7331973477        -2.0992276133         1.7091648451
C11        -3.6379620338        -2.3265186053        -0.7887571423
O12        -1.6438638736        -2.2305854756         0.5418413657
C13        -1.2505208202         1.2878245015        -0.3283320083
C14         0.1360422819         1.2077342380        -0.9208142579
O15         0.9630324220         1.7535605135         0.0593225155
C16         0.1458243992         2.6863343044         0.7358143739
C17         0.4070610055         2.5713487397         2.2413463297
C18         0.4901888870         4.1032418596         0.2588783138
O19        -1.2235208811         2.4323212265         0.4748875791
O20         2.1926746109        -2.0084609231        -1.3433153096
C21         2.5725271731        -2.8045488216        -0.2421416037
O22         4.7727792473         0.1749370654        -0.0457395829
H23         5.1697213653        -0.5562262512        -1.8577805301
H24         2.8735879337         1.2894837191        -1.5278071218
H25         3.0196711579         0.0089262327        -2.7728670356
H26         2.1068358455        -0.4832251890         0.1409678287
H27         0.5780243141        -0.1898238314        -2.4914881775
H28         0.0662463534        -1.2025269799         0.9812822619
H29        -1.5385371823         0.3279784683         1.6261687996
H30        -3.7650089032        -3.2034198869         1.8295232690
H31        -3.2361987974        -1.6621486889         2.6013850918
H32        -4.7730222578        -1.7106443737         1.6592482465
H33        -4.6799688152        -1.9518797934        -0.8814003837
H34        -3.6572060421        -3.4351106589        -0.7158103392
H35        -3.0801742565        -2.0432511081        -1.7066850826
H36        -1.9942640731         1.4225773965        -1.1450087269
H37         0.1787902381         1.8789013752        -1.8112521353
H38        -0.2659626138         3.2525080551         2.8048455965
H39         1.4618719039         2.8332034395         2.4728683510
H40         0.2294974773         1.5317855093         2.5859645610
H41        -0.1225567226         4.8546592534         0.8016409133
H42         0.2826516637         4.2023846213        -0.8276086735
H43         1.5660615403         4.3204047656         0.4321826043
H44         3.5151105632        -2.4351506336         0.2177846306
H45         1.7614865978        -2.8477186872         0.5158619540
H46         2.7547207228        -3.8386464800        -0.5992761542
&

