&gen
basis=6-31G**
igeopt=1
dftname=PBE-D3
ifreq=1
&
entry_name: J1_9977_2111.in
&zmat
C1          2.9265905304         3.6797970889         0.4905898081
C2          2.8820246189         2.1627879042         0.3471865198
P3          1.1665286535         1.5800674390         0.0036124006
O4          1.5230925834         1.3582555452        -1.6656840715
C5          1.1509607484         0.0064238688        -1.7677121989
C6          2.3541094349        -0.8159603317        -2.2736535775
C7         -0.0640187397        -0.1484732420        -2.7050758572
O8          0.2605147822         0.3335670870        -3.9879042336
Si9         -1.0689869376         0.1255565102        -5.0932117593
C10        -0.3341987202        -0.4487113595        -6.7140638912
C11        -2.2935510087        -1.1978934588        -4.5621442109
C12        -1.9621998604         1.7889629765        -5.3473827558
C13        -2.7919481558         2.1299657538        -4.0981009606
C14        -0.9164905413         2.8914454548        -5.5856284492
C15        -2.8978834482         1.6989573692        -6.5657989855
C16         0.7651064693        -0.1676716862        -0.2998535726
C17         1.5971082845        -1.1778056849         0.5046952450
C18         0.6584556325         1.6670081939         1.7603975121
C19         1.2828677952         1.0063649164         2.8344396677
C20         0.7750068403         1.1517089083         4.1315694885
C21        -0.3431248373         1.9615379670         4.3656842725
C22        -0.9518017038         2.6403605637         3.3054072160
C23        -0.4375709696         2.4837292909         2.0116533175
C24        -0.8852195972         3.1695320719         0.8178129712
C25        -1.9064138305         4.1253133764         0.7327016564
C26        -2.1381417118         4.7652214337        -0.4900252911
C27        -1.3416772080         4.4646978804        -1.6026573536
C28        -0.3221625100         3.5093913294        -1.5030601633
C29        -0.1118001113         2.8411412443        -0.2855664758
H30         2.2937271222         4.0079842372         1.3419335539
H31         3.9710161093         4.0047376313         0.6808474866
H32         2.5692707445         4.1645365011        -0.4425838413
H33         3.5584959775         1.8691011013        -0.4836140339
H34         3.3051888415         1.6966750676         1.2569559645
H35         3.2499486549        -0.6424730013        -1.6415865049
H36         2.6196844334        -0.5092985234        -3.3073752409
H37         2.1113201465        -1.8993204138        -2.2847949235
H38        -0.9235688639         0.4225833562        -2.2887563708
H39        -0.3211197174        -1.2307058979        -2.7374515513
H40         0.3351699887         0.3358623672        -7.1213668530
H41         0.2510908222        -1.3747962213        -6.5403609630
H42        -1.1446180322        -0.6622378441        -7.4403574489
H43        -1.7734685572        -2.1746287250        -4.4851871605
H44        -3.0999305177        -1.2796832164        -5.3187137323
H45        -2.7398246464        -0.9378491347        -3.5808348519
H46        -3.2907829353         3.1159780139        -4.2174153111
H47        -3.5798635031         1.3667377955        -3.9246529693
H48        -2.1482440705         2.1805412319        -3.1986263230
H49        -0.3172278145         2.6776949491        -6.4962908577
H50        -0.2231253696         2.9702856319        -4.7222925875
H51        -1.4119238407         3.8769648368        -5.7220287846
H52        -3.4483512582         2.6545386362        -6.7046133488
H53        -3.6445717605         0.8875027099        -6.4320502282
H54        -2.3228856442         1.5010752281        -7.4950950434
H55        -0.3222352144        -0.3481240355        -0.1484221760
H56         2.6505772784        -0.8474437273         0.6201027843
H57         1.5745431219        -2.1696728141         0.0083159114
H58         1.1426628710        -1.3262781542         1.5043887855
H59         2.1568962683         0.3900388090         2.6879890862
H60         1.2516824082         0.6398261943         4.9575132041
H61        -0.7283908967         2.0730724279         5.3709280245
H62        -1.8003110044         3.2816533037         3.4998430404
H63        -2.5065861841         4.3858560761         1.5934562101
H64        -2.9228983946         5.5059739324        -0.5720795915
H65        -1.5138756315         4.9727502216        -2.5428126862
H66         0.2895651643         3.3076604853        -2.3696788540
&

