&gen
basis=6-31G**
igeopt=1
dftname=PBE-D3
ifreq=1
&
entry_name: J1_10125_2111.in
&zmat
C1         -0.4657824993        -5.4687756697         4.4852281560
C2         -1.0741244719        -5.9765260230         3.1793796764
C3         -1.0534996102        -4.9206350988         2.0619003503
C4         -1.9909043658        -3.7218388335         2.3320452919
C5         -1.2478843473        -2.4559887164         2.8017384346
C6         -0.4557391615        -1.7392220923         1.6918767481
C7         -1.3611081501        -1.1288475015         0.6035623329
C8         -0.6072163354        -0.0665548656        -0.2357258909
C9         -0.9963464697         0.1670110274        -1.6939648656
C10        -1.7773928012        -0.8125586835        -2.6413634339
C11        -1.8161222806        -0.1583355269        -4.0456900255
C12        -3.2446736121        -1.0657421213        -2.2330888862
C13        -1.0154546667        -2.1501445376        -2.7904797061
O14        -1.6517973007         1.3948325090        -1.4847664221
P15        -1.1031311618         1.6638657506         0.1271284155
C16        -2.7661472401         2.2108676883         0.6655179476
C17        -3.9071325700         1.4389783187         0.3935624547
C18        -5.1724531164         1.8568321678         0.8153779961
C19        -5.3151322166         3.0480732432         1.5276750289
C20        -4.1902887475         3.8163928432         1.8289705722
C21        -2.9245752322         3.4000524424         1.4076009946
C22        -0.4469923375         1.6969070384         1.8631109533
C23        -1.2479203855         1.2427642684         2.9417952976
C24        -0.7597820878         1.2194319591         4.2499468957
C25         0.5435754090         1.6275729953         4.5174962223
C26         1.3649040408         2.0475619363         3.4744739241
C27         0.8836836169         2.0724957636         2.1621463174
C28        -0.0378637600         2.9881613760        -0.5375602991
C29         1.2401496443         2.6786331789        -1.0444362135
C30         2.0350287561         3.6680442719        -1.6291952686
C31         1.5502966594         4.9700434318        -1.7557510997
C32         0.2622154134         5.2779206858        -1.3162845694
C33        -0.5351841060         4.2904943341        -0.7296595910
H34        -1.1048176634        -4.6787887363         4.9316479689
H35         0.5546822076        -5.0671898617         4.3085265332
H36        -0.3955185123        -6.3068340210         5.2101864534
H37        -2.1160074047        -6.3185932613         3.3621584368
H38        -0.4877213747        -6.8579706417         2.8403402811
H39        -1.3903371327        -5.4192715635         1.1268657995
H40        -0.0069385499        -4.5957198090         1.8838571482
H41        -2.5763533067        -3.4962957096         1.4165889967
H42        -2.7448884461        -3.9928001493         3.1029503666
H43        -0.5483378417        -2.7183670093         3.6229762908
H44        -1.9879706644        -1.7459437060         3.2305577740
H45         0.1525699620        -0.9473229111         2.1733702714
H46         0.2678516156        -2.4349871334         1.2175882569
H47        -1.6694728892        -1.9713687652        -0.0226054414
H48        -2.2775514394        -0.7089159693         1.0576740139
H49         0.4946048306        -0.1941032644        -0.1488177519
H50        -0.0430725882         0.3959728901        -2.2256808310
H51        -2.3327805653         0.8253544732        -4.0105566607
H52        -2.3571677511        -0.8031904108        -4.7723965262
H53        -0.7894477310         0.0069415397        -4.4392514410
H54        -3.3553054124        -1.5062867884        -1.2291802874
H55        -3.8276397171        -0.1220811130        -2.2787729024
H56        -3.7215388193        -1.7747622724        -2.9440957396
H57        -1.4844703476        -2.7802537040        -3.5771231003
H58        -1.0048608465        -2.7506936718        -1.8650944655
H59         0.0400011580        -1.9651857694        -3.0856918337
H60        -3.8242252503         0.5047690011        -0.1245373829
H61        -6.0423402189         1.2512666101         0.5960028625
H62        -6.2949724131         3.3689967005         1.8567766834
H63        -4.2970271850         4.7309036664         2.3979107943
H64        -2.0646036828         3.9938965625         1.6880655859
H65        -2.2537901863         0.8824987195         2.7836866076
H66        -1.3925168705         0.8718119173         5.0564174337
H67         0.9220387436         1.6050482616         5.5312323890
H68         2.3847832510         2.3461321440         3.6808704488
H69         1.5807802492         2.3749928971         1.4051823701
H70         1.6364221297         1.6760551548        -0.9676523023
H71         3.0251363854         3.4224853404        -1.9909153030
H72         2.1641851001         5.7348727831        -2.2135638422
H73        -0.1277959291         6.2788529479        -1.4491430162
H74        -1.5489651045         4.5478376877        -0.4729833520
&

