&gen
basis=6-31G**
igeopt=1
dftname=PBE-D3
ifreq=1
&
entry_name: J1_10491_2111.in
&zmat
C1          2.0725882314        -0.7636796752         1.1951348597
C2          1.4227562221         0.0370971272         0.0572727131
C3          2.1666974866         0.1800736898        -1.2785635416
C4          1.2517372616        -0.3200002163        -2.4385280764
C5          2.0179245296        -0.5471395659        -3.7406500297
C6          3.1254132069        -1.6062269948        -3.5767636941
C7          3.6431514150        -1.7398091907        -2.1301917428
C8          3.6410600992        -0.3954948953        -1.3672667874
C9          4.6578770233         0.6126273838        -1.9825779986
C10         6.0800083940         0.1069530158        -1.9311698753
C11         6.7760939110         0.0731506155        -0.7104264593
C12         8.0873166701        -0.4090527239        -0.6590779026
C13         8.7136741039        -0.8607250367        -1.8235109703
C14         8.0301473991        -0.8294051516        -3.0417866923
C15         6.7188678362        -0.3473716977        -3.0980154790
O16         2.1863028717         1.5933999298        -1.2649264944
P17         1.3752922606         1.8437582080         0.2315123327
C18         2.6891272817         2.9302562408         0.8385228733
C19         3.9706032369         2.4403330337         1.1346668468
C20         4.9709465281         3.3040971404         1.5895002361
C21         4.7012843454         4.6648512617         1.7510638552
C22         3.4318532370         5.1642178841         1.4514378464
C23         2.4309435412         4.3029510414         0.9927634014
C24         0.5025491944         1.9370550985         1.8266237099
C25         1.0604736907         1.6137919190         3.0742342040
C26         0.2844824787         1.7413822984         4.2332980037
C27        -1.0336315753         2.2115776442         4.1520399307
C28        -1.5761125726         2.5733132164         2.9133352350
C29        -0.7912510916         2.4349489586         1.7614798919
C30        -1.1364887616         2.8568342236         0.4186179731
C31        -2.3290880091         3.4676016443         0.0108583302
C32        -2.4568533644         3.8871950833        -1.3183203622
C33        -1.3964014629         3.7099284677        -2.2178756048
C34        -0.2062099196         3.1027534463        -1.7962758517
C35        -0.0874119969         2.6606880895        -0.4690618735
H36         1.3435054783        -0.8908315323         2.0215384562
H37         2.3272372939        -1.7822005751         0.8352033685
H38         2.9776590361        -0.2848800374         1.6055112038
H39         0.3778072112        -0.3238108829        -0.0728495674
H40         0.7777300991        -1.2867539699        -2.1560194227
H41         0.4280600958         0.4030861321        -2.6212008865
H42         1.3081035898        -0.8804887102        -4.5285240809
H43         2.4469955295         0.4170593453        -4.0849691238
H44         3.9684125265        -1.3508305401        -4.2532048264
H45         2.7376869451        -2.5961066405        -3.9024012547
H46         4.6583686654        -2.1907977750        -2.1377506406
H47         2.9907455316        -2.4545442063        -1.5817179747
H48         4.0315971176        -0.6111623014        -0.3570168058
H49         4.6309320211         1.5691187992        -1.4219731707
H50         4.3837990865         0.8686770861        -3.0250035684
H51         6.3047282003         0.4186862401         0.2002012739
H52         8.6177425381        -0.4330844231         0.2840672197
H53         9.7286615069        -1.2342162020        -1.7819523932
H54         8.5166325409        -1.1787122626        -3.9433238733
H55         6.2045320208        -0.3284737888        -4.0501605216
H56         4.2112564193         1.4014045595         0.9992511772
H57         5.9575315235         2.9182967248         1.8118100859
H58         5.4767568009         5.3325529735         2.1034470233
H59         3.2235384217         6.2193655063         1.5725156969
H60         1.4533955891         4.7071947206         0.7635143862
H61         2.0846598895         1.2785675046         3.1557415878
H62         0.7071565438         1.4847281932         5.1959745615
H63        -1.6264147944         2.3143027013         5.0516990563
H64        -2.5819119400         2.9672483868         2.8641551848
H65        -3.1437157508         3.6284174259         0.7035130374
H66        -3.3719465039         4.3609108514        -1.6493043088
H67        -1.4961203127         4.0471796312        -3.2414433277
H68         0.6030870528         2.9873632091        -2.5035374995
&

