&gen
basis=6-31G**
igeopt=1
dftname=PBE-D3
ifreq=1
&
entry_name: J1_10521_2111.in
&zmat
C1          2.2509528441        -0.6988532768         1.0525161017
C2          1.3552193441         0.0176336411         0.0260015660
C3          1.9225799376         0.1747909154        -1.3816356083
C4          0.9570809175        -0.3097840549        -2.4782972190
C5          3.3277846052        -0.3869778147        -1.6122278288
C6          3.5304478086        -1.7810824325        -1.6620994036
C7          4.8094389937        -2.3087721220        -1.8592737506
C8          5.9030488883        -1.4555799461        -2.0136096365
C9          5.7193466371        -0.0725825117        -1.9738391350
C10         4.4425879710         0.4615175408        -1.7778280875
O11         1.9286871712         1.5822362805        -1.3694677422
P12         1.3130713333         1.8346604651         0.2209149873
C13         2.8693844556         2.6631364040         0.7000463208
C14         3.5757121321         2.2775856274         1.8566904934
C15         4.7818278897         2.8979944120         2.1933205238
C16         5.3041116751         3.9031548284         1.3780354920
C17         4.6211495859         4.2888694649         0.2236424887
C18         3.4136022103         3.6727044666        -0.1159439733
C19         0.5475715879         2.0197584918         1.8902989540
C20        -0.2995874416         1.0296471484         2.4359502483
C21        -0.9141531024         1.2154042490         3.6777057389
C22        -0.7270099569         2.4022735219         4.3841147061
C23         0.0602583509         3.4157274798         3.8413034724
C24         0.6773640445         3.2362325652         2.6011313163
C25        -0.0891046457         2.7845227993        -0.4179766906
C26        -1.2854984473         2.1299371206        -0.7561660919
C27        -2.3748695360         2.8557109121        -1.2462071963
C28        -2.2833769624         4.2413774771        -1.3941082151
C29        -1.1046480096         4.9037047464        -1.0440457521
C30        -0.0126194734         4.1810097784        -0.5544854926
H31         3.2980503651        -0.3357718052         1.0181403027
H32         2.2474432450        -1.7890667493         0.8479191790
H33         1.8640247024        -0.5568824050         2.0803549408
H34         0.3410017362        -0.4300984712         0.0018368840
H35         0.7451002243        -1.3935553162        -2.3656981666
H36         1.3987155192        -0.1312439979        -3.4820196423
H37        -0.0057971064         0.2377894106        -2.4299186606
H38         2.6992188522        -2.4624597234        -1.5358186807
H39         4.9526274672        -3.3811588582        -1.8900827015
H40         6.8929134920        -1.8661424335        -2.1653698963
H41         6.5678886920         0.5881086806        -2.0965684902
H42         4.3359977705         1.5367019248        -1.7596637391
H43         3.1876321349         1.5128511153         2.5144117251
H44         5.3114348140         2.5993456838         3.0887193127
H45         6.2394874149         4.3809330021         1.6391158693
H46         5.0314434823         5.0613697881        -0.4137753024
H47         2.9200546888         3.9692572460        -1.0315294756
H48        -0.5135615752         0.1124205750         1.9150866961
H49        -1.5489596262         0.4400446531         4.0870628517
H50        -1.2081843060         2.5442013327         5.3431586193
H51         0.1837570597         4.3484461650         4.3763968400
H52         1.2484270826         4.0598526190         2.1948390163
H53        -1.3840466470         1.0610350880        -0.6295280811
H54        -3.2923774366         2.3438753379        -1.5062369720
H55        -3.1284550119         4.8026922638        -1.7711474776
H56        -1.0391029884         5.9792932763        -1.1454539586
H57         0.8758807180         4.7196913022        -0.2630193090
&

