&gen
basis=6-31G**
igeopt=1
dftname=PBE-D3
ifreq=1
&
entry_name: J1_10191_2111.in
&zmat
C1          1.4279357717        -0.1969154413        -4.7640500602
C2          2.5447994654        -0.3248818604        -3.7171490010
C3          3.6517105230        -1.2467738613        -4.2458866642
C4          2.0159102991        -0.8598227030        -2.3670621069
C5          1.0015079789         0.0916851084        -1.6899812415
O6          1.5061367418         1.3982757417        -1.5495875352
P7          1.0980109038         1.6245424432         0.1070899006
C8          2.7928766814         2.2071652102         0.4973209786
C9          3.9228997275         1.5584741788        -0.0352496021
C10         5.2125585673         2.0064277423         0.2643586942
C11         5.3956731997         3.1084706658         1.0999207600
C12         4.2885357598         3.7645166512         1.6379675433
C13         2.9975712632         3.3205542784         1.3399230282
C14         0.5736784399         1.5992699210         1.8841571617
C15        -0.7379150239         1.9411890549         2.2882687681
C16        -1.1158491813         1.8840246204         3.6330184228
C17        -0.2083485171         1.4602625179         4.6013194398
C18         1.0763404654         1.0761088762         4.2254551724
C19         1.4607478923         1.1314133467         2.8838966289
C20        -0.0658180547         2.9156453645        -0.4331641100
C21         0.3186554703         4.2671488663        -0.4891762953
C22        -0.5682643106         5.2381673051        -0.9641710024
C23        -1.8360665943         4.8693135394        -1.4168987708
C24        -2.2133216883         3.5257738303        -1.4110575966
C25        -1.3294495192         2.5522445125        -0.9378296179
C26         0.6594662774        -0.1150854919        -0.2234220768
C27         1.4882755951        -1.1478829921         0.5679286890
N28         1.2904426855        -2.4878256314         0.0046972612
C29         2.2328947097        -3.4474435135         0.5868301822
C30         2.1770757332        -4.7306918490        -0.1924097536
C31         2.7978334805        -4.8139786218        -1.4501474181
C32         2.7170267808        -5.9923681655        -2.1982553093
C33         2.0097994700        -7.0905027750        -1.7007655899
C34         1.3780541874        -7.0101309676        -0.4564063135
C35         1.4553772748        -5.8329086853         0.2947630147
H36         0.8929899087        -1.1628982593        -4.8880247509
H37         0.7012734148         0.5870208488        -4.4665829108
H38         1.8530420182         0.1039155460        -5.7453925248
H39         2.9944590804         0.6801405072        -3.5584528907
H40         4.4859678971        -1.3048525107        -3.5143658730
H41         3.2576950254        -2.2711300108        -4.4219045387
H42         4.0612644919        -0.8501811910        -5.1994264652
H43         2.8848474663        -1.0383062047        -1.7049956016
H44         1.5233803919        -1.8423643719        -2.5351978349
H45         0.0624577835         0.1229428820        -2.2843377165
H46         3.8198586168         0.7114281798        -0.6899129639
H47         6.0716163372         1.4980961010        -0.1542337710
H48         6.3952277534         3.4529144229         1.3315520065
H49         4.4299139707         4.6158620035         2.2911705324
H50         2.1588404687         3.8346734002         1.7904954833
H51        -1.4945277702         2.2420396949         1.5863683912
H52        -2.1215750735         2.1601358702         3.9230839698
H53        -0.5062296507         1.4137273135         5.6408177862
H54         1.7747755924         0.7238328208         4.9735627970
H55         2.4547974939         0.7883535496         2.6312307002
H56         1.3074283435         4.5815823903        -0.2016776069
H57        -0.2656569450         6.2769368293        -0.9956796559
H58        -2.5195812576         5.6224130657        -1.7871142544
H59        -3.1896258809         3.2369968241        -1.7783164606
H60        -1.6420944263         1.5178122471        -0.9500239852
H61        -0.4283106460        -0.2898685652        -0.0773407435
H62         1.1470605342        -1.1561434096         1.6245655409
H63         2.5618398035        -0.8668793401         0.5587644921
H64         0.3178378541        -2.8012700495         0.2367468818
H65         1.9898662792        -3.6241287480         1.6592156915
H66         3.2733413599        -3.0548269795         0.5361867226
H67         3.3395425648        -3.9655746730        -1.8509116047
H68         3.1993642188        -6.0527852045        -3.1653024332
H69         1.9470869400        -8.0017010721        -2.2814768094
H70         0.8247120671        -7.8588508618        -0.0756570559
H71         0.9523102672        -5.7808417844         1.2523560149
&

