&gen
basis=6-31G**
igeopt=1
dftname=PBE-D3
ifreq=1
&
entry_name: J1_10525_2111.in
&zmat
C1         -2.3852785741         4.3352365268         1.2332592984
C2         -3.2374956151         3.2825768113         0.5783597009
C3         -4.6198900364         3.5485149577         0.5366633564
C4         -5.5097835059         2.6459643122        -0.0358065304
C5         -5.0398831549         1.4527201846        -0.5647314816
C6         -3.6804110000         1.1551353600        -0.5168985598
C7         -2.7429907412         2.0389439745         0.0619446163
P8         -0.9653592634         1.5255329621         0.0321308249
C9         -0.8148489022         1.7401060271         1.8951607583
C10         0.0113428319         2.7635419290         2.4383264823
C11         0.2440510169         2.8869980723         3.8056498266
C12        -0.3467918828         2.0093627076         4.6963134520
C13        -1.2077238539         1.0292457850         4.2265507691
C14        -1.4862836800         0.8940849111         2.8525301275
C15        -2.4883032465        -0.1841915380         2.5297541801
C16         0.2781427851         2.7711138387        -0.5379317339
C17         1.6258805224         2.6143922062        -0.1415645191
C18         2.6251318761         3.4772583719        -0.5856364756
C19         2.3161326661         4.5122672400        -1.4565935790
C20         1.0083437146         4.6795391004        -1.8994876504
C21        -0.0176468902         3.8076235456        -1.4880939178
C22        -1.3855663017         4.0785491221        -2.0740378373
O23        -1.0466428529         1.0940800508        -1.6362565284
C24        -0.6070380589        -0.2371585893        -1.5485395341
C25        -1.6169112444        -1.1515550783        -2.2252871397
C26        -2.1186673445        -0.7778167495        -3.4871616934
C27        -3.0366008887        -1.5889015244        -4.1600099281
C28        -3.4524974494        -2.7938778140        -3.5926900252
C29        -2.9435473552        -3.1931047923        -2.3561918586
C30        -2.0261556707        -2.3841894637        -1.6791933092
C31        -0.5068422452        -0.2582993840        -0.0392487871
C32         0.9112626557        -0.5650359242         0.4904629284
Si33         1.2999474650        -2.3889931752         0.7095813006
C34         0.0527466568        -3.2436325861         1.8097111615
C35         1.4842089802        -3.2543745607        -0.9369568955
C36         2.9540425035        -2.4929863913         1.5692050490
H37        -2.3275137604         4.1412925358         2.3238025884
H38        -1.3789173898         4.3865284502         0.7939102176
H39        -2.8273037850         5.3447451420         1.0913132628
H40        -5.0157187931         4.4695483498         0.9480337136
H41        -6.5680223936         2.8716549143        -0.0646835828
H42        -5.7328865007         0.7465911655        -1.0039841477
H43        -3.3720557805         0.1998582809        -0.9018324182
H44         0.4614182408         3.5304615773         1.8373702311
H45         0.8840921802         3.6778930821         4.1759600622
H46        -0.1575662768         2.1037232449         5.7579313538
H47        -1.6770867767         0.3722875858         4.9499701666
H48        -2.9626114494        -0.0730191003         1.5516566343
H49        -3.3208565627        -0.1635733997         3.2656308807
H50        -2.0006188839        -1.1776874237         2.5975737664
H51         1.9081252213         1.8750873195         0.5868416121
H52         3.6423114340         3.3510705477        -0.2374527159
H53         3.0926817089         5.1877684972        -1.7917621766
H54         0.7970621890         5.4916096980        -2.5851730924
H55        -1.9072114088         4.8536443258        -1.4787360603
H56        -1.2881687428         4.4665350840        -3.1106731881
H57        -2.0227722713         3.1848402943        -2.1583371375
H58         0.3785735036        -0.3341860284        -2.0538671530
H59        -1.8022179080         0.1486003824        -3.9506198763
H60        -3.4224151312        -1.2840463871        -5.1242052807
H61        -4.1619330010        -3.4224637375        -4.1151741613
H62        -3.2556238721        -4.1347233788        -1.9231013587
H63        -1.6409568916        -2.7368896826        -0.7390631187
H64        -1.2687124899        -0.8983155709         0.4197149988
H65         1.0424346695        -0.1128807630         1.4935721328
H66         1.6901874638        -0.1655372605        -0.1893171457
H67         0.3448540734        -4.3061595992         1.9356998110
H68        -0.9611597086        -3.1954389682         1.3711538498
H69         0.0438188589        -2.7474670985         2.8017628165
H70         0.5401849547        -3.2210074250        -1.5085607602
H71         1.7683032851        -4.3125021001        -0.7641578449
H72         2.2800474391        -2.7526088620        -1.5244914692
H73         3.7252045040        -1.9928573752         0.9480857699
H74         3.2292184399        -3.5576810505         1.7148958328
H75         2.8901316540        -1.9889939861         2.5554036869
&

