&gen
basis=6-31G**
igeopt=1
dftname=PBE-D3
ifreq=1
&
entry_name: J1_10022_2111.in
&zmat
C1         -1.6696134706        -1.0771033634         0.5024635178
C2         -1.0694621443        -2.1098766876         1.1120157571
C3         -1.8382911894        -3.0669580671         1.9788542177
C4         -2.2755400606        -2.4046130901         3.2824348526
C5         -0.8899177785        -0.1252673692        -0.3751930753
C6         -1.4270021783         0.1041533419        -1.7709744814
C7         -2.6815903639        -0.6686527398        -2.2329415607
C8         -2.4418107586        -2.1691347266        -2.4962913659
C9         -1.3362659558        -2.4898042592        -3.5225435653
C10        -1.4947153314        -1.8106617307        -4.8952372579
C11        -2.7621199216        -2.2604891119        -5.6410698749
C12        -2.9403694107        -1.5560584889        -6.9986122501
C13        -1.8396313366        -1.8442424482        -8.0355089670
C14        -1.7317812072        -3.3305018201        -8.3991963092
O15        -0.8255696315        -3.5139718797        -9.4853918386
C16        -1.1517066537        -3.2325175175       -10.8168285256
C17        -0.1266031913        -3.4308631489       -11.8808550813
O18        -2.3145581273        -2.8605636404       -11.1327833897
O19        -1.7395271072         1.4593831499        -1.5891641035
P20        -1.1895834286         1.6267811888         0.0340540854
C21        -2.8702173032         2.1142180605         0.5548693782
C22        -3.5119791967         1.4854403807         1.6398893671
C23        -4.8075785748         1.8550513871         2.0107148024
C24        -5.4818580750         2.8506217234         1.3017414856
C25        -4.8607429777         3.4785624888         0.2206845005
C26        -3.5646011677         3.1125390973        -0.1531083397
C27        -0.4892413559         1.7257226034         1.7396247919
C28         0.4793350837         0.8083826602         2.2038751941
C29         1.0143484458         0.9181855078         3.4905409767
C30         0.6221415326         1.9605297557         4.3283200424
C31        -0.2941257904         2.9071530252         3.8749475427
C32        -0.8340164109         2.8018804714         2.5910033225
C33         0.0152097297         2.8792985084        -0.4654379897
C34        -0.2735573761         4.2489582428        -0.3415375444
C35         0.6656038296         5.2065345933        -0.7356660680
C36         1.8973427084         4.8062279345        -1.2587549280
C37         2.1920969630         3.4469821898        -1.3874585484
C38         1.2559804744         2.4863269383        -0.9937007858
H39        -2.7377681855        -0.9423809997         0.6274345984
H40        -0.0074997052        -2.2862007717         0.9657040835
H41        -1.1876330484        -3.9345362157         2.2205917716
H42        -2.7272969740        -3.4456467013         1.4293275716
H43        -1.3956512006        -1.9878549944         3.8182344591
H44        -3.0017311512        -1.5899025444         3.0801477408
H45        -2.7662127720        -3.1574747142         3.9344486547
H46         0.1897812885        -0.3734558233        -0.4381886868
H47        -0.6155289048         0.0321144737        -2.5267072399
H48        -3.4984449363        -0.5534780254        -1.4898780155
H49        -3.0633061173        -0.1966859473        -3.1626723826
H50        -3.3970042462        -2.6261855134        -2.8299794826
H51        -2.1840304910        -2.6780296770        -1.5458037484
H52        -1.3067186466        -3.5913337607        -3.6711958692
H53        -0.3501627950        -2.2085188687        -3.0952987273
H54        -1.4850439013        -0.7060397589        -4.7855862880
H55        -0.6031740014        -2.0870226254        -5.4958255036
H56        -2.7574860952        -3.3627861986        -5.7741282261
H57        -3.6533726221        -2.0093324824        -5.0290576935
H58        -3.9205276715        -1.8600567898        -7.4268129676
H59        -2.9888627290        -0.4580715819        -6.8298603212
H60        -0.8570931777        -1.4725935955        -7.6771507479
H61        -2.0837639822        -1.2663829764        -8.9524377032
H62        -2.7292304759        -3.7478799146        -8.6596815222
H63        -1.3365151696        -3.8942666892        -7.5291261695
H64        -0.2404747993        -2.6571971769       -12.6692882373
H65         0.8915554909        -3.3513931425       -11.4455737918
H66        -0.2524030801        -4.4366340046       -12.3326420712
H67        -3.0038184382         0.7289088376         2.2202450306
H68        -5.2874913013         1.3712110273         2.8515684692
H69        -6.4854081800         3.1355200452         1.5900205020
H70        -5.3854449726         4.2475086401        -0.3314463320
H71        -3.1099036901         3.6027960279        -1.0038239041
H72         0.8535597929         0.0113114940         1.5871055645
H73         1.7461250267         0.1982013977         3.8338780902
H74         1.0416105247         2.0444505948         5.3225135849
H75        -0.5823980328         3.7297847681         4.5166003322
H76        -1.5234738729         3.5691160984         2.2674374273
H77        -1.2144739420         4.5823157774         0.0707937420
H78         0.4388231120         6.2598969528        -0.6334480156
H79         2.6233738181         5.5488903153        -1.5632660015
H80         3.1466894235         3.1371668633        -1.7926855364
H81         1.5036990743         1.4397826962        -1.1015968858
&

