&gen
basis=6-31G**
igeopt=1
dftname=PBE-D3
ifreq=1
&
entry_name: J1_4639_2111.in
&zmat
C1          6.7642806791        -1.4666496695        -0.0081406354
O2          5.4563104855        -1.9222050249         0.3221276662
C3          4.2935983301        -1.1469390200         0.2002052244
C4          4.3156393462         0.1792352391        -0.2675659918
C5          3.1286361557         0.9100284294        -0.3717817978
C6          1.8974107248         0.3346691399        -0.0180085454
C7          0.6688388699         1.1590761646        -0.1511927563
P8         -0.8542080560         0.5633292845        -0.0646964278
C9         -1.2816435651         0.0195607738         1.6014416627
C10        -2.5320571294        -0.5731560144         1.8342148887
C11        -2.8964683513        -0.9679875192         3.1246993844
C12        -2.0222037129        -0.7571914669         4.1939886195
C13        -0.7861972420        -0.1434038092         3.9747172291
C14        -0.4188978478         0.2530979491         2.6851701348
C15        -2.0285645028         1.8750169207        -0.4523476955
C16        -3.1633438234         1.6087362567        -1.2354816898
C17        -4.0958074219         2.6189903699        -1.4902431481
C18        -3.9130191978         3.8940434611        -0.9487768464
C19        -2.8023953067         4.1576101065        -0.1429913939
C20        -1.8679572174         3.1497316231         0.1135315992
C21        -0.9883110590        -0.7553998999        -1.2902765589
C22        -0.8206800205        -0.4491625820        -2.6494382509
C23        -0.9009135719        -1.4568481801        -3.6148707422
C24        -1.1402083898        -2.7780854752        -3.2287977543
C25        -1.2958053330        -3.0929932972        -1.8763767608
C26        -1.2174062182        -2.0872320380        -0.9082394546
C27         1.8835938429        -0.9913471955         0.4573398324
C28         3.0708998983        -1.7206466086         0.5611052096
H29         6.8129242433        -1.1923129418        -1.0831351626
H30         7.0348886577        -0.5933049215         0.6221525515
H31         7.4913735301        -2.2820603064         0.1836654656
H32         5.2438207054         0.6550029171        -0.5532076110
H33         3.1728803102         1.9293987781        -0.7360267073
H34         0.7847159461         2.1960100444        -0.4390935550
H35        -3.2233849440        -0.7311954664         1.0158372338
H36        -3.8584943868        -1.4331847852         3.2963533859
H37        -2.3057143168        -1.0617055299         5.1931310943
H38        -0.1146579249         0.0308056416         4.8054595631
H39         0.5345499518         0.7424939003         2.5408064618
H40        -3.3353124636         0.6220648147        -1.6441623132
H41        -4.9645828291         2.4110060516        -2.1013299026
H42        -4.6371844918         4.6742202296        -1.1445338203
H43        -2.6693186451         5.1409663325         0.2891368636
H44        -1.0249485395         3.3631281502         0.7582243524
H45        -0.6299909528         0.5703957055        -2.9605032922
H46        -0.7751912133        -1.2137223614        -4.6619816324
H47        -1.2003803343        -3.5581347474        -3.9766509678
H48        -1.4727483778        -4.1180602108        -1.5774321971
H49        -1.3231584622        -2.3572565983         0.1327147884
H50         0.9659439199        -1.4696598062         0.7629296685
H51         3.0408502517        -2.7387728078         0.9283307314
&

