&gen
basis=6-31G**
igeopt=1
dftname=PBE-D3
ifreq=1
&
entry_name: J1_10369_2111.in
&zmat
C1         -2.4498780666        -3.1216008313         0.0259689138
C2         -2.4706807300        -1.6068837790         0.1910783713
O3         -1.2531448980        -1.0339942902        -0.2792337600
C4         -0.0501246107        -1.0738949325         0.4348058225
O5         -0.0201891432        -1.6300194836         1.5688007517
C6          1.2120262216        -0.4222624907        -0.1208397294
C7          2.4648541255        -1.0693476272         0.5259446144
C8          1.2115840183        -0.3481439073        -1.6483700366
C9          2.4596637816        -0.8510182814        -2.3993206096
C10         2.2743329706        -0.7375183536        -3.9167581764
C11         3.5275857078        -1.1636842000        -4.6327843902
C12         4.5508721841        -0.2359256875        -4.8777611485
C13         5.7324049116        -0.6371567895        -5.5070948276
C14         5.9160337869        -1.9759877073        -5.8943129992
C15         7.2049461854        -2.3992167005        -6.5736815207
C16         7.9658013186        -3.4241379771        -5.7243160264
C17         6.9355699583        -2.9410841105        -7.9825262724
C18         4.8924438609        -2.9064150301        -5.6328239039
C19         3.7115897146        -2.5038003859        -5.0031558347
O20         1.1371817442         1.0542093417        -1.7370523467
P21         1.1493542616         1.4227260290        -0.0540313194
C22         2.5716494251         2.5165548226        -0.4172700911
C23         3.9061564584         2.0760515134        -0.3188133574
C24         4.9654124592         2.9046466569        -0.6997873560
C25         4.7112890884         4.1762694746        -1.2115227112
C26         3.3962409299         4.6182639841        -1.3483522678
C27         2.3351071848         3.7923473209        -0.9672406235
C28         1.1685448833         1.5648238379         1.7966089630
C29         2.3082064305         1.9654479322         2.5329083236
C30         2.2765044124         2.0351460409         3.9290325954
C31         1.1153229740         1.7065924555         4.6244796450
C32        -0.0202976385         1.3072701022         3.9253211680
C33         0.0043933439         1.2351499569         2.5311169080
C34        -0.4425473618         2.3322129885        -0.1775435551
C35        -1.4817110260         1.8776619811        -1.0135387241
C36        -2.6876095661         2.5789653948        -1.1009630009
C37        -2.8691963658         3.7559673446        -0.3745466991
C38        -1.8391640444         4.2421964216         0.4303880224
C39        -0.6323810224         3.5441665137         0.5219666769
H40        -1.6481611745        -3.5686884483         0.6497844884
H41        -2.2717851756        -3.3835932099        -1.0384427128
H42        -3.4261389171        -3.5449624518         0.3428406930
H43        -2.6418752863        -1.3342459357         1.2552175058
H44        -3.3087070307        -1.1936812953        -0.4087491320
H45         2.3761978915        -2.1759469009         0.4764667041
H46         3.4141453160        -0.8287874777         0.0289032529
H47         2.5478401075        -0.7846648356         1.5948310242
H48         0.3051156642        -0.7998318630        -2.1058112530
H49         2.6425802167        -1.9161878604        -2.1379820764
H50         3.3455669642        -0.2446247701        -2.1109835019
H51         1.4196763259        -1.3719731698        -4.2396920630
H52         2.0285862341         0.3124942214        -4.1896154162
H53         4.4348132578         0.7983545771        -4.5774214682
H54         6.5055234630         0.0992501972        -5.6876136837
H55         7.8705045178        -1.5144458785        -6.6885244646
H56         8.1510788849        -3.0139159388        -4.7084867532
H57         7.3933845224        -4.3713073877        -5.6305163412
H58         8.9480560126        -3.6504928447        -6.1913910978
H59         6.3816736847        -2.1864110794        -8.5809942204
H60         7.8965042176        -3.1546994870        -8.4975068160
H61         6.3400982360        -3.8778580456        -7.9452422757
H62         5.0075823007        -3.9457764377        -5.9114662583
H63         2.9412637527        -3.2379876322        -4.8017023196
H64         4.1495911249         1.1229962950         0.1036652355
H65         5.9860359996         2.5598773284        -0.5943621691
H66         5.5324215000         4.8156158354        -1.5088304073
H67         3.1966586040         5.5970057879        -1.7652859114
H68         1.3314178218         4.1487946005        -1.1390884757
H69         3.2361101224         2.2303267709         2.0667711529
H70         3.1592065026         2.3448597181         4.4738789938
H71         1.0957421525         1.7620714495         5.7052121240
H72        -0.9242881748         1.0531955866         4.4636583084
H73        -0.9019189243         0.9293563314         2.0266576099
H74        -1.3646346624         0.9962456188        -1.6234526835
H75        -3.4792358955         2.2135843463        -1.7423802422
H76        -3.8029758456         4.2984665073        -0.4463020819
H77        -1.9732974086         5.1642175503         0.9811306954
H78         0.1556867807         3.9534677442         1.1408331023
&

