&gen
basis=6-31G**
igeopt=1
dftname=PBE-D3
ifreq=1
&
entry_name: J1_10538_2111.in
&zmat
C1         -6.8285015641        -2.9295445081        -7.3987259164
O2         -7.6062409798        -2.6151148888        -6.2564122726
C3         -6.8155363486        -2.2427517126        -5.1155470761
C4         -6.2259301514        -3.4783147072        -4.4073985429
C5         -5.5913299731        -3.1812523065        -3.0108654162
C6         -4.1828134683        -3.8051970338        -2.8331115820
C7         -3.7989481534        -4.0465880224        -1.3419473551
C8         -2.2992564966        -3.7201140621        -1.2487591071
C9         -2.1839770371        -2.5098164872        -2.1881655709
C10        -0.7984831489        -1.8879873215        -2.4830217505
C11         0.4004255098        -2.8360006188        -2.3342336169
C12        -0.5613875661        -0.5760836462        -1.6957989909
O13        -1.6974747247         0.2825076889        -1.7509982700
P14        -1.5867563378         0.8550767843        -0.0026763757
C15        -3.2886035486         0.2970452132         0.4262268882
C16        -3.4875092280        -0.9446332002         1.0622248718
C17        -4.7621143376        -1.3310544802         1.4950144373
C18        -5.8567689954        -0.4766010925         1.3074979675
C19        -5.6698791067         0.7525326825         0.6607349047
C20        -4.3986306630         1.1351319403         0.2121503343
C21        -1.0966649418         1.4226071235         1.7784972607
C22        -1.8299804082         1.1640124264         2.9524160149
C23        -1.3736256657         1.5963165148         4.2082989323
C24        -0.1668328782         2.2972083392         4.3227364530
C25         0.5707175755         2.5824295429         3.1631440348
C26         0.1039049303         2.1565631889         1.9125678527
C27        -1.6089684254         2.6248329684        -0.6203439302
C28        -2.1049657201         3.6541332873         0.2103488854
C29        -2.1907383684         4.9697934429        -0.2601134235
C30        -1.7407473999         5.2865655530        -1.5498414657
C31        -1.2322247975         4.2756104094        -2.3739788648
C32        -1.1857319484         2.9497828426        -1.9224581706
C33        -0.3674228573        -0.6257401554        -0.1674252615
C34         1.0546649501        -0.6872752648         0.4017620863
C35         1.2906275367        -1.6859712425         1.5670556768
C36         2.8019492894        -1.7560243821         1.8468312104
C37         0.5332592096        -1.2768166700         2.8357802523
O38         0.8423201211        -2.9758326007         1.0927905374
Si39         0.4166643623        -4.3698697026         1.9533711897
C40         1.6404250679        -4.8037856966         3.3349355423
C41        -1.3256510205        -4.2327891153         2.6897425692
C42         0.4566766263        -5.7242531174         0.6446968457
C43        -3.0056605518        -2.9534696149        -3.4481836879
C44        -2.1733468842        -3.8378277187        -4.3980444990
C45        -3.5313776289        -1.7429847907        -4.2439645009
C46        -4.5490738451        -0.8658720290        -3.4926217921
C47        -5.6064464090        -1.6659016858        -2.6710993266
C48        -7.0735205216        -1.1217593644        -2.7560601402
C49        -7.9143158348        -1.7600733790        -1.6235894841
C50        -7.1742799139         0.4320091356        -2.6411920902
C51        -8.3601493455         0.8683210153        -3.5386446490
C52        -8.4410900955        -0.1947709084        -4.6400837173
C53        -9.1872824264        -1.4703308756        -4.3156554633
C54        -7.6778431682        -1.4200005973        -4.1675506797
H55        -7.5332668467        -3.1146390734        -8.2248133193
H56        -6.2055134868        -3.8370019163        -7.2619070026
H57        -6.1553583458        -2.0933530527        -7.6852667167
H58        -5.9884198510        -1.6016900235        -5.4830809323
H59        -5.4797056196        -3.9515898507        -5.0692800463
H60        -7.0522257992        -4.2035154467        -4.3032060906
H61        -6.2299259569        -3.6776633922        -2.2585301248
H62        -4.2031241986        -4.7860601820        -3.3438274214
H63        -4.0503253384        -5.0677876336        -1.0094133602
H64        -4.3592000175        -3.3494653704        -0.6913022710
H65        -1.6901582727        -4.5686335565        -1.6107357903
H66        -1.9650530300        -3.5044124131        -0.2205219955
H67        -2.7799572012        -1.7053395846        -1.7192943910
H68        -0.8262895467        -1.5491354770        -3.5381153922
H69         0.5258146244        -3.1699916763        -1.2921410989
H70         0.2909413672        -3.7262279517        -2.9733962990
H71         1.3358581785        -2.3298469776        -2.6340530500
H72         0.3313892693        -0.0794696705        -2.1486515589
H73        -2.6427133808        -1.6134652143         1.2497083054
H74        -4.8917882092        -2.2983259216         1.9898265521
H75        -6.8507886335        -0.7674806527         1.6595201002
H76        -6.5195033116         1.4241226679         0.5046368008
H77        -4.2676546701         2.0977170178        -0.2905024559
H78        -2.7787886413         0.6231041001         2.8962900897
H79        -1.9716746588         1.3849225196         5.1007652946
H80         0.1889991919         2.6329040940         5.3014743950
H81         1.5058879519         3.1479762620         3.2314935904
H82         0.6695464362         2.4357163747         1.0151219733
H83        -2.4309096659         3.4244101214         1.2286241135
H84        -2.6015555361         5.7502418731         0.3882207295
H85        -1.7918055078         6.3186222507        -1.9109079278
H86        -0.8828297717         4.5142517839        -3.3831509694
H87        -0.8502675280         2.1473787865        -2.5805596622
H88        -0.9473360460        -1.4748953156         0.2393759818
H89         1.4046339296         0.3041141182         0.7333601122
H90         1.7226593326        -0.9906311026        -0.4246469191
H91         3.3353478417        -2.1268194935         0.9568603416
H92         3.1984277233        -0.7593704442         2.1041974375
H93         3.0156966053        -2.4339423874         2.6878394370
H94        -0.5529808620        -1.2632245971         2.6662731699
H95         0.8278923590        -0.2687948532         3.1633598074
H96         0.7468828404        -1.9779165459         3.6591450983
H97         1.3600702031        -5.7739216800         3.7809482416
H98         2.6649400867        -4.9018933673         2.9408717083
H99         1.6575653964        -4.0613001673         4.1491197387
H100        -1.6142106015        -5.1885275572         3.1600115833
H101        -2.0725322507        -4.0125204621         1.9090060154
H102        -1.3918704766        -3.4473545618         3.4589119775
H103        -0.2259286612        -5.4899801242        -0.1868667981
H104         1.4710859495        -5.8335786799         0.2287508833
H105         0.1546286941        -6.6951716913         1.0714973960
H106        -1.3252423673        -3.2851663949        -4.8383653002
H107        -1.7708200285        -4.7299040731        -3.8890840343
H108        -2.8019143487        -4.1945448682        -5.2331015582
H109        -3.9762133114        -2.1181783231        -5.1842793773
H110        -2.6796069977        -1.1104558215        -4.5573267785
H111        -3.9980820089        -0.1922125431        -2.8156928122
H112        -5.0395565003        -0.2105205374        -4.2328913793
H113        -5.3113895103        -1.5775308744        -1.6096183645
H114        -8.1516461013        -2.8167050312        -1.8233375563
H115        -7.3721955773        -1.7007054044        -0.6650159709
H116        -8.8734574171        -1.2326667231        -1.4894217798
H117        -6.2497109717         0.8991209469        -3.0168639562
H118        -7.2858072573         0.7546793213        -1.5929234393
H119        -8.2029906803         1.8776512862        -3.9543587438
H120        -9.3043923595         0.9118137683        -2.9653044918
H121        -8.3861880979         0.1074894088        -5.6914019844
H122        -9.8165482032        -1.4950430132        -3.4211874891
H123        -9.5632145712        -2.0544753574        -5.1589478064
&

