&gen
basis=6-31G**
igeopt=1
dftname=PBE-D3
ifreq=1
&
entry_name: J1_1922_2111.in
&zmat
C1          6.6358061466         0.5041928926         0.5352510643
O2          5.6022945531        -0.4747643456         0.5665357008
C3          4.2467268624        -0.2036466985         0.3276110446
C4          3.3365251088        -1.2633758686         0.3894130321
C5          1.9657047698        -1.0543168614         0.1678619343
C6          1.0490288276        -2.2508067170         0.1472941685
C7         -0.4395248814        -1.8914473080         0.2250734907
C8         -0.7866177437        -0.7219476949        -0.7250949866
C9          0.0248814043         0.5345774723        -0.3239629446
C10        -0.5200572056         1.2287791169         0.9544882469
C11        -2.0252241669         1.0254139163         1.2098358384
C12        -2.8380408524         0.8388842883        -0.0854736900
C13        -2.8809774357         2.1400251115        -0.9223795694
C14        -2.3182059823        -0.3850513245        -0.8963596475
C15        -3.3026290160        -1.5396829914        -0.5905604279
C16        -4.6360750642        -0.8909424348        -0.2560775243
C17        -4.2473323770         0.4474773070         0.2427233885
O18        -5.0204393918         1.1698720464         0.8546230943
C19         1.5021043286         0.2409497193        -0.1502777890
C20         2.4192017290         1.3038212363        -0.2069277344
C21         3.7778621073         1.0863412246         0.0269364866
H22         6.4457888870         1.2846419607         1.3020797816
H23         7.6056479150         0.0147488239         0.7593019942
H24         6.6947058167         0.9651482471        -0.4733548482
H25         3.7029935803        -2.2602698126         0.6040825927
H26         1.2949596843        -2.9271505452         0.9950066068
H27         1.2356508522        -2.8100493257        -0.7956075149
H28        -0.7074359717        -1.6405944475         1.2729692754
H29        -0.9892020840        -2.8086618110        -0.0726213895
H30        -0.4271841587        -1.0344875624        -1.7332241435
H31        -0.0554011217         1.2445043807        -1.1741402924
H32        -0.3132302923         2.3188193070         0.8765990293
H33         0.0255719095         0.8656824039         1.8543213875
H34        -2.1590695723         0.1293305242         1.8556586642
H35        -2.4170471426         1.8913599354         1.7880005997
H36        -1.8780301494         2.4542427228        -1.2642067263
H37        -3.3053894036         2.9723653189        -0.3205081429
H38        -3.5208268968         2.0062322792        -1.8216840373
H39        -2.4652594341        -0.1522486099        -1.9769547766
H40        -3.0050753129        -2.1047968583         0.3155091961
H41        -3.3939889843        -2.2393552065        -1.4494200292
H42        -5.1791495660        -1.4676990950         0.5241332639
H43        -5.2653030000        -0.7830145075        -1.1655174177
H44         2.0771553676         2.3083245791        -0.4245855253
H45         4.4541073571         1.9285752114        -0.0255101546
&

