&gen
basis=6-31G**
igeopt=1
dftname=PBE-D3
ifreq=1
&
entry_name: J1_452_2111.in
&zmat
C1         -3.3043300357        -0.8041547055        -1.8080099306
C2         -4.2311334878        -0.3436434724        -0.6753686211
C3         -5.5067974968         0.1993653528        -1.2686888806
O4         -5.4906819576         1.1797389013        -1.9974005070
C5         -3.5928093595         0.7313949546         0.2474886293
C6         -2.4385682389         0.2958384679         1.2025262255
C7         -2.5220601460        -1.1573734937         1.6914557864
C8         -1.0329288014         0.6474002110         0.6730714362
O9         -0.7244677863        -0.0832989361        -0.4996742262
C10         0.4097147029        -0.9024355748        -0.3118047122
O11         1.5695677108        -0.0981676718        -0.2336073468
C12         2.6962736165        -0.9137953457         0.0038800686
C13         3.9183611240        -0.0439624203         0.0642250187
C14         4.6488114943         0.2353884423        -1.1029729781
C15         5.7642759387         1.0773702361        -1.0507784941
C16         6.1497879977         1.6552848043         0.1619910199
C17         5.4173681049         1.3963278955         1.3238358571
C18         4.3013324926         0.5549019201         1.2760568416
H19        -2.8339619387         0.0655352127        -2.3148887097
H20        -3.8766730103        -1.3855560613        -2.5630581475
H21        -2.5195304117        -1.4815557792        -1.4204780715
H22        -4.5167131474        -1.2320789865        -0.0737082647
H23        -6.4530513280        -0.2842479037        -1.0480399474
H24        -3.2660389323         1.5989221676        -0.3675387035
H25        -4.4082589009         1.1218520564         0.8982771136
H26        -2.5566581441         0.9199941786         2.1179456064
H27        -2.3385644756        -1.8750329464         0.8670189130
H28        -1.7593793970        -1.3355072992         2.4794074316
H29        -3.5213940869        -1.3544856957         2.1342564918
H30        -1.0049861753         1.7289506063         0.4201329613
H31        -0.2952356900         0.5187396121         1.5029157947
H32         0.4790104271        -1.5772111256        -1.1935961314
H33         0.2837992897        -1.5455865299         0.5929018387
H34         2.5921914288        -1.4604106617         0.9694846596
H35         2.8209517806        -1.6659140703        -0.8092129964
H36         4.3548362231        -0.1974233705        -2.0512591099
H37         6.3274147265         1.2850827975        -1.9514600521
H38         7.0123926720         2.3078980137         0.2003559863
H39         5.7119622302         1.8508948399         2.2608927734
H40         3.7361709879         0.3709613799         2.1815078851
&

