&gen
basis=6-31G**
igeopt=1
dftname=PBE-D3
ifreq=1
&
entry_name: J1_10137_2111.in
&zmat
C1         -1.8324160395        -1.1654036927         0.2944956883
C2         -1.3463906811        -2.2808661535         0.8546295310
C3         -2.2474193786        -3.2288097280         1.5819745857
C4         -0.9390754005        -0.2106130609        -0.4649088072
C5         -1.3362309018         0.0492827946        -1.9012466629
C6         -2.4917399341        -0.7604100295        -2.5302878813
C7         -2.1433869830        -2.2346979888        -2.7997255118
C8         -0.9551281912        -2.3839064491        -3.7142901151
C9          0.3165822127        -2.6644636685        -3.1855853613
C10         1.4235554140        -2.7695177683        -4.0330891858
C11         1.2702900127        -2.5921379007        -5.4108908728
C12         0.0099423739        -2.3065728248        -5.9433249761
C13        -1.0997609539        -2.1994031837        -5.0992616117
O14        -1.7250222004         1.3822517057        -1.7097900232
P15        -1.2658392106         1.5373084661        -0.0566863578
C16        -2.9990130083         2.0459069521         0.3931222705
C17        -3.5730647615         1.3389417433         1.6039492639
C18        -4.8080932250         1.5911897170         2.0859330068
C19        -5.2803751755         0.8287661419         3.2967380812
C20        -5.7160628000         2.6123303504         1.4427620878
C21        -0.6414901488         1.6579950606         1.6781738924
C22        -0.8428130193         2.8499844139         2.4117988276
C23        -0.3769721124         2.9777256145         3.7223339005
C24         0.3179926018         1.9300090247         4.3226877934
C25         0.5616405802         0.7591374416         3.6070337599
C26         0.0988680952         0.6250274584         2.2947248874
C27        -0.0518301290         2.7888811662        -0.5253889856
C28         1.3077681055         2.4516968464        -0.6282073670
C29         2.2458229651         3.4174168233        -1.0044387440
C30         1.8324843705         4.7215233419        -1.2892538080
C31         0.4795556263         5.0604657635        -1.2020162895
C32        -0.4616799808         4.0974268537        -0.8259176878
H33        -2.8987977013        -0.9732480381         0.3481610838
H34        -0.2876752400        -2.5142000637         0.7840180713
H35        -1.6561764452        -4.0836513539         1.9714637076
H36        -2.7335302069        -2.7089187968         2.4346063873
H37        -3.0264499043        -3.6151312756         0.8911866380
H38         0.1408579226        -0.4663232242        -0.4101204700
H39        -0.4437669972         0.0368701371        -2.5650326810
H40        -3.3999473339        -0.7034117072        -1.8941151141
H41        -2.7608321929        -0.2820144725        -3.4972045412
H42        -1.9647792341        -2.7732344722        -1.8473491294
H43        -3.0238978396        -2.7248120240        -3.2690706052
H44         0.4512493543        -2.7934523698        -2.1185778058
H45         2.4009542208        -2.9851812909        -3.6212662338
H46         2.1284557790        -2.6728466136        -6.0654589964
H47        -0.1066455241        -2.1651430678        -7.0100207309
H48        -2.0698561644        -1.9702860861        -5.5226980445
H49        -3.0262957773         3.1406336142         0.5577535633
H50        -3.6784612208         1.8390973227        -0.4605916701
H51        -2.9730199357         0.5940940307         2.1168786026
H52        -6.3081795871         1.1240908344         3.5934750080
H53        -5.2803760455        -0.2601450086         3.0774134409
H54        -4.6004297840         1.0262651902         4.1525363939
H55        -5.9202500849         2.3288193057         0.3890620600
H56        -6.6890412772         2.6824025520         1.9718311861
H57        -5.2395739932         3.6146100628         1.4706602535
H58        -1.3518813351         3.6942127266         1.9697616854
H59        -0.5492459232         3.8951857677         4.2701650817
H60         0.6806349398         2.0308536585         5.3374518682
H61         1.1198174180        -0.0461357821         4.0672244114
H62         0.3472548012        -0.2867424018         1.7841289049
H63         1.6426634348         1.4462353494        -0.4102913148
H64         3.2932642236         3.1545072504        -1.0760429919
H65         2.5596873196         5.4681290710        -1.5810479447
H66         0.1595363630         6.0691436606        -1.4290922026
H67        -1.5058920720         4.3736520541        -0.7740113913
&

