&gen
basis=6-31G**
igeopt=1
dftname=PBE-D3
ifreq=1
&
entry_name: J1_10166_2111.in
&zmat
C1         -4.9954277997         4.3974890310         1.3801518886
C2         -4.5593383386         4.1903488106        -0.0703451244
C3         -3.1043213370         3.7120710406        -0.1915824774
C4         -2.9225173011         2.2565719224         0.2568902840
P5         -1.1856964733         1.6900031361        -0.0212998797
C6         -0.7117104430         1.8985977155         1.7797524985
C7         -1.2124949239         0.8234330908         2.7590930785
C8         -1.0328284380         1.2823448314         4.2117238950
C9         -1.4639862075         0.1965222784         5.1932994816
C10         0.0398965222         2.9948394566        -0.4990598555
C11         1.4213179291         2.4040226656        -0.8114916897
C12         2.4409779536         3.5129109711        -1.0945035389
C13         3.8114701679         2.9299517931        -1.4267154443
O14        -1.5082750369         1.3859605269        -1.6880720739
C15        -1.0521492500         0.0578432675        -1.7368715894
C16        -2.0616274679        -0.8857132680        -2.3662079194
C17        -1.6906605235        -2.2209197509        -2.5996777147
C18        -2.6035728518        -3.1233449022        -3.1528748023
C19        -3.8938678436        -2.7011256880        -3.4811650443
C20        -4.2730496471        -1.3753619033        -3.2575860104
C21        -3.3641707139        -0.4687778181        -2.7034178936
C22        -0.8010845714        -0.0808321877        -0.2503290522
C23        -1.7411974658        -1.0434717144         0.4378805618
O24        -2.9779572311        -0.8015910500         0.5089404033
O25        -1.2268567810        -2.2486628809         0.9274895046
C26        -2.0277656164        -3.2417938680         1.5640329230
C27        -2.3727682028        -2.8238099393         2.9882289433
H28        -4.2861267425         5.0698845979         1.9079235896
H29        -5.0557123808         3.4283745932         1.9167783141
H30        -6.0029975781         4.8637109701         1.3985912638
H31        -4.6537827715         5.1616671764        -0.6026116340
H32        -5.2434860348         3.4681654325        -0.5666886032
H33        -2.4402026215         4.3778082593         0.4014042786
H34        -2.8072234468         3.7977913948        -1.2591590900
H35        -3.2228293351         2.1616096396         1.3165446637
H36        -3.6124854040         1.6108639416        -0.3250634715
H37        -1.0755944821         2.8924853128         2.1225979455
H38         0.3941628157         1.9220652194         1.8735228394
H39        -2.2849325072         0.6012174633         2.5934381870
H40        -0.6176740332        -0.1030004923         2.6147305816
H41         0.0345354624         1.5320669654         4.3985423737
H42        -1.6447325503         2.1926638503         4.3943448390
H43        -0.8289897330        -0.7062474123         5.0713754488
H44        -1.3515225845         0.5696750983         6.2329643737
H45        -2.5279552448        -0.0759835519         5.0265554074
H46        -0.3288283922         3.5274608393        -1.4021147483
H47         0.1291496308         3.7737286935         0.2887672794
H48         1.3476811509         1.7491759132        -1.7042409458
H49         1.7785844224         1.7916983372         0.0430269772
H50         2.0952675624         4.1305269613        -1.9520776286
H51         2.5372357970         4.1701905213        -0.2028540419
H52         4.1912123980         2.3271045105        -0.5743816865
H53         3.7488549258         2.2880625540        -2.3312348025
H54         4.5279401358         3.7546251068        -1.6254897659
H55        -0.0986030468         0.0152743207        -2.3066380742
H56        -0.6957316155        -2.5634694319        -2.3428095957
H57        -2.3109326534        -4.1510157265        -3.3250837025
H58        -4.5998871919        -3.4011379461        -3.9088677501
H59        -5.2731546629        -1.0496536517        -3.5129513859
H60        -3.6836164643         0.5515786582        -2.5400299527
H61         0.2640506667        -0.3000943220        -0.0222462092
H62        -1.4513909886        -4.1900109500         1.6006076067
H63        -2.9552390297        -3.4248829215         0.9788135112
H64        -1.4409543029        -2.6446984203         3.5642394068
H65        -2.9839303312        -1.8976116026         2.9839783943
H66        -2.9524490505        -3.6303883687         3.4841131651
&

