&gen
basis=6-31G**
igeopt=1
dftname=PBE-D3
ifreq=1
&
entry_name: J1_10502_2111.in
&zmat
C1         -5.7395776500        -0.5675417451         0.6420758757
C2         -4.9306294888         0.5406100629        -0.0257631846
C3         -3.4541154423         0.4718945193         0.3814483609
C4         -2.6466503865         1.6044091550        -0.2754741764
P5         -0.8137324640         1.3447492824        -0.2037778086
C6         -0.8077521376         1.4580950088         1.6713717972
C7          0.5186871818         1.8668520275         2.3524871223
C8          0.5135520723         1.4891043025         3.8390285983
C9          1.8059562601         1.9244635311         4.5242819751
C10         0.1594188976         2.9148976763        -0.4008839833
C11         0.0771651706         3.5471302352        -1.8020016617
C12         0.7749591462         4.9152844780        -1.8722281378
C13        -0.0362796534         6.0308589675        -1.2125332775
O14        -0.7801701103         0.9841089611        -1.8914201598
C15        -0.2269443484        -0.3020442146        -1.8132321008
C16        -1.1993858307        -1.3553451452        -2.3640095410
C17        -1.3811952139        -1.2044452627        -3.8777091531
C18        -2.3815709874        -2.2058585999        -4.3887011624
C19        -1.9572444615        -3.4649318324        -4.8451507672
C20        -2.8934918642        -4.4065838668        -5.2838542720
C21        -4.2575090916        -4.1024305622        -5.2596730633
C22        -4.6881667511        -2.8574348143        -4.7928206806
C23        -3.7554322755        -1.9127034744        -4.3538989503
C24        -0.0899877445        -0.3274793202        -0.3145543081
C25         1.3459919587        -0.4200054750         0.1151619659
O26         1.6742272450        -1.2565059952         1.0000635920
O27         2.3067090947         0.4196763940        -0.4579141528
C28         3.6714840638         0.4175337353        -0.0569201650
C29         4.4241485808         1.4912748320        -0.8253729054
H30        -5.6885710370        -0.4703112250         1.7475000016
H31        -6.8019017574        -0.4932427614         0.3276708672
H32        -5.3493717571        -1.5636581986         0.3425045956
H33        -5.0209686513         0.4323309295        -1.1289038535
H34        -5.3547208925         1.5254039062         0.2686100512
H35        -3.3885227125         0.5578414018         1.4864474478
H36        -3.0460204411        -0.5144768279         0.0872253277
H37        -2.9056228698         2.5730372147         0.2030294675
H38        -2.9618605592         1.7053439272        -1.3367339297
H39        -1.1073967161         0.4627723938         2.0637963114
H40        -1.5774590754         2.1799174511         2.0186882175
H41         0.6543089198         2.9666189866         2.2798343308
H42         1.3883124302         1.3876799752         1.8733182657
H43        -0.3468272047         1.9772038971         4.3468368662
H44         0.4076997967         0.3873380720         3.9454716984
H45         1.9257132484         3.0268621100         4.4580972526
H46         1.7745764595         1.6344348035         5.5956269976
H47         2.6800711940         1.4310762912         4.0479458106
H48        -0.2467448945         3.6547968041         0.3167737802
H49         1.2256272961         2.7301600668        -0.1594381999
H50         0.5938220304         2.8820205847        -2.5274000658
H51        -0.9849715417         3.6484814388        -2.1156307224
H52         0.9177606369         5.1809395877        -2.9422818157
H53         1.7820375028         4.8577973685        -1.4044901687
H54        -0.0892915744         5.8877765966        -0.1139554097
H55        -1.0643179301         6.0649771983        -1.6316822401
H56         0.4552689549         7.0072370507        -1.4074812865
H57         0.7436617266        -0.3336936720        -2.3579862664
H58        -0.7970492087        -2.3679445237        -2.1413966967
H59        -2.1883152608        -1.2566023620        -1.8708741588
H60        -0.4038083502        -1.3473133737        -4.3890837891
H61        -1.7324679483        -0.1762019583        -4.1154512672
H62        -0.9040836744        -3.7170288996        -4.8589985795
H63        -2.5617838769        -5.3737865659        -5.6387601135
H64        -4.9808099848        -4.8331280394        -5.5978414247
H65        -5.7451289154        -2.6258178846        -4.7672263034
H66        -4.1023656627        -0.9556706620        -3.9835953668
H67        -0.7299020647        -1.0904647504         0.1804689042
H68         4.1231952057        -0.5756080275        -0.2687882240
H69         3.7443127977         0.6284975025         1.0321988389
H70         4.3653520766         1.2886480604        -1.9157534047
H71         5.4902703772         1.4973284662        -0.5153022792
H72         3.9805422586         2.4879427136        -0.6158301389
&

