&gen
basis=6-31G**
igeopt=1
dftname=PBE-D3
ifreq=1
&
entry_name: J1_9959_2111.in
&zmat
C1          1.1270754681        -4.1383648253         1.5999095583
C2          2.1746881690        -3.4717418514         0.7161554535
O3          1.6000875415        -2.3935621498        -0.0188554433
C4          1.3331800566        -1.1359921210         0.5330715330
O5          1.5165918670        -0.9476771738         1.7656349240
C6          0.6392067141        -0.0807139350        -0.3028257836
C7          1.0732697685         0.1062879608        -1.7468854736
C8          2.2891408365        -0.6868989819        -2.2794959652
O9          3.4173196742        -0.4909229378        -1.4594155378
C10         4.5553985639        -0.5429663583        -2.2898991877
O11         5.3229458338         0.6043783595        -2.1032872959
C12         5.6413339338         1.0777256072        -3.3936731745
C13         5.3816881395         2.5847058142        -3.4426136925
C14         7.1190856977         0.7913203063        -3.6838870990
O15         4.8476016595         0.4533541421        -4.3786890732
C16         4.1439746025        -0.5588550347        -3.7276375435
C17         2.6668891422        -0.2659844149        -3.6951290378
O18         1.9898350859        -1.0296668962        -4.6587429401
O19         1.3911512659         1.4709052941        -1.6355609140
P20         1.0663505670         1.6689571821         0.0420810170
C21         2.8052355275         2.1716821664         0.2421752281
C22         3.7263496103         1.3837177133         0.9561768444
C23         5.0602798772         1.7840995946         1.0756538230
C24         5.4921947826         2.9700349523         0.4799442788
C25         4.5917827209         3.7538370854        -0.2428030330
C26         3.2599958881         3.3517059503        -0.3730088961
C27         0.6004883415         1.7618360944         1.8259011923
C28        -0.5930032567         1.1498689126         2.2693671419
C29        -0.9910756688         1.2305202542         3.6061743392
C30        -0.2276147030         1.9510729227         4.5223099995
C31         0.9234750116         2.6119986249         4.0979957551
C32         1.3274982656         2.5358908497         2.7622396847
C33        -0.1653471905         2.9561245514        -0.2879568539
C34         0.0364825700         4.2792580107         0.1445648652
C35        -0.9246029701         5.2610522342        -0.1125351595
C36        -2.0942402223         4.9328024513        -0.8016595920
C37        -2.3054011558         3.6211279554        -1.2327210533
C38        -1.3470703000         2.6359823237        -0.9770578692
H39         0.7511468975        -3.4253781281         2.3627688865
H40         1.5773570052        -5.0104271535         2.1190591431
H41         0.2759196510        -4.4891677024         0.9788386239
H42         2.5624969342        -4.2220731151        -0.0045056878
H43         3.0282368702        -3.1110109874         1.3305967540
H44        -0.4560511518        -0.2480435696        -0.2725699610
H45         0.2058533066        -0.0190373991        -2.4322923942
H46         2.0389535053        -1.7699878718        -2.2980329066
H47         5.1622543755        -1.4400976090        -2.0373521169
H48         4.3160612176         2.7914380605        -3.2060557568
H49         6.0199252919         3.1133515779        -2.7031025210
H50         5.6012590933         2.9838261483        -4.4560296768
H51         7.3051974544        -0.3034826276        -3.6555604685
H52         7.3978495891         1.1698785538        -4.6906966899
H53         7.7655225168         1.2780968921        -2.9223206676
H54         4.3641413346        -1.5459996657        -4.1932153465
H55         2.4910367005         0.8241911653        -3.8592841731
H56         1.0711179872        -0.6589060746        -4.7165809555
H57         3.4254397181         0.4682310939         1.4318491915
H58         5.7600582316         1.1730171787         1.6308352968
H59         6.5257462998         3.2775196876         0.5716715515
H60         4.9294762136         4.6661230580        -0.7171539539
H61         2.5895902449         3.9558848268        -0.9688961709
H62        -1.2380066792         0.6214293407         1.5852466055
H63        -1.9020907937         0.7431251547         3.9288371875
H64        -0.5403630097         2.0162359874         5.5564183686
H65         1.4979670927         3.1989368424         4.8031129564
H66         2.1945540689         3.1120041458         2.4786660824
H67         0.9274305145         4.5516376033         0.6932913809
H68        -0.7637621979         6.2764380989         0.2259026453
H69        -2.8377323521         5.6940241961        -0.9995414106
H70        -3.2127444874         3.3670461587        -1.7652711190
H71        -1.5302164338         1.6270118082        -1.3196293173
&

