&zmat
 O18            -4.4496662258             3.1737868065            -0.1714272775
 C1             -4.6188372789             2.0408809965            -0.5927317028
 C2             -3.5340819490             1.2077410531            -1.2139069310
 O3             -2.4104009855             1.9101577245            -1.7792465644
 C4             -2.1956397644             1.2025818965            -0.5592360618
 C5             -1.3524533423            -0.0496802741            -0.5979571669
 O17             0.0043112043             0.3416233359            -0.3416597599
 C10             0.8960153906            -0.7749487047            -0.3628412979
 C11             2.2875697249            -0.2632063585            -0.0994442971
 C12             2.5628291164             0.3805631758             1.1187446833
 C13             3.8497117635             0.8607284412             1.3807664680
 C14             4.8675964436             0.7004213087             0.4278658775
 C15             4.5947205417             0.0591786767            -0.7874036648
 C16             3.3047478559            -0.4219494516            -1.0500704555
 O9              0.5700401472            -1.7200924669             0.6549154512
 C8             -0.7512986327            -2.2239629749             0.4581590262
 C6             -1.7834938660            -1.0828803183             0.4595404763
 O7             -3.0824207853            -1.5550895735             0.1016940943
 H19            -5.6119743509             1.5202675725            -0.5180863405
 H20            -3.8508866555             0.2990085688            -1.7442522997
 H21            -2.0563915460             1.8449476407             0.3233130494
 H22            -1.4430973908            -0.5148728522            -1.6045232910
 H27             0.8210187745            -1.2747819707            -1.3585223221
 H28             1.7589432652             0.4972024825             1.8504051207
 H29             4.0620853208             1.3623254130             2.3298194084
 H30             5.8742709559             1.0769343184             0.6340759317
 H31             5.3860932298            -0.0666810693            -1.5322954226
 H32             3.0866400880            -0.9231569532            -1.9992217487
 H25            -0.9430548153            -2.9416156290             1.2743146313
 H26            -0.8363371716            -2.7655268209            -0.5098478339
 H23            -1.7751665847            -0.5848555990             1.4516629949
 H24            -3.3891004502            -2.1317375811             0.8249193714
&

