&zmat
 C2             -3.7424061170            -1.1486867912             0.2999051031
 C1             -2.3992396830            -1.2384309821             0.2391726688
 C3             -1.4745232032            -0.3465198712            -0.5494138781
 C4             -1.9114623491             0.0851793838            -1.9696028494
 C5             -2.7473064479            -0.8673500193            -2.8223180530
 C6             -2.0249026335            -2.2154688826            -3.0599456279
 C7             -0.5809669815            -2.0588070950            -3.4976992184
 C8             -0.2596634826            -1.5038531190            -4.7519376028
 C9              1.0718657842            -1.2774738470            -5.1209333221
 C10             2.1156307242            -1.6059692939            -4.2426797825
 C11             1.8128153831            -2.1751115536            -2.9985142875
 C12             0.4771922560            -2.4005546113            -2.6348878717
 O13            -2.5803089492             1.2977049491            -1.6303872682
 P14            -1.5701774263             1.4974354889            -0.0605970283
 C15            -2.9220871034             2.5221169254             0.6964799501
 C16            -2.6528987544             3.3143844866             1.8334584632
 C17            -3.6402766423             4.1512237647             2.3671883923
 C18            -4.9168432717             4.1932306466             1.7894550438
 C19            -5.1929755083             3.4109766104             0.6604900051
 C20            -4.2015259336             2.5893648602             0.1086960570
 C21            -0.5769338077             1.2636809717             1.5686352004
 C22            -1.1824055624             0.5358098847             2.6184975571
 C23            -0.4876244315             0.2471125904             3.7988635950
 C24             0.8344511784             0.6862069979             3.9633231578
 C25             1.4466506140             1.4180969824             2.9396507696
 C26             0.7474367806             1.7035816152             1.7556051817
 C27            -0.3578829225             2.5462106090            -0.9572679108
 C28             0.7753899282             1.9697943213            -1.5670510466
 C29             1.6637633000             2.7687077263            -2.2995429793
 C30             1.4413952975             4.1469634357            -2.4149475133
 C31             0.3210395417             4.7244669144            -1.8004387352
 C32            -0.5794781405             3.9310038257            -1.0795815620
 H34            -4.3269471178            -1.8615968518             0.8875997631
 H35            -4.2913827145            -0.3582198014            -0.2179997652
 H33            -1.9050426924            -2.0312377226             0.8144719299
 H36            -0.4376576210            -0.7148761205            -0.4645865220
 H37            -0.9863687239             0.2976506815            -2.5508409632
 H38            -2.9459135929            -0.3591799820            -3.7826945457
 H39            -3.7255973446            -1.0582046318            -2.3523020571
 H40            -2.0575251663            -2.8001934232            -2.1231635159
 H41            -2.5883435750            -2.7947447416            -3.8129646338
 H42            -1.0675343203            -1.2312688549            -5.4402000619
 H43             1.2971381881            -0.8379491791            -6.0977919432
 H44             3.1559927022            -1.4247893432            -4.5292751601
 H45             2.6172046983            -2.4453401947            -2.3067622590
 H46             0.2468367536            -2.8445524608            -1.6596160573
 H47            -1.6656681232             3.2814870558             2.3002616030
 H48            -3.4106563364             4.7667721570             3.2423382501
 H49            -5.6918982490             4.8374904294             2.2163574311
 H50            -6.1844194528             3.4440941107             0.1983087565
 H51            -4.3888098117             2.0057808112            -0.7939394767
 H52            -2.2200158620             0.2025107988             2.5154112578
 H53            -0.9825346204            -0.3156578552             4.5972352524
 H54             1.3790905282             0.4647680814             4.8864962428
 H55             2.4742886547             1.7767091638             3.0601834602
 H56             1.2455261282             2.2845189880             0.9742980394
 H57             0.9786866362             0.8986093764            -1.4689840576
 H58             2.5334611075             2.3064228544            -2.7766147255
 H59             2.1395032027             4.7706537392            -2.9815634238
 H60             0.1432627945             5.8011022471            -1.8850044335
 H61            -1.4582302179             4.3857944859            -0.6134742390
&

