&gen
basis=6-31G**
igeopt=1
dftname=PBE-D3
ifreq=1
&
entry_name: J1_10470_2111.in
&zmat
C1         -1.6727035988        -1.1855343202         0.4057588621
C2         -2.9696876491        -1.1843411335         0.7261965243
C3         -0.9474853034        -0.1298245208        -0.4146476727
C4         -1.3622819308         0.1195824381        -1.8484230946
C5         -2.4983069454        -0.7161012836        -2.4751136484
C6         -2.1028112700        -2.1777831357        -2.7467585746
C7         -0.9623698379        -2.2877750608        -3.7261423249
C8         -1.1931925790        -2.1264457456        -5.1024071673
C9         -0.1298929528        -2.1975649513        -6.0077754271
C10         1.1696354423        -2.4241224625        -5.5459354523
C11         1.4084408892        -2.5786557111        -4.1776170939
C12         0.3480789554        -2.5096381211        -3.2689571378
O13        -1.7432400127         1.4637671446        -1.6635023955
P14        -1.2548828982         1.6222665630        -0.0167945236
C15        -2.8672329891         2.3869467305         0.4544772512
C16        -2.9282684056         3.3828061341         1.4562327092
C17        -4.1394619683         3.9907983712         1.7956723444
C18        -5.3112256706         3.6363145873         1.1297381292
C19        -5.2708638122         2.6811566934         0.1153689536
C20        -4.0615889225         2.0702320708        -0.2283334652
C21        -0.6475419250         1.4601125293         1.7234950919
C22        -1.5182484066         1.0126643273         2.7446136952
C23        -1.0651992968         0.8306961561         4.0532829088
C24         0.2719735021         1.0599599274         4.3689792214
C25         1.1612837959         1.4562773472         3.3722312999
C26         0.7140691393         1.6400494927         2.0605868359
C27        -0.0094440513         2.8408899813        -0.5472564831
C28         1.1635894678         2.4101972178        -1.1975452300
C29         2.1096170074         3.3361320157        -1.6455056477
C30         1.8876058042         4.7028128394        -1.4722514749
C31         0.7133908286         5.1451194701        -0.8610989314
C32        -0.2356927372         4.2223220982        -0.4109344436
H33        -1.0702412185        -2.0092614359         0.7770691039
H34        -3.3753286114        -1.9925170921         1.3256786005
H35        -3.6367814372        -0.3976694101         0.4229806269
H36         0.1424649210        -0.3399776748        -0.3683648421
H37        -0.4738508845         0.1032228272        -2.5168770717
H38        -2.7843553183        -0.2420201750        -3.4391550354
H39        -3.4070542401        -0.6996651564        -1.8465767296
H40        -1.8470165036        -2.6929794125        -1.7978422856
H41        -2.9856793090        -2.7114928384        -3.1610403755
H42        -2.1946333395        -1.9431633019        -5.4717566730
H43        -0.3129699668        -2.0739942414        -7.0673284185
H44         1.9917570175        -2.4769297278        -6.2479035895
H45         2.4159321816        -2.7487061672        -3.8205926446
H46         0.5487386547        -2.6202519370        -2.2103531844
H47        -2.0376261929         3.6947378397         1.9852303116
H48        -4.1672021105         4.7427039260         2.5737503654
H49        -6.2486161023         4.1093718911         1.3923378596
H50        -6.1782464635         2.4172435389        -0.4125328869
H51        -4.0765425716         1.3542743293        -1.0336939842
H52        -2.5583955727         0.8059526100         2.5386322662
H53        -1.7528089284         0.5034030784         4.8224664440
H54         0.6225757921         0.9151223962         5.3826597934
H55         2.2054695902         1.6096969937         3.6129434151
H56         1.4548005830         1.9039603181         1.3257511674
H57         1.3598422222         1.3587558886        -1.3477517480
H58         3.0143487719         2.9930029242        -2.1304994951
H59         2.6196737350         5.4192785158        -1.8217814596
H60         0.5323980365         6.2060127212        -0.7454850068
H61        -1.1463155709         4.6025374488         0.0188734092
&

