&gen
basis=6-31G**
igeopt=1
dftname=PBE-D3
ifreq=1
&
entry_name: J1_9989_2111.in
&zmat
C1          2.2531354996        -2.5563065060         3.1343003379
C2          2.2712598071        -3.1487187936         1.7311257864
O3          1.5314644224        -2.3331170144         0.8253545527
C4          1.9808186933        -1.0981725448         0.3361763992
O5          3.1470322268        -0.7052082169         0.6075492357
C6          1.0490232721        -0.2491944364        -0.5199844314
C7         -0.3798713231        -0.8397272311        -0.5278801995
C8          1.5473228634         0.0806028928        -1.9229567645
C9          2.8081954368        -0.6158238441        -2.4881033430
C10         2.6467213296        -2.1298463900        -2.7754915913
C11         1.4769443299        -2.4137466382        -3.7403979663
C12         3.9931742377        -2.7110660083        -3.3174726602
O13         4.0649910450        -2.4789984771        -4.7066822242
C14         4.1753398359        -4.2318423538        -2.9972080361
C15         5.2378762430        -4.8690230716        -3.9185368424
C16         4.5056683177        -4.4875217035        -1.4770801635
O17         5.9061306972        -4.6680313308        -1.2820610717
C18         6.5392159106        -3.5277395042        -0.7294438865
C19         6.2486575356        -3.3705006977         0.7418277012
C20         6.2991093779        -4.4789537662         1.6034382349
C21         6.0554896104        -4.3189545293         2.9710707706
C22         5.7821961994        -3.0506815186         3.4906196890
C23         5.7533810947        -1.9396730591         2.6436954728
C24         5.9894566198        -2.0963408170         1.2749003949
C25         3.8068301274        -5.7563567951        -0.9189138036
C26         2.2933396418        -5.7022536079        -0.9100068952
O27         1.8521248056        -6.7050111342        -1.7694254447
C28         2.9618073366        -7.5486281989        -1.9764914600
C29         2.8263923926        -8.7978811913        -1.0945558825
C30         2.9976760838        -7.9574567894        -3.4513741485
O31         4.1646940633        -6.8839337510        -1.6606056666
O32         1.7872236269         1.4499346953        -1.6813237436
P33         1.1087129369         1.5440713524        -0.0968314282
C34         2.6312550074         2.3303809085         0.6104606946
C35         2.5693310431         3.2232211238         1.7081423766
C36         3.7236952648         3.8188497615         2.2230875293
C37         4.9652932029         3.5498791255         1.6527735620
C38         5.0537717756         2.6869990060         0.5633864105
C39         3.9023524061         2.0899005347         0.0434133246
C40         0.2675540193         1.3251352083         1.5379729785
C41         0.9837356960         0.8255759175         2.6491193545
C42         0.3495722297         0.5898663943         3.8708930104
C43        -1.0188127164         0.8155781986         4.0039515512
C44        -1.7577300403         1.2636471721         2.9104402319
C45        -1.1286187506         1.5021095276         1.6853741052
C46        -0.0859451427         2.7795244353        -0.7419465865
C47        -0.9193338971         2.4827795835        -1.8408590405
C48        -1.8266450611         3.4269751900        -2.3294241961
C49        -1.9091126635         4.6884861986        -1.7426067844
C50        -1.0750513986         5.0112502222        -0.6735571455
C51        -0.1656654389         4.0702153915        -0.1823253647
H52         2.8151954110        -1.6010602732         3.1578303447
H53         2.7311952728        -3.2639980830         3.8435863972
H54         1.2061073186        -2.3755234854         3.4568222559
H55         1.7960310905        -4.1500200303         1.7693266133
H56         3.3143813413        -3.2760945622         1.3775443498
H57        -0.3831891175        -1.8114658361        -1.0638133611
H58        -1.1162909617        -0.1765911482        -1.0138820698
H59        -0.7329032543        -1.0284769436         0.5076309201
H60         0.7385203275         0.0048274221        -2.6790738609
H61         3.6616680083        -0.4758724319        -1.7994497838
H62         3.0836112232        -0.1019489640        -3.4351466797
H63         2.3974824665        -2.6152494853        -1.8166640013
H64         1.5470037855        -1.7739951724        -4.6458638600
H65         0.5043536584        -2.2225461051        -3.2448493371
H66         1.4729308817        -3.4767503852        -4.0569849690
H67         4.8275278797        -2.1687929552        -2.8240578689
H68         5.0039865893        -2.2408177017        -4.9257242566
H69         3.2201415441        -4.7330936884        -3.2524960668
H70         4.8868036176        -4.8705165591        -4.9722541181
H71         6.1943412945        -4.3065054003        -3.8610999248
H72         5.4302764294        -5.9241056586        -3.6367124120
H73         4.1145619580        -3.6429595255        -0.8661691225
H74         7.6353223804        -3.6605152836        -0.8415359576
H75         6.2894312557        -2.6068758506        -1.2918884242
H76         6.5230314207        -5.4651540944         1.2163579469
H77         6.0836764986        -5.1777022762         3.6291060101
H78         5.5936462767        -2.9285565389         4.5492796873
H79         5.5435902757        -0.9572923683         3.0468064751
H80         5.9664824104        -1.2249336445         0.6321034110
H81         4.1551221785        -5.9059026351         0.1274907139
H82         1.8875291771        -4.7273268626        -1.2403922824
H83         1.9038446884        -5.9101755352         0.1097992651
H84         3.6858866764        -9.4828981632        -1.2578904866
H85         2.8084276523        -8.5080366204        -0.0223672202
H86         1.8838679812        -9.3378662543        -1.3283553625
H87         3.0692318268        -7.0567242205        -4.0961403855
H88         2.0724347371        -8.5088327277        -3.7245654731
H89         3.8774435927        -8.6054629722        -3.6533799258
H90         1.6375738906         3.4449712114         2.2057480001
H91         3.6540155522         4.4873859847         3.0715560972
H92         5.8584664555         4.0110684525         2.0540032725
H93         6.0177488772         2.4815700165         0.1157803770
H94         4.0267284706         1.4449137894        -0.8060872009
H95         2.0427671902         0.6258531522         2.5810143877
H96         0.9208676621         0.2225758587         4.7136863939
H97        -1.5098534374         0.6273263778         4.9498930460
H98        -2.8257176816         1.4113430961         3.0064760494
H99        -1.7552953793         1.7918703851         0.8555832745
H100        -0.8678490070         1.5357065273        -2.3468639878
H101        -2.4615259722         3.1813508153        -3.1710277567
H102        -2.6111723778         5.4191282923        -2.1230156585
H103        -1.1296970444         5.9950176326        -0.2253078213
H104         0.4623535778         4.3684064776         0.6341026070
&

