&zmat
 C2             -0.9031086415            -1.8006918248             1.6224938151
 C1             -1.2780848851            -1.3293992508             0.4073410814
 C9             -0.5127174822            -0.3514389404            -0.3985517767
 C10            -0.8580764199            -0.0936927338            -1.8899397896
 C11            -2.1282410625            -0.7669680742            -2.3833300112
 C12            -2.1366104105            -2.1555805054            -2.6154040768
 C13            -3.3110776355            -2.8058908483            -3.0112870312
 C14            -4.4938185460            -2.0715135890            -3.1882873861
 C15            -4.4865179595            -0.6866664649            -2.9772518165
 C16            -3.3096309992            -0.0365577210            -2.5801320755
 O17            -0.9299233839             1.3276762296            -1.8729295225
 P18            -0.8533883670             1.5457370461            -0.0510502214
 C19            -2.6354894390             1.9367283747             0.1540248388
 C20            -3.1436028467             3.1145883736            -0.4276688107
 C21            -4.5116244187             3.4033956394            -0.3582261631
 C22            -5.3901796097             2.5163219035             0.2804804179
 C23            -4.8919143703             1.3403804295             0.8556519561
 C24            -3.5222619331             1.0511472678             0.7985728497
 C25            -0.3091059837             1.4137230797             1.7848095642
 C26            -1.1447415160             1.4470951811             2.9152113861
 C27            -0.6252102334             1.2456935424             4.2047367889
 C28             0.7426260924             1.0137390291             4.3896085811
 C29             1.5948268172             0.9971198010             3.2746342300
 C30             1.0708012315             1.1972736742             1.9927684047
 C31             0.0800045492             3.1456813826            -0.3084233006
 C32             0.7817316186             3.4176685952            -1.4977464641
 C33             1.4563402216             4.6365324487            -1.6602714939
 C34             1.4190349916             5.6067556824            -0.6511616298
 C35             0.7070405335             5.3505728008             0.5306023945
 C36             0.0579694084             4.1241461998             0.7089462299
 C3             -1.7210393704            -2.6358646824             2.5086963231
 C4             -2.8726653233            -3.3334262248             2.0729543923
 C5             -3.6346365703            -4.0859661646             2.9704102918
 C6             -3.2691374995            -4.1669660268             4.3241111389
 C7             -2.1268445485            -3.4874506327             4.7696225401
 C8             -1.3614602320            -2.7349576292             3.8723885844
 H38             0.0639772172            -1.4826659277             2.0333245359
 H37            -2.2640502761            -1.5939098592             0.0092897069
 H44             0.5756315239            -0.4640899795            -0.2511928783
 H45            -0.0193049726            -0.4215887368            -2.5402899749
 H46            -1.2156787113            -2.7320758074            -2.4682407689
 H47            -3.3051444137            -3.8873875523            -3.1809708605
 H48            -5.4143631345            -2.5785455375            -3.4941951808
 H49            -5.4033300805            -0.1053601985            -3.1184113303
 H50            -3.2920993555             1.0431649946            -2.4128186614
 H51            -2.4656089603             3.7978795654            -0.9470430200
 H52            -4.8933762063             4.3234938345            -0.8111858345
 H53            -6.4600177141             2.7411690053             0.3285107845
 H54            -5.5690898968             0.6390518408             1.3525479347
 H55            -3.1473144720             0.1304147591             1.2521503719
 H56            -2.2156348854             1.6349984760             2.8006191165
 H57            -1.2994047428             1.2685933833             5.0670926918
 H58             1.1455879569             0.8548836322             5.3946784623
 H59             2.6691697071             0.8322344106             3.4058828171
 H60             1.7550865545             1.2003218466             1.1348269688
 H61             0.7693093066             2.6719392909            -2.2942290450
 H62             2.0073995052             4.8278721688            -2.5863397068
 H63             1.9398656119             6.5600548678            -0.7833769915
 H64             0.6648542980             6.1047579423             1.3224825603
 H65            -0.4740665061             3.9254837683             1.6436235648
 H39            -3.1612537438            -3.2997282293             1.0172184028
 H40            -4.5189814674            -4.6215838977             2.6108531028
 H41            -3.8677380688            -4.7591544513             5.0226870186
 H42            -1.8305664178            -3.5429436674             5.8219299164
 H43            -0.4790511305            -2.1896448938             4.2253179941
&

