&gen
basis=6-31G**
igeopt=1
dftname=PBE-D3
ifreq=1
&
entry_name: J1_10102_2111.in
&zmat
C1          2.2456870353        -0.5967763288        -0.4519437494
C2          1.0123616090        -0.5166840214         0.4041795038
O3          1.1075221351        -0.8539996695         1.5748488833
C4         -0.3701466608        -0.1730910199        -0.1282219908
C5         -0.5229185917        -0.0400068085        -1.6250660165
C6         -1.3590136398        -1.1267151086        -2.3320829055
C7         -2.8481562336        -1.1473886565        -1.9593002935
C8         -3.5968379258        -2.1162840776        -2.8346828358
C9         -4.1767580805        -1.6821347374        -4.0386355713
C10        -4.8461612069        -2.5899527415        -4.8651991079
C11        -4.9329608934        -3.9365682051        -4.5012629539
C12        -4.3469354087        -4.3785795834        -3.3119183115
C13        -3.6766067014        -3.4741807211        -2.4823840590
O14        -1.1574411973         1.2145959928        -1.6058513080
P15        -0.9777773312         1.5462894858         0.0783082560
C16        -2.7799723163         1.7438823326         0.1852696994
C17        -3.5867675489         0.7086011530         0.6934419538
C18        -4.9790237632         0.8290016963         0.6931087233
C19        -5.5821864241         1.9725635320         0.1663352364
C20        -4.7934464518         2.9939649134        -0.3670452751
C21        -3.4003671018         2.8769592715        -0.3685371335
C22        -0.5882490730         1.7590931517         1.8815908625
C23         0.7638896893         1.9130061450         2.2706615118
C24         1.1213201338         2.0990376356         3.6074659490
C25         0.1385027599         2.1575254674         4.5912765211
C26        -1.2035050950         2.0451094355         4.2363345038
C27        -1.5690528427         1.8596535673         2.8993055035
C28        -0.0474915329         3.0707026630        -0.3021422464
C29         1.0394668613         3.0572394649        -1.1938449746
C30         1.7476443454         4.2305214361        -1.4698963315
C31         1.3772536166         5.4323073492        -0.8639884047
C32         0.2944259841         5.4637458229         0.0160163635
C33        -0.4162595551         4.2931522960         0.2939434416
H34         2.1028559617        -1.3517886153        -1.2528815139
H35         3.1218255074        -0.9041667685         0.1583541262
H36         2.4762659685         0.3895519033        -0.8949633102
H37        -1.1037902268        -0.8883789373         0.2936018753
H38         0.4410541188         0.0641040630        -2.1608964606
H39        -1.2724308404        -0.9542843248        -3.4277019881
H40        -0.9090942440        -2.1203560768        -2.1159969584
H41        -2.9691212749        -1.4566525673        -0.9020959392
H42        -3.2869253046        -0.1329912670        -2.0745350032
H43        -4.1091986819        -0.6430485067        -4.3365067778
H44        -5.2948726412        -2.2500182736        -5.7896241586
H45        -5.4504094000        -4.6381013387        -5.1427780208
H46        -4.4093074578        -5.4228318199        -3.0342453325
H47        -3.2193359610        -3.8308659119        -1.5676703442
H48        -3.1399790208        -0.1786491892         1.1193979003
H49        -5.5902582112         0.0342294601         1.1005766469
H50        -6.6606368441         2.0635504757         0.1636755941
H51        -5.2622952448         3.8717764693        -0.7925595835
H52        -2.8144787378         3.6598245213        -0.8284608365
H53         1.5549391361         1.8928361982         1.5326515656
H54         2.1639117562         2.2038098838         3.8786759274
H55         0.4155961028         2.3045068523         5.6271679613
H56        -1.9678974953         2.1142265278         4.9998506146
H57        -2.6234282925         1.8287909783         2.7022722010
H58         1.3355365935         2.1507470757        -1.6924402632
H59         2.5824214880         4.2081820053        -2.1585029647
H60         1.9268998185         6.3394802513        -1.0792116860
H61         0.0057113836         6.3955904039         0.4847514299
H62        -1.2478495454         4.3389174221         0.9853394239
&

