&gen
basis=6-31G**
igeopt=1
dftname=PBE-D3
ifreq=1
&
entry_name: J1_9801_2111.in
&zmat
C1          1.1128412063        -0.6873432726         1.3893137995
C2         -0.0043267382        -1.1219762307         2.2721335350
C3         -1.2891233194        -1.4585698865         1.7978823067
C4         -2.2965508885        -1.8483218635         2.6846732150
C5         -2.0377760412        -1.9151083177         4.0540075672
C6         -0.7701427014        -1.5910799957         4.5390850790
C7          0.2396646244        -1.1980806567         3.6556841878
P8          1.0306343326        -0.4782965998        -0.2359053943
C9          0.4494942982        -2.0261354737        -1.0437441727
C10        -0.5332063063        -1.7809368719        -2.1567379026
C11        -0.1212089971        -1.1526128263        -3.3445962919
C12        -1.0293719901        -0.9511237497        -4.3882375076
C13        -2.3493217317        -1.3918978422        -4.2634493801
C14        -2.7621316831        -2.0397905400        -3.0964940038
C15        -1.8585819321        -2.2388914914        -2.0480927356
C16         0.1328598372         1.0670141673        -0.6867384470
C17        -1.2329128128         1.1831051608        -0.0693106695
C18        -2.3818719947         0.8638237089        -0.8105828392
C19        -3.6481835075         0.9621779866        -0.2267211942
C20        -3.7787367896         1.4017333824         1.0932924962
C21        -2.6437524885         1.7559644780         1.8272524032
C22        -1.3755518260         1.6562117943         1.2472245702
C23         2.7477215433        -0.2914452387        -0.8582614941
C24         3.3803552805         1.0102076469        -0.4394623501
C25         4.1092587649         1.0990802972         0.7589578757
C26         4.6858733796         2.3128314563         1.1455039728
C27         4.5470069911         3.4438101240         0.3368775887
C28         3.8365831808         3.3615040514        -0.8633335980
C29         3.2593568182         2.1496928559        -1.2541361336
H30         2.0754346703        -0.5394667276         1.8559163891
H31        -1.5362395956        -1.3991021602         0.7524281881
H32        -3.2816886893        -2.0926323089         2.3085640217
H33        -2.8197613083        -2.2158559598         4.7391498955
H34        -0.5692204123        -1.6422873914         5.6013995342
H35         1.2144747940        -0.9476951955         4.0565148959
H36         1.3280738620        -2.5610539677        -1.4618705124
H37         0.0257264587        -2.7131635255        -0.2836288393
H38         0.9002528472        -0.8161371465        -3.4617334197
H39        -0.7082455008        -0.4571316025        -5.2960801467
H40        -3.0505756847        -1.2364706634        -5.0730101743
H41        -3.7828664428        -2.3873164798        -3.0035147226
H42        -2.1948979286        -2.7504733658        -1.1553896696
H43         0.7316963085         1.9345281690        -0.3436315151
H44         0.0711775897         1.1456460001        -1.7915826331
H45        -2.2992615433         0.5499629154        -1.8414467453
H46        -4.5287760481         0.7030487366        -0.8000817700
H47        -4.7596749342         1.4762163355         1.5443310001
H48        -2.7457901176         2.1030977979         2.8472014118
H49        -0.5035227080         1.9283024619         1.8290849959
H50         3.3568241366        -1.1457433638        -0.4927283098
H51         2.7356658254        -0.3568904060        -1.9661120737
H52         4.2419662578         0.2290401604         1.3887813906
H53         5.2439569138         2.3755500883         2.0707417254
H54         4.9939545758         4.3824546605         0.6378737029
H55         3.7329409230         4.2369395168        -1.4912437397
H56         2.7094772422         2.1010871673        -2.1860173616
&

