&gen
basis=6-31G**
igeopt=1
dftname=PBE-D3
ifreq=1
&
entry_name: J1_5775_2111.in
&zmat
C1          0.0135094372         3.5701360285        -2.7858064803
C2          0.2998112884         2.6996732905        -1.5964171986
C3         -0.7950711752         1.6304785117        -1.3917960779
C4         -0.4661114467         0.7050332019        -0.1922217666
C5         -1.5213071943        -0.4138541270        -0.0341098924
O6         -2.7748323397         0.1166834407         0.2686532426
C7         -3.3615710821        -0.7768106517         1.1914025995
C8         -3.8131731913         0.0121786775         2.4244796945
C9         -4.5662025725        -1.4531592645         0.5304089965
O10        -2.4428540904        -1.7711682900         1.5921973400
C11        -1.2104775757        -1.3618034344         1.0936721363
O12         0.8142492460         0.1054797107        -0.4172411806
C13         1.8216216860        -0.0001095873         0.5513731946
C14         3.0863078939        -0.6902191710         0.2177114104
C15         4.1117782487        -0.8153687815         1.1740491892
C16         5.3043942654        -1.4699841255         0.8504077332
C17         5.4861357031        -2.0051095808        -0.4268264947
C18         4.4754265163        -1.8868510022        -1.3834933503
C19         3.2806944173        -1.2333733329        -1.0655284840
O20         1.6566814404         0.4962953678         1.6998037267
O21        -2.0499432576         2.2463208966        -1.2267961600
O22         0.7768463487         4.4777437566        -3.0733311528
H23        -0.8664342299         3.4039148178        -3.3999342265
H24         1.2832912382         2.2085825623        -1.7589367632
H25         0.3763781013         3.3384633731        -0.6897022986
H26        -0.8380772371         1.0038132086        -2.3103712809
H27        -0.4532719269         1.3277098557         0.7310043577
H28        -1.5979483369        -0.9897272616        -0.9844776427
H29        -2.9379092951         0.5061209710         2.8979780811
H30        -4.2817534983        -0.6658495316         3.1697294272
H31        -4.5463068440         0.7961843912         2.1370370099
H32        -5.0544285107        -2.1563573271         1.2388637278
H33        -4.2348208770        -2.0255962496        -0.3621431900
H34        -5.3088530750        -0.6930136153         0.2057001742
H35        -0.6350447857        -2.2397207265         0.7297797547
H36        -0.6473146198        -0.8635467215         1.9123160321
H37         3.9931529833        -0.4087718267         2.1706048936
H38         6.0883482019        -1.5623760561         1.5909861276
H39         6.4099901977        -2.5113600238        -0.6751879684
H40         4.6174863097        -2.3019594354        -2.3729767206
H41         2.5118280099        -1.1539716368        -1.8238117500
H42        -2.0042243715         2.8052496986        -0.4070487706
&

