&gen
basis=6-31G**
igeopt=1
dftname=PBE-D3
ifreq=1
&
entry_name: J1_10384_2111.in
&zmat
C1         -5.1096424628        -2.6717940677        -6.1916820169
C2         -5.0245438492        -2.7704154596        -4.6686315022
C3         -4.0525868272        -1.7486341289        -4.0582723395
C4         -2.5795008215        -2.1027745968        -4.3286255853
C5         -1.6071195077        -1.0795773906        -3.7202948568
C6         -1.4850007694        -1.2155355474        -2.1960703658
C7         -0.4551114668        -0.2224564005        -1.6346032502
O8         -0.9428015611         1.0908240664        -1.7056137263
P9         -0.9230279085         1.4508895197        -0.0221778172
C10        -2.7020782992         1.7829328250        -0.0282761307
C11        -3.1945090635         3.0778512209        -0.2625877641
C12        -4.5716811549         3.3182997881        -0.2733210806
C13        -5.4678502606         2.2714097946        -0.0459538618
C14        -4.9875133073         0.9837225372         0.2019666377
C15        -3.6113820788         0.7399661550         0.2158519378
C16        -0.9665569911         1.7186522776         1.8028194161
C17        -1.0500181792         3.0317234942         2.3217736190
C18        -1.1298740133         3.2591362452         3.6975552695
C19        -1.1574480300         2.1841298749         4.5837462758
C20        -1.1218801541         0.8796483551         4.0938417456
C21        -1.0428424832         0.6448395348         2.7181033510
C22         0.2887992965         2.7866334976        -0.3135700970
C23         0.0699889854         3.7293526940        -1.3356448370
C24         1.0013332011         4.7422375084        -1.5811645419
C25         2.1671989261         4.8221387875        -0.8179693629
C26         2.4061926112         3.8856151501         0.1888690512
C27         1.4783626420         2.8704985061         0.4373855609
C28        -0.3245432026        -0.2711796740        -0.1333835416
C29         1.1262536241        -0.4573816067         0.3474287223
Si30         1.6999761026        -2.2439256427         0.2415856958
C31         2.0994563104        -2.7184591177        -1.5209542038
C32         0.4072997661        -3.4032205566         0.9316609392
C33         3.2552085773        -2.4117181931         1.2598625481
H34        -5.9129928415        -3.3442274362        -6.5596992410
H35        -4.1556474945        -2.9871296634        -6.6618841131
H36        -5.3504896050        -1.6327605166        -6.5017556421
H37        -4.7296009543        -3.8018808027        -4.3770278664
H38        -6.0381404291        -2.5815897995        -4.2528225720
H39        -4.2788715624        -0.7330962877        -4.4510442053
H40        -4.2322388682        -1.7327386207        -2.9630975724
H41        -2.3526057522        -3.1185916081        -3.9369500859
H42        -2.4048004969        -2.1177331920        -5.4249464713
H43        -1.9294581854        -0.0491212374        -3.9871188038
H44        -0.6044231278        -1.2458844295        -4.1720862845
H45        -2.4696818951        -1.0303779781        -1.7226231907
H46        -1.1694998040        -2.2498012138        -1.9423961068
H47         0.5185062700        -0.2945683161        -2.1679915374
H48        -2.5223720627         3.9080391417        -0.4167537502
H49        -4.9441545811         4.3184587725        -0.4533259939
H50        -6.5336486948         2.4595109413        -0.0541047965
H51        -5.6816373734         0.1743863600         0.3879244052
H52        -3.2604112883        -0.2600375404         0.4275903185
H53        -1.0607614712         3.8891052299         1.6625620073
H54        -1.1798952452         4.2720129340         4.0758457896
H55        -1.2225012367         2.3615294047         5.6494531638
H56        -1.1666427216         0.0451696030         4.7818909507
H57        -1.0537218819        -0.3820984136         2.3965854480
H58        -0.8127441703         3.6749143261        -1.9583581819
H59         0.8213663025         5.4622898670        -2.3689498289
H60         2.8874950003         5.6068396750        -1.0098528189
H61         3.3115372166         3.9462663161         0.7789055479
H62         1.6848840399         2.1664888161         1.2305590608
H63        -1.0313308600        -0.9918585493         0.3243406163
H64         1.2085571438        -0.1647929072         1.4122567622
H65         1.8308242251         0.1688474703        -0.2392027912
H66         2.5707587433        -3.7224544984        -1.5318374001
H67         1.1737480593        -2.7469363212        -2.1279948802
H68         2.8024589356        -1.9765571102        -1.9518936458
H69        -0.4867969715        -3.4017562401         0.2758154486
H70         0.1210001362        -3.0712604348         1.9507205164
H71         0.8228923318        -4.4304566094         0.9798200926
H72         3.6185063157        -3.4586687887         1.2107406717
H73         4.0335570952        -1.7302310330         0.8594777179
H74         3.0366071113        -2.1447792340         2.3141750122
&

