&gen
basis=6-31G**
igeopt=1
dftname=PBE-D3
ifreq=1
&
entry_name: J1_10488_2111.in
&zmat
O1          4.6982436954         0.5303804821        -0.2191578993
C2          3.6398534272        -0.2318223388         0.2943979988
C3          2.3043515352         0.2789421171        -0.2540125818
C4          1.1310247206        -0.5163401993         0.3407630737
C5         -0.3057214039        -0.1533547000        -0.1201604877
C6         -0.5532585490        -0.1213591535        -1.6098838548
C7         -1.5742435737        -1.1388495084        -2.0764608330
C8         -1.3274394113        -2.5080404493        -1.8734840587
C9         -2.2466387584        -3.4662232389        -2.3106538454
C10        -3.4131517865        -3.0690157632        -2.9680286976
C11        -3.6581664138        -1.7132546929        -3.1973171676
C12        -2.7409921020        -0.7511197830        -2.7642419882
O13        -1.0586029344         1.1950704602        -1.6464804816
P14        -0.8983433245         1.5638615674         0.0287259643
C15        -2.6991264132         1.8463434793         0.0852170376
C16        -3.5846741689         0.7510189261         0.1223401516
C17        -4.9673874706         0.9496112167         0.0978288384
C18        -5.4867203206         2.2412749032         0.0102155997
C19        -4.6226464853         3.3341274882        -0.0679878734
C20        -3.2382295052         3.1392130154        -0.0454957809
C21        -0.6368205709         1.6576071131         1.8601845009
C22         0.5903623227         2.1080550789         2.4047988331
C23         0.8089654154         2.1217738418         3.7844660493
C24        -0.1737681920         1.6559826871         4.6539539478
C25        -1.3696316331         1.1575163766         4.1431403416
C26        -1.5939580276         1.1408762539         2.7636996008
C27         0.0814606152         3.0703700017        -0.3681814258
C28        -0.0921635545         4.2612907419         0.3702782142
C29         0.6281366665         5.4152745154         0.0513957955
C30         1.5234510549         5.4087043605        -1.0176078752
C31         1.6959057323         4.2490139526        -1.7727253277
C32         0.9771344228         3.0923089180        -1.4586341116
H33         4.8372709555         0.2294745485        -1.1550798629
H34         3.7794689743        -1.3069797442         0.0376063482
H35         3.6465292884        -0.1389877937         1.4016457767
H36         2.3276274060         0.1852029716        -1.3576216340
H37         2.2190543649         1.3431599291         0.0171721343
H38         1.1700438487        -0.4437212410         1.4481582842
H39         1.2873811439        -1.5896124639         0.0971562414
H40        -1.0170221481        -0.8246042750         0.4076793302
H41         0.3595693358        -0.1938896994        -2.2322550119
H42        -0.4243610676        -2.8328172265        -1.3721857293
H43        -2.0529144770        -4.5175986345        -2.1417675577
H44        -4.1239543696        -3.8121067564        -3.3056486564
H45        -4.5583363103        -1.4071600815        -3.7145081497
H46        -2.9507470479         0.2920382345        -2.9621134627
H47        -3.2123807262        -0.2607558094         0.1827969910
H48        -5.6362791619         0.0998088014         0.1412692567
H49        -6.5579067923         2.3944014262        -0.0120788147
H50        -5.0257926351         4.3342351882        -0.1622520750
H51        -2.6070597667         4.0025294752        -0.1628054211
H52         1.3947992639         2.4528398535         1.7757565767
H53         1.7489698270         2.4858825678         4.1787968385
H54        -0.0009518626         1.6632158911         5.7223774888
H55        -2.1215137045         0.7674385466         4.8171754827
H56        -2.5129208203         0.6964162699         2.4260700391
H57        -0.7758636796         4.2983154128         1.2081518939
H58         0.4905894049         6.3164324146         0.6348902386
H59         2.0807034159         6.3033970308        -1.2633827673
H60         2.3863040481         4.2459795434        -2.6063350742
H61         1.1344230346         2.2167121262        -2.0709900238
&

