&gen
basis=6-31G**
igeopt=1
dftname=PBE-D3
ifreq=1
&
entry_name: J1_99_2111.in
&zmat
C1          1.0897161022         2.0206287764         1.3597311270
C2          1.6097966039         0.8412656161         0.9931076766
C3          3.0905268160         0.7358004668         0.7317080873
C4          3.3793988414         0.9398310158        -0.7626143503
C5          4.8822476080         0.9439163485        -1.0792067207
C6          5.5167201205        -0.4402604962        -0.9469727610
C7          0.7767821302        -0.3681513448         0.7690790604
P8         -0.7981034472        -0.3158528578         0.3245455208
C9         -1.8811792266         0.1034719515         1.7034330498
C10        -3.2508549782         0.3001606891         1.4713693485
C11        -4.1123035779         0.5852319753         2.5347615975
C12        -3.6146054695         0.6575986097         3.8384290390
C13        -2.2561190931         0.4368556801         4.0805717772
C14        -1.3919341080         0.1512425381         3.0190787554
C15        -0.9212307572         0.8549815870        -1.0430939891
C16        -1.5840602611         2.0833489069        -0.8916475753
C17        -1.6287447313         2.9933399854        -1.9523044260
C18        -1.0028879837         2.6890130588        -3.1641077525
C19        -0.3262425337         1.4759740811        -3.3151680595
C20        -0.2803512769         0.5639265908        -2.2570921718
C21        -1.3262291925        -1.9517085477        -0.2178286747
C22        -2.1940335709        -2.0933339533        -1.3125758648
C23        -2.6405895878        -3.3610908954        -1.6976987016
C24        -2.2418812710        -4.4920808805        -0.9805890324
C25        -1.4044553574        -4.3553982139         0.1295071546
C26        -0.9559234945        -3.0891267725         0.5170937874
H27         1.7219247499         2.8911037103         1.4823328131
H28         0.0352524992         2.1464413995         1.5536183645
H29         3.4459410280        -0.2652819836         1.0553863677
H30         3.6476553468         1.4901925496         1.3307467461
H31         2.8713743675         0.1498839054        -1.3589962886
H32         2.9583163502         1.9200112570        -1.0782372753
H33         5.4117808049         1.6623105381        -0.4163858466
H34         5.0187675568         1.2901382671        -2.1266636222
H35         5.5213715385        -0.7716591828         0.1118748840
H36         6.5686736114        -0.3986308962        -1.2999337014
H37         4.9662457673        -1.1812070720        -1.5648755957
H38         1.2922151218        -1.3140215890         0.6688878526
H39        -3.6506546530         0.2341075983         0.4671625112
H40        -5.1664265735         0.7451335862         2.3486851841
H41        -4.2825151605         0.8766779772         4.6614085172
H42        -1.8734244321         0.4815130808         5.0919993484
H43        -0.3466121528        -0.0317181398         3.2288395679
H44        -2.0548212743         2.3490303056         0.0443238659
H45        -2.1428078166         3.9381928147        -1.8322611381
H46        -1.0363247769         3.3957710096        -3.9830939844
H47         0.1664187597         1.2441678520        -4.2505153473
H48         0.2565049187        -0.3681365762        -2.3822644994
H49        -2.5331348464        -1.2276815835        -1.8656889692
H50        -3.3024280262        -3.4658366777        -2.5476662662
H51        -2.5907034616        -5.4724956977        -1.2781117095
H52        -1.1089891866        -5.2299569921         0.6945577343
H53        -0.3270583638        -2.9976333763         1.3933545853
&

