&gen
basis=6-31G**
igeopt=1
dftname=PBE-D3
ifreq=1
&
entry_name: J1_10241_2111.in
&zmat
C1         -0.2563109108        -5.4607694792        -0.6219002239
C2          0.1652736858        -4.6465863532        -1.8418348744
C3          0.5703359194        -3.2238523210        -1.4418590770
C4          0.9555531633        -2.3918267149        -2.6723677595
C5          1.5674055501        -1.0293573601        -2.3070147489
C6          0.5388336585        -0.0278691890        -1.7439929446
O7          1.0859576100         1.2713708297        -1.7238664680
P8          0.8971387214         1.5883023386        -0.0405984768
C9          2.6912295213         1.8755955998         0.0568165876
C10         3.2233772091         3.1592728677        -0.1472351881
C11         4.6047660452         3.3628460200        -0.1421035187
C12         5.4729270230         2.2858276794         0.0396686217
C13         4.9697569475         0.9927913034         0.2080724132
O14         5.8808251723        -0.0612232051         0.3730629362
C15         5.5095693084        -1.4256871292         0.5422908732
C16         3.5765178425         0.7916908066         0.2049444154
C17         0.5571882179         1.6481382216         1.7804753143
C18        -0.7537386371         1.9146262454         2.2376903811
C19        -1.0599508603         1.9157648203         3.5978518836
C20        -0.0737633390         1.6339173485         4.5389736326
C21         1.2323713212         1.3343932594         4.1201904456
O22         2.2579054294         1.0254878554         5.0267486684
C23         2.0963841875         0.9823556079         6.4407434783
C24         1.5345009970         1.3345992413         2.7525959129
C25        -0.0775994984         3.1102477877        -0.3814564509
C26         0.0832172504         4.2580359017         0.4224089919
C27        -0.6534397069         5.4162814145         0.1727295314
C28        -1.5497641465         5.4620526720        -0.8939293130
C29        -1.7027827171         4.3457433119        -1.7337569192
O30        -2.5737614515         4.3471675176        -2.8336385799
C31        -3.3895925113         5.4509534811        -3.2122148804
C32        -0.9604513903         3.1867755365        -1.4769534746
C33         0.2985957383        -0.1191032445        -0.2535621826
C34        -1.1269716822        -0.3974857745         0.2104334687
C35        -1.3028897853        -1.1663650871         1.3782540853
C36        -2.5810912150        -1.4267764114         1.8781678296
C37        -3.7044004636        -0.9256428482         1.2206393261
C38        -3.5504628449        -0.1656022280         0.0608071484
C39        -2.2737091581         0.0984092005        -0.4438048187
H40        -0.5433874723        -6.4852166711        -0.9396517919
H41        -1.1282979674        -4.9857941844        -0.1233922805
H42         0.5836842508        -5.5350367247         0.1012701004
H43         1.0210865527        -5.1560199992        -2.3360373227
H44        -0.6837959635        -4.6070917125        -2.5587502685
H45        -0.2885846206        -2.7455830612        -0.9301831094
H46         1.4298021891        -3.2708064234        -0.7372602517
H47         1.7116464466        -2.9545182223        -3.2629723991
H48         0.0650080488        -2.2445594901        -3.3219912653
H49         2.4243647694        -1.1697322628        -1.6167826625
H50         1.9841193366        -0.5931815812        -3.2409373058
H51        -0.3803618438        -0.0326366095        -2.3637034399
H52         2.5840550756         4.0060582378        -0.3381687805
H53         5.0041802626         4.3573679376        -0.2938140852
H54         6.5423563547         2.4544665548         0.0384599204
H55         4.9003221420        -1.5441941085         1.4632580128
H56         6.4267440565        -2.0414455678         0.6415462985
H57         4.9379063718        -1.7786964290        -0.3421986795
H58         3.1799850914        -0.1989602637         0.3533764238
H59        -1.5559258429         2.1111860836         1.5394214914
H60        -2.0705866756         2.1277410768         3.9224163423
H61        -0.3391766009         1.6399529817         5.5872066490
H62         1.7830233655         1.9780147038         6.8197812673
H63         1.3434406613         0.2137855908         6.7156991432
H64         3.0656171190         0.7132700871         6.9081881094
H65         2.5410378957         1.0729473192         2.4844480317
H66         0.7761416870         4.2585614524         1.2538118413
H67        -0.5269406731         6.2830449828         0.8086165894
H68        -2.1083699090         6.3721440117        -1.0642970166
H69        -3.9761702803         5.1761119021        -4.1126129397
H70        -4.0943772686         5.7037292916        -2.3920860485
H71        -2.7549060848         6.3290863581        -3.4556369428
H72        -1.0644108785         2.3628143227        -2.1638383949
H73         1.0089772125        -0.8204494898         0.2322946530
H74        -0.4457039564        -1.5557916486         1.9137045062
H75        -2.6996369497        -2.0143503085         2.7793092054
H76        -4.6942574237        -1.1264784780         1.6094630522
H77        -4.4231051560         0.2212431099        -0.4495431802
H78        -2.2046990324         0.6829281189        -1.3420752548
&

