&gen
basis=6-31G**
igeopt=1
dftname=PBE-D3
ifreq=1
&
entry_name: J1_10471_2111.in
&zmat
C1          0.7307313690        -4.9184503181        -8.6323339420
O2          0.3960105044        -4.2911290821        -7.4004841032
C3         -0.7776349571        -4.5855654977        -6.7007200086
O4         -1.6054915275        -5.4222436688        -7.1545974168
C5         -1.0739925906        -3.8638191030        -5.4248289120
C6         -1.7900085126        -2.5390375316        -5.7146230246
C7         -2.1731244654        -1.7943419345        -4.4298823119
C8         -0.9380901618        -1.2715686011        -3.6895355152
O9         -0.5462602263        -2.1251440122        -2.6367049995
C10        -1.1515932331        -0.9059491828        -2.2695703052
C11        -0.1365036350         0.0672887960        -1.6627250714
O12        -0.6516247066         1.3706324037        -1.6918926660
P13        -0.7011445839         1.6532411978         0.0056913053
C14        -2.5147929557         1.7720915394        -0.0376681165
C15        -3.1556139254         2.6493047094        -0.9308646353
C16        -4.5511073794         2.7036841803        -0.9931239607
C17        -5.3218919054         1.8647721233        -0.1859451890
C18        -4.6978633436         0.9568505911         0.6715746897
C19        -3.3029535920         0.8987833338         0.7358012421
C20        -0.7006551310         1.8688025993         1.8468887292
C21        -1.1481750625         3.0825589696         2.4179534239
C22        -1.1743463808         3.2684264341         3.8022833924
C23        -0.7893873494         2.2370134043         4.6542010847
C24        -0.4048764752         1.0089165075         4.1225207202
C25        -0.3776021731         0.8168882269         2.7380726786
C26         0.3456996664         3.1294232519        -0.2531670703
C27         1.7351872955         3.0030377975        -0.4414422350
C28         2.5309389346         4.1278963173        -0.6780928021
C29         1.9502421440         5.3930577030        -0.7585401161
C30         0.5698258221         5.5322860382        -0.6207529693
C31        -0.2287271604         4.4095436564        -0.3857929265
C32        -0.0482469742        -0.0447346395        -0.1655981517
C33         1.3614728785        -0.2640708751         0.3194966290
O34         1.9817556376        -1.2542594136        -0.0334375640
H35         1.7036256507        -4.5234715293        -8.9900311516
H36         0.8186922719        -6.0161981277        -8.4884369169
H37        -0.0480007061        -4.7006652786        -9.3936908503
H38        -0.1171539989        -3.6723712289        -4.8940267260
H39        -1.7097369916        -4.5047476451        -4.7754852917
H40        -2.7212335796        -2.7481522028        -6.2860648360
H41        -1.1436290382        -1.8885534879        -6.3448881567
H42        -2.8017336413        -0.9203867192        -4.7044741597
H43        -2.7876779201        -2.4583380896        -3.7810887900
H44        -0.0750890358        -0.8304838595        -4.2333178123
H45        -2.1574348297        -1.0508007526        -1.8183567849
H46         0.8542716121         0.0419611704        -2.1724529413
H47        -2.5826532694         3.2683507708        -1.6064928038
H48        -5.0351181303         3.3866954910        -1.6792006681
H49        -6.4021642847         1.9056064862        -0.2382610081
H50        -5.2951592712         0.2909368229         1.2808474233
H51        -2.8408923259         0.1700458158         1.3883198861
H52        -1.5183967174         3.8855383894         1.8061934410
H53        -1.5112973788         4.2107806708         4.2147952811
H54        -0.8154940059         2.3802466627         5.7267130989
H55        -0.1426268108         0.1945585268         4.7858168792
H56        -0.1337523231        -0.1737972652         2.3991804098
H57         2.2166910000         2.0428970049        -0.4457454524
H58         3.5988482324         4.0153507529        -0.8145113447
H59         2.5673466458         6.2624969439        -0.9448199650
H60         0.1154030751         6.5112829944        -0.7025104827
H61        -1.2927900788         4.5578633987        -0.2996853991
H62        -0.7486524525        -0.7993296425         0.2547418061
H63         1.8236555208         0.4222229780         1.0198195824
&

