&zmat
 C4             -2.7723476036            -2.2200749322             3.2399508364
 C3             -2.3566910930            -2.7280551433             1.8461258265
 C2             -1.9751115259            -1.6029492909             0.9269705242
 C1             -0.7402380026            -1.3942594720             0.4317514468
 C5             -0.3234535117            -0.2736615162            -0.4664325041
 C6             -0.6317059727            -0.2620653690            -1.9875862182
 C7             -1.8826294685            -1.0491776403            -2.3969374069
 C8             -2.3467831473            -0.6886762450            -3.8154975328
 C9             -3.7616494522            -1.1838348823            -4.1622362482
 C10            -4.8400147199            -0.4839388200            -3.3337911739
 O11            -6.1677740653            -0.9781339197            -3.6603028637
 C12            -6.7797412296            -0.3614444975            -4.7140069697
 C13            -8.1440617273            -0.9717177793            -4.9521712633
 O14            -6.2881837343             0.5541070639            -5.3567357045
 O15            -0.8048861927             1.1412767453            -2.1499410846
 P16            -0.9998804196             1.5241207932            -0.3407309712
 C17            -2.7365257843             2.0915399807            -0.6547370269
 C18            -1.0693255616             1.5293967144             1.5804751804
 C19             0.1468703724             1.3765984109             2.2813698447
 C20             0.1833435041             1.2685845656             3.6761178603
 C21            -1.0083485524             1.3138133934             4.4169100406
 C22            -2.2257708298             1.4668486408             3.7431995752
 C23            -2.2523283700             1.5665090992             2.3416935638
 C24             0.1485178037             2.9768771295            -0.4665079911
 C25             1.1250743015             3.0341612271            -1.4778886286
 C26             1.9945269275             4.1300754047            -1.5613760664
 C27             1.8768983941             5.1945922257            -0.6584019899
 C28             0.8896073870             5.1571377878             0.3369675865
 C29             0.0409079207             4.0491320222             0.4429400908
 H34            -3.0649173942            -3.0557135852             3.8965394431
 H35            -1.9458654758            -1.6689912233             3.7163440427
 H36            -3.6271110943            -1.5264406600             3.1713261660
 H32            -1.5113973579            -3.4335392029             1.9387987646
 H33            -3.1964294498            -3.2998046306             1.4050297379
 H31            -2.7698371540            -0.8755765078             0.7072160484
 H30             0.0461242432            -2.1126709301             0.7048479224
 H37             0.7631353050            -0.0990170506            -0.3435073201
 H38             0.2350257799            -0.6134118987            -2.5884272070
 H39            -2.6804102786            -0.8219664750            -1.6672614958
 H40            -1.6932248924            -2.1345601722            -2.3027566295
 H41            -1.6293166830            -1.0952551082            -4.5512980045
 H42            -2.3011082584             0.4107323553            -3.9193804476
 H43            -3.9737335986            -0.9836962169            -5.2264169185
 H44            -3.8428492037            -2.2761065038            -4.0111797986
 H45            -4.7333126367            -0.6915391321            -2.2576830658
 H46            -4.8077014383             0.6059790532            -3.5017510140
 H47            -8.0471206604            -2.0500794745            -5.1537914527
 H48            -8.6228489145            -0.4722724552            -5.8034090462
 H49            -8.7699227360            -0.8639222938            -4.0520649229
 H50            -3.4346514078             1.2430726183            -0.5780146726
 H51            -3.0389150675             2.8729498251             0.0577853901
 H52            -2.7620947161             2.4678741953            -1.6846578721
 H53             1.0911994785             1.3589642978             1.7239465595
 H54             1.1440678565             1.1548796418             4.1888690071
 H55            -0.9854392147             1.2348231585             5.5080177680
 H56            -3.1639496190             1.5020347522             4.3065875654
 H57            -3.2246889658             1.6659293507             1.8496413256
 H58             1.1680483982             2.2220856497            -2.2068849318
 H59             2.7590279156             4.1557423857            -2.3441130266
 H60             2.5505715673             6.0541904116            -0.7306394124
 H61             0.7862585097             5.9884347576             1.0411561282
 H62            -0.7028513990             4.0127180013             1.2441353596
&

