&gen
basis=6-31G**
igeopt=1
dftname=PBE-D3
ifreq=1
&
entry_name: J1_9827_2111.in
&zmat
C1         -1.4077352416        -1.0861972373         0.5525828122
C2         -2.7029683124        -1.1607475213         0.8985628448
C3         -3.2194053081        -2.2883743732         1.7487738471
C4         -2.7718556966        -2.1392403969         3.2001020328
C5         -0.7680544916         0.0029627200        -0.2955421449
C6         -1.2544321766         0.2469037364        -1.7063822213
C7         -2.4813892311        -0.5402584601        -2.1996413277
C8         -2.7227365119        -0.2966278273        -3.6970215441
C9         -3.8787296044        -1.1412863328        -4.2555141278
C10        -5.2516601507        -0.6722237478        -3.7561324662
O11        -6.2928622797        -1.4007517950        -4.4039994270
C12        -6.7147290901        -1.1425784699        -5.7131289541
C13        -7.7631038468        -2.0044344866        -6.3299645649
O14        -6.1963292630        -0.2119542661        -6.3880730013
O15        -1.5701673738         1.6071337699        -1.5208711205
P16        -1.1120505133         1.7335934405         0.1369394015
C17        -2.7553200775         2.4751923839         0.5125476909
C18        -0.5637409170         1.5644207189         1.8880248363
C19         0.8131746663         1.5503272372         2.2046180106
C20         1.2472267455         1.3552102459         3.5184373481
C21         0.3215412412         1.1321527153         4.5363180041
C22        -1.0391281657         1.0835216979         4.2383111413
C23        -1.4793470073         1.2796439031         2.9264920382
C24         0.1095983627         3.0145357430        -0.2497953257
C25         1.1939020401         2.7308544078        -1.0979186907
C26         2.1332641326         3.7218064931        -1.3976579877
C27         1.9971091154         5.0026675875        -0.8570586325
C28         0.9207305493         5.2945942707        -0.0158147534
C29        -0.0212944304         4.3067358277         0.2862820453
H30        -0.7350862961        -1.8553609693         0.9223922550
H31        -3.4167630387        -0.4348664656         0.5492640942
H32        -2.8671630256        -3.2611757965         1.3421414890
H33        -4.3301046476        -2.2861841762         1.7166820277
H34        -3.1634939471        -2.9889213206         3.7978145651
H35        -1.6633503077        -2.1381417276         3.2711420771
H36        -3.1679785059        -1.1941544625         3.6281793024
H37         0.3328105682        -0.1540739174        -0.3013046152
H38        -0.4091563693         0.1487879699        -2.4239120903
H39        -3.3794402193        -0.2128078469        -1.6417757748
H40        -2.3140990954        -1.6261560452        -2.0309768903
H41        -1.8015962605        -0.5668984030        -4.2585495859
H42        -2.9231279630         0.7822912819        -3.8783487058
H43        -3.8534302947        -1.0657043005        -5.3636488981
H44        -3.7312251885        -2.2111128724        -3.9911688428
H45        -5.3337479540        -0.8602766900        -2.6659961310
H46        -5.3848213521         0.4182857012        -3.9295119944
H47        -7.2801992848        -2.7817372278        -6.9577776093
H48        -8.4385736487        -1.3896096758        -6.9614668089
H49        -8.3639179085        -2.4977673274        -5.5374379958
H50        -3.5342618729         1.7088994533         0.6596336528
H51        -2.7087599184         3.1296585794         1.4067848447
H52        -3.0761259112         3.1252480424        -0.3283184805
H53         1.5644179625         1.6688656054         1.4372940023
H54         2.3058197782         1.3612319802         3.7441291445
H55         0.6600757111         0.9741586022         5.5521132434
H56        -1.7554804775         0.8758235599         5.0227547905
H57        -2.5367754608         1.1775330752         2.7357772685
H58         1.3189793692         1.7445674634        -1.5227676681
H59         2.9677514224         3.4961590425        -2.0489182793
H60         2.7256384404         5.7685631932        -1.0895444242
H61         0.8166259852         6.2869147432         0.4035901502
H62        -0.8433187538         4.5509391769         0.9447531202
&

