&gen
basis=6-31G**
igeopt=1
dftname=PBE-D3
ifreq=1
&
entry_name: J1_9769_2111.in
&zmat
C1          0.3485587432        -2.2937980514         2.1798373951
C2         -0.6080939083        -1.3652014558         1.4954299670
P3         -0.1524002072        -0.4188361324         0.2355682479
C4         -1.4342101690         0.8206181313        -0.0714513016
C5         -2.7965202592         0.4978928756         0.0532390571
C6         -3.7771426161         1.4542728729        -0.2269225572
C7         -3.4081503181         2.7341029469        -0.6472933473
C8         -2.0575090986         3.0568668726        -0.7962834834
C9         -1.0740870565         2.1032939145        -0.5175162551
C10         1.3147200471         0.4907786129         0.8044236614
C11         1.2933917484         1.0579108620         2.0913309810
C12         2.3794036507         1.8012872315         2.5611101401
C13         3.4936595995         2.0019401662         1.7455626039
C14         3.5181370351         1.4657033623         0.4571313168
C15         2.4328313676         0.7214667882        -0.0163714212
C16         0.0013646077        -1.4708186390        -1.2926812083
C17        -1.2590099183        -2.3493665319        -1.4374400155
C18         1.2258127315        -2.4033481071        -1.2032617035
C19         0.1012739117        -0.5823468765        -2.5503720113
H20         1.3733617960        -2.2187891921         1.7600363093
H21         0.3958464387        -2.0358812668         3.2579693108
H22        -0.0140119257        -3.3368994573         2.0734203105
H23        -1.6004869065        -1.2629047509         1.9177125553
H24        -3.1077419095        -0.4922190390         0.3562446648
H25        -4.8243296736         1.2006004251        -0.1243014724
H26        -4.1686498847         3.4725152521        -0.8659206148
H27        -1.7721446112         4.0447325667        -1.1341243580
H28        -0.0345062342         2.3677649237        -0.6581087711
H29         0.4316403614         0.9280818910         2.7337198495
H30         2.3539628909         2.2265796301         3.5560623025
H31         4.3340800755         2.5793590086         2.1084770465
H32         4.3778515889         1.6317371942        -0.1792711525
H33         2.4877860104         0.3418628308        -1.0188211486
H34        -1.1807308984        -3.0001920950        -2.3353588115
H35        -2.1692936324        -1.7256308801        -1.5527652244
H36        -1.3930998079        -3.0075769183        -0.5529572260
H37         2.1601067670        -1.8489356906        -1.0029016962
H38         1.3601932625        -2.9601716755        -2.1556943351
H39         1.0921593606        -3.1557708425        -0.3993874068
H40         0.9602092382         0.1092333475        -2.5109187375
H41         0.2136866832        -1.2083968683        -3.4618357869
H42        -0.8179188805         0.0284827637        -2.6753156734
&

