&gen
basis=6-31G**
igeopt=1
dftname=PBE-D3
ifreq=1
&
entry_name: J1_10433_2111.in
&zmat
C1          3.7241000975         0.4247511899        -0.1564918594
O2          2.3540509676         0.4269680384        -0.5361025701
C3          1.3822821861        -0.3171052432         0.1382180682
O4          1.7093985167        -1.0585904420         1.1047572272
C5         -0.0673164002        -0.2349214408        -0.2597296421
C6         -0.2889624904        -0.1640589051        -1.7521352408
C7         -1.2636333078        -1.1949429448        -2.2551758429
C8         -0.9647547774        -2.4940740168        -2.2095960536
C9         -2.0344329941        -3.5063768958        -2.4859553029
O10        -1.4550383612        -4.7440494210        -2.8056022118
C11        -2.9384094967        -3.0506454041        -3.6452167476
O12        -4.1140388269        -3.8047403404        -3.6393172361
C13        -5.1428363140        -2.9332265085        -3.2080376140
C14        -5.7762237960        -3.4992685870        -1.9334467814
C15        -6.2021187040        -2.8287103907        -4.3118659537
O16        -4.6367129418        -1.6452649269        -2.9278365423
C17        -3.3826854629        -1.6069653047        -3.5261734184
O18        -2.5002536794        -0.7775261676        -2.7635450556
O19        -0.8790616337         1.1148333633        -1.7586409872
P20        -0.8304885659         1.4022367243        -0.0624726187
C21        -2.6448971158         1.4998337674        -0.0933322308
C22        -3.2968920981         2.7219791594        -0.3304108627
C23        -4.6907235629         2.7732446973        -0.4306680908
C24        -5.4460005214         1.6037649063        -0.3214647266
C25        -4.8081331667         0.3788244937        -0.1197387718
C26        -3.4159067628         0.3237879657        -0.0155828644
C27        -0.6237658326         1.4668598999         1.7765317490
C28         0.6460559902         1.7696736230         2.3218044601
C29         0.8533904932         1.8011953466         3.7023586310
C30        -0.1958141790         1.5185775543         4.5734021998
C31        -1.4522292919         1.1972664401         4.0640176215
C32        -1.6672366093         1.1630696641         2.6828468024
C33         0.0513717311         2.9886076705        -0.3074766090
C34         1.0805544935         3.1056649245        -1.2619379020
C35         1.7536764162         4.3177263665        -1.4396211482
C36         1.4048948803         5.4323301208        -0.6759464495
C37         0.3778924727         5.3385089916         0.2638152456
C38        -0.2977708047         4.1289603304         0.4454078199
H39         4.1387498621        -0.6024255339        -0.2349453530
H40         4.2901537363         1.0952651462        -0.8349743728
H41         3.8296845191         0.7949287662         0.8852957251
H42        -0.6705484922        -1.0198810581         0.2466841575
H43         0.6425967696        -0.1634415118        -2.3595327130
H44        -0.0002493443        -2.8209097947        -1.8378508983
H45        -2.6533834034        -3.6044502847        -1.5641793033
H46        -1.1434414277        -5.1452155718        -1.9521299371
H47        -2.4069820607        -3.1979410952        -4.6118632326
H48        -6.1690326535        -4.5224568986        -2.1161357968
H49        -5.0214540899        -3.5508832079        -1.1212306457
H50        -6.6091586416        -2.8477848802        -1.5917836590
H51        -5.7440706927        -2.4284108632        -5.2412681990
H52        -6.6306667639        -3.8293834587        -4.5348441939
H53        -7.0213556258        -2.1454735114        -4.0007289993
H54        -3.4872765740        -1.1649350710        -4.5419384104
H55        -2.7387362825         3.6343457368        -0.4685304029
H56        -5.1848282959         3.7196040421        -0.6089111853
H57        -6.5242135813         1.6452987877        -0.4055675564
H58        -5.3916682225        -0.5302917589        -0.0504309641
H59        -2.9453098922        -0.6370716753         0.1352165151
H60         1.4877648734         1.9868599586         1.6784544608
H61         1.8322677046         2.0422815677         4.0963520145
H62        -0.0338859738         1.5419780028         5.6433000236
H63        -2.2642410658         0.9679202838         4.7422087261
H64        -2.6556688728         0.8928483598         2.3584400443
H65         1.3607845830         2.2700272202        -1.8853888153
H66         2.5441885334         4.3935615127        -2.1750676858
H67         1.9272738939         6.3698632803        -0.8157857533
H68         0.1049887984         6.2037870643         0.8539424699
H69        -1.0857294131         4.0817505646         1.1858587224
&

