&zmat
 C5               5.5981241911             0.6376079553             1.0052155668
 C4               4.3984988614             1.0491295442             0.1635363726
 C19              4.4667431105             2.4898569861            -0.3467448769
 O6               3.2139786885             0.8314963221             0.9436419530
 C7               2.2149047420             0.3605534185             0.0497808657
 C8               1.0803644061            -0.2834954216             0.8372434121
 O18              0.4758729910             0.7398489069             1.6189101186
 C9               0.0191287319            -0.9005199223            -0.0933210200
 O10             -1.1185318889            -1.2103521983             0.7129665675
 Si11            -2.7194713177            -1.0784932692             0.1282397086
 C12             -3.7037973304            -2.2528546970             1.2225861118
 C13             -2.7634780301            -1.6336883889            -1.6796552212
 C14             -3.3393172125             0.7313458529             0.3044674127
 C15             -2.3575913422             1.7142801487            -0.3714597620
 C16             -4.7256535733             0.8447492285            -0.3674022515
 C17             -3.4691457059             1.0980158046             1.7981383451
 C2               3.0657763513            -0.5449764900            -0.8937264185
 C1               3.2709975740            -1.9573645495            -0.3387028556
 O20              4.2418408011            -2.3188084495             0.3022566776
 O3               4.2792614084             0.1735747256            -0.9989322311
 H23              6.5280366862             0.8010809606             0.4397629696
 H24              5.5081052758            -0.4285657921             1.2530811817
 H25              5.6339441631             1.2371193786             1.9278863665
 H46              3.5465802736             2.7507585523            -0.8916626643
 H47              5.3201017373             2.6064731796            -1.0323595378
 H48              4.5899148512             3.1859245172             0.4971005205
 H26              1.7887079000             1.1933948765            -0.5512229007
 H27              1.5041461031            -1.0779042772             1.4906708376
 H45             -0.3629822901             0.3280482171             1.9185583000
 H28              0.3979919524            -1.8217978440            -0.5764904254
 H29             -0.2280554924            -0.1723355620            -0.8911904448
 H30             -4.7850456090            -2.1789079349             1.0199700466
 H31             -3.5422695790            -2.0273833119             2.2886267802
 H32             -3.3947675828            -3.2956381068             1.0468923061
 H33             -2.2305380333            -0.9371508480            -2.3473534390
 H34             -2.3042940860            -2.6294634826            -1.7919927347
 H35             -3.8042242322            -1.7033420548            -2.0360578354
 H36             -1.3709525907             1.7099849928             0.1223216673
 H37             -2.7524520193             2.7467017038            -0.3139810918
 H38             -2.2115464918             1.4844553750            -1.4422010834
 H39             -5.1254930433             1.8696468515            -0.2467923635
 H40             -4.6783938521             0.6383559080            -1.4502550514
 H41             -5.4639969138             0.1544403917             0.0776986275
 H42             -3.8200219703             2.1415178805             1.9079541819
 H43             -2.5041695015             1.0266089208             2.3294585574
 H44             -4.1907146304             0.4500674890             2.3237487343
 H22              2.5999150412            -0.6320282940            -1.8954747119
 H21              2.4338364702            -2.6729832746            -0.5775080118
&

