&gen
basis=6-31G**
igeopt=1
dftname=PBE-D3
ifreq=1
&
entry_name: J1_9806_2111.in
&zmat
C1          1.8608735961        -1.8263157994        -1.7007097924
C2          0.5341431672        -1.1321647918        -1.6381581256
P3         -0.0438514962        -0.4684345191        -0.2561956235
C4         -1.3485315998         0.7116692397        -0.6613732305
C5         -2.3975134396         0.9551878338         0.2404150483
C6         -3.3742501687         1.9112160697        -0.0547855494
C7         -3.2985609071         2.6479341017        -1.2391541868
C8         -2.2392521782         2.4373944174        -2.1248931365
C9         -1.2612943630         1.4817910827        -1.8332225151
C10         1.2347438110         0.5009622293         0.5673994588
C11         1.2283587796         0.6487092204         1.9634133490
C12         2.1908921063         1.4446436768         2.5920491281
C13         3.1511776488         2.1157187399         1.8307269284
C14         3.1436098416         1.9998430538         0.4384803658
C15         2.1826424567         1.2046856922        -0.1929698971
C16        -0.6919584186        -1.8140615837         0.8235591424
C17        -1.8127586599        -2.5808308712         0.1144290042
C18         0.4206748046        -2.7750341926         1.2546628404
H19         1.7069357620        -2.8835853282        -1.9996988727
H20         2.4970767840        -1.3266203858        -2.4599535980
H21         2.3896535423        -1.8001010078        -0.7248838337
H22        -0.0601616202        -1.0748181161        -2.5437695342
H23        -2.4647201981         0.4147646514         1.1734723170
H24        -4.1859499437         2.0867020697         0.6393690717
H25        -4.0536288336         3.3898782544        -1.4645788957
H26        -2.1709623269         3.0207970009        -3.0339854682
H27        -0.4344181930         1.3518695251        -2.5191284620
H28         0.4818055148         0.1547408904         2.5692734383
H29         2.1876776479         1.5470046821         3.6695354521
H30         3.8939397253         2.7335589833         2.3185669368
H31         3.8779331575         2.5320556027        -0.1522333469
H32         2.1777254866         1.1425000730        -1.2734927032
H33        -1.1152779555        -1.3580001920         1.7418595935
H34        -2.6384195721        -1.8934540221        -0.1636583070
H35        -1.4325674892        -3.0733541447        -0.8059339228
H36        -2.2277437828        -3.3594183462         0.7893846048
H37         1.2678369294        -2.2184053022         1.7059280749
H38         0.0312342667        -3.4824969802         2.0173613897
H39         0.7928861178        -3.3665315071         0.3928928569
&

