&gen
basis=6-31G**
igeopt=1
dftname=PBE-D3
ifreq=1
&
entry_name: J1_10351_2111.in
&zmat
C1         -5.4418033250         1.3282845213         1.8017814999
C2         -5.1742463747         1.1304487201         0.3097570846
C3         -3.7101625185         0.7719790258         0.0112398527
C4         -2.7809251047         1.9930398077         0.0744584337
P5         -0.9894000325         1.5329047183        -0.0188005999
C6         -0.7166628145         1.7638050869         1.8151478627
C7         -1.5551155980         0.8454714642         2.7248028699
C8         -1.0751728978         0.9322086982         4.1782539875
C9         -1.9205706868         0.0490571584         5.0915682071
C10         0.1742387774         2.9159174449        -0.4114424585
C11        -0.5631026348         4.2551028656        -0.5460127668
C12         0.3855820692         5.4200213758        -0.8678781361
C13         1.2256032506         5.8474920286         0.3358096772
O14        -1.1633461725         1.1429370976        -1.6880209372
C15        -0.5483866535        -0.1221011935        -1.6532185167
C16        -1.4512478761        -1.2286763824        -2.2433850310
C17        -1.9226092924        -0.8528735735        -3.6723152306
C18        -2.2811138862        -2.0735004692        -4.5456286250
C19        -2.7352911021        -3.2673444971        -3.7007719998
C20        -1.6306471833        -3.7271243440        -2.7287276604
C21        -0.7132892578        -2.5812261889        -2.2537822116
C22        -0.3881361484        -0.1817233688        -0.1518963147
C23         1.0353309630        -0.3950800063         0.3363739626
C24         1.3073543416        -1.0123862417         1.4792253884
C25         2.7642044194        -1.0975060674         1.7505262723
C26         3.4037246275        -0.2694316567         0.6363123784
C27         2.2891210352         0.0063186248        -0.3740962756
H28        -4.9028775772         2.2174246175         2.1879003201
H29        -5.1299630070         0.4292754559         2.3749308108
H30        -6.5287808182         1.4875995315         1.9626500236
H31        -5.8195128305         0.2987468556        -0.0478460005
H32        -5.4680843852         2.0461709608        -0.2481472013
H33        -3.3704382671        -0.0295664496         0.6993348071
H34        -3.6761264993         0.3695512989        -1.0209937922
H35        -3.0216824826         2.6467742334        -0.7903892940
H36        -2.9900243670         2.6115621968         0.9689533965
H37         0.3568551946         1.5923088346         2.0409521059
H38        -0.9277161567         2.8179838105         2.0958882272
H39        -2.6192634571         1.1509914440         2.6945873866
H40        -1.4872397324        -0.2080620821         2.3953597470
H41        -1.1407054061         1.9840711202         4.5327119174
H42        -0.0149473584         0.6030235990         4.2435768023
H43        -2.9834647572         0.3711996831         5.0642236470
H44        -1.5508462812         0.1321271083         6.1352393141
H45        -1.8507094246        -1.0129941469         4.7732464189
H46         0.9751560312         2.9914142168         0.3510414508
H47         0.6876025442         2.7018343447        -1.3732190413
H48        -1.1315400001         4.4817727854         0.3812137233
H49        -1.2926993357         4.1732904345        -1.3800242066
H50         1.0545132243         5.1494223510        -1.7136180914
H51        -0.2257777306         6.2909913012        -1.1894809292
H52         0.5727614853         6.0730406827         1.2057064516
H53         1.7980055449         6.7634580487         0.0783858817
H54         1.9511739287         5.0558702825         0.6138390981
H55         0.4084333592        -0.0647784410        -2.2130360623
H56        -2.3519499515        -1.3489287989        -1.6043616879
H57        -1.1340777375        -0.2727015710        -4.2009201631
H58        -2.8130765801        -0.1919416264        -3.5870899295
H59        -3.0858899995        -1.7957980669        -5.2601755990
H60        -1.3925104362        -2.3754664963        -5.1430352911
H61        -3.6417608616        -2.9776042505        -3.1246321251
H62        -3.0171492027        -4.1104830469        -4.3677986818
H63        -2.1118018280        -4.2036110526        -1.8468338584
H64        -1.0047460411        -4.5024289759        -3.2220628743
H65         0.1673673626        -2.5116072446        -2.9306450280
H66        -0.3334959703        -2.8227754568        -1.2371353848
H67        -1.0991001776        -0.8974831560         0.3114327299
H68         0.5534486168        -1.4285573514         2.1389912086
H69         2.9971725099        -0.6742024725         2.7510064689
H70         3.0926898712        -2.1575078975         1.6952339813
H71         4.2472037828        -0.8182804440         0.1636063490
H72         3.7818302621         0.6911472065         1.0510652773
H73         2.4334013892        -0.6295735990        -1.2738124430
H74         2.2737176643         1.0762295895        -0.6604158220
&

