&gen
basis=6-31G**
igeopt=1
dftname=PBE-D3
ifreq=1
&
entry_name: J1_10199_2111.in
&zmat
C1          4.0073721619         1.3933395704         0.2230050506
C2          2.8443131575         2.3731296335         0.3023259606
P3          1.1813906907         1.6253631071        -0.0106935635
O4          1.5404996132         1.3978276064        -1.6812575983
C5          1.0410154612         0.0865248388        -1.8144638519
C6          2.1210825293        -0.8364209115        -2.4160145218
C7         -0.2172291845         0.1052614410        -2.7122778286
O8         -0.7498657517        -1.1842514969        -2.8634578652
C9          0.7020806982        -0.1027712867        -0.3393007960
C10         1.4839027008        -1.1896361842         0.4118589626
C11         0.7154958069         1.6769197177         1.7517461046
C12         1.3965562131         1.0238060708         2.7913856164
C13         0.9345621104         1.1474313415         4.1080382187
C14        -0.1903984281         1.9340898593         4.3906112267
C15        -0.8502462541         2.6124493043         3.3596162456
C16        -0.3806408842         2.4759275358         2.0469582594
C17        -0.8739456280         3.1659540065         0.8725698498
C18        -1.9222361224         4.0937042203         0.8223102461
C19        -2.2150490281         4.7219884597        -0.3935602169
C20        -1.4561556004         4.4329765947        -1.5360665292
C21        -0.4068352931         3.5067966750        -1.4715483731
C22        -0.1283169267         2.8590221943        -0.2571109683
H23         4.9589496650         1.9529952502         0.3419180854
H24         3.9587864342         0.6482106707         1.0387348468
H25         4.0342929139         0.8948990332        -0.7631674774
H26         3.0071191227         3.1615156026        -0.4633593434
H27         2.8809673358         2.8960113303         1.2818823058
H28         2.3598273415        -0.5123868822        -3.4512745059
H29         1.7609929361        -1.8860599389        -2.4524336323
H30         3.0612863709        -0.8099433187        -1.8347327020
H31         0.0577821043         0.4911551150        -3.7170452438
H32        -0.9891217123         0.7970688173        -2.3037414879
H33        -1.3026750282        -1.3642420746        -2.0594529835
H34        -0.3878345153        -0.2277341743        -0.1572540021
H35         1.3029396303        -2.1732146628        -0.0691302634
H36         1.1099005323        -1.2774060144         1.4508392100
H37         2.5710476126        -0.9986391536         0.4250823392
H38         2.2764643561         0.4306177870         2.5961687018
H39         1.4521478371         0.6387485128         4.9109612521
H40        -0.5398542349         2.0299863785         5.4104351408
H41        -1.7007881453         3.2390256768         3.5902584005
H42        -2.4996956525         4.3379866086         1.7032756148
H43        -3.0219015738         5.4411982033        -0.4491329847
H44        -1.6796789543         4.9299103785        -2.4712059299
H45         0.1714196095         3.3066658643        -2.3626044170
&

