&gen
basis=6-31G**
igeopt=1
dftname=PBE-D3
ifreq=1
&
entry_name: J1_10407_2111.in
&zmat
C1         -2.1855128884        -0.7010218401        -0.4668950792
C2         -0.9726140306        -0.5376605282         0.4066809180
O3         -1.0685485709        -0.8589665118         1.5816673068
C4          0.3997999093        -0.1405768096        -0.1148615071
C5          0.5567028898        -0.0024841118        -1.6126087280
C6          1.4264690864        -1.0500342612        -2.3508318509
C7          2.8924806293        -1.1234935178        -1.8943388696
C8          0.7413977708        -2.4068965767        -2.3545534946
C9         -0.0720764051        -2.7659419974        -3.4461397683
C10        -0.7614453360        -3.9819019479        -3.4499990784
C11        -0.6577499501        -4.8492954517        -2.3612496211
C12         0.1327428016        -4.5006401530        -1.2647672217
C13         0.8250557895        -3.2862139047        -1.2553632176
O14         1.1526937895         1.2708917339        -1.5861353672
P15         0.9458674071         1.5968811031         0.0955758015
C16         2.7393305519         1.8605914535         0.2118382621
C17         3.3189341231         3.0251032778        -0.3208589741
C18         4.7062978930         3.1965239898        -0.3071545243
C19         5.5308345864         2.1984793819         0.2159962192
C20         4.9694964098         1.0231869291         0.7185034004
C21         3.5830830669         0.8479840052         0.7059325295
C22         0.5400470018         1.7924519638         1.8969809661
C23         1.5125617890         1.9068227237         2.9209491292
C24         1.1355034399         2.0759120519         4.2569465718
C25        -0.2106904445         2.1551116911         4.6050219516
C26        -1.1866357478         2.0777246269         3.6156643675
C27        -0.8177728024         1.9080119293         2.2797992283
C28        -0.0407999731         3.0841526129        -0.2901737382
C29        -1.1281130669         3.0258201543        -1.1795722483
C30        -1.8812236540         4.1700839558        -1.4584630562
C31        -1.5573672354         5.3869274369        -0.8560001623
C32        -0.4773563468         5.4622023949         0.0247778622
C33         0.2781244458         4.3207080244         0.3055638357
H34        -1.9891459995        -1.4628932021        -1.2497389982
H35        -2.4609849905         0.2624436118        -0.9345562195
H36        -3.0539764626        -1.0431956788         0.1356668969
H37         1.1575598455        -0.8166168972         0.3213245288
H38        -0.4087825271         0.0865849702        -2.1495356395
H39         1.4824470710        -0.6978410033        -3.4057854147
H40         2.9934610884        -1.4583508270        -0.8453662110
H41         3.3767903024        -0.1305726591        -2.0040290620
H42         3.4461688484        -1.8412108014        -2.5364390231
H43        -0.1800797308        -2.1005736352        -4.2937036988
H44        -1.3817662511        -4.2487678401        -4.2958466030
H45        -1.1945126918        -5.7891299169        -2.3647137999
H46         0.2053701206        -5.1702187558        -0.4174666183
H47         1.4168851567        -3.0408091850        -0.3857376092
H48         2.7068542876         3.7914126222        -0.7740180906
H49         5.1432340505         4.0987006609        -0.7153520280
H50         6.6048499918         2.3319069802         0.2233806598
H51         5.6087468241         0.2463444864         1.1174974485
H52         3.1698392221        -0.0631077636         1.1142823750
H53         2.5683989035         1.8967766185         2.7298621479
H54         1.8938811645         2.1569230238         5.0252723915
H55        -0.4967712373         2.2890258230         5.6402433283
H56        -2.2329553388         2.1538254651         3.8820220263
H57        -1.6045400617         1.8674055039         1.5380049495
H58        -1.3926755160         2.1062704228        -1.6714261516
H59        -2.7156059442         4.1133186049        -2.1455708572
H60        -2.1419862055         6.2714972477        -1.0731292867
H61        -0.2260940926         6.4052955272         0.4925868575
H62         1.1046677482         4.3996019235         0.9999851311
&

