&gen
basis=6-31G**
igeopt=1
dftname=PBE-D3
ifreq=1
&
entry_name: J1_9843_2111.in
&zmat
C1          3.7962462836        -1.9663313832         1.3282498683
O2          3.0017233038        -1.0374419107         0.6021637096
C3          1.6067064937        -1.0729278798         0.6028746985
O4          1.0033961157        -1.9441893392         1.2869193271
C5          0.7899278541        -0.1019897385        -0.2182790724
C6          1.1601118160         0.1210681788        -1.6711204383
C7          2.2786344358        -0.7006250231        -2.3728498231
O8          2.2469788727        -2.0467576829        -1.9368470334
C9          2.9494798267        -2.8887409072        -2.8361633766
O10         3.2305276861        -4.0935026179        -2.1987070232
C11         4.5396774575        -4.4523839213        -2.5843526175
C12         4.4680712939        -5.6425813032        -3.5471193943
C13         5.3302069557        -4.8403567702        -1.3318663108
O14         5.2034430352        -3.3842134709        -3.2253617765
C15         4.2889872540        -2.3349049315        -3.2976215554
C16         4.7775694920        -1.1557406111        -2.4333071281
O17         5.8160706468        -0.4953562419        -3.0914708323
C18         5.3046767373         0.7649637638        -3.4760039029
C19         5.4339809954         0.9108319817        -4.9943348767
C20         6.1127964601         1.8626880080        -2.7751295268
O21         3.9434349126         0.8924962768        -3.1246362138
C22         3.7031572112        -0.1182746355        -2.1973695185
O23         1.4964975014         1.4776110342        -1.5330921016
P24         1.0935209236         1.6657206979         0.1346721736
C25         2.7939230779         2.2220234387         0.5028772307
C26         3.5352778947         1.6664860644         1.5644061965
C27         4.8410786700         2.0932137228         1.8196436318
C28         5.4232411748         3.0808795084         1.0237277572
C29         4.7009651959         3.6412208835        -0.0309717384
C30         3.3985031902         3.2102238555        -0.2962664148
C31         0.5388019244         1.7903355493         1.8927417094
C32         0.8995272661         2.9145593582         2.6732314497
C33         0.4604762470         3.0488567435         3.9922798944
C34        -0.3704196062         2.0824362153         4.5545720410
C35        -0.7767222574         0.9888447720         3.7923850552
C36        -0.3411717796         0.8484156331         2.4713739140
C37        -0.1837057445         2.8789709692        -0.2808263183
C38         0.0883697103         4.2572915222        -0.2392836670
C39        -0.9056839573         5.1836393243        -0.5678208910
C40        -2.1770661423         4.7438250718        -0.9429094744
C41        -2.4566136029         3.3762430891        -0.9885891685
C42        -1.4655792323         2.4466581278        -0.6600850659
H43         3.5941214984        -2.9981299390         0.9709676934
H44         4.8681233382        -1.7319897585         1.1660572856
H45         3.5715538698        -1.8915811615         2.4131309370
H46        -0.2888680140        -0.3561016020        -0.1652778723
H47         0.2364777024         0.0498356011        -2.2902900673
H48         2.0340252428        -0.6575675185        -3.4629874768
H49         2.3025814670        -3.1047921086        -3.7168098325
H50         3.9569386063        -6.5029505457        -3.0641471578
H51         5.4888068912        -5.9550643735        -3.8556855530
H52         3.8971274255        -5.3590151734        -4.4569044189
H53         6.3642561622        -5.1436669993        -1.6028508205
H54         5.3890930170        -3.9750361941        -0.6384923050
H55         4.8330956168        -5.6818239009        -0.8031632288
H56         4.2007447434        -2.0059891682        -4.3567783062
H57         5.1462142408        -1.5389047606        -1.4562550747
H58         5.0617831785         1.9053767634        -5.3216628698
H59         6.4946572924         0.8009811435        -5.3066885875
H60         4.8339270344         0.1273842257        -5.5034770422
H61         6.0669463400         1.7192105664        -1.6752832766
H62         5.7017015457         2.8652881636        -3.0209506868
H63         7.1785783747         1.8209706263        -3.0862972380
H64         3.8383565303         0.3107802021        -1.1854564563
H65         3.0995772520         0.9175730498         2.2113516135
H66         5.3999323852         1.6609668668         2.6395026436
H67         6.4344495985         3.4109600048         1.2230800038
H68         5.1553270288         4.4018423394        -0.6525490264
H69         2.8681283720         3.6438586720        -1.1336691988
H70         1.5231461498         3.6979044389         2.2655726323
H71         0.7595916741         3.9095861557         4.5764240017
H72        -0.7128694383         2.1892158019         5.5757345075
H73        -1.4426484219         0.2515610372         4.2222326699
H74        -0.7230852055         0.0072430490         1.9216104104
H75         1.0592433136         4.6228117434         0.0601298057
H76        -0.6904906618         6.2436712393        -0.5291879691
H77        -2.9456141648         5.4623949826        -1.1966616085
H78        -3.4422092470         3.0357484723        -1.2786218955
H79        -1.7041953840         1.3935974494        -0.7013461295
&

