&gen
basis=6-31G**
igeopt=1
dftname=PBE-D3
ifreq=1
&
entry_name: J1_10075_2111.in
&zmat
C1          3.6467191302        -1.8745629361         3.1017688832
C2          3.9705828078        -1.7743557374         1.6159244647
O3          3.0992730030        -0.8515458424         0.9659605905
C4          1.7860112925        -1.1582246233         0.5939147144
O5          1.2861976684        -2.2752225141         0.8980335671
C6          0.9649675664        -0.1989376373        -0.2332196427
C7          1.4184354986        -0.0006430378        -1.6620570858
C8          2.4467429708        -0.9841300770        -2.2725539591
O9          3.6980186962        -0.8766003250        -1.6769237022
C10         4.6377679099        -1.0835892987        -2.7088533814
C11         5.2983285762        -2.4515762758        -2.5117534117
C12         5.6938013861         0.0233420270        -2.6447724258
O13         4.0187565302        -1.0512456679        -3.9771843738
C14         2.6860400428        -0.7163652638        -3.7433898420
C15         1.7713171216        -1.5454061338        -4.6493603379
O16         2.0326920168        -1.2082876237        -5.9910134800
Si17         1.1512695100        -2.2541750105        -7.0626108224
C18        -0.6403948360        -2.4240214789        -6.5309241444
C19         1.9342870137        -3.9563843335        -7.0562227210
C20         1.2455361619        -1.4952061656        -8.8036385566
C21         0.5065843992        -2.3885704823        -9.8150696552
C22         2.7216989337        -1.3637460747        -9.2169533790
C23         0.5968943791        -0.1003620287        -8.7794695229
O24         1.9037984262         1.3121261698        -1.4890950518
P25         1.2536735517         1.5716182517         0.0891497110
C26         2.8026355781         2.3410138265         0.7120201995
C27         4.0665624372         1.8732709889         0.3115637062
C28         5.2381755695         2.4680090486         0.7871943348
C29         5.1680648326         3.5505690630         1.6635516956
C30         3.9251310584         4.0432505647         2.0600348728
C31         2.7523607043         3.4496862956         1.5856787138
C32         0.4873996686         1.5211501137         1.7742916623
C33         1.2430122551         1.0509143102         2.8727183402
C34         0.6840538202         0.9483118133         4.1481137767
C35        -0.6483568531         1.2951416664         4.3568719329
C36        -1.4249176476         1.7365375687         3.2876046259
C37        -0.8712227538         1.8396973875         2.0077914373
C38         0.0904855596         2.7624570552        -0.6475359614
C39         0.4037455510         4.1314163189        -0.7208451040
C40        -0.4701896372         5.0268375562        -1.3448583179
C41        -1.6516147334         4.5640344459        -1.9267257499
C42        -1.9546871437         3.2020441776        -1.8979165338
C43        -1.0835918155         2.3036291282        -1.2758227377
H44         4.3126310238        -2.6247299802         3.5775252368
H45         2.5923228602        -2.1870684331         3.2511023633
H46         3.8105959626        -0.8929582908         3.5933079902
H47         3.8995345631        -2.7746868125         1.1359488572
H48         5.0145152840        -1.4137390855         1.5016290135
H49        -0.1174596393        -0.4465576556        -0.1756702039
H50         0.5231433722         0.0321018183        -2.3226164301
H51         2.0774739605        -2.0240705949        -2.1207062840
H52         6.0571170092        -2.6347579253        -3.3024947222
H53         5.7906325981        -2.5045063908        -1.5168149636
H54         4.5309948713        -3.2529856865        -2.5676995178
H55         6.2052486925         0.0162405323        -1.6581550306
H56         6.4513412011        -0.1151578174        -3.4456874771
H57         5.2105535388         1.0139837443        -2.7843256878
H58         2.5519949575         0.3650753005        -3.9751767674
H59         1.9688931790        -2.6246323892        -4.4545874750
H60         0.7164449997        -1.3027330762        -4.3929135821
H61        -1.0986288733        -1.4191287460        -6.4311199203
H62        -1.2010237760        -3.0150418953        -7.2825366838
H63        -0.6918043173        -2.9503850395        -5.5559914779
H64         1.8184955590        -4.4181484878        -6.0549370853
H65         1.4352109735        -4.6021583949        -7.8063519746
H66         3.0134765320        -3.8722030651        -7.2965523725
H67         0.9600231947        -3.4012954630        -9.8558988980
H68         0.5622316312        -1.9481421835       -10.8340137597
H69        -0.5657781109        -2.4906530751        -9.5461635360
H70         3.2095484456        -2.3606074200        -9.2643542209
H71         3.2798511460        -0.7324670871        -8.4921305745
H72         2.8052490054        -0.8936667257       -10.2206487364
H73         1.1065220118         0.5589096299        -8.0438358655
H74         0.6657415007         0.3792022326        -9.7797818265
H75        -0.4775707231        -0.1684762531        -8.5056893029
H76         4.1593416990         1.0543499082        -0.3720086006
H77         6.2020845477         2.0902274790         0.4711309318
H78         6.0762170848         4.0108272084         2.0306946707
H79         3.8689339548         4.8871436255         2.7354067304
H80         1.8030110559         3.8549023959         1.9109462028
H81         2.2778065482         0.7723355631         2.7524756191
H82         1.2866959668         0.5956602857         4.9752310154
H83        -1.0817015525         1.2139822726         5.3453356979
H84        -2.4645878237         1.9920082126         3.4479282317
H85        -1.5317089188         2.1603731791         1.2231678883
H86         1.3301865220         4.5160385818        -0.3272567711
H87        -0.2235311403         6.0798059035        -1.3895604567
H88        -2.3251289339         5.2587722802        -2.4116204782
H89        -2.8637627539         2.8408163911        -2.3610974258
H90        -1.3404982602         1.2539675873        -1.2669851544
&

