&gen
basis=6-31G**
igeopt=1
dftname=PBE-D3
ifreq=1
&
entry_name: J1_9922_2111.in
&zmat
C1         -0.2015391944        -3.0947518737         3.5046788852
C2          0.4909467251        -1.9739446966         2.7460794505
S3          1.1552291853        -2.6035384889         1.1727332364
C4          1.8117658932        -1.0141755868         0.6482683750
O5          2.9614894768        -0.7240400180         0.9363277393
C6          0.9423456476        -0.0882376328        -0.1760656642
C7          1.3367918890         0.1167257210        -1.6261978430
C8          2.4785807564        -0.7449360176        -2.2319924874
C9          2.9228617105        -0.1454362702        -3.5754274897
C10         2.0362170137        -2.2225644970        -2.4226339023
O11         2.7563399612        -3.0832776202        -1.5584941725
C12         3.9678426678        -3.5098297773        -2.1517347508
C13         3.7393360515        -4.7389803783        -2.9896411436
C14         3.8660425023        -4.6847581335        -4.3877986775
C15         3.6332714325        -5.8272610150        -5.1598914554
C16         3.2699161666        -7.0277687102        -4.5431470298
C17         3.1368798120        -7.0874125758        -3.1530814381
C18         3.3684539685        -5.9471568023        -2.3773877544
O19         1.6968863081         1.4731877664        -1.4940476845
P20         1.1753696440         1.6929881490         0.1320734243
C21         2.7660403607         2.4867652168         0.5931673217
C22         2.7899326050         3.6161966296         1.4397849632
C23         3.9982408318         4.2256848272         1.7874509249
C24         5.2022495445         3.7244120112         1.2933679821
C25         5.1986794378         2.6130358695         0.4504748812
C26         3.9921511684         1.9999115229         0.1010312678
C27         0.5580085661         1.6316662458         1.8766142752
C28        -0.8090618415         1.8027570673         2.1960394800
C29        -1.2572596026         1.7141636995         3.5172191816
C30        -0.3620017809         1.4297445676         4.5458590601
C31         0.9825738628         1.2155805029         4.2539488656
C32         1.4358648992         1.2956487127         2.9349890147
C33        -0.0951471820         2.8364357635        -0.4956539557
C34        -1.2767304414         2.3258310255        -1.0675070377
C35        -2.2378247666         3.1870924120        -1.6036388075
C36        -2.0189604766         4.5652532537        -1.6050164091
C37        -0.8315682841         5.0817537358        -1.0840332302
C38         0.1321285799         4.2234149515        -0.5458519739
H39        -1.0421578469        -3.5010675410         2.9031074660
H40        -0.6036802468        -2.7023411133         4.4624473372
H41         0.5199169327        -3.9096736413         3.7260157425
H42         1.3223687895        -1.5754005682         3.3647251936
H43        -0.2435963641        -1.1665974669         2.5435180485
H44        -0.1277598543        -0.3727663594        -0.0879620100
H45         0.4365414857         0.0518936169        -2.2787068529
H46         3.3654958478        -0.7168273427        -1.5690931899
H47         3.7357800520        -0.7560028299        -4.0223420188
H48         3.3155006187         0.8834342193        -3.4304562659
H49         2.0707228260        -0.1084133508        -4.2878389667
H50         2.1018976751        -2.5484365549        -3.4874752162
H51         0.9593391119        -2.3344866431        -2.1733464482
H52         4.4703476218        -2.7028229159        -2.7328844265
H53         4.6744830008        -3.7717195140        -1.3361248415
H54         4.1411753773        -3.7598520262        -4.8795321462
H55         3.7327177731        -5.7814293598        -6.2366805970
H56         3.0894918976        -7.9108832526        -5.1423066916
H57         2.8525307803        -8.0167509172        -2.6767045605
H58         3.2578262600        -6.0037342514        -1.3014185228
H59         1.8737241608         4.0176792977         1.8524414047
H60         4.0002128858         5.0863892288         2.4436821367
H61         6.1377172591         4.1971920186         1.5631608757
H62         6.1328165535         2.2260477470         0.0641707290
H63         4.0283660845         1.1515445210        -0.5591391294
H64        -1.5543507588         1.9877660096         1.4436878295
H65        -2.3065760426         1.8564578159         3.7417893982
H66        -0.7134809654         1.3584586932         5.5669902247
H67         1.6746598866         0.9698439302         5.0489797309
H68         2.4797041337         1.0860768041         2.7511748104
H69        -1.4674963353         1.2623394513        -1.0840151836
H70        -3.1509115829         2.7845360446        -2.0227716182
H71        -2.7620462743         5.2314989554        -2.0237702799
H72        -0.6502431960         6.1485379499        -1.1106231484
H73         1.0578892059         4.6533893226        -0.2038043687
&

