&zmat
 C1              2.8247210829            -1.0906378655            -0.3088188634
 C2              2.2930665213             0.3323986890            -0.2172891025
 O10             3.0626519821             1.2942200935            -0.2623247264
 C3              0.8127210428             0.5424099349            -0.0700385005
 C4              0.3424670339             1.8682643971             0.0097782035
 C5             -1.0241080444             2.1168235045             0.1425586348
 C6             -1.9314008396             1.0483927550             0.1983021725
 C7             -1.4885855424            -0.2854037538             0.1243353961
 C8             -2.4662621747            -1.4335988908             0.2179212038
 C9             -0.1094551691            -0.5201095870            -0.0128900528
 H11             3.9168246467            -1.0518964673            -0.4142586431
 H12             2.3901087981            -1.6207356725            -1.1734118547
 H13             2.5627500258            -1.6692550433             0.5934357777
 H14             1.0767470376             2.6771028512            -0.0392286575
 H15            -1.3916695135             3.1459553328             0.2001362627
 H16            -3.0035590073             1.2506567675             0.2988461239
 H17            -3.4565252952            -1.1540728779            -0.1754321546
 H18            -2.1116861109            -2.3140833867            -0.3411968624
 H19            -2.6088091269            -1.7481516183             1.2672345769
 H20             0.2430757268            -1.5548764648            -0.0777442661
&

