&gen
basis=6-31G**
igeopt=1
dftname=PBE-D3
ifreq=1
&
entry_name: J1_10573_2111.in
&zmat
C1          4.4347025428         0.9579092417        -0.7637199811
C2          3.5368260875         0.1304238599         0.1410200511
O3          2.1831617666         0.2877983028        -0.2664367024
C4          1.1181401248        -0.3448256009         0.3798382092
O5          1.3347140680        -1.1095240395         1.3591672880
C6         -0.3006991260        -0.1174833867        -0.0694680457
C7         -0.4551090989        -0.0253233385        -1.5689400572
C8         -1.3567964589        -1.0872479471        -2.2299726456
O9         -2.6034569986        -1.1723503396        -1.6177644981
C10        -2.9626778494        -2.5380311448        -1.6812175289
C11        -3.4084706119        -2.9998931679        -0.2906782019
C12        -4.1118098689        -2.7030292537        -2.6803882269
O13        -1.8730488329        -3.3355143316        -2.1011402485
C14        -0.7749962379        -2.4792087106        -2.1460586828
C15         0.1206319315        -2.8150846188        -3.3402722088
O16         0.7389353372        -4.0591418353        -3.1084229004
Si17         2.1048943768        -4.2820710427        -4.1606139260
C18         2.1540222489        -6.0923160861        -4.6280085941
C19         1.9509780242        -3.3176830079        -5.7659311225
C20         3.6970134819        -3.8036088561        -3.2289710496
C21         3.8558747660        -4.7110238991        -1.9968473444
C22         4.9123597280        -3.9771520882        -4.1559825510
C23         3.6120547234        -2.3380968457        -2.7675569393
O24        -1.0546338151         1.2474713778        -1.5844977490
P25        -0.9390981663         1.5812943307         0.1027759795
C26        -2.7405020822         1.8078852086         0.1151601825
C27        -3.3098530945         3.0103445226        -0.3378036424
C28        -4.6989171108         3.1539770611        -0.4078422219
C29        -5.5327010957         2.0921830953        -0.0505643319
C30        -4.9783123331         0.8820955684         0.3704975569
C31        -3.5906256942         0.7360013040         0.4430045677
C32        -0.6550268950         1.7303726744         1.9309280420
C33        -1.6925071372         1.6898836963         2.8942554875
C34        -1.4116403642         1.7942632207         4.2601445460
C35        -0.0989881858         1.9463429063         4.7001869803
C36         0.9389650668         2.0021122364         3.7743809544
C37         0.6662903163         1.8989030565         2.4090102506
C38         0.0389346631         3.0919771599        -0.2171396943
C39         1.1166886397         3.0822651435        -1.1223638387
C40         1.8672738059         4.2396283840        -1.3475378100
C41         1.5479216623         5.4234580143        -0.6808021680
C42         0.4734421782         5.4533785396         0.2093174307
C43        -0.2789807424         4.2983894303         0.4384504404
H44         4.1668189770         2.0326717051        -0.6818976312
H45         5.4951835619         0.8253628630        -0.4630277155
H46         4.3139626735         0.6324006509        -1.8186365336
H47         3.8282340245        -0.9398572314         0.0725631842
H48         3.6555262659         0.4748024758         1.1912153605
H49        -0.9932991734        -0.8471910334         0.3990139033
H50         0.5145606789         0.0238291311        -2.1102643682
H51        -1.5171382107        -0.7956751194        -3.2933005798
H52        -3.6897624173        -4.0745873445        -0.3106211958
H53        -2.5792230937        -2.8671046817         0.4361754973
H54        -4.2811608078        -2.4059513962         0.0558315671
H55        -4.4255857451        -3.7672894412        -2.7399993625
H56        -4.9831986908        -2.0847178396        -2.3748312422
H57        -3.7841297960        -2.3756326035        -3.6901058143
H58        -0.1905556626        -2.6115405866        -1.2076833554
H59        -0.4993576932        -2.8679921399        -4.2630641655
H60         0.8616080477        -1.9912697764        -3.4439653264
H61         3.0342369793        -6.2920440599        -5.2719660653
H62         2.2112074060        -6.7160586840        -3.7131311722
H63         1.2296567665        -6.3492464274        -5.1846938516
H64         2.7748545997        -3.6068035715        -6.4496001949
H65         0.9818469795        -3.5579507517        -6.2489383122
H66         2.0069420169        -2.2278755311        -5.5709899312
H67         3.9723015071        -5.7734899489        -2.2985970912
H68         4.7564605367        -4.4216138178        -1.4131818204
H69         2.9700353611        -4.6279600073        -1.3304654870
H70         5.8507012808        -3.7166491335        -3.6202356898
H71         4.9981881204        -5.0278806004        -4.5052328830
H72         4.8295283982        -3.3146234135        -5.0437134675
H73         3.4562256994        -1.6573935422        -3.6311806558
H74         2.7780703557        -2.1982362633        -2.0469323470
H75         4.5527679600        -2.0358830409        -2.2587791071
H76        -2.6883950287         3.8303446391        -0.6655861491
H77        -5.1289529632         4.0851452568        -0.7534882669
H78        -6.6076018507         2.2041806431        -0.1088523071
H79        -5.6234831278         0.0560992721         0.6405162243
H80        -3.1820567659        -0.2026015230         0.7872529819
H81        -2.7289126632         1.5933849191         2.6329629917
H82        -2.2187558042         1.7607487293         4.9808685316
H83         0.1127841444         2.0278292896         5.7584716450
H84         1.9589040410         2.1296837525         4.1135681993
H85         1.4986969867         1.9658729772         1.7231388017
H86         1.3777014981         2.1902164979        -1.6688704011
H87         2.6959591225         4.2186799599        -2.0435511756
H88         2.1304335954         6.3184386281        -0.8570476350
H89         0.2238107509         6.3719942546         0.7243182920
H90        -1.1031415506         4.3435812480         1.1387578827
&

