&gen
basis=6-31G**
igeopt=1
dftname=PBE-D3
ifreq=1
&
entry_name: J1_10167_2111.in
&zmat
C1         -4.2000374723        -1.6278870949        -2.7008264899
C2         -3.2174250788        -0.6446720171        -2.1465618516
C3         -1.8972099751        -0.8274892544        -2.3048790016
C4         -0.8513953870         0.1154588374        -1.7462051524
O5         -1.3327362684         1.4287116654        -1.6282337845
P6         -0.9781538066         1.6692383003         0.0416543149
C7         -2.7452461957         1.9755656961         0.3707323691
C8         -3.4458498770         1.2431950920         1.3486578013
C9         -4.8088465136         1.4667735013         1.5613695467
C10        -5.4905284204         2.4167886295         0.7988175157
C11        -4.8096752230         3.1455860276        -0.1779444510
C12        -3.4464085105         2.9260263584        -0.3936325896
C13        -0.4671241142         1.8624001730         1.8065826126
C14         0.6143556012         1.1307652906         2.3473730378
C15         1.0205333853         1.3201085160         3.6713377248
C16         0.3836272348         2.2648296449         4.4735054729
C17        -0.6498693228         3.0369049008         3.9476534096
C18        -1.0614482140         2.8520963264         2.6256186110
C19         0.1273023805         3.0447624267        -0.3546330436
C20         1.4301067948         2.7863423353        -0.8116942382
C21         2.2919733010         3.8421169870        -1.1227768952
C22         1.8609090227         5.1631661426        -0.9813424164
C23         0.5669674817         5.4300968099        -0.5280604455
C24        -0.2982269679         4.3771375337        -0.2166715651
C25        -0.4468892488        -0.0479732664        -0.2966059858
C26        -1.1913574217        -1.1181247664         0.5324017442
C27        -0.6165802623        -2.5214609054         0.2809873114
C28        -1.5020240924        -3.6359539466         0.8597857372
C29        -1.5127797906        -3.6440265681         2.3981741381
C30        -2.3879687441        -4.7682834055         2.9749496755
C31        -1.7659665231        -6.1629473363         2.7822768824
C32        -2.4886831113        -7.2490989171         3.5947309193
C33        -3.8977605054        -7.5479194650         3.0578796980
C34        -4.5586903666        -8.7048833968         3.8151946484
O35        -3.8569677987        -9.9023872668         3.6142023539
H36        -4.0930586708        -1.6897685994        -3.8043468930
H37        -5.2331078763        -1.3028044884        -2.4571871137
H38        -4.0243599162        -2.6295766407        -2.2543754195
H39        -3.5964188002         0.2117651925        -1.6011789882
H40        -1.5459786385        -1.6928404347        -2.8602717418
H41         0.0434881713         0.1097997437        -2.4067354051
H42        -2.9396304763         0.5168289422         1.9669571664
H43        -5.3364179746         0.9041651971         2.3206813836
H44        -6.5463752823         2.5876092068         0.9642333544
H45        -5.3398579390         3.8776797344        -0.7731999063
H46        -2.9441293997         3.4868369694        -1.1707602855
H47         1.1690589808         0.4172203366         1.7636557190
H48         1.8415310006         0.7396089438         4.0722732886
H49         0.7037848064         2.4117511069         5.4969089085
H50        -1.1273407582         3.7893858008         4.5619717539
H51        -1.8417073738         3.4974650868         2.2478812237
H52         1.7829221402         1.7712624216        -0.9284040111
H53         3.2947905934         3.6356934482        -1.4737553317
H54         2.5295732922         5.9795617837        -1.2217268015
H55         0.2345470646         6.4539440498        -0.4154295991
H56        -1.2897891082         4.6080854975         0.1440949933
H57         0.6533847746        -0.1703021038        -0.2349733724
H58        -1.0614328174        -0.8862846174         1.6075824967
H59        -2.2792937062        -1.1050457689         0.3214753604
H60         0.4055955303        -2.5892867676         0.7140231579
H61        -0.5222576936        -2.6964604455        -0.8113342380
H62        -1.1028847122        -4.6036881993         0.4902911738
H63        -2.5391321060        -3.5284988778         0.4726034968
H64        -1.9266079712        -2.6809935869         2.7649369235
H65        -0.4748515674        -3.7355162744         2.7865748222
H66        -3.3936322150        -4.7274939377         2.5044458591
H67        -2.5151689269        -4.5770240500         4.0630256537
H68        -1.7758851640        -6.4442561061         1.7077825091
H69        -0.7055800581        -6.1363793558         3.1159618766
H70        -1.8769970293        -8.1760763599         3.5428452151
H71        -2.5469227951        -6.9448061887         4.6628334027
H72        -3.8468356434        -7.7998563083         1.9760613272
H73        -4.5401820599        -6.6496822964         3.1746360954
H74        -4.5800599546        -8.4773512286         4.9023755662
H75        -5.6134837705        -8.8181460016         3.4762051808
H76        -4.0731837840       -10.2073734310         2.6944474128
&

