&gen
basis=6-31G**
igeopt=1
dftname=PBE-D3
ifreq=1
&
entry_name: J1_10134_2111.in
&zmat
C1          2.1649769459        -1.8396910050         0.9448538429
C2          1.5141477608        -1.0277873582         0.3353401330
C3          0.7005638536        -0.0532681577        -0.4153019621
C4          1.1081145454         0.1937657679        -1.8487317197
C5          2.3451727426        -0.5974224581        -2.3424243892
C6          2.7931946589        -0.2491228967        -3.7568846912
C7          3.6480420344         0.1693930922        -2.5688071193
C8          4.8665254244        -0.6554129985        -2.3178476929
O9          5.7200198425        -0.8160631503        -3.2322124470
O10         5.0718124428        -1.1884664405        -1.0429871982
C11         6.2384826571        -1.9236052119        -0.6938126479
C12         6.1457646222        -2.3593509439         0.7594706344
O13         1.3699122361         1.5661729256        -1.6916558520
P14         1.0707275712         1.6804026925         0.0009508329
C15         2.8129667534         2.1477180668         0.2570980205
C16         3.3560963280         3.2440653543        -0.4366689010
C17         4.7061225226         3.5763505314        -0.2935144935
C18         5.5298338323         2.8168997600         0.5395405760
C19         5.0037200760         1.7256856203         1.2331554405
C20         3.6543299819         1.3903743966         1.0931562327
C21         0.6513613395         1.7015878778         1.7984050256
C22         1.1946006140         2.6864332665         2.6571366988
C23         0.8513809983         2.7308318361         4.0105494767
C24        -0.0602641878         1.8153529466         4.5321191946
C25        -0.6431872077         0.8643057641         3.6967490479
C26        -0.3044506715         0.8142918739         2.3414993275
C27        -0.1909152725         2.9506828735        -0.2565892601
C28         0.0846174342         4.3065497463        -0.0084653785
C29        -0.9010675922         5.2763493256        -0.2138339737
C30        -2.1671201899         4.9029691151        -0.6704158736
C31        -2.4494875484         3.5583751541        -0.9216290975
C32        -1.4667939480         2.5854191957        -0.7166838346
H33         2.7369336179        -2.5503874600         1.4804581650
H34        -0.3791164002        -0.2977955873        -0.3632435891
H35         0.2489227682         0.0464803065        -2.5394827245
H36         2.3946557493        -1.6937558243        -2.1610540494
H37         3.1769631741        -1.1129734509        -4.3415323969
H38         2.2491554876         0.5916366132        -4.2384601539
H39         3.6874000539         1.2623212493        -2.3937212808
H40         7.1380456630        -1.2846662822        -0.8289516506
H41         6.3256655643        -2.8217499230        -1.3429509037
H42         7.0634194326        -2.9160621223         1.0436182389
H43         6.0438728827        -1.4700081351         1.4168003550
H44         5.2646724879        -3.0200358894         0.9011686728
H45         2.7437189698         3.8258860006        -1.1125631733
H46         5.1159500019         4.4178559201        -0.8368533322
H47         6.5756533381         3.0736977112         0.6472496961
H48         5.6415234499         1.1399865659         1.8823013002
H49         3.2681521142         0.5559809600         1.6576247715
H50         1.8819232774         3.4344092290         2.2885456532
H51         1.2873010407         3.4841912923         4.6539982315
H52        -0.3277601130         1.8534733104         5.5801829190
H53        -1.3699138081         0.1692935451         4.0974785968
H54        -0.8147542923         0.0861339238         1.7346307242
H55         1.0521915362         4.6186062375         0.3559954185
H56        -0.6835570370         6.3181126495        -0.0166515805
H57        -2.9291634453         5.6550481631        -0.8287791035
H58        -3.4305314381         3.2694479446        -1.2759177314
H59        -1.7054224004         1.5508772511        -0.9193924108
&

