&gen
basis=6-31G**
igeopt=1
dftname=PBE-D3
ifreq=1
&
entry_name: J1_9978_2111.in
&zmat
C1          2.1574456065         0.2419950028         0.1297440102
C2          0.9720396859        -0.6879772808         0.4528969732
C3          0.9351715768        -0.9184355673         1.9842146976
C4          1.2774727418        -2.0716865669        -0.1770890745
C5         -0.4345810917        -0.1642349050        -0.0764387308
C6         -0.5845469178        -0.1004041948        -1.5888255020
C7         -1.5301872103        -1.0765591410        -2.2699843981
C8         -2.0247521057        -0.7433238631        -3.5451931768
C9         -2.8759810249        -1.6138611920        -4.2311959874
C10        -3.2323359767        -2.8368326794        -3.6618147885
C11        -2.7321383201        -3.1935163558        -2.4086899175
C12        -1.8799916382        -2.3263545781        -1.7179830607
O13        -1.1116096488         1.2059871480        -1.6366877618
P14        -0.9571731015         1.6064512894         0.0312044403
C15        -2.7693187184         1.9189002833         0.1811981213
C16        -3.6892242259         1.0431601625        -0.4311517166
C17        -5.0662410917         1.2636570146        -0.3440568392
C18        -5.5569868085         2.3495483913         0.3776882204
C19        -4.6709876905         3.2028487997         1.0320592882
C20        -3.2927173764         2.9865531639         0.9459035191
C21        -0.7020855132         1.7908081218         1.8485753623
C22        -1.5433853502         1.0801732867         2.7350039790
C23        -1.3886451934         1.1888142082         4.1188056743
C24        -0.3782858913         1.9889080929         4.6490922900
C25         0.4904521503         2.6678877256         3.7959865130
C26         0.3432394187         2.5630469888         2.4097221973
C27         0.0455850127         3.0610231838        -0.5064512741
C28         1.0771762633         2.9199128611        -1.4605388423
C29         1.8128700752         4.0229684630        -1.9014797514
C30         1.5203836220         5.2966676689        -1.4201838032
C31         0.4830149700         5.4689670669        -0.5068376165
C32        -0.2555058378         4.3674943481        -0.0648041994
H33         3.0842199512        -0.1299772671         0.6184579934
H34         1.9826548181         1.2643347507         0.5093076343
H35         2.3650681084         0.2662169140        -0.9578826904
H36         1.7733870279        -1.5724996017         2.3100977305
H37        -0.0121190687        -1.4088034128         2.2944462552
H38         1.0647784400         0.0193008919         2.5504547596
H39         1.2839813080        -2.0365829917        -1.2852714733
H40         2.2786320664        -2.4380723472         0.1394960569
H41         0.5359042974        -2.8282432581         0.1520152291
H42        -1.2502094770        -0.7596378685         0.3826173468
H43         0.3874246930        -0.1143731059        -2.1208582072
H44        -1.7521255920         0.1964863208        -4.0095803892
H45        -3.2561873553        -1.3409978761        -5.2071439036
H46        -3.8909719013        -3.5108291353        -4.1941359278
H47        -3.0030357888        -4.1460097464        -1.9716176221
H48        -1.5145190426        -2.6430606078        -0.7557435443
H49        -3.3576614134         0.1756286596        -0.9701968695
H50        -5.7540479521         0.5842289534        -0.8309313888
H51        -6.6240287748         2.5160311993         0.4494526720
H52        -5.0529776754         4.0232829923         1.6259663089
H53        -2.6607247911         3.6178505033         1.5433736109
H54        -2.3223845506         0.4320122956         2.3552565632
H55        -2.0498325317         0.6446255329         4.7806576188
H56        -0.2573466549         2.0690846401         5.7216077263
H57         1.2919084995         3.2664246576         4.2095736042
H58         1.0776843122         3.0650388036         1.8008033320
H59         1.3048831278         1.9663428197        -1.8993442240
H60         2.6030518689         3.8897604262        -2.6291936851
H61         2.0895547991         6.1509437055        -1.7632593205
H62         0.2491371665         6.4594638030        -0.1380475780
H63        -1.0288880394         4.5556037420         0.6496042564
&

