&gen
basis=6-31G**
igeopt=1
dftname=PBE-D3
ifreq=1
&
entry_name: J1_10328_2111.in
&zmat
C1         -7.2913564148         0.0165885595         0.2686457521
O2         -5.8700474628        -0.0644733220         0.2737204845
C3         -5.0133047212         1.0423545266         0.1812681167
C4         -5.4916556963         2.3609666574         0.0844893453
C5         -4.5946605285         3.4245532126        -0.0255750289
C6         -3.2183799628         3.1881872477        -0.0316228619
C7         -2.7197512032         1.8822746140         0.0997402397
P8         -0.9342004807         1.5482538686         0.0045507015
C9         -0.5998044855         1.6333206523         1.8232051997
C10         0.7133081765         1.8781221085         2.2847307199
C11         1.0093611555         1.8926929419         3.6471959419
C12         0.0111224516         1.6412036618         4.5847397433
C13        -1.2964304409         1.3550293279         4.1601969077
O14        -2.3327359754         1.0717650093         5.0627973715
C15        -2.1822759896         1.0451761621         6.4784198172
C16        -1.5881919957         1.3417400237         2.7905273420
C17         0.0885316135         3.0297639701        -0.3782304140
C18        -0.0085702341         4.1944116565         0.4121153054
C19         0.7640153838         5.3206798104         0.1271843216
C20         1.6339687615         5.3184104430        -0.9617998508
C21         1.7244644521         4.1857243309        -1.7883131120
O22         2.5670752919         4.1393267803        -2.9091344569
C23         3.4133712603         5.2065195251        -3.3240204177
C24         0.9465007792         3.0589616535        -1.4962066440
O25        -1.1403049833         1.1912865166        -1.6676530817
C26        -0.6658179684        -0.1373561538        -1.6443988841
C27        -1.7228823177        -1.1298751760        -2.0829861161
C28        -1.4939041163        -2.5045903583        -1.8986020519
C29        -2.4502205910        -3.4419910534        -2.2996948392
C30        -3.6377580556        -3.0178287631        -2.9004057951
C31        -3.8670689840        -1.6559395002        -3.1092524730
C32        -2.9124609930        -0.7145629443        -2.7130579241
C33        -0.3877302006        -0.1799289373        -0.1586913512
C34         1.0425063123        -0.4809617675         0.2731538516
C35         1.2350162004        -1.2100179133         1.4634382799
C36         2.5212657913        -1.4750338913         1.9404021012
C37         3.6358273981        -1.0201193624         1.2358570438
C38         3.4651055474        -0.3021094694         0.0518179631
C39         2.1803328274        -0.0328869845        -0.4291702097
C40        -3.6329780801         0.8144644225         0.1818353533
H41        -7.6440878525         0.4731830261        -0.6802157998
H42        -7.7129048756        -1.0062286004         0.3489840594
H43        -7.6427083835         0.6153371646         1.1353733003
H44        -6.5520154808         2.5729983862         0.0812737556
H45        -4.9679061341         4.4360935273        -0.1214780391
H46        -2.5581232611         4.0289479887        -0.1656788545
H47         1.5241397907         2.0456171063         1.5886453770
H48         2.0214000638         2.0900785730         3.9765247532
H49         0.2689085085         1.6570624862         5.6347734544
H50        -1.8579825607         2.0413840420         6.8466775057
H51        -1.4420746951         0.2700701445         6.7691657521
H52        -3.1585543632         0.7956304419         6.9420272696
H53        -2.5946147382         1.0832341341         2.5127350738
H54        -0.6769962870         4.2336588755         1.2622045196
H55         0.6863004698         6.2000593516         0.7535284945
H56         2.2214290944         6.2045520686        -1.1592292466
H57         2.8056505850         6.1042416253        -3.5647886326
H58         4.1474000298         5.4442248050        -2.5253181104
H59         3.9665868131         4.8974538130        -4.2343825981
H60         1.0040788963         2.2225590942        -2.1737855809
H61         0.2299600822        -0.2354638186        -2.2899002750
H62        -0.5764396740        -2.8483468077        -1.4365556414
H63        -2.2699173220        -4.4979547624        -2.1452723044
H64        -4.3778114680        -3.7447526768        -3.2091136954
H65        -4.7846683045        -1.3289591637        -3.5810590203
H66        -3.1118980112         0.3339588326        -2.8922883288
H67        -1.1030610232        -0.8411526374         0.3770950448
H68         0.3853845856        -1.5597720027         2.0369618147
H69         2.6529512683        -2.0294067487         2.8605763974
H70         4.6318024589        -1.2245129980         1.6068255325
H71         4.3307607684         0.0480043421        -0.4956212069
H72         2.0968638728         0.5162856505        -1.3484426361
H73        -3.2797064496        -0.2035156998         0.2553242515
&

