&gen
basis=6-31G**
igeopt=1
dftname=PBE-D3
ifreq=1
&
entry_name: J1_10129_2111.in
&zmat
C1         -2.7610344810         3.5769258833         1.5291081808
C2         -2.7605865719         2.2389702175         0.7838280904
P3         -1.0919442236         1.6907800842         0.1773994165
C4         -0.4319008381         1.5905351236         1.9000555903
C5          0.1242479185         2.9487550818        -0.3055292569
C6         -0.2980307686         4.1392156084        -0.9220257663
C7          0.6361517653         5.0925290421        -1.3377355119
C8          2.0017641248         4.8549789304        -1.1686617163
C9          2.4353945495         3.6552951194        -0.6005891820
C10         1.5039842876         2.6994288062        -0.1842673123
O11        -1.6419772540         1.5562758621        -1.4489548146
C12        -1.2042205281         0.2378370724        -1.6826090780
C13        -2.2814036653        -0.6620308015        -2.2517393542
C14        -1.9940203326        -2.0204639039        -2.4702076795
C15        -2.9667277042        -2.8736916903        -2.9988132289
C16        -4.2294452763        -2.3762961118        -3.3291397863
C17        -4.5196239452        -1.0233983957        -3.1368791312
C18        -3.5505124295        -0.1655842723        -2.6077441646
C19        -0.7317537185        -0.0310352578        -0.2661642167
C20        -1.4750125136        -1.0669013062         0.5721644112
C21        -0.7231865131        -2.0238968042         1.2782716935
C22        -1.3567406644        -2.9893662657         2.0659482767
C23        -2.7489595529        -3.0121094199         2.1613435613
C24        -3.5098648786        -2.0682496956         1.4702314211
C25        -2.8807181138        -1.1001057388         0.6831320215
H26        -3.8105615909         3.9073989231         1.6786139687
H27        -2.3034936986         3.4753275101         2.5336478224
H28        -2.2342943057         4.3671421442         0.9653148488
H29        -3.4605574083         2.3269460150        -0.0741680773
H30        -3.1870473175         1.4769031976         1.4661644680
H31         0.4910322708         0.9761402893         1.9299256616
H32        -1.1613938632         1.1038438563         2.5804292452
H33        -0.1815836543         2.5961626671         2.2976836562
H34        -1.3475972404         4.3203326589        -1.1102042448
H35         0.3011840881         6.0098870700        -1.8043448755
H36         2.7241253758         5.5921209251        -1.4946102261
H37         3.4946098420         3.4611039505        -0.4917425565
H38         1.8647880183         1.7654382580         0.2237486999
H39        -0.3406837021         0.2647953504        -2.3841065365
H40        -1.0186449970        -2.4190983003        -2.2193009256
H41        -2.7408218444        -3.9207949408        -3.1534213270
H42        -4.9816470165        -3.0382160692        -3.7383349730
H43        -5.4966489188        -0.6384078227        -3.3989153716
H44        -3.7995299753         0.8783036533        -2.4688341639
H45         0.3670206244        -0.2040478315        -0.2609189323
H46         0.3582203106        -2.0244155616         1.2213989266
H47        -0.7667191965        -3.7205499691         2.6032693622
H48        -3.2380285845        -3.7609253625         2.7708337356
H49        -4.5895806059        -2.0867471028         1.5431595087
H50        -3.4976381627        -0.3889861051         0.1551264471
&

