&gen
basis=6-31G**
igeopt=1
dftname=PBE-D3
ifreq=1
&
entry_name: J1_306_2111.in
&zmat
C1          2.0307553278         2.0030534944        -1.1527077799
C2          2.2589973534         1.1207781076         0.0422412077
O3          3.5797589392         1.2233197733         0.4701440401
C4          3.9620178024        -0.0816199732         0.8539186652
C5          5.2736740821        -0.4389793621         0.1485551363
C6          4.1564705951        -0.1158506971         2.3728532132
O7          2.9779871951        -1.0318950816         0.4995373676
C8          2.0397187655        -0.3446955437        -0.2675998922
C9          0.6273162852        -0.8182425477         0.0870548974
O10        -0.3046857992        -0.1195193020        -0.7044991338
Si11        -1.9230625752        -0.4248919540        -0.1547457099
C12        -2.2091547275         0.4668476780         1.4683072831
C13        -2.2137690630        -2.2587358722         0.1128273691
C14        -3.1072901693         0.2404605702        -1.4849940043
C15        -2.8498999183        -0.5053841074        -2.8057041357
C16        -4.5681724357         0.0293413105        -1.0512272427
C17        -2.8428306740         1.7425570669        -1.6882226276
O18         2.7396374551         1.9086219089        -2.1426272015
H19         1.2346984303         2.7402676805        -1.1337658614
H20         1.5969247985         1.4591665238         0.8712666352
H21         6.0706839980         0.2866576369         0.4187199917
H22         5.6029179288        -1.4610787899         0.4343128925
H23         5.1295984610        -0.4098986410        -0.9526430945
H24         4.4700746848        -1.1298095831         2.7019370050
H25         4.9290928270         0.6202242758         2.6826541635
H26         3.2020889841         0.1395476907         2.8810045974
H27         2.2400780149        -0.5685914238        -1.3404824434
H28         0.5672125104        -1.9079495884        -0.1294942264
H29         0.4635906162        -0.6514778833         1.1766955788
H30        -1.9617088686         1.5415087298         1.3523191075
H31        -1.5651635757         0.0275775595         2.2565906561
H32        -3.2692608916         0.3598082436         1.7740069347
H33        -3.2756138006        -2.4359202599         0.3769954616
H34        -1.9624636632        -2.8167813296        -0.8118766506
H35        -1.5751089450        -2.6194931492         0.9447570474
H36        -1.7946343342        -0.3785648955        -3.1310796831
H37        -3.0555437217        -1.5912577616        -2.6933360543
H38        -3.5093663948        -0.1133563537        -3.6099195570
H39        -4.7824439572         0.5659325271        -0.1030649693
H40        -5.2626693516         0.4171488468        -1.8274914397
H41        -4.7873298221        -1.0493608798        -0.9055656549
H42        -1.7873140195         1.9206977527        -1.9880134264
H43        -3.0437601710         2.3095685176        -0.7543683988
H44        -3.5020481762         2.1502690849        -2.4847927780
&

