&gen
basis=6-31G**
igeopt=1
dftname=PBE-D3
ifreq=1
&
entry_name: J1_2408_2111.in
&zmat
C1         -1.9646168362         1.3130613276         2.2824046054
C2         -2.2260357088         0.6881553620         0.9422675879
O3         -3.4447016201         0.0160483045         0.9683451487
C4         -3.2429018202        -1.1783575687         0.2417999720
C5         -4.0540711464        -1.1138374332        -1.0558612658
C6         -3.7112284853        -2.3606629096         1.0954436461
O7         -1.8798396920        -1.3587800166        -0.0818429716
C8         -1.1888858135        -0.3577709870         0.5974663622
C9         -0.0615522615         0.1895688513        -0.2915490978
O10         0.5979909612         1.2738983700         0.3381422388
C11         1.7132587170         0.8319865790         1.0886702656
C12         2.9419882552         0.7821806455         0.2208021674
C13         3.5255245937        -0.4487490490        -0.1231629179
C14         4.6562890472        -0.4860024959        -0.9451952751
C15         5.2087259795         0.7022592313        -1.4313484535
C16         4.6302121233         1.9300226311        -1.0976818405
C17         3.4992817768         1.9716455838        -0.2761812343
O18        -1.6601854530         2.4920788513         2.3660540689
H19        -2.0247611005         0.7105511428         3.1833560817
H20        -2.2809492910         1.4777194460         0.1578866894
H21        -3.7090017045        -0.2577378732        -1.6741352698
H22        -5.1338391223        -0.9754176752        -0.8329711856
H23        -3.9227262191        -2.0478636942        -1.6433225914
H24        -3.5678941423        -3.3167140422         0.5475626456
H25        -3.1230992639        -2.4022936093         2.0370413499
H26        -4.7858225275        -2.2505834318         1.3560101419
H27        -0.7515120721        -0.8091780989         1.5167715996
H28        -0.5007667840         0.5607633190        -1.2424475380
H29         0.6310307989        -0.6359451642        -0.5786199700
H30         1.8910106428         1.5662627356         1.9026326965
H31         1.5326470067        -0.1418222863         1.6005885430
H32         3.1055740956        -1.3776938286         0.2421877428
H33         5.1033479136        -1.4363783241        -1.2067388481
H34         6.0835349292         0.6715316503        -2.0679142065
H35         5.0570474595         2.8494835767        -1.4769863450
H36         3.0569267636         2.9285708802        -0.0277869898
&

