&zmat
 C5             -3.9828455689            -0.9333414940            -1.1475597191
 C4             -2.9257857273            -0.9410954420            -0.0535521149
 C6             -2.9126827764            -2.2379563529             0.7672466755
 O3             -3.1554894273             0.2062185582             0.7910842044
 C2             -1.8771085414             0.5872252384             1.2899440900
 C1             -1.6125260912             0.0272169054             2.6852118843
 O18            -0.4981907285            -0.0789655418             3.1776111572
 C8             -0.8635505078             0.1029078954             0.2191704910
 C9             -0.2898671194             1.2558941733            -0.6210908904
 O10             0.2690190439             2.3159072682             0.1530211442
 C11             1.3766771896             1.9321633274             0.9976485869
 C12             2.4918790622             1.2224408066             0.2598874708
 C13             2.9411299372            -0.0391726996             0.6847960127
 C14             3.9627871973            -0.7034602685            -0.0091767832
 C15             4.5347728064            -0.1155197401            -1.1445359720
 C16             4.0850959138             1.1401744511            -1.5820430106
 C17             3.0717188825             1.8048709655            -0.8830168316
 O7             -1.6380001766            -0.7293628642            -0.6552836606
 H21            -3.9392185055             0.0248900896            -1.6845468723
 H22            -4.9848082268            -1.0599673080            -0.7106521349
 H23            -3.7977607122            -1.7543911149            -1.8558671471
 H24            -2.7284123467            -3.0981867097             0.1052999927
 H25            -2.1085936945            -2.2212147345             1.5211035083
 H26            -3.8749301616            -2.3814850066             1.2824338456
 H20            -1.8419228679             1.6924437333             1.3745733391
 H19            -2.5410708663            -0.2672621431             3.2433006888
 H27            -0.0522178756            -0.4806863873             0.6945606711
 H28            -1.1203440936             1.7088503188            -1.1875525953
 H29             0.4425117404             0.8452758066            -1.3431556608
 H30             1.7351672923             2.8905833325             1.4114952392
 H31             1.0281933310             1.3090627052             1.8440074128
 H32             2.4826354321            -0.5003429315             1.5671951312
 H33             4.3058211700            -1.6849961090             0.3323097810
 H34             5.3269356450            -0.6353642351            -1.6921870201
 H35             4.5271007077             1.5997862233            -2.4716343185
 H36             2.7074930767             2.7790615316            -1.2260108603
&

