&gen
basis=6-31G**
igeopt=1
dftname=PBE-D3
ifreq=1
&
entry_name: J1_10315_2111.in
&zmat
C1          2.2504441856        -2.9746451908         2.7813636253
C2          2.5267941849        -1.8688357207         1.7517637447
C3          3.3196849931        -0.7398007828         2.4364831171
C4          3.3324908647        -2.4674573346         0.5825809173
O5          1.2543390720        -1.3898366920         1.2931880977
C6          1.0412257691        -0.4060982771         0.3167522046
O7          2.0080875204         0.2200228458        -0.1946519372
C8         -0.3728992251        -0.1301207054        -0.1195124464
C9         -0.5390153247        -0.0392248987        -1.6171654399
C10        -1.5497325570        -1.0567795767        -2.1942713107
O11        -1.1209989713        -2.3455084270        -1.8660201247
C12        -0.5733099335        -2.8934793236        -3.0500355800
C13        -1.2825136601        -4.2171604534        -3.3578493219
C14         0.9237028091        -3.1441240356        -2.8382614468
O15        -0.7432743862        -2.0130995677        -4.1424279443
C16        -1.6794672424        -1.0761505822        -3.7094115268
C17        -1.5106829596         0.2742001096        -4.4494081729
O18        -0.1558721845         0.6464180021        -4.4646037098
C19        -2.0145318327         0.1830271845        -5.8987491807
Br20        -3.9536767713         0.0999464816        -5.9807944771
O21        -1.0482401142         1.2737058096        -1.6321885749
P22        -0.9449014678         1.5858858909         0.0572834541
C23        -2.7326618898         1.9084200852         0.0333552554
C24        -3.2266913460         3.1856340290        -0.2841304148
C25        -4.6035164255         3.4101592984        -0.3772643494
C26        -5.5005220301         2.3584728315        -0.1811334265
C27        -5.0214489042         1.0773172727         0.0972448063
C28        -3.6459518966         0.8489146929         0.1906535735
C29        -0.7106447248         1.6675331875         1.8938718440
C30         0.5907208681         1.8401157902         2.4219602308
C31         0.8144435443         1.8883659484         3.7995343938
C32        -0.2494715760         1.7464922527         4.6860887807
C33        -1.5389581642         1.5550745618         4.1953903542
C34        -1.7714907073         1.5104460162         2.8173855685
C35         0.1174697212         3.0484675975        -0.2291263873
C36        -0.1061070167         4.2468718215         0.4792479170
C37         0.7045379809         5.3644581915         0.2640847957
C38         1.7448987776         5.3061834107        -0.6639594979
C39         1.9740833786         4.1306034002        -1.3802490077
C40         1.1664617306         3.0096594248        -1.1680156436
H41         1.6701247780        -3.7994274280         2.3142692452
H42         1.6545512762        -2.5716641156         3.6286298648
H43         3.1992024883        -3.3923855944         3.1828421543
H44         2.7162120997        -0.2890804153         3.2519309918
H45         4.2617466570        -1.1353166523         2.8738567522
H46         3.5913416663         0.0603245685         1.7187186931
H47         4.2592995305        -2.9546355109         0.9553700742
H48         2.7235104762        -3.2269204960         0.0471869491
H49         3.6324053362        -1.6858848040        -0.1448073760
H50        -1.0839465080        -0.8335726647         0.3636741828
H51         0.4294995525        -0.0823663614        -2.1584507427
H52        -2.5502542276        -0.8832758199        -1.7453483950
H53        -1.1504901117        -4.9329576035        -2.5182292398
H54        -0.8739712088        -4.6697371568        -4.2867905501
H55        -2.3699217174        -4.0413481713        -3.5007893843
H56         1.4479985525        -2.1900557469        -2.6231349756
H57         1.0836105313        -3.8315072411        -1.9800828713
H58         1.3747705180        -3.5926514194        -3.7492093839
H59        -2.6928968179        -1.4763294871        -3.9413858675
H60        -2.1177532760         1.0475252905        -3.9237311990
H61        -0.1276835879         1.6327472060        -4.5759273359
H62        -1.7009699230         1.0890445658        -6.4597742365
H63        -1.5840240926        -0.7052943351        -6.4084344175
H64        -2.5585244600         4.0067081810        -0.4908889732
H65        -4.9747438430         4.3983667729        -0.6163483849
H66        -6.5658493206         2.5338699601        -0.2565941420
H67        -5.7160359901         0.2594132398         0.2385748117
H68        -3.2990307137        -0.1496625851         0.4140187479
H69         1.4454382129         1.9460425638         1.7686845248
H70         1.8178330805         2.0316498773         4.1793199142
H71        -0.0743852210         1.7804577439         5.7536130903
H72        -2.3644176874         1.4377625894         4.8858826118
H73        -2.7883373764         1.3513265129         2.5111072275
H74        -0.9017941210         4.3152841246         1.2098289633
H75         0.5259549904         6.2764358848         0.8189014755
H76         2.3717737040         6.1726912670        -0.8300654955
H77         2.7773950203         4.0880150987        -2.1044111406
H78         1.3620875648         2.1216446381        -1.7496491714
&

