&zmat
 O8              3.4885317922             0.4411091417             0.5848820403
 C1              2.5276937494            -0.0042214003            -0.0216112546
 C2              1.0741665241             0.2431679149             0.3271615133
 C3              0.3676038689             0.9565918264            -0.8517335940
 C4             -1.1364182386             1.1353513557            -0.5864744520
 C5             -1.8168957893            -0.2066214457            -0.2725610870
 C6             -1.1270018386            -0.9139487208             0.9047976075
 C7              0.3770750722            -1.1022502003             0.6465456147
 H9              2.6686101558            -0.6632409879            -0.9282601740
 H10             1.0564845544             0.8934396186             1.2208533473
 H11             0.5083573032             0.3533503350            -1.7708461888
 H12             0.8475426254             1.9332508402            -1.0378446110
 H13            -1.6139554707             1.6183994920            -1.4569077403
 H14            -1.2735342162             1.8233986741             0.2698057760
 H15            -2.8880075730            -0.0527141885            -0.0543206259
 H16            -1.7680146227            -0.8575211113            -1.1673664716
 H17            -1.5977824868            -1.8936354786             1.0987446110
 H18            -1.2637594347            -0.3116283689             1.8234559336
 H19             0.5182582602            -1.7904358996            -0.2107391053
 H20             0.8637458302            -1.5767373566             1.5165219392
&

