&gen
basis=6-31G**
igeopt=1
dftname=PBE-D3
ifreq=1
&
entry_name: J1_10342_2111.in
&zmat
C1         -1.3685679309        -3.9730564871         1.8176741879
C2         -0.7873364822        -2.5703128125         1.6687935203
C3         -1.4874356169        -1.7975061162         0.5402526127
C4         -1.0402243976        -0.3321858021         0.4547957585
C5          0.4250201162        -0.1386600552        -0.0190595395
C6          0.5897262055        -0.0903142438        -1.5296614785
C7          1.5565925560        -1.1078452160        -2.2368694815
C8          1.6872464609        -0.6958495761        -3.7241455956
C9          2.9805024856        -1.0690679257        -1.6347601017
C10         1.0325611232        -2.5735006934        -2.1302783257
C11        -0.2338250567        -2.8822627615        -2.9553435062
C12        -0.7338341125        -4.2992847453        -2.6857236846
O13         1.1129718556         1.2128900807        -1.5759892625
P14         0.9724603264         1.6058559784         0.0947715427
C15         2.7360075085         2.0072386813         0.2282690378
C16         3.6287416802         1.0834098167         0.8008025930
C17         4.9873754779         1.3885222243         0.9171202683
C18         5.4665534995         2.6243132250         0.4785415167
C19         4.5848521411         3.5602090964        -0.0662294470
C20         3.2250295238         3.2576721768        -0.1853315368
C21         0.8874568332         1.9211332279         1.9116754235
C22         0.9140650464         3.2488488876         2.3976487461
C23         0.9038596497         3.5135958114         3.7690917916
C24         0.9005074120         2.4624172547         4.6843734439
C25         0.9270557949         1.1449616073         4.2290689567
C26         0.9384219678         0.8734797252         2.8580800139
C27        -0.2675668581         2.8941225690        -0.3085785282
C28        -1.4848958956         2.9881042093         0.3980674470
C29        -2.4319766320         3.9594486548         0.0626932556
C30        -2.1891713585         4.8405667614        -0.9911596869
C31        -1.0010741511         4.7470960184        -1.7162589968
C32        -0.0499959582         3.7783519515        -1.3839430681
H33        -1.2325628790        -4.5488076601         0.8781440535
H34        -2.4507342772        -3.9196625791         2.0625859719
H35        -0.8454118850        -4.5067217278         2.6389333428
H36         0.2977596348        -2.6652156236         1.4577622190
H37        -0.9133982740        -2.0283749913         2.6312743691
H38        -1.3276663723        -2.3023374137        -0.4274487238
H39        -2.5828517610        -1.8047090493         0.7328137113
H40        -1.7368233517         0.2070679803        -0.2230529348
H41        -1.1815187603         0.1108960295         1.4591804223
H42         1.1430567972        -0.8201848675         0.4673434880
H43        -0.3935888974        -0.0817383611        -2.0474971150
H44         2.2160185466         0.2773123937        -3.8197873494
H45         0.6905828475        -0.5749531251        -4.1991038188
H46         2.2616444164        -1.4568273811        -4.2957414250
H47         3.3978000405        -0.0421136059        -1.6665683788
H48         3.6679108213        -1.7171429317        -2.2207884372
H49         2.9957310605        -1.4478819453        -0.5939027871
H50         0.8549483846        -2.8194363077        -1.0623219048
H51         1.8276384162        -3.2700329685        -2.4796494742
H52        -1.0467465550        -2.1657944146        -2.7219447121
H53        -0.0071933320        -2.8061785784        -4.0398199080
H54        -1.6406474446        -4.4960504859        -3.2955620333
H55         0.0459959453        -5.0414737967        -2.9595493104
H56        -0.9947226274        -4.4242205173        -1.6145773869
H57         3.2733514628         0.1305658075         1.1670881781
H58         5.6676459922         0.6685634878         1.3532639669
H59         6.5184680056         2.8613171355         0.5716552823
H60         4.9538521440         4.5251835202        -0.3889552853
H61         2.5627083536         4.0124129870        -0.5763418515
H62         0.9534819582         4.0869810849         1.7144205287
H63         0.9099790119         4.5367780816         4.1219916455
H64         0.8964060778         2.6687964172         5.7468247872
H65         0.9518746170         0.3296980050         4.9407080373
H66         1.0011669371        -0.1594241162         2.5602525465
H67        -1.7020494932         2.3290685101         1.2249041442
H68        -3.3562073177         4.0284516484         0.6217601766
H69        -2.9248322965         5.5908175383        -1.2506689496
H70        -0.8197062102         5.4206209478        -2.5439157373
H71         0.8431090546         3.7090393029        -1.9887752880
&

