&zmat
 C16            -6.4157437250             1.3327185879             1.9111287656
 C15            -5.2931061000             2.3093950072             1.5443701299
 C14            -3.9787386132             1.6003826250             1.1834890327
 C13            -2.8735796451             2.5860901904             0.7747588447
 P12            -1.2775350648             1.7594584839             0.2481966840
 C17            -0.5942960493             1.6191312709             2.0381012984
 C18             0.8675258136             1.1809363055             2.2016301320
 C19             1.3247088569             1.0577058322             3.6694984962
 C20             0.6238368469            -0.0658438337             4.4443650266
 C21            -0.0796146010             3.0330960338            -0.3955885357
 C22            -0.6387907137             3.9868915871            -1.4610286019
 C23             0.4476802622             4.8286159431            -2.1525421725
 C24             1.2094499658             5.7740142362            -1.2148594053
 O11            -2.1242012956             1.4564745426            -1.3920636717
 C6             -1.3276659828             0.3266479656            -1.7214130355
 C7             -2.0743834865            -0.7040580267            -2.6092288324
 C8             -2.3412166338            -0.0031048435            -3.9596595338
 C9             -3.4253214923            -1.1367634368            -2.0111071984
 C10            -1.1650552080            -1.9272290851            -2.8270657397
 C5             -0.7891563231            -0.0231782602            -0.3066693829
 C1             -1.4341758800            -1.0768851677             0.5309494628
 C2             -0.8398760203            -2.1522741298             1.1052633453
 C3              0.6092684481            -2.5300809211             0.9306055008
 C4             -1.6343430973            -3.0854795637             1.9864157159
 H49            -6.1379813620             0.7132143182             2.7813687691
 H50            -7.3491164608             1.8625633375             2.1623474290
 H51            -6.6341088135             0.6476812861             1.0739246824
 H47            -5.6084763052             2.9356611575             0.6886753685
 H48            -5.1140341644             3.0078705596             2.3838497745
 H45            -4.1564616068             0.9034778757             0.3449375751
 H46            -3.6494050395             0.9862808129             2.0440499286
 H43            -2.6566959671             3.2880968097             1.5993417802
 H44            -3.2061687812             3.1628409328            -0.1040204853
 H52            -1.2576854233             0.9014965786             2.5565609712
 H53            -0.7428544171             2.5960481261             2.5373963644
 H54             1.5312351160             1.8972272691             1.6820842868
 H55             1.0258966257             0.2047513662             1.7104470271
 H56             1.1614406282             2.0228523251             4.1859442339
 H57             2.4165151135             0.8827112441             3.6882545669
 H58            -0.4637436832             0.1009102560             4.5143873668
 H59             0.7752059783            -1.0411388853             3.9485183248
 H60             1.0124451487            -0.1489407989             5.4727026381
 H61             0.3174176756             3.5816095437             0.4749315255
 H62             0.7682072614             2.4587031981            -0.8149940125
 H63            -1.1907686633             3.3882505496            -2.2046619191
 H64            -1.3807375766             4.6627087311            -0.9940470776
 H65             1.1634134494             4.1498824797            -2.6553330218
 H66            -0.0265721038             5.4185015418            -2.9579833211
 H67             1.7753783731             5.2209871611            -0.4464270273
 H68             0.5162560958             6.4542353182            -0.6895391166
 H69             1.9310673671             6.3958778834            -1.7692275897
 H33            -0.4359690290             0.6341450281            -2.3254161439
 H34            -1.3966333581             0.3069190132            -4.4406692493
 H35            -2.8704696015            -0.6763911620            -4.6558072197
 H36            -2.9548912358             0.8988251130            -3.8056766222
 H37            -3.2979298824            -1.7785376263            -1.1260990303
 H38            -4.0051474446            -1.7093323936            -2.7552670526
 H39            -4.0128826308            -0.2498940116            -1.7244631635
 H40            -1.6270048135            -2.6357129308            -3.5359764598
 H41            -0.9844034209            -2.4618603148            -1.8795783694
 H42            -0.1874041451            -1.6270511931            -3.2446928559
 H32             0.3083491995            -0.1357127959            -0.2919083113
 H25            -2.5041302918            -0.9417776699             0.7342656533
 H26             0.6926192674            -3.5544810956             0.5230461703
 H27             1.1369555430            -2.5392041375             1.9026732216
 H28             1.1560859498            -1.8584057876             0.2525950714
 H29            -1.2147189410            -3.1156824332             3.0098622577
 H30            -2.6906572904            -2.7825057165             2.0607346546
 H31            -1.5994623156            -4.1232825366             1.6060273928
&

