&gen
basis=6-31G**
igeopt=1
dftname=PBE-D3
ifreq=1
&
entry_name: J1_9931_2111.in
&zmat
C1         -1.4885488630        -1.1041758212         0.5390556004
C2         -0.9679200272        -2.2923618936         0.9207307147
C3          0.4240590835        -2.7278187536         0.5232534549
C4         -1.8186410479        -3.2108732775         1.7593091185
C5         -0.7450585234        -0.0855286646        -0.2974645851
C6         -1.1567856695         0.1191775161        -1.7436311476
C7         -2.1389552863        -0.8143426606        -2.5354644923
C8         -2.2043547397        -0.2883909817        -3.9892235480
C9         -3.5774929255        -0.8139660070        -1.9810098853
C10        -1.6045157747        -2.2599378856        -2.5841076622
O11        -1.6713584082         1.4154439429        -1.5699207086
P12        -1.1862696865         1.6513194965         0.0689901036
C13        -2.8482996397         2.3647489508         0.5059668408
C14        -3.8752198021         1.3796374557         1.0773966631
C15        -5.1887740218         2.0962060051         1.4131966108
C16        -6.2254072470         1.1190050756         1.9606170105
C17        -0.6440922485         1.6872372318         1.8556174542
C18         0.7467071567         1.0713725202         2.1230092754
C19         1.3524127487         1.5441308678         3.4530118523
C20         0.5655877367         1.0475611722         4.6656529032
C21         0.0401917111         2.9436562147        -0.4378413953
C22        -0.6529822230         4.2064190862        -0.9729596183
C23         0.3404309290         5.2215405234        -1.5595504358
C24         1.1932441289         5.9036042336        -0.4897623425
H25        -2.4821845157        -0.8670375392         0.8806878225
H26         0.6277313824        -3.7725714640         0.8367177790
H27         1.1802421217        -2.0758719812         1.0060602238
H28         0.5465603082        -2.6761707953        -0.5779968368
H29        -1.2838233903        -4.1490772538         2.0148918869
H30        -2.0978613335        -2.7019709744         2.7063182089
H31        -2.7429028085        -3.4761707392         1.2033114116
H32         0.3557975300        -0.2081263575        -0.2346842451
H33        -0.2191317251         0.2062578702        -2.3410669232
H34        -1.1990707090        -0.3070685998        -4.4636435454
H35        -2.8842373368        -0.9110391242        -4.6108113966
H36        -2.5803900920         0.7574316351        -4.0132583217
H37        -3.6412597133        -1.3036931630        -0.9928200874
H38        -4.2502697809        -1.3879193839        -2.6545582343
H39        -3.9738225622         0.2210216437        -1.9197799726
H40        -2.1766305784        -2.8655689279        -3.3200630613
H41        -1.7120738089        -2.7652575844        -1.6065326578
H42        -0.5340485676        -2.2738711024        -2.8819194216
H43        -2.7115429521         3.1990183473         1.2267324654
H44        -3.2840413988         2.8308975748        -0.4041046074
H45        -4.0922866982         0.5982560333         0.3300668079
H46        -3.4931816423         0.9040851734         2.0018433538
H47        -5.5988751818         2.5783638340         0.4989182889
H48        -5.0021200092         2.8852962856         2.1740476410
H49        -5.8515169045         0.6408210886         2.8910156862
H50        -7.1638313298         1.6646579094         2.1940936286
H51        -6.4492884224         0.3326834329         1.2084160123
H52        -1.3695320694         1.1281385164         2.4761926480
H53        -0.6573110894         2.7392599394         2.2157401551
H54         1.4585298289         1.3326875941         1.3136203567
H55         0.6666366344        -0.0346195591         2.1465201030
H56         1.4085921684         2.6542020587         3.4734280992
H57         2.3908882257         1.1543689984         3.5258447957
H58        -0.4450407067         1.5060102063         4.6910151791
H59         0.4688700779        -0.0587396605         4.6389714780
H60         1.1004371036         1.3339428178         5.5955516556
H61         0.7045032300         3.2447108617         0.3946041236
H62         0.6891306013         2.5136710006        -1.2306168090
H63        -1.3613738727         3.9255796888        -1.7810913055
H64        -1.2396628538         4.6874175438        -0.1607911206
H65         1.0011411828         4.7255081545        -2.3033547487
H66        -0.2366487537         6.0064148962        -2.0950134107
H67         1.8970496330         5.1815665617        -0.0268314187
H68         0.5482187146         6.3495358710         0.2969006927
H69         1.7909000526         6.7143805165        -0.9570558891
&

