&zmat
 C8              2.4235973904             0.4648099372             0.2341609817
 C7              0.9682182500             0.4001821175            -0.2285253826
 C6              0.4669393904            -1.0515610365            -0.4485536677
 C5             -1.0048266037            -1.1040073390            -0.8838996269
 C4             -1.9098402896            -0.4032111171             0.1402221722
 C3             -1.4575998382             1.0549808261             0.3773750541
 C2              0.0240882971             1.1269548696             0.7380773959
 O1              0.4277573504             1.7132449134             1.7377664094
 H18             2.5467923289            -0.0562337068             1.1974336671
 H19             3.0903399209            -0.0083260887            -0.5047078383
 H20             2.7449326953             1.5059542463             0.3868564131
 H17             0.8630866940             0.9263353627            -1.2016804092
 H15             0.5928730412            -1.6131428909             0.4976164135
 H16             1.1146995706            -1.5473097686            -1.1932954035
 H13            -1.1143955573            -0.6111796762            -1.8695702415
 H14            -1.3233225829            -2.1521806298            -1.0202815177
 H11            -1.8688619422            -0.9518157693             1.0999405298
 H12            -2.9637772302            -0.4203957715            -0.1869793597
 H9             -1.6076553063             1.6329660956            -0.5559344104
 H10            -2.0337858756             1.5471241256             1.1761981298
&

