&zmat
 C1             -0.5126509272             1.3993472784             4.1140775038
 C2             -0.8025685723             0.5857165644             3.2360356417
 C3             -1.1114804787            -0.3116190363             2.2003189502
 P4             -0.3937366877            -0.1436858839             0.6559351745
 C5             -0.9158099379            -1.5687295043            -0.3522758613
 C6             -0.9046497751            -2.8451763402             0.2481371905
 C7             -1.2764136157            -3.9708070177            -0.4959390733
 C8             -1.6473154423            -3.8339837919            -1.8417441885
 C9             -1.6526656085            -2.5671813624            -2.4422550422
 C10            -1.2886344136            -1.4344791824            -1.7028925582
 C11             1.4413078740            -0.0833867538             0.6584046272
 C12             2.0835333480             0.9226715483             1.4118471746
 C13             3.4813216249             0.9760076751             1.4518613750
 C14             4.2470099024             0.0425572976             0.7369188572
 C15             3.6109908746            -0.9565398435            -0.0124491509
 C16             2.2116769899            -1.0246367591            -0.0505979627
 C17            -0.8177667403             1.3817316804            -0.3005846992
 C18            -0.0230765932             1.8427379690            -1.3689333900
 C19            -0.4077419355             2.9846207480            -2.0826510235
 C20            -1.5719543250             3.6792825453            -1.7195487183
 C21            -2.3513012876             3.2343251467            -0.6422092009
 C22            -1.9765577130             2.0855718873             0.0671787323
 H23            -0.2401145662             2.0560172528             4.9148923253
 H24            -1.9109760982            -1.0505389883             2.2875999142
 H25            -0.6058886673            -2.9400410295             1.2963444279
 H26            -1.2697807238            -4.9580654575            -0.0245634173
 H27            -1.9307867534            -4.7163056573            -2.4234204134
 H28            -1.9457847412            -2.4580716369            -3.4906321602
 H29            -1.3002598369            -0.4459617539            -2.1706227585
 H30             1.4872131715             1.6474902342             1.9738769431
 H31             3.9759204461             1.7550520705             2.0399623281
 H32             5.3397051473             0.0948543985             0.7641370317
 H33             4.2048192191            -1.6853124723            -0.5726885676
 H34             1.7178335424            -1.8067708394            -0.6350695214
 H35             0.8979584693             1.3124975331            -1.6331528532
 H36             0.2055930842             3.3395000033            -2.9167472503
 H37            -1.8654461670             4.5768170732            -2.2727510263
 H38            -3.2492605449             3.7870662546            -0.3500266931
 H39            -2.5597996800             1.7271571210             0.9226355227
&

