&gen
basis=6-31G**
igeopt=1
dftname=PBE-D3
ifreq=1
&
entry_name: J1_1410_2111.in
&zmat
C1          0.4289098374         0.0187266762         4.2135984006
C2         -0.2514636477         0.0340995328         3.2187334951
C3         -1.0607595947         0.0518947710         2.0310340350
P4         -0.3884506460         0.0290296903         0.5438543137
C5         -0.9408947075        -1.4456074612        -0.3336367499
C6         -1.2395722492        -2.6220665843         0.3727182378
C7         -1.6240243436        -3.7774053939        -0.3145479395
C8         -1.6986330759        -3.7701936386        -1.7098353839
C9         -1.3818362339        -2.6092723516        -2.4200349228
C10        -0.9966481984        -1.4522131978        -1.7360935910
C11         1.4123823849         0.0334355151         0.6799031284
C12         2.0732559063         1.1878774179         1.1278313661
C13         3.4647910090         1.1968187138         1.2600986584
C14         4.2040678450         0.0513733292         0.9537745705
C15         3.5517459029        -1.1052307317         0.5181845735
C16         2.1597898881        -1.1178042225         0.3848383693
C17        -0.9334226123         1.4816154258        -0.3793731378
C18        -0.0821700231         2.0810162762        -1.3222568924
C19        -0.5190918561         3.1785746563        -2.0698748403
C20        -1.8134926829         3.6741817587        -1.8953554465
C21        -2.6757794782         3.0665229634        -0.9793863388
C22        -2.2421617626         1.9685818508        -0.2298975567
H23         1.0275378671         0.0053807312         5.0860618300
H24        -2.1356711244        -0.0000498686         2.1329770231
H25        -1.1703786115        -2.6500645289         1.4523970304
H26        -1.8585683342        -4.6801733681         0.2344845950
H27        -1.9944092026        -4.6657795378        -2.2407328101
H28        -1.4292479097        -2.6074607784        -3.5013270318
H29        -0.7396291149        -0.5675185638        -2.3029871868
H30         1.5103076528         2.0791503223         1.3752096199
H31         3.9696165616         2.0907764326         1.6026497994
H32         5.2813791759         0.0587413550         1.0574011966
H33         4.1248025795        -1.9936794178         0.2863922810
H34         1.6743236616        -2.0255319224         0.0537368550
H35         0.9155984388         1.6970741987        -1.4884666296
H36         0.1437986227         3.6403337580        -2.7901485351
H37        -2.1514173745         4.5223418400        -2.4766006584
H38        -3.6831361831         3.4422227693        -0.8546426438
H39        -2.9314483651         1.5002815863         0.4593189102
&

