&gen
basis=6-31G**
igeopt=1
dftname=PBE-D3
ifreq=1
&
entry_name: J1_6876_2111.in
&zmat
C1          2.1931461038        -1.4253269608        -1.8766312005
C2          2.4057935900        -1.0094621209        -0.4070012417
C3          2.0537313373        -2.1820120489         0.5289546414
C4          3.9014948234        -0.6773495842        -0.2164051646
C5          1.5951398041         0.2450592467        -0.0749312146
P6         -0.0424756741         0.3282765795         0.0909903079
C7         -0.8952561565        -0.5178962695        -1.2603576359
C8         -1.0230160191         0.1139719535        -2.5083484301
C9         -1.6442654118        -0.5434047662        -3.5741710900
C10        -2.1320136582        -1.8412934164        -3.4079079539
C11        -1.9925189844        -2.4860993304        -2.1771163726
C12        -1.3713040948        -1.8321901429        -1.1090692354
C13        -0.5283867917         2.0708058814         0.0228818736
C14         0.1848119833         2.9780391704        -0.7807916761
C15        -0.2144999897         4.3151539376        -0.8638640185
C16        -1.3365414996         4.7559071372        -0.1590150904
C17        -2.0660895144         3.8574681510         0.6225902645
C18        -1.6704594836         2.5191085608         0.7075102914
C19        -0.5161461674        -0.2921210762         1.7236228663
C20         0.3795424960        -0.1931980809         2.8013687540
C21         0.0014401751        -0.6234013159         4.0766193104
C22        -1.2830224835        -1.1274793659         4.2932907765
C23        -2.1955245061        -1.1880349387         3.2375835362
C24        -1.8195902876        -0.7599496806         1.9610297334
H25         1.2042410997        -1.8953012142        -2.0305818213
H26         2.9511727852        -2.1774233891        -2.1853488122
H27         2.2816807179        -0.5454894052        -2.5502053702
H28         0.9890868835        -2.4684165216         0.4330135320
H29         2.6657042714        -3.0756310937         0.2793208735
H30         2.2546768128        -1.9144755313         1.5875355872
H31         4.5371799304        -1.5641190153        -0.4301394831
H32         4.1009650740        -0.3546365570         0.8289330990
H33         4.2115045717         0.1433094966        -0.8998367173
H34         2.1461829241         1.1526712304         0.1546721937
H35        -0.6366065013         1.1110406898        -2.6651293736
H36        -1.7421658176        -0.0480284446        -4.5314838543
H37        -2.6106273981        -2.3500315892        -4.2346416741
H38        -2.3596817032        -3.4965456472        -2.0521393975
H39        -1.2569465514        -2.3618763427        -0.1747710981
H40         1.0424889522         2.6531648395        -1.3549236387
H41         0.3424305407         5.0082766517        -1.4810190061
H42        -1.6459152482         5.7909224650        -0.2257446899
H43        -2.9428741315         4.1968118067         1.1588937329
H44        -2.2616981012         1.8416298744         1.3055624479
H45         1.3709052640         0.2167315090         2.6594527687
H46         0.7019771320        -0.5576486171         4.8990157280
H47        -1.5760348003        -1.4564297955         5.2818883473
H48        -3.1985322148        -1.5560168028         3.4107055432
H49        -2.5531040824        -0.7770601164         1.1661390518
&

