&gen
basis=6-31G**
igeopt=1
dftname=PBE-D3
ifreq=1
&
entry_name: J1_9812_2111.in
&zmat
C1          4.6991233319        -1.8001637411        -0.7119719167
O2          3.5758526868        -0.9305650726        -0.7685295564
C3          2.3043253591        -1.3087009129        -0.3263855851
O4          2.1235918998        -2.4545852594         0.1682972022
C5          1.1281577013        -0.3665283771        -0.4402440886
C6          0.9901108983         0.4034760106        -1.7336957546
C7          2.0033936963         0.1101754757        -2.8571073016
O8          1.4043567501         0.2378482666        -4.1270582753
C9          1.8013560510        -1.0649296045        -3.7552452503
C10         0.6103237663        -2.0088572020        -3.4822247112
O11        -0.6024014936        -1.4142707905        -3.8957018992
C12        -1.7122455582        -2.1123982204        -3.3641879979
O13        -1.7731248615        -1.9921327616        -1.9774695388
C14        -2.2569152434        -3.2325948867        -1.5097960016
C15        -3.6695896337        -3.0332761391        -0.9522196528
C16        -1.3268372788        -3.7387308855        -0.4022716840
O17        -2.3061592967        -4.1952536089        -2.5464829369
C18        -1.7411527275        -3.5982303452        -3.6759455718
C19        -0.3677729115        -4.2735456469        -3.9839154355
O20        -0.4736984405        -5.0156101507        -5.1622491059
C21         0.2186294675        -4.2808031775        -6.1530694141
C22        -0.7772764622        -3.8198421751        -7.2216260055
C23         1.2838622745        -5.1827094949        -6.7857983356
O24         0.8462429391        -3.1450462529        -5.5977053262
C25         0.7892726442        -3.3333347430        -4.2187479388
O26         1.2257291938         1.6689674787        -1.1782407957
P27         1.3322334036         1.1962576009         0.4762458814
C28         3.0004613278         1.9297328776         0.5975917479
C29         3.2362643800         3.2285213933         0.1100913994
C30         4.5125861319         3.7940489709         0.1806602412
C31         5.5702986361         3.0701258931         0.7337365110
C32         5.3533741015         1.7788159872         1.2170909911
C33         4.0789148568         1.2099334196         1.1493559342
C34         1.3327090583         0.6026711866         2.2249412758
C35         0.8007421778        -0.6532130765         2.5944795623
C36         0.7797729745        -1.0583671079         3.9322717685
C37         1.2620142261        -0.2140568364         4.9307077338
C38         1.7537983803         1.0456879958         4.5958326621
C39         1.7778312393         1.4568791956         3.2612741716
C40        -0.1360648736         2.1725684653         0.8796716557
C41        -1.4151216686         1.6178407358         0.7045528095
C42        -2.5566409487         2.3658429302         1.0065173519
C43        -2.4316693266         3.6725806685         1.4837646037
C44        -1.1643034539         4.2328919437         1.6599894952
C45        -0.0200570165         3.4885597450         1.3582324627
H46         5.5879086444        -1.2716488813        -1.1131612661
H47         4.8996771783        -2.0937258515         0.3401376109
H48         4.5089716397        -2.7053511891        -1.3266478982
H49         0.1682716853        -0.8753645777        -0.2195052656
H50        -0.0591900834         0.3712229946        -2.1024320333
H51         3.0080719880         0.5833275105        -2.8400378753
H52         2.6915399765        -1.4107216053        -4.3228969001
H53         0.6150775552        -2.2323747022        -2.3940299178
H54        -2.6311403087        -1.6441350144        -3.7817854475
H55        -4.3447171225        -2.6687604986        -1.7555727802
H56        -4.0726274117        -3.9923484355        -0.5617751983
H57        -3.6610700281        -2.2833857571        -0.1320142570
H58        -1.2748732461        -3.0024971679         0.4284781314
H59        -0.3022858249        -3.8874747348        -0.8028077745
H60        -1.6907981779        -4.7094301975        -0.0027369362
H61        -2.4315499646        -3.7607765558        -4.5334025566
H62        -0.0973219700        -4.9647428175        -3.1545344563
H63        -1.5300655500        -3.1388061457        -6.7714755199
H64        -1.3069764505        -4.6922006707        -7.6609297821
H65        -0.2512813124        -3.2705358916        -8.0317394135
H66         2.0015535792        -5.5231617955        -6.0092597980
H67         1.8472538834        -4.6293237496        -7.5675089644
H68         0.8119484615        -6.0777103622        -7.2451272208
H69         1.7369750401        -3.8154972261        -3.8837512863
H70         2.4362713206         3.8042120653        -0.3363032245
H71         4.6821863026         4.7937017714        -0.1979991960
H72         6.5580578163         3.5093366059         0.7866566495
H73         6.1732126157         1.2175863379         1.6463698591
H74         3.9350548359         0.2122949358         1.5418659885
H75         0.3797983571        -1.3328963279         1.8758604852
H76         0.3770342948        -2.0279358740         4.1960473207
H77         1.2409249843        -0.5304870989         5.9655306594
H78         2.1110322364         1.7096583159         5.3724038369
H79         2.1466116681         2.4494860587         3.0427095948
H80        -1.5344826634         0.6081413967         0.3372883082
H81        -3.5387547385         1.9317632513         0.8704120993
H82        -3.3164001480         4.2503272588         1.7179687428
H83        -1.0680989325         5.2444376731         2.0327764203
H84         0.9491170918         3.9387528545         1.5139318327
&

