&gen
basis=6-31G**
igeopt=1
dftname=PBE-D3
ifreq=1
&
entry_name: J1_9915_2111.in
&zmat
Cl1         -0.5399506310        -1.7414675424        -4.1811988140
C2         -2.1250002177        -1.4917536635        -3.4535835690
C3         -3.1965708795        -2.2313436155        -3.9697778063
C4         -4.4745889734        -2.0984429532        -3.4273738150
C5         -4.6920563772        -1.2244559607        -2.3641714954
C6         -3.6328225963        -0.4810118018        -1.8411212701
C7         -2.3333865511        -0.6005710973        -2.3703360506
C8         -1.1842086662         0.2096334937        -1.7768594238
O9         -1.5718644323         1.5436057755        -1.5887670885
P10        -1.1615627510         1.7052766177         0.0762770927
C11        -2.8729352344         2.2891300403         0.3561467091
C12        -3.7762465470         1.6221829602         1.2062700895
C13        -5.0813558267         2.0946091254         1.3725422695
C14        -5.5085660603         3.2320368345         0.6874159896
C15        -4.6322567715         3.8962963055        -0.1704189769
C16        -3.3270723653         3.4270118430        -0.3391809458
C17        -0.5896118274         1.7981521701         1.8280991886
C18        -1.2083136334         2.6470733443         2.7771538533
C19        -0.7349455023         2.7230974142         4.0896961049
C20         0.3828040855         1.9866763294         4.4764310671
C21         1.0448708814         1.1904583281         3.5443633385
C22         0.5773940321         1.1097133684         2.2301462403
C23         0.0799549849         2.9746415952        -0.2998763058
C24        -0.1141840568         4.3130029596         0.0890465796
C25         0.8501483348         5.2819446444        -0.2019886119
C26         2.0165273542         4.9269820433        -0.8825656273
C27         2.2211937747         3.6014244255        -1.2710285306
C28         1.2597315188         2.6288356008        -0.9814104504
C29        -0.7492071019        -0.0516693483        -0.3402601221
C30        -1.4046610957        -1.2438933155         0.3708071680
C31        -1.8163026617        -1.2194611316         1.7193603331
C32        -2.3344763671        -2.3626194218         2.3359304086
C33        -2.3859694772        -3.5709322632         1.6439318690
C34        -1.8804839361        -3.6460086118         0.3482705825
C35        -1.3628360226        -2.5036817467        -0.2669050715
H36        -3.0379026262        -2.9161470499        -4.7932721771
H37        -5.2968564664        -2.6750652806        -3.8309064751
H38        -5.6836237677        -1.1230338537        -1.9421630418
H39        -3.8314412523         0.1798918396        -1.0169845119
H40        -0.2988511683         0.2092665139        -2.4455004045
H41        -3.4935827887         0.7437823620         1.7470174253
H42        -5.7637240305         1.5749836035         2.0328205781
H43        -6.5200588283         3.5947821014         0.8165362768
H44        -4.9657995780         4.7726835777        -0.7109052341
H45        -2.6753653884         3.9468570470        -1.0287571153
H46        -2.0429453706         3.2800157347         2.5178896026
H47        -1.2288718396         3.3678459007         4.8052553047
H48         0.7497227423         2.0511573558         5.4926195116
H49         1.9316859565         0.6429609316         3.8366754011
H50         1.1487691394         0.5166049486         1.5358811256
H51        -1.0015382324         4.6090757092         0.6304552950
H52         0.6941846067         6.3084475598         0.1036399783
H53         2.7626080891         5.6783216044        -1.1067248573
H54         3.1263884575         3.3265335035        -1.7968950252
H55         1.4425703782         1.6105225289        -1.2918487122
H56         0.3472029656        -0.2105224258        -0.3362010217
H57        -1.7262062871        -0.3444813866         2.3291159643
H58        -2.6739334989        -2.3155371105         3.3627669043
H59        -2.7802850861        -4.4564432768         2.1253913196
H60        -1.8682619788        -4.5943153345        -0.1733441688
H61        -0.9115939720        -2.6108564989        -1.2431895133
&

