&zmat
 C8              3.6233466564            -0.3552969478            -0.1878025676
 C7              2.6733448462             0.7171199841            -0.7363742199
 C6              1.2227681897             0.2396570140            -0.9299252125
 C5              0.5015088548            -0.1240809642             0.3766031658
 C4             -0.9389986243            -0.6288432351             0.1892780058
 C3             -1.8925035572             0.4405756301            -0.4044799963
 C2             -3.2917304434            -0.1125479959            -0.5108462969
 O9             -3.7763536120            -0.6281952617            -1.5146156762
 C1             -4.1638179073            -0.0756838149             0.7602379589
 O10            -3.7948649226             0.4018909730             1.8209486110
 H22             3.3370837439            -0.6823901256             0.8254240411
 H23             4.6576187301             0.0207300739            -0.1300780801
 H24             3.6283642599            -1.2486862450            -0.8361447851
 H20             2.6783300761             1.5960496832            -0.0638479068
 H21             3.0581150769             1.0771825182            -1.7075950512
 H18             0.6603380801             1.0341292152            -1.4536896541
 H19             1.2135232664            -0.6381868466            -1.6057972825
 H16             0.4957683007             0.7539711061             1.0512721412
 H17             1.0677868793            -0.9118616437             0.9052129934
 H14            -1.3388274341            -0.9544012978             1.1655908775
 H15            -0.9437759421            -1.5146594066            -0.4722100290
 H12            -1.5662702743             0.7394633869            -1.4121401847
 H13            -1.8979780492             1.3209020981             0.2618420910
 H11            -5.1758141976            -0.5346930364             0.6057168257
&

