&gen
basis=6-31G**
igeopt=1
dftname=PBE-D3
ifreq=1
&
entry_name: J1_10099_2111.in
&zmat
C1          5.1746137835        -2.8376552769        -0.1139896043
C2          3.7226625387        -2.7368870137         0.3263784923
S3          3.3747481291        -1.0486824272         0.9267609977
C4          1.5950233502        -1.1062493340         0.6366938346
O5          0.9520045449        -1.9447900758         1.2487915004
C6          0.8269384486        -0.1050390192        -0.2211378298
C7          1.1833485443         0.1034942145        -1.6783623802
C8          2.2483540026        -0.7889494173        -2.3406463625
O9          1.7607043712        -2.0896199533        -2.4451398009
C10         2.1833980616        -2.5674857593        -3.7040089756
C11         3.2261982496        -3.6694853814        -3.4948421717
C12         0.9692814314        -3.1276693666        -4.4500713105
O13         2.7602003206        -1.5375245858        -4.4768453698
C14         2.5517568797        -0.3581958236        -3.7640451106
C15         3.7972881873         0.5443967185        -3.8531430617
C16         4.1237917678         0.9580403382        -5.3001823630
C17         5.4220343175         1.7633041652        -5.3414317946
O18         3.0871094224         1.7487045807        -5.8238807779
O19         1.6051619799         1.4406802011        -1.5443691442
P20         1.1589223395         1.6574486167         0.1058373739
C21         2.7985717233         2.3874193570         0.5143109045
C22         3.9761982437         1.9398033235        -0.1176416502
C23         5.2138877271         2.5185442598         0.1752574993
C24         5.2990405842         3.5633426272         1.0946913309
C25         4.1448867745         4.0343769080         1.7193482542
C26         2.9052964779         3.4587118662         1.4286723725
C27         0.5847674746         1.5795115855         1.8647110055
C28        -0.7734292032         1.7638301306         2.2133202463
C29        -1.2005895129         1.6439928905         3.5389184478
C30        -0.2939835390         1.3073160681         4.5415475784
C31         1.0402967956         1.0735047882         4.2183221485
C32         1.4731770141         1.1920324606         2.8956135199
C33        -0.0751715189         2.8783905508        -0.4475351655
C34         0.1984590296         4.2577714024        -0.4178540521
C35        -0.7392457997         5.1785709062        -0.8951668333
C36        -1.9486181948         4.7345915307        -1.4318005183
C37        -2.2166264906         3.3672579048        -1.5053388669
C38        -1.2818439118         2.4435555821        -1.0300909884
H39         5.3743393271        -2.1181572330        -0.9364637639
H40         5.3834282297        -3.8653164352        -0.4788565842
H41         5.8497465149        -2.6153957985         0.7393812723
H42         3.5359807688        -3.4561990183         1.1513951107
H43         3.0664611492        -3.0069805965        -0.5224194874
H44        -0.2636005877        -0.3008027784        -0.1245898544
H45         0.2552735245         0.0795571827        -2.2939370101
H46         3.1811568057        -0.8089080467        -1.7490371666
H47         4.1172817742        -3.2522125062        -2.9801448542
H48         3.5507139598        -4.0886318487        -4.4713485305
H49         2.8075803325        -4.4875463637        -2.8701911790
H50         1.2697871193        -3.5134666264        -5.4478433555
H51         0.2133718005        -2.3264379016        -4.5947577682
H52         0.5024327369        -3.9516384704        -3.8687817375
H53         1.6770477047         0.1672502561        -4.2092901608
H54         4.6696569762         0.0018705743        -3.4246779934
H55         3.6303630092         1.4609797636        -3.2475194265
H56         4.2777610329         0.0451620349        -5.9236536031
H57         5.6494725599         2.0556401038        -6.3885844699
H58         6.2672519576         1.1535682875        -4.9564133931
H59         5.3287041744         2.6842930263        -4.7265686013
H60         2.4660674135         1.1383359436        -6.3006601084
H61         3.9528649412         1.1407508122        -0.8382532995
H62         6.1084740268         2.1567507499        -0.3151326523
H63         6.2585555403         4.0105580504         1.3198977859
H64         4.2093009804         4.8485786235         2.4295567262
H65         2.0296700870         3.8476487509         1.9314157145
H66        -1.5275853999         1.9812846769         1.4778885965
H67        -2.2428062867         1.8000218305         3.7864161111
H68        -0.6289186615         1.2114524903         5.5662793663
H69         1.7415571181         0.7912145739         4.9930153660
H70         2.5112158087         0.9811333849         2.6891436553
H71         1.1387251329         4.6365171393        -0.0564940805
H72        -0.5214153037         6.2382895868        -0.8609219197
H73        -2.6716702252         5.4492663907        -1.8030872543
H74        -3.1480004542         3.0216148015        -1.9349160622
H75        -1.5130268113         1.3909090851        -1.1034604206
&

