&gen
basis=6-31G**
igeopt=1
dftname=PBE-D3
ifreq=1
&
entry_name: J1_9776_2111.in
&zmat
C1          4.1449942662        -1.8676091388         2.8784069952
C2          4.1301762068        -1.8858941115         1.3542208158
O3          3.3283821443        -0.8216042338         0.8456408739
C4          1.9297251481        -0.8368320033         0.8590563017
O5          1.3041208654        -1.8461766511         1.2867988457
C6          1.2047172095         0.3381689101         0.3536725400
P7         -0.4253659949         0.4225578037         0.3446539623
C8         -1.0230496217         0.3695604955         2.0621135304
C9         -1.0842520634        -0.9503696956        -0.6204204521
C10        -0.4781591204        -1.3020779888        -1.8365119107
C11        -1.0016892110        -2.3428763868        -2.6092517824
C12        -2.1394371925        -3.0303540610        -2.1786345306
C13        -2.7577436495        -2.6739734908        -0.9771184300
C14        -2.2367049188        -1.6333746763        -0.2016834335
C15        -0.9359449523         1.9971830873        -0.3636573087
C16        -1.8839196756         2.0482628395        -1.3983046539
C17        -2.2842171322         3.2805985476        -1.9244365336
C18        -1.7481508304         4.4671348995        -1.4167486519
C19        -0.8132820209         4.4232846259        -0.3790775605
C20        -0.4106671894         3.1930103828         0.1493365735
H21         4.5141919351        -0.8852834690         3.2417350826
H22         3.1246830227        -2.0436180400         3.2783268685
H23         4.8178315178        -2.6666857955         3.2546790276
H24         5.1691932081        -1.7525315975         0.9861103943
H25         3.7559281870        -2.8647939309         0.9830545963
H26         1.7758892840         1.1683434773        -0.0402449857
H27        -2.1146177270         0.5654232546         2.0828069373
H28        -0.8181211643        -0.6269911350         2.5035275985
H29        -0.5056927440         1.1489042909         2.6586080383
H30         0.3969795483        -0.7699445518        -2.1873945296
H31        -0.5277814997        -2.6136451066        -3.5438616904
H32        -2.5449716136        -3.8349651069        -2.7782590075
H33        -3.6437415536        -3.2016139672        -0.6483770408
H34        -2.7362562583        -1.3653164614         0.7189300406
H35        -2.3176377153         1.1426086796        -1.7999173245
H36        -3.0125983402         3.3157785362        -2.7242630466
H37        -2.0598918439         5.4199955061        -1.8245497336
H38        -0.4023320359         5.3426492383         0.0175641643
H39         0.3094135254         3.1730670246         0.9577303436
&

