&gen
basis=6-31G**
igeopt=1
dftname=PBE-D3
ifreq=1
&
entry_name: J1_10033_2111.in
&zmat
C1          1.2370492520        -0.3156049683         0.1122117921
C2         -0.2524796257        -0.1242518342        -0.1945909832
C3         -0.5431037502        -0.0672100738        -1.6760889239
C4         -1.5669007570        -1.0878234841        -2.1279853198
C5         -2.7690289838        -0.7020999066        -2.7531134699
C6         -3.6894974074        -1.6681342467        -3.1702566549
C7         -3.4138742185        -3.0250097005        -2.9865605389
C8         -2.2139267587        -3.4192519902        -2.3903164932
C9         -1.2912527441        -2.4572126836        -1.9691166880
O10        -1.0572779683         1.2444005498        -1.6810457604
P11        -0.8863894544         1.5691462299        -0.0006079301
C12        -2.6870468508         1.8113673139         0.0586276635
C13        -3.5412457489         0.6991481102         0.1846838190
C14        -4.9286852569         0.8615978096         0.1558301964
C15        -5.4803705992         2.1308030733        -0.0247821520
C16        -4.6442475631         3.2363784512        -0.1913349653
C17        -3.2553017646         3.0775242026        -0.1647995885
C18        -0.5856143551         1.6704530261         1.8245264077
C19        -1.5883327154         1.3856723078         2.7813164094
C20        -1.3152846162         1.4474688722         4.1511228501
C21        -0.0372587981         1.7725552186         4.6000591010
C22         0.9764083219         2.0257340905         3.6795338037
C23         0.7108555214         1.9661399241         2.3097061570
C24         0.1131279843         3.0611285571        -0.3528482917
C25         1.1342984209         3.0309370534        -1.3223515249
C26         1.8993046275         4.1707050987        -1.5864405606
C27         1.6578581217         5.3548400594        -0.8883823586
C28         0.6507797512         5.4015102623         0.0763922015
C29        -0.1173365922         4.2651713513         0.3435278383
H30         1.3895054403        -0.4104301493         1.2063668194
H31         1.8539021987         0.5195883040        -0.2731485243
H32         1.5911630974        -1.2592745932        -0.3536224212
H33        -0.8764415512        -0.8576882872         0.3604364885
H34         0.3671627044        -0.1197474706        -2.3134944395
H35        -3.0037220805         0.3420815610        -2.9142185900
H36        -4.6162907093        -1.3640998631        -3.6394135093
H37        -4.1274446806        -3.7710376258        -3.3116445754
H38        -1.9973681462        -4.4711527900        -2.2559348502
H39        -0.3628373097        -2.7786691986        -1.5134377101
H40        -3.1373383443        -0.2942857629         0.3184782849
H41        -5.5760029060         0.0014858230         0.2679762219
H42        -6.5551413585         2.2555700479        -0.0505294912
H43        -5.0727117514         4.2163271266        -0.3576634596
H44        -2.6394655609         3.9417888550        -0.3520116373
H45        -2.5877773893         1.1051615922         2.5038055458
H46        -2.0984166162         1.2344779516         4.8675299566
H47         0.1702171303         1.8167084328         5.6614132105
H48         1.9739298532         2.2622456173         4.0267822342
H49         1.5319841977         2.1463710443         1.6295846754
H50         1.3421752263         2.1320782753        -1.8843367720
H51         2.6804338797         4.1353584964        -2.3348529968
H52         2.2523310209         6.2356329204        -1.0938486859
H53         0.4673527373         6.3181708100         0.6218442578
H54        -0.8779001932         4.3220786196         1.1112461645
&

