&gen
basis=6-31G**
igeopt=1
dftname=PBE-D3
ifreq=1
&
entry_name: J1_10381_2111.in
&zmat
C1          1.2962205902        -3.1674043814        -7.9096978265
C2          0.1589761064        -2.6650110706        -7.0250731485
C3          0.4200510402        -2.9897129840        -5.5498805204
C4         -0.7241936945        -2.4830615513        -4.6644512879
C5         -0.4579117055        -2.8017463268        -3.1860551331
C6         -1.6130794852        -2.3586668509        -2.2770734749
C7         -1.8239357334        -0.8640655425        -2.2922381117
O8         -2.8664734958        -0.4133766232        -2.7440129286
C9         -0.7449009370         0.0781615908        -1.8103962104
O10        -1.2147533248         1.4044739859        -1.7326111623
P11        -0.9734963538         1.6360853137        -0.0441360098
C12        -2.7557598383         1.9613349306         0.0940863851
C13        -3.2639641824         3.2674504975        -0.0139313222
C14        -4.6421695510         3.4977647141         0.0360387517
C15        -5.5282294558         2.4267901662         0.1669366767
C16        -5.0380116911         1.1216020035         0.2343230609
C17        -3.6612494372         0.8871639388         0.1846861857
C18        -0.6042647337         1.6177323837         1.7708114950
C19         0.7305720095         1.7741213233         2.2140139791
C20         1.0541500970         1.7256055024         3.5715082636
C21         0.0585868975         1.5054064328         4.5199772480
C22        -1.2606778345         1.3233232512         4.1105855586
C23        -1.5917782705         1.3682218850         2.7529046220
C24         0.0830198938         3.1016894673        -0.3424356074
C25        -0.0499002558         4.2604929204         0.4503775070
C26         0.7609481309         5.3760260018         0.2253207794
C27         1.7129813867         5.3550716501        -0.7944216945
C28         1.8548108354         4.2182483270        -1.5911614014
C29         1.0465714703         3.0994724790        -1.3695318325
C30        -0.4258319818        -0.0699200091        -0.3424207044
C31         1.0261319277        -0.3357911408        -0.0424278442
O32         1.9423844944         0.1820389091        -0.7381490114
O33         1.3452059036        -1.1475090938         1.0495860480
C34         2.6858172638        -1.3990358418         1.4515186730
H35         2.2533452385        -2.6839600940        -7.6193976124
H36         1.3988555416        -4.2696868004        -7.8174109531
H37         1.0800766559        -2.9185202217        -8.9700262354
H38        -0.7896012757        -3.1440170311        -7.3523287247
H39         0.0613969079        -1.5650731819        -7.1554850045
H40         1.3717723473        -2.5100929587        -5.2305838477
H41         0.5203864042        -4.0909048338        -5.4278010584
H42        -1.6756521786        -2.9656215634        -4.9792423319
H43        -0.8246694984        -1.3835560603        -4.7961271051
H44        -0.3293678219        -3.9001657910        -3.0699161114
H45         0.4880149468        -2.3197223450        -2.8563791130
H46        -1.3950397006        -2.6841780779        -1.2382663986
H47        -2.5463856386        -2.8767350073        -2.5900869141
H48         0.1398451636         0.0330565404        -2.4806843573
H49        -2.6103780391         4.1109328858        -0.1653006336
H50        -5.0242077480         4.5075563002        -0.0409193845
H51        -6.5947923685         2.6073038152         0.2022893694
H52        -5.7251895163         0.2899227642         0.3209770723
H53        -3.3056938029        -0.1320113409         0.2346579226
H54         1.5353375482         1.9292291167         1.5082770617
H55         2.0817202499         1.8529782993         3.8868158002
H56         0.3106393178         1.4660904698         5.5718121238
H57        -2.0313144664         1.1381560756         4.8479545759
H58        -2.6233674677         1.1962779981         2.5042116879
H59        -0.7691882184         4.2978897722         1.2580559788
H60         0.6525979333         6.2566776084         0.8451218415
H61         2.3404350710         6.2197754037        -0.9676222637
H62         2.5911025554         4.2039222713        -2.3843917265
H63         1.1741815954         2.2414524247        -2.0120565908
H64        -1.0819482721        -0.7896813632         0.1913754916
H65         3.2422545256        -1.8972464681         0.6296229344
H66         3.1863194403        -0.4446167202         1.7204325021
H67         2.6811871037        -2.0644227945         2.3389368151
&

