&gen
basis=6-31G**
igeopt=1
dftname=PBE-D3
ifreq=1
&
entry_name: J1_10352_2111.in
&zmat
C1         -1.4379970309        -1.3473788785         1.2411079615
C2         -1.1792148024        -0.4858379264         0.2444545284
C3         -2.3623836191         0.1077108055        -0.4864285077
C4          0.2724150624        -0.2522677039        -0.1814096643
C5          0.4757455632        -0.2255680405        -1.6769201493
C6          1.4429401042        -1.2812187912        -2.2747158358
C7          2.9117406527        -1.1708677424        -1.7813749324
C8          3.7095393804        -2.4820677700        -1.9394583660
C9          3.1850125562        -3.3370142837        -3.0968956826
C10         1.7139100682        -3.7454919132        -2.8813853902
C11         0.8971427679        -2.7095149574        -2.0809214462
O12         1.0061892702         1.0727089951        -1.7342679170
P13         0.9012569119         1.4656087956        -0.0534232279
C14         2.7042938747         1.7956113854         0.0445544425
C15         0.8258838949         1.7384605710         1.7752912990
C16         0.9005085814         0.6643045989         2.6886267703
C17         0.8766206047         0.8879514470         4.0683272125
C18         0.8237562018         2.1873366360         4.5685402623
C19         0.8241628109         3.2680418120         3.6896373012
C20         0.8476416935         3.0499839055         2.3099649072
C21        -0.1685441804         2.8854908337        -0.4445329561
C22         0.2703969594         3.8418876956        -1.3762791531
C23        -0.5267187460         4.9474238635        -1.6871605079
C24        -1.7642571251         5.1164817630        -1.0624346070
C25        -2.2022580487         4.1849067502        -0.1189048646
C26        -1.4081778767         3.0782856152         0.1939777491
H27        -2.4598534367        -1.5635305735         1.5394500185
H28        -0.6423483578        -1.8688595872         1.7621820567
H29        -2.0622226453         0.8856035476        -1.2144892159
H30        -3.0706691699         0.5647427922         0.2365282884
H31        -2.8948169502        -0.6955782612        -1.0380117646
H32         0.9693186092        -0.9691379987         0.2953178078
H33        -0.4681261986        -0.2546210910        -2.2594989620
H34         1.4564044849        -1.0897505659        -3.3721322899
H35         3.4181454781        -0.3673443459        -2.3593975173
H36         2.9596737821        -0.8843063598        -0.7135358966
H37         3.6410851474        -3.0730941627        -0.9992734130
H38         4.7824188590        -2.2456896518        -2.1080956017
H39         3.2769034443        -2.7591429603        -4.0429471877
H40         3.8116131460        -4.2492015257        -3.1997113437
H41         1.6767460786        -4.7188487692        -2.3451556878
H42         1.2406429793        -3.8992303255        -3.8756728929
H43        -0.1662739780        -2.7610378541        -2.4024036937
H44         0.9328982884        -2.9762671221        -1.0020034095
H45         3.1936654030         1.0745123890         0.7326922597
H46         2.8880377037         2.8296536493         0.4033754111
H47         3.1877197573         1.7078143832        -0.9497445580
H48         1.0156771514        -0.3522092554         2.3622776975
H49         0.9193169436         0.0496360964         4.7518467292
H50         0.8112430555         2.3572319912         5.6373882901
H51         0.8209382793         4.2786907140         4.0771750781
H52         0.8971510702         3.9161182211         1.6644535820
H53         1.2313265382         3.7323810471        -1.8628911623
H54        -0.1828174505         5.6753153668        -2.4105690347
H55        -2.3792152616         5.9741883904        -1.3023207431
H56        -3.1536915257         4.3248557288         0.3776168429
H57        -1.7476383020         2.3902878941         0.9552505247
&

