&gen
basis=6-31G**
igeopt=1
dftname=PBE-D3
ifreq=1
&
entry_name: J1_10176_2111.in
&zmat
O1          1.5051973407        -2.3880823524         0.2813945012
C2          1.8447708716        -1.0552979900         0.5496021232
C3          0.8980384992        -0.0915926921        -0.2028610453
C4          1.1750901880         0.1360863476        -1.6798090143
C5          2.1743539063        -0.7632760646        -2.3834969617
C6          3.3749717704        -0.2616134796        -2.9238080781
C7          4.2532550151        -1.1096294222        -3.6053107672
C8          3.9301037808        -2.4561872444        -3.7848594231
C9          2.7192611166        -2.9531762388        -3.2987315225
C10         1.8389019407        -2.1086194887        -2.6163770488
O11         1.6190407090         1.4666284159        -1.5475587621
P12         1.2075058050         1.6795919368         0.1104269317
C13         2.8560425071         2.3864576883         0.4866032358
C14         4.0322275714         1.7602705716         0.0369210789
C15         5.2875905544         2.3019513637         0.3273499373
C16         5.3890091182         3.4723890650         1.0797600905
C17         4.2345390019         4.0989228446         1.5492781441
C18         2.9779653504         3.5608255659         1.2591573396
C19         0.6837845099         1.6447450098         1.8905704484
C20        -0.6694987511         1.8003519113         2.2710674069
C21        -1.0544402010         1.7461161137         3.6138235573
C22        -0.1085375404         1.5050226030         4.6070725872
C23         1.2230812964         1.2969485775         4.2581638223
C24         1.6143829764         1.3500776342         2.9183349384
C25        -0.0533310231         2.8749576651        -0.4425561418
C26         0.2415043164         4.2453353558        -0.5628028687
C27        -0.7155904175         5.1381913511        -1.0547710895
C28        -1.9642607423         4.6713767584        -1.4675175528
C29        -2.2505415337         3.3071705951        -1.4085851573
C30        -1.2959573352         2.4119747848        -0.9185115217
H31         0.6536415485        -2.5693046253         0.7589444441
H32         1.7764888314        -0.8933942737         1.6428762005
H33         2.9003169085        -0.8983981933         0.2617554450
H34        -0.1669103223        -0.3475473268        -0.0153497371
H35         0.2227167622         0.1331504460        -2.2551436882
H36         3.6330427378         0.7851067543        -2.8358897394
H37         5.1801015775        -0.7190299268        -4.0052264382
H38         4.6097069958        -3.1100548051        -4.3159179437
H39         2.4579387204        -3.9912632078        -3.4585010492
H40         0.8912148188        -2.5028099914        -2.2710165031
H41         3.9918173159         0.8532385764        -0.5370811070
H42         6.1834909079         1.8106472460        -0.0298238391
H43         6.3620511398         3.8887574893         1.3060908575
H44         4.3126855734         4.9980926143         2.1466336079
H45         2.1022308118         4.0454311061         1.6698933798
H46        -1.4528590517         1.9469432741         1.5509750187
H47        -2.0944085103         1.8799216929         3.8829727823
H48        -0.4111155206         1.4593839173         5.6452596166
H49         1.9543073503         1.0807187933         5.0264124728
H50         2.6499533705         1.1354804455         2.6943488368
H51         1.2151387155         4.6344111253        -0.3206918819
H52        -0.4810995552         6.1919553234        -1.1337446334
H53        -2.7019910029         5.3638981141        -1.8516899577
H54        -3.2104436946         2.9411829593        -1.7493232705
H55        -1.5381464938         1.3588349816        -0.8939259115
&

