&gen
basis=6-31G**
igeopt=1
dftname=PBE-D3
ifreq=1
&
entry_name: J1_10210_2111.in
&zmat
C1         -1.8271802933        -1.0481501672         0.5400184350
C2         -0.8965430817        -0.0839393250        -0.2149614414
C3         -1.1862510180         0.1363019804        -1.6886895545
C4         -2.2055016729        -0.7607504574        -2.3664354072
C5         -1.9208503882        -2.1292953231        -2.5208101296
C6         -2.8174104369        -2.9711559536        -3.1852140282
C7         -3.9924423248        -2.4507164961        -3.7312140098
C8         -4.2637988478        -1.0847693680        -3.6283220406
C9         -3.3692372759        -0.2392422459        -2.9651702869
O10        -1.6172315644         1.4717151036        -1.5606781566
P11        -1.2145765443         1.6834505198         0.0996540019
C12        -2.8645565717         2.3869894326         0.4725609106
C13        -4.0379054554         1.7732375861        -0.0018696236
C14        -5.2944192037         2.3123988351         0.2881571111
C15        -5.3995168700         3.4683202290         1.0624331870
C16        -4.2475954024         4.0838323371         1.5527780235
C17        -2.9897235405         3.5482828739         1.2635499493
C18        -0.7244351091         1.6416976469         1.8868408603
C19        -1.6544536233         1.2220529885         2.8687823827
C20        -1.3048774371         1.1603628305         4.2195421058
C21        -0.0146835438         1.4931434114         4.6239292019
C22         0.9317374174         1.8742254263         3.6755220892
C23         0.5888824675         1.9378296384         2.3216126452
C24         0.0465630025         2.8791281385        -0.4426578735
C25         1.3020410306         2.4197593044        -0.8859511091
C26         2.2599512450         3.3178791397        -1.3642868242
C27         1.9654688620         4.6798821111        -1.4398048883
C28         0.7063862742         5.1421130845        -1.0533056390
C29        -0.2542967561         4.2467057312        -0.5732421729
H30        -1.5446858924        -1.0895685859         1.6096382419
H31        -1.7000116214        -2.0791819686         0.1558914252
H32        -2.8922976611        -0.7647783876         0.4549887653
H33         0.1687047581        -0.3457949164        -0.0398591676
H34        -0.2413481725         0.1189509810        -2.2759054789
H35        -1.0017268216        -2.5440349205        -2.1255077590
H36        -2.5963815995        -4.0260362338        -3.2842734095
H37        -4.6845575133        -3.1028450439        -4.2480641375
H38        -5.1631000325        -0.6781366409        -4.0726645774
H39        -3.5875129860         0.8199479624        -2.9316095030
H40        -3.9935885889         0.8768221913        -0.5941108502
H41        -6.1883295355         1.8306433539        -0.0865603532
H42        -6.3734879857         3.8829932726         1.2878731797
H43        -4.3287734324         4.9735489833         2.1637279466
H44        -2.1150190743         4.0285185776         1.6819806731
H45        -2.6578372951         0.9251955794         2.5952141837
H46        -2.0356851136         0.8447657319         4.9529694330
H47         0.2559531366         1.4422895387         5.6706553648
H48         1.9398988358         2.1139446892         3.9886580225
H49         1.3733015977         2.2108184944         1.6399963713
H50         1.5509010265         1.3688391679        -0.8443466914
H51         3.2293187371         2.9561366290        -1.6819464729
H52         2.7062297212         5.3744414851        -1.8143381896
H53         0.4678033168         6.1941939140        -1.1416707182
H54        -1.2341271418         4.6299095717        -0.3434123294
&

