&zmat
 C5              4.4827659255            -1.1558593670             0.3527889561
 C4              3.9913800220             0.0780536548            -0.3613907101
 O6              4.4996105709             0.6002897519            -1.3377740176
 O3              2.8477560700             0.5527448989             0.2412825980
 C2              2.1743643377             1.5946528525            -0.4835996784
 C1              1.4826790679             1.0169516056            -1.7242864131
 O16             1.4474667533            -0.1748816546            -1.9755942869
 C7              1.1700816062             2.2320910211             0.4993575886
 N8              0.2419546673             1.2715410423             1.0670787331
 C9             -0.8283122227             0.8628580071             0.2905755479
 O15            -1.2110919797             1.4761837297            -0.7082952055
 O10            -1.3659499256            -0.2645123630             0.8224051594
 C11            -2.4342528656            -0.9836760933             0.0863852619
 C12            -3.6890155319            -0.1075139337             0.0008502344
 C13            -2.6744015584            -2.2056013792             0.9784026726
 C14            -1.9152118858            -1.4049159894            -1.2938164452
 H19             5.5208965351            -1.3590875525             0.0625536542
 H20             3.8498109866            -2.0065979735             0.0509677795
 H21             4.3980958432            -1.0470112144             1.4440458667
 H18             2.8996385037             2.3563227101            -0.8298819241
 H17             1.0055838413             1.7874200736            -2.3804598566
 H22             0.5847357887             3.0014656328            -0.0273350547
 H23             1.7311225331             2.7140659819             1.3155687804
 H24             0.6464250108             0.5479402248             1.6592585158
 H25            -4.0029421831             0.2113386759             1.0078813150
 H26            -3.4993633020             0.7821523730            -0.6145115271
 H27            -4.5121970597            -0.6859520650            -0.4495018372
 H28            -1.7572555522            -2.8093651427             1.0648219701
 H29            -2.9856068985            -1.8948711064             1.9883373496
 H30            -3.4676260968            -2.8354687489             0.5460544205
 H31            -0.9619066896            -1.9479962277            -1.1961129926
 H32            -2.6491247201            -2.0724661309            -1.7740044734
 H33            -1.7519863036            -0.5326042759            -1.9403682367
&

