&gen
basis=6-31G**
igeopt=1
dftname=PBE-D3
ifreq=1
&
entry_name: J1_10360_2111.in
&zmat
C1          2.6216898229        -1.7823963123         3.4364058247
C2          2.7434005217        -1.0429816426         2.1142475114
O3          1.4593181752        -0.9386081392         1.5114458568
C4          1.2417866194        -0.2664950724         0.3069998132
O5          2.2126538764         0.2437856434        -0.3186532368
C6         -0.1686941992        -0.1446076625        -0.2138686189
C7         -0.2659407771        -0.0105375971        -1.7179562075
C8         -1.1783218988        -1.0238846556        -2.4506445396
O9         -2.3798794362        -1.2150517026        -1.7765683719
C10        -2.7783639014        -2.5335665116        -2.0720431771
C11        -3.3131639800        -3.1787152223        -0.7907157170
C12        -3.8824826407        -2.5029288654        -3.1362656707
O13        -1.6940280679        -3.2996350482        -2.5548041851
C14        -0.6235969826        -2.4183559479        -2.7402471995
C15         0.6048144052        -2.8946221244        -1.9132660528
O16         0.2786876091        -3.1020257775        -0.5605783674
C17         1.2458645197        -4.1588960702        -2.5173972577
O18         0.3069969881        -5.2090128804        -2.5417639847
Si19         0.9246426354        -6.5675978992        -3.4269842959
C20         0.9845526214        -6.1537691662        -5.2536724381
C21         2.6540925564        -7.0166294032        -2.8570173951
C22        -0.2665636350        -8.0173495587        -3.1224331481
C23         0.1953161001        -9.2598692780        -3.9031017888
C24        -1.6778058855        -7.6136527286        -3.5844376096
C25        -0.2954647339        -8.3360232435        -1.6175940176
O26        -0.8689904195         1.2582416046        -1.7079961126
P27        -0.8772137543         1.5213031289        -0.0050912091
C28        -2.6736339926         1.7463327480         0.0097693349
C29        -3.2465545678         3.0045309497        -0.2392021724
C30        -4.6358514781         3.1620999080        -0.2297814041
C31        -5.4638369078         2.0692176943         0.0370042154
C32        -4.9029804704         0.8194787341         0.3083699304
C33        -3.5149192302         0.6595022236         0.3031916427
C34        -0.9428581380         1.6791153010         1.8319455474
C35        -1.0995481601         2.9527563110         2.4265813103
C36        -1.1845384619         3.0941464476         3.8136367783
C37        -1.1493468767         1.9686278095         4.6348009876
C38        -1.0526740550         0.6987334089         4.0680391533
C39        -0.9699957348         0.5507578312         2.6806335683
C40         0.2641742589         2.9355484274        -0.2014753128
C41         0.0193870989         3.9166839901        -1.1806388084
C42         0.9003445397         4.9886759269        -1.3499136234
C43         2.0427995737         5.0895530432        -0.5544131695
C44         2.3105227111         4.1139741055         0.4070026226
C45         1.4333147253         3.0399527836         0.5792610415
H46         2.2192263333        -2.8030901829         3.2641019608
H47         3.6204775214        -1.8632758670         3.9146262395
H48         1.9381220428        -1.2309905302         4.1166773720
H49         3.1544944044        -0.0267224516         2.2996248554
H50         3.4301911948        -1.5995469496         1.4403922864
H51        -0.8335001244        -0.9382927799         0.1778912461
H52         0.7114137086         0.0714630394        -2.2402069348
H53        -1.4261553004        -0.5570218438        -3.4321272048
H54        -2.5411118106        -3.1438671337         0.0057956883
H55        -3.5866764842        -4.2398020597        -0.9750186090
H56        -4.2091201236        -2.6321334564        -0.4251904703
H57        -4.2316318298        -3.5333047791        -3.3625285013
H58        -4.7448162192        -1.8972260354        -2.7835046108
H59        -3.4953184056        -2.0504852911        -4.0738580425
H60        -0.3349583735        -2.4487851507        -3.8152756845
H61         1.3900881033        -2.1128102072        -1.9574484302
H62        -0.3121568735        -3.8961376925        -0.5011551397
H63         1.6082694301        -3.9047869457        -3.5394466375
H64         2.1168146010        -4.4381211464        -1.8835695257
H65        -0.0108009855        -5.7975115690        -5.5883237563
H66         1.7363575126        -5.3592804878        -5.4343210956
H67         1.2720891521        -7.0536720846        -5.8334830123
H68         3.3558751189        -6.1980052733        -3.1167296116
H69         2.9870752688        -7.9448192934        -3.3632576707
H70         2.6584010825        -7.1698072130        -1.7587391625
H71         1.2107025019        -9.5751598520        -3.5830396060
H72        -0.4985113802       -10.1095677250        -3.7244894962
H73         0.2141006072        -9.0586476862        -4.9948717734
H74        -2.0274062840        -6.7083209999        -3.0420358232
H75        -2.4015266601        -8.4343138790        -3.3894318718
H76        -1.6907174374        -7.3976797539        -4.6740032425
H77        -1.0097751535        -9.1611785721        -1.4073544109
H78        -0.6128896433        -7.4460891178        -1.0319383529
H79         0.7078637291        -8.6525759859        -1.2609836850
H80        -2.6289439112         3.8704820601        -0.4183272595
H81        -5.0706295415         4.1341729386        -0.4234466058
H82        -6.5389579082         2.1933710566         0.0445535018
H83        -5.5432995344        -0.0246241984         0.5296565310
H84        -3.0996938213        -0.3087939523         0.5440716944
H85        -1.1627764351         3.8445737230         1.8174120412
H86        -1.2875251814         4.0787375079         4.2512035376
H87        -1.2181813235         2.0790075824         5.7092681809
H88        -1.0567568439        -0.1767299803         4.7046808582
H89        -0.9530921274        -0.4535505577         2.2952791764
H90        -0.8410215919         3.8469147769        -1.8317902061
H91         0.7004810822         5.7380703021        -2.1048644161
H92         2.7241423948         5.9198378996        -0.6878266669
H93         3.1995222344         4.1890112540         1.0197769078
H94         1.6627320282         2.3008859930         1.3349928199
&

