&gen
basis=6-31G**
igeopt=1
dftname=PBE-D3
ifreq=1
&
entry_name: J1_10562_2111.in
&zmat
C1          0.4926052616        -3.6319918645         2.2148873173
C2          0.6768466667        -3.3684401330         0.7248441010
O3         -0.3049375252        -2.4484619395         0.2538534856
C4         -0.2628189349        -1.0739813879         0.5154201408
O5          0.7250511542        -0.5813284731         1.1252568769
C6         -1.4197602936        -0.2108329628         0.0403582864
C7         -2.7637204457        -0.7107432129         0.6237585994
C8         -1.3796319238        -0.1076312987        -1.4824702024
C9         -2.5163677194        -0.7062125747        -2.3544118406
C10        -2.3011560202        -2.2092956803        -2.5508619406
O11        -2.4704501112        -0.0977506849        -3.6362056349
C12        -3.5380480865         0.8150795837        -3.8100423787
O13        -3.3467602620         1.5441727442        -5.0036394019
C14        -2.3972100687         2.5661834342        -4.7921853375
O15        -1.3899538019         1.2908544312        -1.5390018033
P16        -1.2451941453         1.6385149028         0.1431057501
C17        -2.7832722591         2.6243592780         0.0711786441
C18        -2.9524427401         3.5867339937        -0.9420089861
C19        -4.1309241623         4.3324779860        -1.0277029551
C20        -5.1568795780         4.1292811902        -0.1037018832
C21        -5.0062834206         3.1781592333         0.9066004226
C22        -3.8306216568         2.4276256730         0.9942853526
C23        -1.0502899717         1.9723706726         1.9693090640
C24        -1.0906477763         3.3084988096         2.4408460154
C25        -0.9374550289         3.6146464600         3.7947532478
C26        -0.7625339043         2.5969106658         4.7256381503
C27        -0.7642606401         1.2712691405         4.3045347301
C28        -0.9187981729         0.9591937719         2.9504179748
C29         0.3333877713         2.4815291790        -0.2416735510
C30         0.3988449568         3.8873358851        -0.3274579671
C31         1.5959303649         4.5316884309        -0.6519461529
C32         2.7360663849         3.7846770669        -0.9438161887
C33         2.6698173205         2.3922267751        -0.9446859499
C34         1.4737617987         1.7458827741        -0.6195313235
H35        -0.5329890484        -4.0117775438         2.4078113423
H36         1.2280586585        -4.3917154434         2.5534544275
H37         0.6499580217        -2.6994994852         2.7961747809
H38         1.6992759744        -2.9810107143         0.5237235866
H39         0.5563105277        -4.3255805048         0.1752310138
H40        -2.9314607573        -1.7767917202         0.3732174610
H41        -2.7919679177        -0.6367549060         1.7253238985
H42        -3.6243577204        -0.1284986537         0.2444634132
H43        -0.4017536288        -0.4445195408        -1.8986843224
H44        -3.5102210854        -0.5879300441        -1.8695184068
H45        -3.1188567164        -2.6232109706        -3.1782811495
H46        -1.3340869456        -2.4007201141        -3.0635542888
H47        -2.3023561943        -2.7479986200        -1.5831631350
H48        -3.6618438406         1.4961605690        -2.9320925684
H49        -4.4865002127         0.2446431374        -3.9156361924
H50        -2.8029972512         3.3462592131        -4.1116064008
H51        -2.1781023452         3.0519744273        -5.7649652609
H52        -1.4384538768         2.1641121997        -4.3941886826
H53        -2.1774249715         3.7546167654        -1.6777120667
H54        -4.2494721932         5.0665444878        -1.8141648118
H55        -6.0689475708         4.7080223098        -0.1711705528
H56        -5.8017525677         3.0216073335         1.6236402593
H57        -3.7390528557         1.7035073247         1.7920124979
H58        -1.2885245231         4.1306111923         1.7765696357
H59        -0.9703576680         4.6456171256         4.1230916845
H60        -0.6478476790         2.8339502105         5.7754660511
H61        -0.6563920678         0.4771143180         5.0324630425
H62        -0.9514034575        -0.0844232969         2.7237540114
H63        -0.4733770226         4.5007096309        -0.1752740095
H64         1.6334901950         5.6125845758        -0.6954498482
H65         3.6606635162         4.2842274953        -1.2026666584
H66         3.5401971410         1.8112891447        -1.2215274613
H67         1.4424624079         0.6768197279        -0.7245906785
&

