&zmat
 C1              2.4625734799             0.0917424715            -0.4870743341
 C2              1.3923439813            -0.6977110369            -0.6734381950
 C3             -0.0246783167            -0.2489349981            -0.6981208893
 C7             -0.4820826023             1.0583445550            -0.1439072775
 C4             -0.8073574816            -0.2117173919             0.6402704127
 C5             -2.1974448119            -0.7187087131             0.6324835687
 O6             -2.7282465964            -1.3240167376             1.5529149975
 H8              2.3688116149             1.1750473285            -0.3623477568
 H9              3.4741629932            -0.3211824358            -0.4581371286
 H10             1.5397115227            -1.7766865533            -0.8132295931
 H11            -0.6187822420            -0.6474516841            -1.5319371763
 H14             0.2490903008             1.7257590739             0.3184601927
 H15            -1.3121078103             1.5673153676            -0.6432196509
 H12            -0.2344747648            -0.4069694746             1.5511559381
 H13            -2.7536118922            -0.5026965751            -0.3270618638
&

