&gen
basis=6-31G**
igeopt=1
dftname=PBE-D3
ifreq=1
&
entry_name: J1_10053_2111.in
&zmat
C1         -1.6450355141        -1.0961450387         0.6452776937
C2         -2.9340895478        -1.0305965800         1.0112745092
C3         -3.5230357270        -2.0800188364         1.9141205216
C4         -5.0375941189        -1.9360803182         2.0175661491
C5         -0.9038483474        -0.0865618949        -0.2208047113
C6         -1.3699855625         0.1708926102        -1.6373393477
C7         -2.6006823939        -0.5653960731        -2.1968691666
C8         -2.3182309723        -2.0485962423        -2.4716954532
C9         -3.5638506157        -2.7402017691        -3.0446075905
C10        -3.3280327476        -4.2235673648        -3.3815210485
C11        -2.9319970869        -5.1140430915        -2.1854385226
C12        -3.8850628159        -5.0471987508        -0.9791854375
C13        -5.3031793475        -5.5307287982        -1.3104996217
C14        -6.1800955884        -5.5530470051        -0.0550162948
O15        -7.5124326618        -5.9430933194        -0.3821019184
C16        -7.8807200014        -7.2629226718        -0.6656887930
C17        -9.2942375341        -7.5683158113        -1.0276247677
O18        -7.0444371040        -8.2020593225        -0.5709544072
O19        -1.6532154629         1.5346557760        -1.4514576325
P20        -1.1442197706         1.6742489240         0.1907089153
C21        -2.8124265424         2.2877997783         0.6765692445
C22        -0.5239861040         1.7432215089         1.9285725207
C23        -0.7005390685         2.9224230872         2.6893393968
C24        -0.2155847085         3.0181906273         3.9958722214
C25         0.4799618106         1.9529529418         4.5636244799
C26         0.7090058556         0.7982214443         3.8178405272
C27         0.2277433470         0.6963149855         2.5091987427
C28         0.1364544330         2.8580814173        -0.2798665038
C29         1.4811335693         2.4572046364        -0.3507185642
C30         2.4702017828         3.3717661047        -0.7242085957
C31         2.1239179366         4.6884806869        -1.0379181906
C32         0.7871666361         5.0913227614        -0.9818628854
C33        -0.2049699710         4.1797480270        -0.6081783245
H34        -1.0519139134        -1.9268440200         1.0188872765
H35        -3.5702439506        -0.2329721850         0.6600834357
H36        -3.2852047112        -3.0910715538         1.5206709540
H37        -3.0744438242        -1.9842740296         2.9262539400
H38        -5.4429332700        -2.7329225115         2.6760791013
H39        -5.3021051172        -0.9471777572         2.4494787547
H40        -5.5016682453        -2.0349400604         1.0126851825
H41         0.1774250347        -0.3385778716        -0.2457255026
H42        -0.5210673755         0.0759056438        -2.3516089353
H43        -3.4807274381        -0.4475085948        -1.5376460710
H44        -2.8691303414        -0.0797036700        -3.1605672454
H45        -1.4803522119        -2.1371777886        -3.1974042690
H46        -2.0180644363        -2.5475261048        -1.5300101305
H47        -4.4169866000        -2.6381202533        -2.3409252168
H48        -3.8587108565        -2.2224035905        -3.9835285632
H49        -4.2484467809        -4.6317117950        -3.8508780391
H50        -2.5268751930        -4.2925278376        -4.1492976522
H51        -1.9095965595        -4.8414328260        -1.8476966777
H52        -2.8726736131        -6.1670792657        -2.5371680426
H53        -3.9215465596        -4.0141291074        -0.5778300473
H54        -3.4638422507        -5.6928183210        -0.1776620612
H55        -5.7711261875        -4.8505326530        -2.0534279148
H56        -5.2532595561        -6.5513338999        -1.7469758296
H57        -6.2147712263        -4.5331614151         0.3838325735
H58        -5.7568292009        -6.2418362723         0.7088639480
H59        -9.8499095753        -7.8787320169        -0.1185687891
H60        -9.7775019646        -6.6675294643        -1.4606105542
H61        -9.3278794173        -8.3877022881        -1.7763747327
H62        -2.8268300616         3.3944803837         0.7070120276
H63        -3.1165508526         1.8941811510         1.6693027367
H64        -3.5820332386         1.9736481200        -0.0587797403
H65        -1.1997781625         3.7842199158         2.2700262809
H66        -0.3705304482         3.9259162684         4.5647516417
H67         0.8585496127         2.0296821001         5.5746861524
H68         1.2741966437        -0.0176403642         4.2499933910
H69         0.4790520510        -0.1992205095         1.9690892790
H70         1.7666440490         1.4424202398        -0.1084717177
H71         3.5054219862         3.0594199224        -0.7707385097
H72         2.8905676285         5.3953935448        -1.3276099388
H73         0.5190325386         6.1098262459        -1.2312502936
H74        -1.2349836221         4.5067698557        -0.5823011736
&

