&zmat
 C4             -6.0420676679            -1.9773845376             0.3548105710
 C3             -4.9219625674            -1.5707970331             1.3308823204
 C2             -3.9108468562            -0.6594220609             0.6946430001
 C1             -2.6068006203            -0.9623544742             0.5194768628
 C5             -1.5707176500            -0.1077555136            -0.1644814995
 C6             -1.9306536046             0.4735761932            -1.5671012505
 C7             -2.9215911792            -0.2896914661            -2.4377404070
 C8             -2.4043533264            -1.6725150744            -2.8625677341
 C9             -3.5311864341            -2.5902157611            -3.3555394090
 C10            -3.1014429709            -4.0179649679            -3.7371508400
 C11            -2.3264923822            -4.7906110182            -2.6486574845
 C12            -2.9724257685            -4.8039117893            -1.2508782539
 C13            -4.4095080941            -5.3446996123            -1.2061745918
 C14            -4.9164347168            -5.4287296331             0.2328505877
 O15            -6.3642099865            -5.5413497922             0.2970156566
 C16            -6.8655587139            -6.8013452232             0.1371194671
 C17            -8.3772334121            -6.7693691189             0.1973761454
 O18            -6.1782379295            -7.7971616259            -0.0321431560
 O19            -2.4419414908             1.7341104123            -1.1356551677
 P20            -1.4835506018             1.6994337391             0.4486956619
 C21            -2.8146490394             2.7758802855             1.1682550548
 C22            -0.6598575913             1.3989914452             2.1650343015
 C23            -0.1732120587             2.5115178003             2.8897053987
 C24             0.4080727848             2.3689261599             4.1543681935
 C25             0.5167111187             1.0972933879             4.7367999578
 C26             0.0443662090            -0.0190593660             4.0383435129
 C27            -0.5344637374             0.1345344715             2.7677008429
 C28            -0.0536359199             2.6127946536            -0.2956560088
 C29             1.2770876752             2.3135974199             0.0550498079
 C30             2.3402728017             2.9849851383            -0.5629992415
 C31             2.0849933675             3.9811143347            -1.5150473481
 C32             0.7623297960             4.2841391381            -1.8688932474
 C33            -0.3009099310             3.5894944443            -1.2796223703
 H38            -6.7520963377            -2.6783483585             0.8222020392
 H39            -6.6051569833            -1.0945644620             0.0084423768
 H40            -5.6220709937            -2.4712434979            -0.5371104393
 H36            -4.4121962805            -2.4705856017             1.7228432948
 H37            -5.3771755892            -1.0694486062             2.2073561448
 H35            -4.2851091984             0.3013976034             0.3148216501
 H34            -2.2561200241            -1.9345838322             0.8966514345
 H41            -0.5800073333            -0.5910610627            -0.1067075912
 H42            -0.9775246350             0.5957136465            -2.1353694683
 H43            -3.8673958647            -0.4040305814            -1.8812415817
 H44            -3.1542401873             0.3335856367            -3.3196261789
 H45            -1.6211741986            -1.5718357240            -3.6380271827
 H46            -1.9086247924            -2.1453990177            -1.9942079881
 H47            -4.3006588952            -2.6390027098            -2.5609072803
 H48            -4.0342374467            -2.1225584339            -4.2226297509
 H49            -4.0046854972            -4.5897562971            -4.0198025139
 H50            -2.4737728233            -3.9823843764            -4.6472473071
 H51            -1.3094675005            -4.3681900741            -2.5528552070
 H52            -2.1867148855            -5.8323863720            -2.9923108541
 H53            -2.9708753157            -3.7793042122            -0.8307537806
 H54            -2.3339689630            -5.4064375196            -0.5770001241
 H55            -5.0850272468            -4.6791071078            -1.7726456356
 H56            -4.4722005996            -6.3435294951            -1.6723138774
 H57            -4.6957705684            -4.4989186456             0.7803370165
 H58            -4.4636945189            -6.2828663954             0.7634999109
 H59            -8.7146084716            -6.2771893821             1.1226899864
 H60            -8.7718358322            -6.1811739817            -0.6467721174
 H61            -8.7668627199            -7.7935662711             0.1485141954
 H62            -3.3146942097             3.3260715858             0.3612863314
 H63            -2.4189424986             3.4474686642             1.9417461503
 H64            -3.5404143376             2.0982799848             1.6471323907
 H65            -0.2199121652             3.5112967884             2.4417674619
 H66             0.7821607328             3.2506277989             4.6847784766
 H67             0.9695515092             0.9796776249             5.7261196991
 H68             0.1243894208            -1.0176179097             4.4801003308
 H69            -0.9013571292            -0.7573348306             2.2536063285
 H70             1.4833352263             1.5578139370             0.8179229720
 H71             3.3703998891             2.7326184225            -0.2930565094
 H72             2.9160444391             4.5144493123            -1.9871692331
 H73             0.5577920539             5.0537515544            -2.6196521666
 H74            -1.3311628881             3.7652165834            -1.5986246909
&

