&gen
basis=6-31G**
igeopt=1
dftname=PBE-D3
ifreq=1
&
entry_name: J1_10274_2111.in
&zmat
C1          3.6971461725         0.1063290894         1.9313377610
C2          3.3939307364        -0.5790203925         0.6022750569
C3          2.0843633065        -0.1140873002         0.0262537924
C4          0.9136789913        -0.4876125252         0.5688710353
C5         -0.4646404982        -0.1551202227         0.0234669857
C6         -0.6245198223        -0.1435205522        -1.4802376629
C7         -1.6683434008        -1.1343865753        -2.0359825197
C8         -1.0744947190        -2.5103232976        -2.3803162142
C9         -0.6253127437        -3.2918660461        -1.1391543683
C10        -0.1528718988        -4.7035600783        -1.5119116292
C11         0.2224803780        -5.5464511162        -0.2802756865
C12         1.4458386691        -5.0208582223         0.4806983220
O13         2.5500824931        -4.9245484135        -0.3760600598
O14        -1.1076900986         1.1784778629        -1.5634701161
P15        -0.9862147501         1.5856222920         0.1067104225
C16        -2.7646707883         1.9651499672         0.0899670032
C17        -3.7129627594         0.9370332404         0.2501164974
C18        -5.0807596961         1.2131006690         0.1726609191
C19        -5.5186303454         2.5117115686        -0.0913150902
C20        -4.5882698050         3.5337004609        -0.2874136919
C21        -3.2190544803         3.2616851123        -0.2097956857
C22        -0.7400802427         1.7337268985         1.9369482810
C23        -1.7869167085         1.5527226150         2.8709153712
C24        -1.5449714390         1.6275883652         4.2461051097
C25        -0.2569852496         1.8631294495         4.7225928697
C26         0.7961142082         2.0172839896         3.8246459371
C27         0.5606824491         1.9454523095         2.4503192401
C28         0.0864577507         3.0315610944        -0.2646544555
C29        -0.0522107788         4.2334545022         0.4637740958
C30         0.7581052190         5.3373895792         0.1869798164
C31         1.7072120720         5.2704545116        -0.8324094405
C32         1.8375645097         4.1035314083        -1.5851176681
C33         1.0291761263         2.9962893271        -1.3121716565
H34         2.9151889266        -0.1335012698         2.6826600399
H35         4.6757759388        -0.2494618162         2.3164244493
H36         3.7510235010         1.2071110717         1.7926631173
H37         3.3734901943        -1.6818224388         0.7426512516
H38         4.2085960059        -0.3409219805        -0.1148531150
H39         2.1191448826         0.4783895680        -0.8734409587
H40         0.9360380861        -1.1251002698         1.4487482898
H41        -1.2191378275        -0.7919791384         0.5307231067
H42         0.3281155970        -0.2225517170        -2.0440047426
H43        -2.0766876580        -0.7063198461        -2.9772943565
H44        -2.5281191837        -1.2558774838        -1.3453497954
H45        -0.2160625105        -2.3837090613        -3.0760981856
H46        -1.8553819243        -3.0964011742        -2.9127314012
H47        -1.4661878202        -3.3583644991        -0.4144569939
H48         0.2175456188        -2.7526097175        -0.6695395619
H49         0.7137197632        -4.6406487705        -2.2056512512
H50        -0.9733207629        -5.2285242958        -2.0483930925
H51        -0.6443255687        -5.5966388116         0.4141244193
H52         0.4369996367        -6.5839657763        -0.6172931514
H53         1.6804375873        -5.7289369308         1.3061703084
H54         1.2232133250        -4.0310745153         0.9362335612
H55         3.2896118883        -4.5496900568         0.1693686190
H56        -3.4012965961        -0.0726646824         0.4701900544
H57        -5.8015508333         0.4187469743         0.3172778250
H58        -6.5780672694         2.7240882656        -0.1537132072
H59        -4.9279087813         4.5364043515        -0.5127879838
H60        -2.5272782489         4.0637657377        -0.4111826421
H61        -2.7973895199         1.3441852336         2.5721890586
H62        -2.3603780381         1.4936243593         4.9454209905
H63        -0.0738060295         1.9168446437         5.7879484063
H64         1.7997682445         2.1873556863         4.1925806477
H65         1.4048085260         2.0582907448         1.7854667559
H66        -0.7854233991         4.3190166086         1.2552241699
H67         0.6469727278         6.2472132981         0.7625948530
H68         2.3330657619         6.1269076228        -1.0473671373
H69         2.5598864253         4.0592917267        -2.3900442117
H70         1.1322377993         2.1303184959        -1.9458384229
&

