&gen
basis=6-31G**
igeopt=1
dftname=PBE-D3
ifreq=1
&
entry_name: J1_10426_2111.in
&zmat
C1         -7.3881312152         1.9308779861        -3.8858453832
C2         -5.9889040051         1.6120200894        -3.3737265131
O3         -5.6403955860         0.2614445605        -3.6693184843
C4         -6.1332774673        -0.8381342168        -2.9574154893
O5         -6.9124618684        -0.6607190710        -1.9819484075
C6         -5.7067871480        -2.2160505246        -3.2775102351
C7         -5.0408054205        -2.6062145695        -4.3860578867
C8         -4.7968018413        -1.6735395154        -5.5459090962
C9         -4.5540444871        -4.0436231743        -4.4857344505
C10        -3.3032878041        -4.3039479595        -3.6165348038
O11        -3.6092138871        -3.9546993871        -2.2769827478
C12        -2.4850232593        -4.1121828252        -1.4449247304
C13        -1.4581266001        -3.0290632381        -1.7753172116
C14        -2.0920781026        -1.6205982747        -1.6219406685
C15        -1.0448238788        -0.5081067564        -1.4347922721
O16        -1.6702908717         0.7486959213        -1.4178108966
P17        -1.1687893765         1.2591422305         0.1461698237
C18        -2.9418405986         1.4182097183         0.5450525162
C19        -3.6687983042         0.3083623905         1.0187416016
C20        -5.0502346527         0.3884291260         1.2129670719
C21        -5.7319094593         1.5667701764         0.9090733708
C22        -5.0337318770         2.6614247181         0.3984774296
C23        -3.6521368462         2.5830628654         0.1992651226
C24        -0.5374677504         1.6208190639         1.8587563218
C25         0.7237435622         2.2400390708         2.0587275688
C26         1.1980071274         2.5291420700         3.3403799033
C27         0.4439943675         2.1880862778         4.4590713168
C28        -0.7805579979         1.5463093962         4.2975858703
C29        -1.2635904924         1.2578685052         3.0179141903
C30        -0.4050775310         2.7581585653        -0.5765970381
C31        -0.6407705286         4.0304560538        -0.0146901088
C32        -0.0535824871         5.1732964979        -0.5639404615
C33         0.7724983400         5.0661360055        -1.6832493622
C34         1.0109503617         3.8156765441        -2.2549727726
C35         0.4262501039         2.6701380103        -1.7074889471
C36        -0.4550017066        -0.4274116631        -0.0338281688
C37         1.1110807567        -0.5934550292         0.1377614868
C38         1.8675908593        -0.9421181256        -1.1662357857
C39         1.4448012501        -1.6831171895         1.2096157870
C40         0.9662704268        -1.3152196722         2.6198025908
O41         2.8345646617        -1.8921101074         1.2700105148
C42        -0.9534968131        -3.2636462590        -3.2095664466
O43        -0.1069386638        -4.3652413574        -3.2749337291
C44        -0.2665556607        -4.8660053329        -4.5880143485
C45         0.9312112045        -4.4292599591        -5.4593379594
C46         2.2471708962        -5.0441597303        -4.9649636624
C47         2.1532721282        -6.5729082520        -4.9171246056
C48         0.9750609932        -7.0238460690        -4.0470634456
C49        -0.3422616559        -6.4054564737        -4.5361434867
O50        -1.4570128723        -4.3674189087        -5.1722356594
C51        -2.0558356699        -3.5557787985        -4.2047487408
H52        -7.6190435709         3.0006118087        -3.6984097513
H53        -8.1432905128         1.3068464813        -3.3642176018
H54        -7.4450364023         1.7355306879        -4.9775940069
H55        -5.9259108028         1.7976687737        -2.2800709659
H56        -5.2622206215         2.2826632382        -3.8785675135
H57        -5.9427684664        -2.9639245633        -2.5292509561
H58        -4.3536604113        -2.2092692898        -6.4109034340
H59        -5.7547350093        -1.2232024836        -5.8819302505
H60        -4.0844156272        -0.8755502801        -5.2504248285
H61        -4.3222030385        -4.3101616785        -5.5395950237
H62        -5.3704833248        -4.7294279779        -4.1686841635
H63        -3.1178034226        -5.4010797533        -3.6543203391
H64        -2.8090993187        -4.0017610027        -0.3880708647
H65        -2.0444853034        -5.1321206796        -1.5372246401
H66        -0.6093656441        -3.1316779630        -1.0647359458
H67        -2.7954537209        -1.6157553882        -0.7659553013
H68        -2.7057161104        -1.3800389551        -2.5173691611
H69        -0.3323348032        -0.5109667273        -2.2751024380
H70        -3.1671636900        -0.6158294680         1.2654292724
H71        -5.5929900579        -0.4668001955         1.5942570196
H72        -6.8029218437         1.6260599344         1.0530129153
H73        -5.5676517379         3.5643689111         0.1316870364
H74        -3.1611111339         3.4213362838        -0.2661344989
H75         1.3621525370         2.5050532158         1.2282800711
H76         2.1591907779         3.0110511403         3.4647826967
H77         0.8153874932         2.4075127942         5.4516861883
H78        -1.3564222380         1.2609185971         5.1686510662
H79        -2.1943808086         0.7285156429         2.9705343369
H80        -1.2593487358         4.1375633527         0.8669456273
H81        -0.2361434005         6.1423481313        -0.1178312904
H82         1.2267169874         5.9518182618        -2.1082683035
H83         1.6464978325         3.7334392004        -3.1272400611
H84         0.6108797187         1.7239110743        -2.1844350963
H85        -1.0008252486        -1.1129190901         0.6437298220
H86         1.5506077762         0.3581992413         0.4805584711
H87         1.7922372276        -0.1277541859        -1.9091301824
H88         2.9561696844        -1.0540048850        -0.9827419429
H89         1.4916325728        -1.8919785945        -1.6016394192
H90         0.9402273349        -2.6310901384         0.9059658118
H91        -0.1367561416        -1.2471517889         2.6768311820
H92         1.2793337050        -2.1039098443         3.3362965236
H93         1.4230734934        -0.3588987736         2.9442777250
H94         2.9771908199        -2.8042635960         1.6361577309
H95        -0.3746470667        -2.3769046718        -3.5508331452
H96         1.0208247244        -3.3214782513        -5.4465423254
H97         0.7569280692        -4.7378420306        -6.5140336789
H98         2.4907803966        -4.6508021107        -3.9535562971
H99         3.0695502036        -4.7495900162        -5.6517860376
H100         2.0306351244        -6.9722650930        -5.9480097238
H101         3.0968222837        -6.9856927009        -4.4998450024
H102         0.8954646213        -8.1315658051        -4.0853780966
H103         1.1578439352        -6.7326835995        -2.9893424357
H104        -0.5805491695        -6.8023046810        -5.5478395571
H105        -1.1582275381        -6.7184463986        -3.8508696488
H106        -2.3540526601        -2.5966951591        -4.6749630994
&

