&gen
basis=6-31G**
igeopt=1
dftname=PBE-D3
ifreq=1
&
entry_name: J1_9748_2111.in
&zmat
C1         -1.7307433610        -0.0472909049         2.7395402797
C2         -0.8525318789         0.7610676819         1.8361915730
P3         -0.5671946029         0.3411539695         0.2826228502
N4         -1.9442770383         0.5173886382        -0.8215529186
C5         -2.7381994802        -0.7157266382        -0.8630127782
C6         -2.7836488347         1.6492091663        -0.4084703868
C7          0.8417579011         1.2279085221        -0.3603651816
C8          0.9378381928         2.6102707668        -0.5282378049
C9          2.1237557348         3.1467926428        -1.0492365980
C10         3.1940808271         2.3023649274        -1.3911587585
C11         3.0880652273         0.9149877985        -1.2117138998
C12         1.8997946530         0.3882213009        -0.6919981359
C13         1.6005064194        -1.0239789244        -0.4143674021
C14         2.4488538700        -2.1203769343        -0.6081948784
C15         1.9945767497        -3.4004357176        -0.2585856880
C16         0.7093631075        -3.5747022658         0.2819870017
C17        -0.1329271067        -2.4708796250         0.4748588042
C18         0.3252931654        -1.2013324166         0.1142475385
H19        -2.1410311443        -0.9425507991         2.2341063641
H20        -2.5740916469         0.5835067946         3.0884620040
H21        -1.1406094051        -0.3786549621         3.6186674167
H22        -0.3714962716         1.6471511320         2.2369809840
H23        -3.6030804597        -0.5890834288        -1.5493138196
H24        -3.1221499245        -0.9897751228         0.1418534017
H25        -2.1281705496        -1.5471239904        -1.2723356793
H26        -3.2612641356         1.4632496921         0.5787288972
H27        -2.1794820875         2.5781775368        -0.3523561174
H28        -3.5805420237         1.8230438625        -1.1628505688
H29         0.1180828145         3.2611242510        -0.2570759430
H30         2.2161013340         4.2163118421        -1.1865737750
H31         4.1063733688         2.7250530667        -1.7916295451
H32         3.9186165662         0.2732064064        -1.4722605881
H33         3.4423127815        -1.9946287532        -1.0166233335
H34         2.6387870626        -4.2581024953        -0.4025278844
H35         0.3682446626        -4.5657368944         0.5517052704
H36        -1.1209644865        -2.6098101272         0.8904892991
&

