&gen
basis=6-31G**
igeopt=1
dftname=PBE-D3
ifreq=1
&
entry_name: J1_9869_2111.in
&zmat
C1         -0.0415572013        -1.4213523016        -6.2668098094
C2         -1.0145797403        -1.5644814515        -5.1001068120
C3         -1.6962692944        -0.2262054169        -4.7815908616
C4         -2.8092553539        -0.3561455871        -3.7259650580
C5         -2.3517636747        -0.8814967659        -2.3517546765
C6         -1.2596979791        -0.0057637081        -1.7004864045
O7         -1.6633784738         1.3361588830        -1.5784408222
P8         -1.1976054947         1.5673184594         0.0610881166
C9         -2.8321870300         2.2923316722         0.4638120880
C10        -4.0209356194         1.6744025762         0.0358684723
C11        -5.2666492974         2.2282286894         0.3445304514
C12        -5.3453431970         3.4040489032         1.0913888579
C13        -4.1777972979         4.0243549511         1.5364154686
C14        -2.9307999198         3.4739619058         1.2285618656
C15        -0.6356473089         1.5596852561         1.8267285528
C16        -1.5442029515         1.2718440987         2.8761748168
C17        -1.1244549470         1.2357965111         4.2079892317
C18         0.2135194407         1.4529052675         4.5262784765
C19         1.1373531722         1.6885612232         3.5109644444
C20         0.7242575628         1.7277044216         2.1761532024
C21         0.0566251912         2.7431467598        -0.5446598074
C22        -0.2278190266         4.1153178941        -0.6682228214
C23         0.7217988399         4.9932918243        -1.1997924960
C24         1.9518235521         4.5095146490        -1.6475208470
C25         2.2266768874         3.1432214390        -1.5827518313
C26         1.2797056370         2.2627731319        -1.0528528806
C27        -0.9046577411        -0.2148607840        -0.2365931434
C28        -1.7991698984        -1.1830870737         0.5836465433
C29        -1.0165457897        -1.8639502697         1.7082653835
H30         0.7447195156        -0.6751887110        -6.0233893927
H31        -0.5812356042        -1.1005884732        -7.1832527897
H32         0.4458637473        -2.3988720514        -6.4665328226
H33        -1.7813477277        -2.3256577380        -5.3619696612
H34        -0.4463293900        -1.9216152466        -4.2152769899
H35        -2.1606639980         0.1700660417        -5.7112226908
H36        -0.9406072486         0.5196591776        -4.4555257431
H37        -3.2844288108         0.6397612005        -3.5899355788
H38        -3.5967208313        -1.0360124857        -4.1184285344
H39        -1.9741544731        -1.9204383863        -2.4547320250
H40        -3.2524953810        -0.9316134740        -1.7107116596
H41        -0.3306395517        -0.0552724186        -2.3092571121
H42        -3.9953091077         0.7640289286        -0.5344247331
H43        -6.1726419831         1.7426144306         0.0055396644
H44        -6.3108622223         3.8300562160         1.3315768104
H45        -4.2382922824         4.9286218745         2.1280960928
H46        -2.0439796991         3.9555063798         1.6186362014
H47        -2.5829509053         1.0509870326         2.6774733049
H48        -1.8381505456         1.0242898362         4.9937900153
H49         0.5381231527         1.4192034805         5.5582279071
H50         2.1819802532         1.8302562927         3.7569326795
H51         1.4908804379         1.8718425792         1.4371792897
H52        -1.1885537847         4.5169344191        -0.3968468038
H53         0.4956000990         6.0486467501        -1.2816229335
H54         2.6836618781         5.1905028275        -2.0623496077
H55         3.1717266443         2.7641282291        -1.9496694072
H56         1.5132215675         1.2081371306        -1.0249422314
H57         0.1733385792        -0.4664541294        -0.1316300748
H58        -2.1704458741        -2.0130031902        -0.0490161044
H59        -2.6841152896        -0.6634950851         1.0018971204
H60        -0.2525670145        -2.5459816067         1.2776686666
H61        -0.5002427457        -1.1303663362         2.3554231296
H62        -1.7102599824        -2.4631990710         2.3348390091
&

