&gen
basis=6-31G**
igeopt=1
dftname=PBE-D3
ifreq=1
&
entry_name: J1_4275_2111.in
&zmat
C1         -4.9585851413        -1.3209379806         0.1642422411
C2         -3.5192387543        -1.2471636192        -0.2575020582
C3         -2.9624268480         0.1921541308        -0.1418777855
C4         -3.6160441894         1.1036384913        -1.2082714649
C5         -3.3422315368         2.5238076066        -0.9459963491
N6         -3.1260129936         3.6416412141        -0.7390730911
C7         -1.4159051833         0.1940355866        -0.2962012176
C8         -0.6743107612        -0.2211455686         0.9991546178
C9          0.8433892004        -0.3617937400         0.7830743150
S10         1.6384728788         1.2190216780         0.3167442009
C11         3.2726859774         0.4948854158         0.1731872860
C12         3.7044515744        -0.0246771170        -1.0539132079
C13         4.9799177159        -0.5876487204        -1.1657325214
C14         5.8264994361        -0.6297129027        -0.0532678830
C15         5.3983597077        -0.1080624565         1.1717367215
C16         4.1232020847         0.4552686545         1.2854590032
O17        -0.9465090462         0.6596358319         2.0624066878
O18        -5.8177648118        -1.6782865195        -0.6256875713
H19        -5.2398418344        -1.0548760705         1.1780348841
H20        -2.9541147721        -1.9394249340         0.3980774514
H21        -3.4066341377        -1.6146257172        -1.3019412164
H22        -3.2276251209         0.5907490451         0.8640299189
H23        -3.2414805186         0.8417011446        -2.2212015600
H24        -4.7187745297         0.9764359115        -1.2076433921
H25        -1.1263599282        -0.4875320506        -1.1266473632
H26        -1.0663054736         1.2075792824        -0.5861326951
H27        -1.0342481768        -1.2249971761         1.3038470880
H28         1.3063009353        -0.7322193547         1.7232411674
H29         1.0320294158        -1.1156799594        -0.0118784138
H30         3.0529326518         0.0045380639        -1.9180497819
H31         5.3119554985        -0.9908682754        -2.1136684266
H32         6.8133477061        -1.0655422648        -0.1405094490
H33         6.0541524990        -0.1402264626         2.0321553002
H34         3.7967015936         0.8569592276         2.2362779933
H35        -0.7599851176         1.5833696051         1.7518229499
&

