&zmat
 N6             -3.0280812869             3.1445758199            -2.1221325091
 C5             -3.4398860863             2.2144729416            -1.5368703168
 C4             -3.9214655854             1.0512802225            -0.7933521606
 C3             -2.8132128333             0.3851805604             0.0663967809
 C2             -3.4357732062            -0.7458580216             0.9250707389
 C1             -4.4139002823            -0.1691114354             1.9263151859
 O18            -5.6295907834            -0.2234552316             1.8197808204
 C7             -1.6511405065            -0.1064379206            -0.8181676736
 C8             -0.5238100413            -0.8096424407            -0.0390602891
 O17            -0.1902355081            -0.1033607502             1.1581755616
 C9              0.7195022215            -1.0613433205            -0.9169451011
 S10             1.6846621730             0.4822109538            -1.2349809389
 C11             3.1289212622             0.2582408343            -0.1883288114
 C12             4.3683915947             0.6808940029            -0.7043883735
 C13             5.5241197661             0.5805869120             0.0811455072
 C14             5.4596479851             0.0402871667             1.3730650311
 C15             4.2244005576            -0.3843546054             1.8824417073
 C16             3.0566788769            -0.2648476101             1.1173611386
 H23            -4.3285950874             0.3159470706            -1.5123759603
 H24            -4.7705905746             1.3637947804            -0.1603657102
 H22            -2.4022263697             1.1444584890             0.7565317943
 H20            -2.6273264461            -1.2453104497             1.4860745654
 H21            -3.9564314821            -1.4821181368             0.2889316665
 H19            -3.9309212211             0.3736156948             2.7859403546
 H25            -2.0320937060            -0.7968364292            -1.5952201656
 H26            -1.2324289128             0.7688974771            -1.3511371411
 H27            -0.8802958735            -1.7991457108             0.3036528768
 H35             0.2708787235             0.7096260107             0.8491996539
 H28             1.4029987447            -1.7759850319            -0.4339840352
 H29             0.4275285096            -1.4727607684            -1.8975039427
 H30             4.4257842910             1.0761470918            -1.7227585781
 H31             6.4830864582             0.9107594239            -0.3295028165
 H32             6.3654255646            -0.0477360857             1.9796542248
 H33             4.1599980364            -0.7971159775             2.8940270422
 H34             2.0893029417            -0.5588953853             1.5362758319
&

