&gen
basis=6-31G**
igeopt=1
dftname=PBE-D3
ifreq=1
&
entry_name: J1_10163_2111.in
&zmat
C1          9.4007081719        -1.2700032563        -2.8519489083
C2          9.0851753653        -1.3118130040        -1.3573343728
C3          8.0725880313        -2.4097249192        -0.9853719877
C4          6.6894622479        -2.2702778133        -1.6474301539
C5          5.9567513120        -0.9833149302        -1.2328529845
C6          4.5316803325        -0.9036955040        -1.8056435686
C7          3.5401835909        -1.8107187810        -1.0523758417
C8          2.0901265428        -1.6594147130        -1.5459403113
C9          1.2729964627        -0.4159710974        -1.1020828206
O10         1.9674203469         0.8061380949        -1.0830403256
P11         1.1938855250         1.4649234171         0.3122356062
C12         2.7682465341         2.1363261376         0.9682027227
C13         3.9234006555         1.3448811427         1.0400915997
C14         5.1210696341         1.8633360697         1.5400152346
C15         5.1781222344         3.1826339020         1.9899298669
C16         4.0347178079         3.9808527833         1.9469265081
C17         2.8378466433         3.4629149647         1.4443712673
C18         0.2887724267         1.9033275498         1.8704672969
C19        -1.0353939470         2.4009361387         1.8687777661
C20        -1.7009980949         2.6868198847         3.0644876653
C21        -1.0743475128         2.4681344013         4.2887678191
C22         0.2179166311         1.9518775835         4.3221050395
C23         0.8889301234         1.6629869485         3.1319082131
C24         0.3044835624         2.6046596688        -0.8012406915
C25         0.8897158511         3.8155635669        -1.2153608559
C26         0.2363607249         4.6453019958        -2.1316266431
C27        -0.9892917341         4.2605636612        -2.6765448224
C28        -1.5534869897         3.0348643078        -2.3219717900
C29        -0.9025209779         2.2025458435        -1.4074583745
C30         0.6611349442        -0.2912511752         0.2812948179
C31         1.2526895451        -1.1849784933         1.4030780128
C32         0.2124636258        -1.5298192147         2.4858399556
C33        -0.7151133567        -2.6727169025         2.0522776114
C34        -1.7308764744        -2.9499778242         3.1145838042
O35        -1.5001059447        -3.8172831695         3.9991087527
O36        -2.9118183461        -2.2152728174         3.1513768414
H37         9.6872433296        -2.2788425237        -3.2178386349
H38        10.2478656127        -0.5748210785        -3.0308045563
H39         8.5261125401        -0.9000154542        -3.4262433745
H40         8.7269502644        -0.3165954244        -1.0206719853
H41        10.0304270178        -1.5163581445        -0.8093860405
H42         7.9441322616        -2.4131470204         0.1190683401
H43         8.4989945590        -3.3982278242        -1.2637376551
H44         6.0899039703        -3.1513838543        -1.3381312956
H45         6.7857380472        -2.3143899799        -2.7528713694
H46         6.5197349419        -0.1081632645        -1.6205579831
H47         5.9269455302        -0.9017429196        -0.1246331792
H48         4.2042834021         0.1519135445        -1.7377206426
H49         4.5439560167        -1.1719026970        -2.8848262828
H50         3.6102071470        -1.6738087813         0.0395451089
H51         3.8311087187        -2.8654427034        -1.2406019439
H52         2.1098257790        -1.6742767082        -2.6580922309
H53         1.5167629547        -2.5661019993        -1.2558199125
H54         0.4467895756        -0.3211356689        -1.8435394301
H55         3.9019273779         0.3266588669         0.7210715866
H56         6.0041948251         1.2389007037         1.5829209270
H57         6.1049378281         3.5830971611         2.3798008601
H58         4.0731765783         5.0002082003         2.3086482550
H59         1.9588755353         4.0942896857         1.4476097121
H60        -1.5871981490         2.5700807976         0.9644934516
H61        -2.7120054893         3.0730449489         3.0400976269
H62        -1.5949460428         2.6877640261         5.2118902031
H63         0.6994934778         1.7642080524         5.2731091030
H64         1.8776259262         1.2341842654         3.2094940088
H65         1.8668735305         4.1126224027        -0.8725760994
H66         0.6916157864         5.5793971803        -2.4346496352
H67        -1.4913116062         4.9025301428        -3.3887724684
H68        -2.4931506526         2.7253801580        -2.7609612533
H69        -1.3575518805         1.2549744630        -1.1569322378
H70        -0.4455770637        -0.3708721094         0.2272998738
H71         1.6218742481        -2.1465700164         0.9996847481
H72         2.1212633386        -0.6918572308         1.8804127474
H73        -0.4012407466        -0.6405819534         2.7365461434
H74         0.7524619881        -1.8388176385         3.4078961410
H75        -0.1196350051        -3.5924269662         1.8622820518
H76        -1.2440780205        -2.4058943627         1.1130946467
H77        -3.6022339410        -2.3776132879         3.8746186203
&

