&gen
basis=6-31G**
igeopt=1
dftname=PBE-D3
ifreq=1
&
entry_name: J1_10422_2111.in
&zmat
O1          4.0048922007        -5.3148521700        -3.4336243191
N2          4.2395686642        -4.0985490713        -3.5904788360
O3          5.4034923506        -3.7243455962        -4.2222837303
C4          3.3120922120        -3.1047249413        -3.1173442891
C5          2.1217888915        -3.4830275671        -2.4713076424
C6          1.2261305955        -2.5146601695        -2.0103856665
C7          1.5058870229        -1.1488878630        -2.1719515654
C8          0.5090384408        -0.1241877589        -1.6713675535
O9          1.0367817858         1.1843305239        -1.6833546798
P10         0.8996080017         1.5127769644         0.0016674243
C11         2.6983207005         1.7792136969         0.0451962308
C12         3.2410841001         3.0707319526        -0.0731712820
C13         4.6263647629         3.2583610876        -0.0997227054
C14         5.4847538184         2.1595844495        -0.0329069819
C15         4.9589490554         0.8696061629         0.0506414631
C16         3.5752251484         0.6778387015         0.0794431320
C17         0.6281887510         1.5720850592         1.8316148565
C18        -0.6615549361         1.8518766655         2.3424863941
C19        -0.9126520251         1.8478355537         3.7160322774
C20         0.1092181494         1.5442827800         4.6124012146
C21         1.3801722146         1.2305556723         4.1347886160
C22         1.6379143358         1.2303871460         2.7606818521
C23        -0.0788401951         3.0386695226        -0.3170701912
C24        -0.9673726674         3.1257242751        -1.4088454954
C25        -1.7010214644         4.2918761791        -1.6449687616
C26        -1.5479538093         5.3985594087        -0.8105408855
C27        -0.6498987793         5.3462563143         0.2545435362
C28         0.0858336081         4.1831406851         0.4948283127
C29         0.2841290261        -0.1902795684        -0.1777941393
C30        -1.1397243684        -0.4503064256         0.2989325512
C31        -1.3170756598        -1.2077833893         1.4736413765
C32        -2.5946650504        -1.4395909906         1.9896502722
C33        -3.7155440250        -0.9221508395         1.3403954302
C34        -3.5599493459        -0.1744132811         0.1727643160
C35        -2.2838119261         0.0617592075        -0.3470370847
C36         2.6836016023        -0.7695086304        -2.8402756535
C37         3.5807739513        -1.7376907004        -3.2993675295
H38         1.8822281612        -4.5281168392        -2.3229324791
H39         0.3134966205        -2.8296424365        -1.5189979943
H40        -0.4136218681        -0.1700370436        -2.2841571432
H41         2.6080782188         3.9370898596        -0.1711615574
H42         5.0345795367         4.2571371564        -0.1855451613
H43         6.5566685801         2.3070998353        -0.0576616209
H44         5.6236651118         0.0163063707         0.0891100956
H45         3.1954490103        -0.3312004949         0.1406382886
H46        -1.4882330090         2.0615127097         1.6772031198
H47        -1.9057293757         2.0706556869         4.0842970244
H48        -0.0871670737         1.5379251750         5.6767246422
H49         2.1680719704         0.9743944256         4.8314886655
H50         2.6282313407         0.9447624714         2.4534808619
H51        -1.0830890136         2.3117936514        -2.1059892066
H52        -2.3820186139         4.3404747447        -2.4849208767
H53        -2.1157229200         6.3009169822        -0.9971201504
H54        -0.5202464095         6.2095311074         0.8944152320
H55         0.7798609215         4.1788036271         1.3250315013
H56         0.9943486457        -0.8882929863         0.3166108514
H57        -0.4614542117        -1.6066856454         2.0045598249
H58        -2.7144775643        -2.0170283219         2.8971761441
H59        -4.7047033862        -1.1009138427         1.7416055094
H60        -4.4305830266         0.2246800154        -0.3315463364
H61        -2.2115223616         0.6369067581        -1.2513145023
H62         2.9190994151         0.2742039351        -3.0035279876
H63         4.4846503271        -1.4149945736        -3.7995138217
&

