&gen
basis=6-31G**
igeopt=1
dftname=PBE-D3
ifreq=1
&
entry_name: J1_9882_2111.in
&zmat
C1          2.1184426601        -1.8262887842         3.4302232740
C2          3.0076111949        -1.8615664716         2.1928028429
O3          2.5171436013        -0.9614542310         1.2011256075
C4          1.3883278738        -1.2116711335         0.4208003011
O5          0.9008649351        -2.3737719149         0.3736215383
C6          0.6963805974        -0.1111863723        -0.3446172461
C7          1.1429348249         0.1407139409        -1.7638885183
C8          2.2905064224        -0.6640760127        -2.4208878308
C9          3.6742183674        -0.4491534676        -1.8619804902
O10         4.3285572721        -1.6788208905        -1.9605455091
C11         3.3581999743        -2.6078778135        -2.4016867024
C12         3.6870732473        -3.0407500999        -3.8388321161
C13         3.3892105205        -3.8307770360        -1.4830375610
O14         2.0669530982        -2.0364199991        -2.3640171852
O15         1.5169595234         1.4774613169        -1.5684646323
P16         1.0836448031         1.6288339434         0.0959076230
C17         2.7973298399         2.1565078795         0.5103965166
C18         3.4655386124         1.7135925427         1.6731124690
C19         4.7783934230         2.1096574865         1.9409008191
C20         5.4479260143         2.9585873589         1.0606865771
C21         4.8019139403         3.4205389160        -0.0852254729
C22         3.4889143433         3.0276612188        -0.3576569676
C23         0.4870526832         1.7119235742         1.8413928303
C24        -0.3102559496         0.6995626918         2.4214684006
C25        -0.7601921593         0.8091500061         3.7404857804
C26        -0.4492538009         1.9364751931         4.4987732317
C27         0.3029624222         2.9653612893         3.9359033285
C28         0.7571712640         2.8618670854         2.6193377445
C29        -0.1372415382         2.9021054007        -0.3151172672
C30        -1.4654317257         2.5424916798        -0.6010322397
C31        -2.4084190617         3.5217619424        -0.9267126609
C32        -2.0349727552         4.8667058718        -0.9713613478
C33        -0.7177310132         5.2344142614        -0.6885813607
C34         0.2284809981         4.2582739462        -0.3630624413
H35         1.0908911644        -2.1608755025         3.1759605113
H36         2.0738282293        -0.7944017047         3.8378429046
H37         2.5327604033        -2.5020440547         4.2074938452
H38         4.0326810472        -1.5459474511         2.4796418634
H39         3.0637375814        -2.8958984708         1.7950201460
H40        -0.3998040741        -0.2848184314        -0.3353915907
H41         0.2593553014         0.1114546512        -2.4408907136
H42         2.3093337550        -0.3661350941        -3.4947579014
H43         3.6643725995        -0.1310447251        -0.8048664765
H44         4.2225991065         0.3166756457        -2.4515887142
H45         3.6933746477        -2.1601483921        -4.5152476066
H46         4.6900724349        -3.5171139947        -3.8811505100
H47         2.9282174886        -3.7631005551        -4.2089580338
H48         4.3868763393        -4.3188903392        -1.5169496551
H49         3.1905265537        -3.5246621473        -0.4387203152
H50         2.6150721837        -4.5668475048        -1.7889448180
H51         2.9732668275         1.0864589791         2.3993363545
H52         5.2746845978         1.7622112793         2.8378721844
H53         6.4646116965         3.2646711526         1.2705672741
H54         5.3190660526         4.0849974825        -0.7653355006
H55         3.0189766833         3.4064679354        -1.2553722345
H56        -0.6088458050        -0.1802038322         1.8793561402
H57        -1.3595472236         0.0184589474         4.1732880286
H58        -0.8014314825         2.0177838140         5.5189425167
H59         0.5326797598         3.8477506849         4.5190734245
H60         1.3308080340         3.6825826803         2.2105821234
H61        -1.7792673095         1.5095573275        -0.5670293688
H62        -3.4299924772         3.2374228731        -1.1435211385
H63        -2.7664755314         5.6237804790        -1.2226459621
H64        -0.4297399340         6.2772972139        -0.7189309434
H65         1.2369463415         4.5691635988        -0.1344649015
&

