&gen
basis=6-31G**
igeopt=1
dftname=PBE-D3
ifreq=1
&
entry_name: J1_10346_2111.in
&zmat
C1          4.1428010605         0.5621192591         0.9905578218
C2          3.5717159345        -0.1213766167        -0.2464099903
O3          2.2028176513         0.2294179916        -0.4430642299
C4          1.1491806248        -0.3423614927         0.2831844283
O5          1.3925497687        -1.1005805454         1.2607861214
C6         -0.2849389272        -0.1164635998        -0.1285803909
C7         -0.4640922306        -0.0132562809        -1.6242337965
C8         -1.3669977997        -1.0696324042        -2.3120441048
O9         -2.6891357811        -1.0156112847        -1.8344554964
C10        -0.8005141160        -2.5241350410        -2.2890015467
O11        -0.7146170977        -2.9891295156        -0.9487178099
C12        -1.5428082830        -4.1135302273        -0.7428077413
C13         0.6057525793        -2.6178114936        -2.9431972184
O14         0.6082926699        -2.0273705350        -4.2210517125
C15         1.1006636590        -4.0754619936        -3.0254099993
C16         2.4669694937        -4.1441980700        -3.6336889657
O17         3.4846675519        -3.9709154606        -2.9085520470
O18         2.5984071917        -4.3557044528        -5.0090570838
C19         3.8625709747        -4.4000135161        -5.6592581085
O20        -1.0703284340         1.2519185545        -1.6137213829
P21        -0.8997130732         1.5900313573         0.0681570686
C22        -2.6745543253         1.9052514731         0.2354586048
C23        -3.5340340142         0.8794103992         0.6635507775
C24        -4.9055167707         1.1138966063         0.7952519644
C25        -5.4299451584         2.3767151290         0.5117001084
C26        -4.5812372576         3.4090657629         0.1060075792
C27        -3.2089066975         3.1776958646        -0.0277048274
C28        -0.7834710203         1.8270047480         1.8933561222
C29        -0.8565600919         3.1287205921         2.4413699306
C30        -0.8098399745         3.3319638776         3.8224464158
C31        -0.7217848712         2.2423255429         4.6868844918
C32        -0.7002566576         0.9471542349         4.1714323833
C33        -0.7469555394         0.7371754476         2.7901295288
C34         0.2708572692         2.9446070122        -0.3012463859
C35         1.4976630370         3.0507335538         0.3825688780
C36         2.3951675611         4.0784905286         0.0806233456
C37         2.0890819955         5.0044060448        -0.9175072630
C38         0.8862683558         4.9012459932        -1.6178792008
C39        -0.0154811215         3.8764475726        -1.3170100418
H40         4.1316693699         1.6630104019         0.8551303507
H41         5.1930044747         0.2359993067         1.1431667409
H42         3.5531146374         0.2975693883         1.8925369817
H43         3.6761835616        -1.2249113754        -0.1590192712
H44         4.1518767794         0.2073138080        -1.1341108338
H45        -0.9729341001        -0.8497041249         0.3322070581
H46         0.4929329143         0.0787882875        -2.1805662443
H47        -1.4243549368        -0.7650136320        -3.3794508715
H48        -2.7211517862        -1.4643035197        -0.9535130725
H49        -1.4932087942        -3.1332434876        -2.9228635809
H50        -2.6107347611        -3.8662868455        -0.9291911482
H51        -1.2288421448        -4.9651171085        -1.3850410569
H52        -1.4487601173        -4.4334879181         0.3149427923
H53         1.3284734230        -2.0629769838        -2.3064881623
H54        -0.0285348089        -2.5377695599        -4.7869900847
H55         0.3971323403        -4.6844829333        -3.6335150428
H56         1.1453428642        -4.5193567250        -2.0076480290
H57         4.3923708105        -3.4329932648        -5.5261397194
H58         4.4766582671        -5.2254364179        -5.2408629267
H59         3.7089567037        -4.5795727828        -6.7430581981
H60        -3.1439207022        -0.0957839476         0.9167091091
H61        -5.5607999747         0.3178796079         1.1244378862
H62        -6.4917324382         2.5582244070         0.6167985780
H63        -4.9859299147         4.3918754284        -0.0984055720
H64        -2.5713764882         3.9996768886        -0.3131068594
H65        -0.9559040489         3.9942843000         1.7998901397
H66        -0.8519358804         4.3367432649         4.2226136065
H67        -0.6896849403         2.4005609341         5.7570958390
H68        -0.6616474949         0.1005962141         4.8449057687
H69        -0.7796921562        -0.2828684335         2.4492805858
H70         1.7548384836         2.3494405101         1.1641107782
H71         3.3292162698         4.1569647587         0.6216022486
H72         2.7860870481         5.7985367969        -1.1518584092
H73         0.6543898322         5.6125478916        -2.4000309007
H74        -0.9272238405         3.8047447795        -1.8940427179
&

