&gen
basis=6-31G**
igeopt=1
dftname=PBE-D3
ifreq=1
&
entry_name: J1_10079_2111.in
&zmat
C1          1.8436713580        -2.7882525155         3.2467096908
C2          1.9284948168        -3.2668931887         1.8013144603
O3          1.2767650159        -2.3465486242         0.9289261812
C4          1.8139984512        -1.1021589236         0.5845904984
O5          2.9780929427        -0.7892144345         0.9540907847
C6          0.9735598461        -0.1605788589        -0.2400317735
C7          1.4005518135         0.0690627791        -1.6728194511
C8          2.4403218828        -0.8676849818        -2.3434871753
O9          3.6535962672        -0.8441956198        -1.6390334359
C10         2.6930142077        -0.4621519948        -3.8242100260
O11         1.4513096162        -0.4609645869        -4.5171823526
C12         1.1331488070         0.8312990770        -4.9921289167
C13         3.6627017556        -1.4631597839        -4.5159035704
O14         4.9387027823        -1.3403442900        -3.9389938848
C15         3.7969020680        -1.2169380639        -6.0365038157
C16         2.6303613894        -1.7469966942        -6.8162335499
O17         2.3604957779        -2.9790721738        -6.7839635261
O18         1.8641218708        -0.8713175695        -7.5905176924
C19         0.7215136973        -1.2958561794        -8.3228807963
O20         1.8505763976         1.3925509276        -1.4892517336
P21         1.2189204560         1.6129938555         0.1021603466
C22         2.7627573593         2.4021481938         0.7092494465
C23         4.0286490343         1.9576510160         0.2860716472
C24         5.1963919745         2.5710314979         0.7488453655
C25         5.1202707864         3.6455112862         1.6348625181
C26         3.8751630691         4.1120768535         2.0551224989
C27         2.7060935635         3.5013919766         1.5940204569
C28         0.4776710054         1.5223296613         1.7980229335
C29         1.2598449819         1.0687962067         2.8867658485
C30         0.7136933235         0.9304995614         4.1645549577
C31        -0.6292220690         1.2236716570         4.3865326051
C32        -1.4299267282         1.6466706583         3.3280052490
C33        -0.8903498241         1.7847456403         2.0456195887
C34         0.0185753706         2.7864009394        -0.6024081356
C35         0.2989523763         4.1631823516        -0.6605345164
C36        -0.6005489083         5.0455917171        -1.2664954118
C37        -1.7750289192         4.5624733718        -1.8458361784
C38        -2.0458609388         3.1935286922        -1.8321478857
C39        -1.1493864367         2.3082352574        -1.2277044989
H40         0.7825962852        -2.6235302908         3.5303388362
H41         2.2825820122        -3.5540823093         3.9201065005
H42         2.4050029549        -1.8394647539         3.3745893557
H43         2.9901999919        -3.4008505364         1.4999640243
H44         1.4199421068        -4.2505238881         1.7204620754
H45        -0.1012431274        -0.4356824114        -0.1699996696
H46         0.4806881076         0.0855872612        -2.2969464260
H47         1.9984344761        -1.8938870294        -2.3322428588
H48         3.9464480421        -1.7851911200        -1.5164341899
H49         3.1983491848         0.5367184018        -3.8168632178
H50         1.0276851792         1.5558829793        -4.1557735082
H51         1.8970022102         1.1927890090        -5.7142127536
H52         0.1608635333         0.7836440251        -5.5236359627
H53         3.2797591928        -2.4983794780        -4.3473443349
H54         5.4141906037        -2.1976532048        -4.0979928556
H55         4.7075301484        -1.7308195040        -6.4138433208
H56         3.9301340139        -0.1320233447        -6.2368439450
H57         0.2825772391        -0.4243182610        -8.8502768519
H58        -0.0378487541        -1.7167405616        -7.6301984365
H59         1.0127823105        -2.0618509551        -9.0724150957
H60         4.1266078024         1.1452386991        -0.4081168449
H61         6.1624100664         2.2143290031         0.4153881566
H62         6.0255683971         4.1194286306         1.9915808293
H63         3.8144275286         4.9489000007         2.7388586743
H64         1.7547189327         3.8853095705         1.9386824212
H65         2.3038914728         0.8242797411         2.7598028741
H66         1.3343312805         0.5897791140         4.9832984492
H67        -1.0519957226         1.1140750856         5.3768233685
H68        -2.4776318215         1.8592351602         3.4983276786
H69        -1.5692468464         2.0851703191         1.2687928439
H70         1.2195118925         4.5645368613        -0.2701285896
H71        -0.3788574632         6.1045171720        -1.2998087996
H72        -2.4681587193         5.2471758384        -2.3171627076
H73        -2.9495021978         2.8167719392        -2.2935721617
H74        -1.3814640372         1.2527617572        -1.2306168472
&

