&gen
basis=6-31G**
igeopt=1
dftname=PBE-D3
ifreq=1
&
entry_name: J1_10031_2111.in
&zmat
C1          1.5771302502        -3.3155448231         1.6869416794
O2          0.9050121332        -2.3042265145         0.9470238111
C3          1.5706617565        -1.2030345748         0.4021132514
O4          2.8182301825        -1.0870950565         0.5423858053
C5          0.7615267477        -0.1749083010        -0.3522787581
C6          1.1180272038         0.0704681017        -1.8216900849
C7          2.2748223055        -0.7703132302        -2.4400861217
C8          1.8356217150        -2.2010612686        -2.7769056635
C9          0.6415737893        -2.2045926860        -3.7316859559
C10        -0.5300593862        -1.4057589741        -3.1513758705
C11        -0.1337930979         0.0324522214        -2.7580078781
O12         0.0376733398         0.8487974506        -3.8923460850
O13         1.5262820779         1.4104773190        -1.6310558697
P14         1.1240377221         1.5726153180         0.0430438262
C15         2.7576136708         2.2932092133         0.4450817530
C16         3.9507600432         1.7349770655        -0.0448076348
C17         5.1883134979         2.3025261909         0.2727592784
C18         5.2522020011         3.4408231266         1.0772933826
C19         4.0773878228         4.0169322447         1.5611085182
C20         2.8391014945         3.4520859764         1.2450989607
C21         0.6952916691         1.4706673883         1.8518021260
C22         1.5973583251         0.8378826490         2.7408420056
C23         1.3138642356         0.7101027402         4.1020390480
C24         0.1287896272         1.2226285907         4.6199854765
C25        -0.7666703820         1.8767896048         3.7787069893
C26        -0.4894704524         2.0080035710         2.4143826550
C27        -0.1188735235         2.8124679663        -0.4379600445
C28        -1.4707919269         2.4545545815        -0.6010419280
C29        -2.4050512450         3.3906659944        -1.0524085578
C30        -1.9979131587         4.6867312646        -1.3727402314
C31        -0.6542895072         5.0450684839        -1.2497511633
C32         0.2827557837         4.1113117546        -0.7975667323
H33         2.0602177555        -2.8718191216         2.5833524981
H34         2.3438088283        -3.8057183094         1.0501662148
H35         0.8407737674        -4.0774820365         2.0148482941
H36        -0.3196746438        -0.3770024551        -0.1986579364
H37         2.6314194260        -0.2780344716        -3.3697031077
H38         3.1634112395        -0.8236853173        -1.7919953962
H39         1.5710910657        -2.7514808328        -1.8493471481
H40         2.6826657482        -2.7384478689        -3.2552968905
H41         0.9430043243        -1.7896565366        -4.7172454913
H42         0.3158429535        -3.2537132411        -3.9000545566
H43        -1.3549526387        -1.3726001501        -3.8956357141
H44        -0.9144203459        -1.9350764351        -2.2515340638
H45        -1.0077216599         0.4459775492        -2.2245954944
H46         0.7835827732         0.4870369104        -4.4327780559
H47         3.9375866119         0.8710872223        -0.6802922062
H48         6.0992992249         1.8606508068        -0.1099091635
H49         6.2112730053         3.8789677452         1.3214512773
H50         4.1251923005         4.9027306818         2.1811791636
H51         1.9416971696         3.9176011552         1.6321008547
H52         2.5468927837         0.4621444880         2.3952717409
H53         2.0216580398         0.2194890598         4.7577823296
H54        -0.0891981566         1.1259290291         5.6757335019
H55        -1.6795289502         2.2924238510         4.1861856507
H56        -1.2145950362         2.5534057198         1.8447677366
H57        -1.8123267980         1.4628682616        -0.3381844107
H58        -3.4455779420         3.1104654308        -1.1531748588
H59        -2.7215605605         5.4103613677        -1.7249866814
H60        -0.3353181888         6.0438077289        -1.5185908634
H61         1.3223882009         4.4016668085        -0.7591260172
&

