&gen
basis=6-31G**
igeopt=1
dftname=PBE-D3
ifreq=1
&
entry_name: J1_744_2111.in
&zmat
O1          8.1629649207        -1.1994848235         0.2882222269
C2          7.0854692004        -1.8792053583        -0.2945945557
C3          6.2671825720        -0.9227697515        -1.1634708084
C4          5.5984441329         0.1758371904        -0.3261617387
C5          4.7488228523         1.0994417793        -1.2111752883
C6          4.1805293231         2.3069465886        -0.4441916884
C7          3.2463679687         1.9548613113         0.7314701174
C8          2.0436645563         1.0671029123         0.3663533166
C9          1.1032932361         1.7280277829        -0.6564014285
C10        -0.1534965965         0.8846563740        -0.9072054716
C11        -1.1057160051         0.9234854279         0.2596052065
P12        -2.4788086661         0.0373932569         0.2486498825
C13        -1.9767582421        -1.6828406074         0.0448170963
C14        -1.5071522803        -2.4098903563         1.1495160426
C15        -1.0597101943        -3.7246293580         0.9890613743
C16        -1.0555425020        -4.3128049982        -0.2784569212
C17        -1.4883681496        -3.5825544216        -1.3884527887
C18        -1.9368988749        -2.2677476128        -1.2308063335
C19        -3.4025554058         0.2569872589         1.7812088541
C20        -4.2005568142        -0.7862555697         2.2772497875
C21        -4.9645412005        -0.6011587836         3.4333900163
C22        -4.9579465898         0.6337923471         4.0866987053
C23        -4.1974093552         1.6890518545         3.5766439086
C24        -3.4318668961         1.5069116119         2.4207933116
C25        -3.5928538527         0.5675236514        -1.0642078077
C26        -4.6214255382        -0.2856615970        -1.4923122109
C27        -5.5259429722         0.1368691444        -2.4709683021
C28        -5.4240468315         1.4219934337        -3.0101057662
C29        -4.4242889561         2.2897165377        -2.5624724656
C30        -3.5181499505         1.8697774110        -1.5838496355
H31         8.6446623374        -1.8694432448         0.8395540890
H32         6.4374043511        -2.3191912576         0.4965580630
H33         7.4701999425        -2.7040966884        -0.9347677958
H34         6.9333361246        -0.4637994005        -1.9267006254
H35         5.4843659780        -1.5082573027        -1.6937439675
H36         6.3793719115         0.7765070858         0.1894478920
H37         4.9524834072        -0.3025666538         0.4407982925
H38         5.3855729860         1.4931022699        -2.0335972750
H39         3.9268534545         0.5235252331        -1.6865664403
H40         5.0277243647         2.9082804710        -0.0481148596
H41         3.6405771555         2.9630451806        -1.1594757047
H42         2.8685059594         2.9026563752         1.1731967171
H43         3.8331847195         1.4517035585         1.5291095233
H44         2.3920567247         0.0843156502        -0.0154298329
H45         1.4826535037         0.8647225761         1.3037787014
H46         1.6364527016         1.8354568462        -1.6247487653
H47         0.8118566561         2.7449023062        -0.3121730606
H48        -0.6713491486         1.2789950465        -1.8069135443
H49         0.1438609868        -0.1645403499        -1.1210266608
H50        -0.8576568564         1.5034994816         1.1420358772
H51        -1.4843675723        -1.9593248037         2.1335946702
H52        -0.7087188842        -4.2846638955         1.8461192274
H53        -0.7057312082        -5.3295099763        -0.4022684358
H54        -1.4674412947        -4.0321486943        -2.3727428713
H55        -2.2400834284        -1.7070039956        -2.1049367600
H56        -4.2386467132        -1.7408170706         1.7688882914
H57        -5.5689487696        -1.4126385470         3.8176078916
H58        -5.5525699031         0.7770874320         4.9796165951
H59        -4.2087497927         2.6516357487         4.0713879634
H60        -2.8747697319         2.3448984978         2.0235446387
H61        -4.7246620187        -1.2763872167        -1.0680965353
H62        -6.3104234832        -0.5293364222        -2.8058546049
H63        -6.1264911518         1.7493016848        -3.7656460913
H64        -4.3566185334         3.2910194781        -2.9677481328
H65        -2.7665976629         2.5636979612        -1.2309617803
&

