&gen
basis=6-31G**
igeopt=1
dftname=PBE-D3
ifreq=1
&
entry_name: J1_10086_2111.in
&zmat
C1          7.0700838368        -5.4715659210        -7.2649356520
O2          6.3123884676        -4.5273762932        -7.9894211497
C3          4.9900176534        -4.4387885560        -7.4763981764
C4          4.6169467509        -2.9548289539        -7.3329616138
C5          3.0896148419        -2.6950476437        -7.1506462770
C6          2.7287927119        -1.6263456058        -6.0929728096
C7          3.3632377241        -0.2427605515        -6.1487280071
C8          3.0417563717         0.3748496703        -4.7719321611
C9          2.3548432585        -0.7412748152        -3.9352054316
C10         2.4678680311        -0.6386419021        -2.3620148081
C11         3.8194610675        -0.0531319140        -1.8782930521
C12         1.2376365362         0.1384815318        -1.7633860009
O13         1.5251446461         1.5037848337        -1.5977155954
P14         1.0947608683         1.6537745618         0.0637395893
C15         2.8051954720         2.1618901824         0.4335951253
C16         3.3603949996         3.2680265800        -0.2349694218
C17         4.6808988096         3.6557794701         0.0071298929
C18         5.4644384435         2.9426937069         0.9159291016
C19         4.9284463291         1.8399328950         1.5831418543
C20         3.6086306879         1.4475323697         1.3431306194
C21         0.4927347341         1.7183848851         1.8092518284
C22        -0.6702530478         1.0116447096         2.1855310366
C23        -1.1625383393         1.0746594149         3.4916203875
C24        -0.5339514297         1.8792993797         4.4394591944
C25         0.5711542041         2.6452227231         4.0744049414
C26         1.0682521020         2.5853904019         2.7697776136
C27        -0.1268946398         2.9293211656        -0.3291793831
C28        -1.3130916556         2.5844897120        -0.9980325070
C29        -2.2611353301         3.5648168193        -1.3052496562
C30        -2.0336588577         4.8959054629        -0.9480277004
C31        -0.8574550535         5.2485630795        -0.2822696261
C32         0.0934489559         4.2715314130         0.0260795063
C33         0.7498121879        -0.1014680180        -0.3402748090
C34         1.4419304375        -1.1609242704         0.5651618432
C35         0.6645520652        -2.5080016890         0.6776039445
C36         0.5831432669        -3.2296992098        -0.6758125814
C37         1.3869121416        -3.4351716708         1.6786606849
O38        -0.6511547797        -2.2780146106         1.1248754380
C39         2.8067934571        -2.0662447310        -4.6175991831
C40         4.2286133420        -2.4733431663        -4.1375117657
C41         1.8381034148        -3.2560326206        -4.4350881413
C42         2.1577387670        -4.4104507866        -5.4182751802
C43         2.1917593005        -3.9639058990        -6.9192408909
C44         2.4783321265        -5.1166064298        -7.9795389670
C45         2.1044558683        -6.5151220396        -7.4243106426
C46         1.6786703161        -4.8665539002        -9.2927389834
C47         2.6566917408        -4.3770543611       -10.3544218467
C48         4.0612644564        -4.6475567003        -9.8513080238
C49         4.4188008448        -6.0874749764        -9.5154335821
C50         3.9676138654        -5.1225185724        -8.4071067853
H51         6.5803302027        -6.4710327253        -7.2675287333
H52         8.0618737123        -5.5783778783        -7.7498119401
H53         7.2357496414        -5.1232614782        -6.2216475219
H54         4.8891503850        -4.9057921210        -6.4705602187
H55         5.2332706263        -2.5062311472        -6.5352186654
H56         4.9463157554        -2.4183018454        -8.2507014497
H57         2.7491212821        -2.2728612565        -8.1243841393
H58         1.6492537983        -1.4214571861        -6.3103114323
H59         2.9274089955         0.3635485102        -6.9728064191
H60         4.4619218969        -0.3095838912        -6.2952959126
H61         2.3618476917         1.2480806145        -4.8795583982
H62         3.9935174639         0.7263378953        -4.3287849428
H63         1.2736534409        -0.6576762625        -4.1862741887
H64         2.4119485660        -1.6732699876        -1.9877950616
H65         3.9492454937        -0.1819664932        -0.7911805941
H66         4.6833677104        -0.5538291021        -2.3481975369
H67         3.8976270249         1.0307016582        -2.0993363053
H68         0.3496932239         0.0483983891        -2.4258658324
H69         2.7776128092         3.8219785003        -0.9591229244
H70         5.0985403771         4.5068236683        -0.5150045732
H71         6.4872488235         3.2436371575         1.1020024319
H72         5.5361503057         1.2881014212         2.2885210446
H73         3.2202404068         0.6002900538         1.8832786137
H74        -1.2296269472         0.4303835646         1.4724065943
H75        -2.0459167100         0.5112568202         3.7634395173
H76        -0.9206540710         1.9314772244         5.4489993156
H77         1.0354235909         3.3009612801         4.7997633864
H78         1.8886933644         3.2426275417         2.5234750274
H79        -1.5078833953         1.5606631579        -1.2849842907
H80        -3.1728011178         3.2921132472        -1.8209342166
H81        -2.7690389698         5.6535276730        -1.1859345346
H82        -0.6832507572         6.2794884918        -0.0025334660
H83         0.9908692018         4.5639173796         0.5529835054
H84        -0.3446725813        -0.2716924818        -0.3679268569
H85         2.4847822828        -1.3600230378         0.2685227726
H86         1.4929686957        -0.7535571311         1.5932744880
H87        -0.0485216811        -4.1394285353        -0.5849373697
H88         1.5916436611        -3.5510843703        -1.0093944476
H89         0.1252219012        -2.5791109223        -1.4499452141
H90         2.4166690674        -3.6658363448         1.3294448698
H91         1.4587710763        -2.9544559186         2.6779595802
H92         0.8288920226        -4.3892180502         1.7943508803
H93        -0.6019184626        -1.8958855774         2.0400978892
H94         4.9707961602        -1.6709774995        -4.3251783462
H95         4.5977329844        -3.3921123145        -4.6227808536
H96         4.2204590241        -2.7080790049        -3.0537526907
H97         1.8984034622        -3.6414120874        -3.3963493649
H98         0.7880156407        -2.9280202558        -4.6005862431
H99         1.3523405923        -5.1610989701        -5.2758280407
H100         3.0982953881        -4.9127725786        -5.1267673168
H101         1.1439115540        -3.6282202595        -7.0875779256
H102         2.2325424318        -7.3096184837        -8.1880678680
H103         1.0390084748        -6.5344112708        -7.1108951727
H104         2.7509208978        -6.7898108490        -6.5645223476
H105         1.2097263812        -5.8036335808        -9.6681067869
H106         0.8504456897        -4.1352988934        -9.1783800604
H107         2.5365057075        -3.2820251876       -10.4999839777
H108         2.4883761274        -4.8884598175       -11.3267514545
H109         4.9069691378        -3.9843289770       -10.1337488777
H110         5.5062118795        -6.2894961748        -9.5940689171
H111         3.6788040461        -6.8222134701        -9.8948795147
&

