&gen
basis=6-31G**
igeopt=1
dftname=PBE-D3
ifreq=1
&
entry_name: J1_10077_2111.in
&zmat
C1          0.9709522232        -2.8305207649         3.2078171058
C2          2.0967720818        -1.8924498349         2.7915889836
O3          1.6110517628        -0.9023884169         1.8894016045
C4          1.3733030683        -1.1363875834         0.5308802108
O5          1.5787706330        -2.2842801231         0.0516875721
C6          0.6797627915        -0.0849758153        -0.3096778246
C7          1.1145936412         0.1008059864        -1.7527728791
C8          2.3350874092        -0.6897040143        -2.2765599279
C9          2.6883974220        -0.3001983117        -3.7018756651
C10         4.1710530611        -0.5438970290        -3.7463877882
O11         4.8351727224         0.4855734265        -4.4111032588
C12         5.6214414368         1.1400284608        -3.4396998808
C13         5.2981163844         2.6351059014        -3.4776144731
C14         7.1032809238         0.9160914260        -3.7607452343
O15         5.3508273628         0.6508535795        -2.1443669547
C16         4.5981825316        -0.5088571506        -2.3142192740
O17         3.4686908008        -0.4659002757        -1.4718620071
O18         1.4239703798         1.4681335107        -1.6441226619
P19         1.0979518547         1.6660568546         0.0338434212
C20         2.8306449346         2.1932992049         0.2239551711
C21         3.2563682603         3.3975462870        -0.3645384126
C22         4.5828942162         3.8191596195        -0.2419415464
C23         5.5068979078         3.0316518358         0.4461490736
C24         5.1044804766         1.8212081797         1.0123665970
C25         3.7763252275         1.4005272711         0.8991778021
C26         0.6359716261         1.7459380611         1.8194550179
C27         1.3823384735         2.4831052403         2.7700303089
C28         0.9914546287         2.5261531828         4.1112003481
C29        -0.1640116539         1.8678382812         4.5277822768
C30        -0.9462750758         1.1849882325         3.5988404627
C31        -0.5624044066         1.1386644258         2.2564664893
C32        -0.1476193160         2.9420984447        -0.2907138303
C33         0.0259362634         4.2583930552         0.1743497389
C34        -0.9459409648         5.2308648032        -0.0774230241
C35        -2.0988507028         4.9000626211        -0.7929404446
C36        -2.2826397396         3.5950289752        -1.2554721341
C37        -1.3134171605         2.6191640202        -1.0053040110
H38         1.3495830644        -3.5609079496         3.9533551736
H39         0.1422489999        -2.2471328736         3.6625201692
H40         0.5848460113        -3.3856934881         2.3277031786
H41         2.9307224202        -2.4646883846         2.3301329313
H42         2.4878081936        -1.3816103798         3.6965571426
H43        -0.4153268465        -0.2541388255        -0.2797846850
H44         0.2506797890        -0.0330951631        -2.4415484999
H45         2.0959143525        -1.7754991317        -2.2743988527
H46         2.1485419588        -0.9284948207        -4.4435905755
H47         2.4661049800         0.7735219905        -3.8950372806
H48         4.4052813124        -1.5256190937        -4.2149413182
H49         5.4789936213         3.0458826913        -4.4940050099
H50         5.9293131939         3.1879269412        -2.7498418311
H51         4.2301706731         2.7964554699        -3.2172221230
H52         7.3454030557         1.3079190145        -4.7719527701
H53         7.7444678397         1.4277639243        -3.0111341982
H54         7.3349557030        -0.1701513797        -3.7391857132
H55         5.2206410039        -1.3949758672        -2.0612725184
H56         2.5681189453         4.0055790455        -0.9353211053
H57         4.8981575095         4.7497528186        -0.6957196899
H58         6.5362620908         3.3544868070         0.5320045562
H59         5.8232264665         1.2055511378         1.5374487345
H60         3.5010090324         0.4621548088         1.3433140372
H61         2.2564634597         3.0528372809         2.4964639773
H62         1.5810384320         3.0837461203         4.8275691051
H63        -0.4652065487         1.9058962400         5.5666416016
H64        -1.8596642995         0.6988438284         3.9165382247
H65        -1.2186435705         0.6358010859         1.5634963583
H66         0.9031887035         4.5318524429         0.7444744377
H67        -0.8066281018         6.2408293548         0.2858687444
H68        -2.8508294438         5.6540091545        -0.9865622680
H69        -3.1773569877         3.3388109872        -1.8079864651
H70        -1.4759909196         1.6150713480        -1.3717472158
&

