&zmat
 C35             1.1351274508            -1.5384317514            -3.8010613444
 C2              2.2546393101            -0.4868502780            -3.7207260450
 C1              3.5913883690            -1.0943108516            -4.1503582873
 O36             4.6847390521            -0.7772289283            -3.7132152093
 C3              2.4237246318             0.2120409492            -2.3578966831
 O4              2.6091484153            -0.8616654052            -1.4233369515
 C5              3.2049858581            -0.4939678794            -0.1749388956
 C6              2.7702769409            -1.5007207680             0.8687204837
 C7              2.4637982140            -1.0923897061             2.1775206722
 C8              2.0347393248            -2.0243943160             3.1335205136
 C9              1.9051962110            -3.3774047564             2.7898767574
 C10             2.2131050691            -3.7913063133             1.4841242195
 C11             2.6432124690            -2.8601559387             0.5304205009
 C12             1.2794452257             1.1741149256            -1.9115528350
 C34             0.7432027564             2.0475359780            -3.0536077438
 C13             0.1708291418             0.4081910856            -1.1831253814
 O14            -0.8148253478             1.3452943264            -0.7254107262
 C15            -1.5672473433             0.9154708699             0.4365433051
 C16            -0.7331966316             1.1403720777             1.7174952669
 C17            -1.0862396701             0.5444319760             2.9435243492
 C18            -0.3578440938             0.8157238538             4.1080066849
 C19             0.7344202546             1.6954569083             4.0729602378
 C20             1.0779513057             2.3111842558             2.8612683688
 C21             0.3476576164             2.0370737888             1.6965717893
 C22            -2.0014592575            -0.5482839243             0.2397573329
 C23            -3.0679355001            -0.8313638229            -0.6350817214
 C24            -3.4052837128            -2.1522816346            -0.9505052232
 C25            -2.6729000603            -3.2163717013            -0.4041850440
 C26            -1.5975671671            -2.9468476955             0.4514646619
 C27            -1.2624974946            -1.6241809002             0.7701125970
 C28            -2.7682259124             1.8749417133             0.5235720237
 C29            -2.7298950162             3.1264377918            -0.1130897358
 C30            -3.8007657415             4.0219478784             0.0122556442
 C31            -4.9229018996             3.6856034719             0.7806078728
 C32            -4.9647538396             2.4404835587             1.4238516365
 C33            -3.8965281263             1.5449169969             1.2966661059
 H68             1.1754299451            -2.2096826726            -2.9301187375
 H69             0.1394033317            -1.0713949470            -3.8300288651
 H70             1.2399639197            -2.1484652387            -4.7152596845
 H38             2.0598343468             0.2913386601            -4.4885976915
 H37             3.4994019187            -1.8703474599            -4.9623712728
 H39             3.3607336030             0.8024554673            -2.4324619425
 H40             2.8933711259             0.5186995346             0.1472513124
 H41             4.3094498177            -0.4767476081            -0.2904860608
 H42             2.5221549985            -0.0323121118             2.4454497740
 H43             1.7776682165            -1.6814663433             4.1403163529
 H44             1.5607374053            -4.1048606192             3.5314358923
 H45             2.1118156012            -4.8453874264             1.2058707033
 H46             2.8604336339            -3.1748102437            -0.4942252880
 H47             1.7183826512             1.8615511317            -1.1618553563
 H65             0.0413321450             2.7964647570            -2.6565551908
 H66             1.5570337701             2.5826743734            -3.5721812370
 H67             0.1941326828             1.4474984591            -3.7995340988
 H48             0.6082861167            -0.1479571595            -0.3389500926
 H49            -0.3079922324            -0.3394143941            -1.8421883504
 H50            -1.9316698548            -0.1473922850             2.9877111688
 H51            -0.6459863312             0.3347011892             5.0481993994
 H52             1.3039942842             1.9061001849             4.9831342492
 H53             1.9177075993             3.0124279983             2.8202554498
 H54             0.6016014339             2.5269065164             0.7530920337
 H55            -3.6326443394            -0.0029201509            -1.0728992402
 H56            -4.2414587847            -2.3511989319            -1.6283637532
 H57            -2.9364150938            -4.2496514974            -0.6515241657
 H58            -1.0001444173            -3.7626188787             0.8701258793
 H59            -0.4069096381            -1.4371415355             1.4251745218
 H60            -1.8580070938             3.3891431113            -0.7154434845
 H61            -3.7556505057             4.9898039262            -0.4972300557
 H62            -5.7587600049             4.3852752887             0.8761171783
 H63            -5.8364725100             2.1595585721             2.0232498113
 H64            -3.9485599066             0.5696671875             1.7892137204
&

