&gen
basis=6-31G**
igeopt=1
dftname=PBE-D3
ifreq=1
&
entry_name: J1_10382_2111.in
&zmat
C1         -7.0939786901        -8.7544459199        -3.8038784805
O2         -5.8662126404        -8.0556683180        -3.6565228757
C3         -5.9816054305        -6.6491943834        -3.9247892589
C4         -4.9632430586        -5.9203986546        -3.0303099793
C5         -4.9158267114        -4.3942950614        -3.2692306735
C6         -3.8073355410        -3.7088861288        -2.4540675001
C7         -3.7722932309        -3.8757737297        -0.9269599594
C8         -2.8355539084        -2.7276344308        -0.4401025828
C9         -2.6497963163        -1.7207146131        -1.6299659276
C10        -1.2040853179        -1.5687207811        -2.1782759418
C11        -0.3455770299        -2.8417517372        -2.2309038830
C12        -0.4407131982        -0.3991401646        -1.5049045882
O13        -1.1320790601         0.8272678992        -1.7134921226
P14        -0.9187440534         1.4808355800         0.0015460868
C15        -2.7506448919         1.6270417791         0.1588536244
C16        -3.4374535969         2.6201117689        -0.5645438012
C17        -4.8351868841         2.6934114618        -0.5169035487
C18        -5.5695194919         1.7745293201         0.2459455252
C19        -4.8951413589         0.7778955759         0.9631244322
C20        -3.4962635253         0.7053765230         0.9198588096
C21        -0.4681171314         1.9511696718         1.8298413385
C22         0.8799075806         2.2856240628         2.0993862294
C23         1.3119742345         2.6218576042         3.3883678892
C24         0.4018953324         2.6426833989         4.4559432522
C25        -0.9394114584         2.3306562077         4.2085752928
C26        -1.3672454491         1.9925231974         2.9134514648
C27        -0.2300719938         3.0679336844        -0.6929682453
C28         0.4315867510         3.0870430815        -1.9337501694
C29         0.9057262544         4.2938312431        -2.4642755699
C30         0.6943850260         5.4987009288        -1.7807878656
C31         0.0143627544         5.4912048506        -0.5549728415
C32        -0.4287567944         4.2818689846        -0.0043845788
C33        -0.3079909514        -0.3363500293         0.0335544517
C34         0.9309996134        -0.7978429847         0.8074049157
C35         2.3313157954        -0.4173103721         0.2498116101
C36         2.8631093836        -1.4522091663        -0.7577534248
C37         3.3299587624        -0.2768919871         1.4126788419
O38         2.1617262998         0.8583067605        -0.4112203297
C39        -3.7531548237        -2.1682381001        -2.6559462631
C40        -5.0629911122        -1.4692261700        -2.2064678210
C41        -3.5073251885        -1.8747554728        -4.1475857793
C42        -4.5920566259        -2.5287651170        -5.0261963347
C43        -4.7059087671        -4.0466308961        -4.7771961895
C44        -5.7540664250        -4.7666320180        -5.6628843259
C45        -7.1939843829        -4.2586239916        -5.4041055946
C46        -5.4894737166        -4.6981099977        -7.1934302615
C47        -6.1101674718        -5.9992044347        -7.7679891498
C48        -5.9247253495        -7.0356542722        -6.6601751363
C49        -4.5432305482        -7.0597417744        -6.0381758665
C50        -5.6612026266        -6.2788449263        -5.3684811130
H51        -6.8824077386        -9.8182150971        -3.6122964964
H52        -7.5266395157        -8.6571973844        -4.8191900095
H53        -7.8561233034        -8.4070728341        -3.0745063544
H54        -7.0080171198        -6.3179010070        -3.6588455477
H55        -3.9687074932        -6.3593166705        -3.2395931196
H56        -5.1924687858        -6.1356661453        -1.9724595754
H57        -5.8872451334        -3.9745250153        -2.9404374224
H58        -2.8486507290        -4.1079957900        -2.8471876099
H59        -4.7884928479        -3.7598862885        -0.5095938605
H60        -3.4137906857        -4.8702141618        -0.6144952597
H61        -3.2681803748        -2.2202237015         0.4386910047
H62        -1.8675419904        -3.1364662383        -0.1077216376
H63        -2.9180670704        -0.7017242213        -1.3041150330
H64        -1.3028442728        -1.2055953752        -3.2172079926
H65         0.6019200394        -2.6483487206        -2.7619320337
H66        -0.8556733150        -3.6582760066        -2.7663467700
H67        -0.0837728347        -3.2198869058        -1.2276170333
H68         0.5684871515        -0.3494284964        -1.9652945873
H69        -2.8753583170         3.3311760714        -1.1764584530
H70        -5.3537384273         3.4718238822        -1.0854963937
H71        -6.6617545004         1.8313850660         0.2765695585
H72        -5.4562374017         0.0497082227         1.5569483822
H73        -2.9874552344        -0.0815428169         1.4860952981
H74         1.5993080443         2.2821311706         1.2746115077
H75         2.3633950715         2.8803196396         3.5568195663
H76         0.7333138087         2.9111523006         5.4638041331
H77        -1.6691176027         2.3614107097         5.0245152205
H78        -2.4290724927         1.7877770804         2.7558681618
H79         0.5454314816         2.1502679582        -2.4802136968
H80         1.4300429876         4.2935072915        -3.4253210166
H81         1.0518074812         6.4424238640        -2.2051547910
H82        -0.1662159768         6.4284165279        -0.0191913823
H83        -0.9391052311         4.2825006293         0.9628141503
H84        -1.1775173290        -0.8409365866         0.4980280941
H85         0.8369598844        -0.4003299216         1.8332953149
H86         0.8981968531        -1.8982569851         0.9085385709
H87         2.9814589454        -2.4408409899        -0.2839882537
H88         2.1863668878        -1.5613241900        -1.6162632411
H89         3.8541236479        -1.1440628512        -1.1362496209
H90         2.9936869358         0.4962533390         2.1202046021
H91         3.4298714028        -1.2280001611         1.9619549404
H92         4.3325597173        -0.0034169625         1.0379388544
H93         3.0339460646         1.1325884772        -0.7501215237
H94        -5.9583330420        -1.8302781819        -2.7364301244
H95        -4.9796926324        -0.3839570460        -2.3876641082
H96        -5.2456217975        -1.5964115951        -1.1273288151
H97        -2.5271296652        -2.2890328451        -4.4498450557
H98        -3.4624768356        -0.7853882945        -4.3316141472
H99        -4.3591848669        -2.3542438745        -6.0922028799
H100        -5.5663904927        -2.0404304446        -4.8463563030
H101        -3.7247118687        -4.4904182299        -5.0542942961
H102        -7.4740831914        -4.2692588307        -4.3395997187
H103        -7.9277804784        -4.8816202900        -5.9417303739
H104        -7.3089406272        -3.2228792463        -5.7634730541
H105        -5.9159922400        -3.7916063366        -7.6530964427
H106        -4.4039141365        -4.6695206715        -7.3891798098
H107        -7.1856192906        -5.8570857960        -7.9777326545
H108        -5.6346114563        -6.3014902301        -8.7178703242
H109        -6.5018994122        -7.9648369105        -6.6985891363
H110        -3.7118039453        -6.5532444615        -6.5395774067
H111        -4.2691272880        -7.9768625574        -5.5096331130
&

