&zmat
 C8              4.3444080725             0.9133363161            -0.2546179270
 O7              3.3858720311             0.3161308581             0.6222260669
 C6              2.1119275808             0.1673818011             0.1643610009
 C5              1.6652067668             0.5623605884            -1.1148510885
 C4              0.3314011545             0.3588378204            -1.4634602438
 C3             -0.5877037953            -0.2320643115            -0.5700051908
 C2             -1.9883539160            -0.3705239643            -1.0512071689
 O1             -2.3287883301            -0.0517998552            -2.1901248155
 C11            -3.1109699354            -0.8373718673            -0.0706325209
 C14            -3.5459080373             0.2465861580             0.8984716558
 F12            -2.6842328447            -1.9564738410             0.6437908608
 F13            -4.1885457866            -1.2373497554            -0.8156473276
 C10            -0.1194804503            -0.6292580079             0.7067996310
 C9              1.2086965400            -0.4308164148             1.0686960093
 H17             5.2881099724             0.9355742218             0.3072040564
 H18             4.0571999353             1.9449804654            -0.5284069038
 H19             4.4803665209             0.3165619714            -1.1749463225
 H16             2.3465606232             1.0253555622            -1.8315649052
 H15            -0.0384713161             0.6597290785            -2.4479912412
 H22            -2.6989227215             0.5831972103             1.5130367350
 H23            -3.9394325576             1.1036015804             0.3324472230
 H24            -4.3374160769            -0.1545131226             1.5490923815
 H21            -0.7954399203            -1.1151530774             1.4120046981
 H20             1.5823946241            -0.7361999572             2.0493794472
&

