&gen
basis=6-31G**
igeopt=1
dftname=PBE-D3
ifreq=1
&
entry_name: J1_10385_2111.in
&zmat
C1         -0.4224061464         6.0347260040        -1.3848928770
C2         -0.7110633565         4.8380714212        -2.2915180915
C3         -0.4683568218         3.4927681833        -1.5909883930
C4         -1.5439795900         3.1752964928        -0.5434966135
P5         -1.3729833494         1.4987548318         0.2151518952
C6         -0.5413882427         2.0925661159         1.7879050730
C7          0.6602506653         3.0537563230         1.6278290382
C8          1.4204549881         3.2540359017         2.9499133659
C9          2.3712262366         2.0985712022         3.2640151400
C10        -2.9200489381         1.0365694662         1.1187945557
C11        -2.7853039316        -0.2767664598         1.9011518977
C12        -4.1184313383        -0.6692766732         2.5470717544
C13        -3.9954270153        -1.9880669656         3.3047350360
O14        -1.9696468809         0.8051219643        -1.2475051636
C15        -0.9803816724        -0.1771431773        -1.4278776013
C16        -1.5505885855        -1.5799563668        -1.4103949147
C17        -2.9380914496        -1.8172680823        -1.4687391767
C18        -3.4313311349        -3.1253661087        -1.4539879615
C19        -2.5492728036        -4.2070253855        -1.3993069587
C20        -1.1710060330        -3.9831551481        -1.3647864316
C21        -0.6725739542        -2.6771931903        -1.3765638841
C22        -0.1923911253         0.1634083436        -0.1886083356
C23         1.2295949543         0.5630638565        -0.4694608286
O24         2.1223025248         0.2610427584         0.3688317867
O25         1.5669566884         1.2476025471        -1.6424849772
C26         2.8981026394         1.6369206467        -1.9709266661
C27         3.7007482553         0.4392997527        -2.4644685890
H28        -1.1571974724         6.0881946414        -0.5555488567
H29        -0.5003993469         6.9716584659        -1.9755778406
H30         0.6039506610         5.9666380865        -0.9654336801
H31        -1.7564755092         4.8953342051        -2.6652108712
H32        -0.0363253716         4.9006223355        -3.1728064874
H33         0.5366063907         3.5069477650        -1.1286288231
H34        -0.4814748381         2.7008374298        -2.3693437392
H35        -2.5366622181         3.2161546064        -1.0423410678
H36        -1.5967397481         3.9565464660         0.2378164882
H37        -1.2746837976         2.6101313907         2.4409193283
H38        -0.2030146400         1.1954623049         2.3424147873
H39         0.2989832677         4.0543532327         1.3176189855
H40         1.3706953039         2.7150146221         0.8560815804
H41         2.0259007525         4.1835263476         2.8732807528
H42         0.7056834278         3.3902685121         3.7905557786
H43         3.1052432848         1.9676016914         2.4408111160
H44         1.8143092184         1.1513427700         3.4139460331
H45         2.9285906333         2.3241157348         4.1974280938
H46        -3.2372137470         1.8539415219         1.7997183640
H47        -3.7474863670         0.9305374995         0.3842747641
H48        -2.4704057049        -1.0896841665         1.2166554812
H49        -2.0190985481        -0.1676866680         2.6962773777
H50        -4.8980150304        -0.7799037306         1.7618257793
H51        -4.4403245725         0.1254476842         3.2548990959
H52        -4.9734547603        -2.2463903801         3.7625496371
H53        -3.7009316918        -2.8048341256         2.6114183243
H54        -3.2371784390        -1.9002518438         4.1118169255
H55        -0.4428166767         0.0052550620        -2.3834365834
H56        -3.6427107322        -0.9974209680        -1.5165165475
H57        -4.4989006324        -3.3004695354        -1.4872914794
H58        -2.9336461449        -5.2187340819        -1.3889791057
H59        -0.4880041200        -4.8220271417        -1.3297637672
H60         0.3987493526        -2.5188567534        -1.3523720032
H61        -0.2310177248        -0.6338228484         0.5857864835
H62         2.8534556134         2.3954186045        -2.7805272842
H63         3.3943619040         2.1009997450        -1.0908561982
H64         4.7153616270         0.7705032191        -2.7703719440
H65         3.8006789473        -0.3186068057        -1.6598627528
H66         3.1933769108        -0.0219898166        -3.3380357670
&

