&gen
basis=6-31G**
igeopt=1
dftname=PBE-D3
ifreq=1
&
entry_name: J1_10498_2111.in
&zmat
C1         -2.6633560131        -4.6676246134         0.5034437908
C2         -3.2867383310        -3.4287583952        -0.1193571565
O3         -2.9631018415        -3.3896975660        -1.4936095407
C4         -3.4365688339        -2.1881304849        -2.0754421761
C5         -3.4703993271        -2.3519054212        -3.5770809330
C6         -2.5251407825        -1.8096452681        -4.3554129137
C7         -1.4820441276        -0.8790100916        -3.7854568327
O8         -0.2329941818        -1.1216127812        -4.3998782814
Si9          0.0307209226        -0.1666429547        -5.8391361559
C10         0.5551774402        -1.3619987772        -7.1779747684
C11        -1.4899914805         0.7262644938        -6.4984281273
C12         1.4293932158         1.0864853817        -5.5134863228
C13         2.6034453206         0.3676822889        -4.8261526149
C14         1.9088175604         1.6922685083        -6.8442298908
C15         0.9155651909         2.2137654325        -4.6014267167
C16        -1.3533026186        -1.1350989086        -2.2679188033
C17        -0.4265515258        -0.0883342349        -1.6210751028
O18        -1.0015875872         1.1910797383        -1.6336756064
P19        -0.8935099496         1.5232093347         0.0519805285
C20        -2.6698055206         1.8540457122         0.1469719315
C21        -3.1798485817         3.1354237659        -0.1194970584
C22        -4.5554894020         3.3757978312        -0.0506051632
C23        -5.4314493797         2.3428843686         0.2916191257
C24        -4.9315120666         1.0704613238         0.5769649681
C25        -3.5569261170         0.8280470594         0.5118181284
C26        -0.8459174982         1.7558117584         1.8795017306
C27        -0.8806910006         0.6630809184         2.7726211936
C28        -0.8909318854         0.8681103929         4.1553899742
C29        -0.9000150107         2.1621741161         4.6741274299
C30        -0.9189438177         3.2560169268         3.8105868423
C31        -0.9088061358         3.0576231041         2.4279933542
C32         0.3029505800         2.8658008764        -0.2781184298
C33         1.5134666064         2.9535975629         0.4378908305
C34         2.4447461356         3.9525416851         0.1425083717
C35         2.1875128423         4.8704640235        -0.8767976257
C36         0.9990604329         4.7890475629        -1.6039719909
C37         0.0636940860         3.7930509914        -1.3104603343
C38        -0.2798544266        -0.1883083501        -0.1234113005
C39         1.1462649450        -0.3849131604         0.3272186257
O40         1.3768314338        -1.0630962291         1.3649538163
O41         2.2063013080         0.1748752784        -0.3956647602
C42         3.5664494333         0.0188918043        -0.0121616326
O43        -2.6395626184        -1.0801864323        -1.6744161840
H44        -1.5587354886        -4.6329433938         0.3914106971
H45        -2.9145419126        -4.7118179337         1.5842606098
H46        -3.0524105055        -5.5807465236         0.0049846997
H47        -4.3899026555        -3.4827259651         0.0205012920
H48        -2.8878817022        -2.5391172298         0.4156619280
H49        -4.4882817749        -1.9845087554        -1.7681175654
H50        -4.2158035311        -3.0052679657        -4.0204513950
H51        -2.5566674954        -1.9919503495        -5.4245207819
H52        -1.8334081999         0.1690281700        -3.9071532760
H53         0.6940660657        -0.8191304615        -8.1349456337
H54         1.5039187991        -1.8574490880        -6.8884717964
H55        -0.2339331056        -2.1307136634        -7.3077290467
H56        -1.2306521175         1.2247960933        -7.4542328711
H57        -1.8390784294         1.4958328480        -5.7814401708
H58        -2.3051280974         0.0013667377        -6.6909673713
H59         2.9998155399        -0.4464338212        -5.4696021419
H60         3.4320241024         1.0800835642        -4.6229911360
H61         2.2858688543        -0.0743829689        -3.8582735048
H62         1.0716322941         2.1933811973        -7.3751406554
H63         2.3307954783         0.9086562181        -7.5084776808
H64         2.7034318914         2.4480977598        -6.6632834711
H65         1.7333527520         2.9273240287        -4.3617028534
H66         0.5307194293         1.8038717758        -3.6484173255
H67         0.0996247612         2.7837589541        -5.0935612726
H68        -0.8799696513        -2.1312903395        -2.0986726667
H69         0.5472814697        -0.0622974005        -2.1526802169
H70        -2.5215043322         3.9558181621        -0.3600248447
H71        -4.9420859662         4.3653280985        -0.2575239284
H72        -6.4959419141         2.5309098013         0.3450258774
H73        -5.6083422478         0.2726757014         0.8542308733
H74        -3.1863433343        -0.1557738750         0.7589059950
H75        -0.9258381257        -0.3547262303         2.4255826109
H76        -0.9064537660         0.0190961394         4.8266920087
H77        -0.9122980379         2.3168417331         5.7452717136
H78        -0.9523405350         4.2605427661         4.2122114595
H79        -0.9581324306         3.9272066769         1.7862577026
H80         1.7386526198         2.2543554167         1.2316822830
H81         3.3688790884         4.0120056385         0.7027170419
H82         2.9116725988         5.6410857800        -1.1071526379
H83         0.8057407388         5.4927550938        -2.4032562136
H84        -0.8338479997         3.7346123263        -1.9110568294
H85        -0.9692972056        -0.9416118321         0.3091225119
H86         3.8407074399        -1.0571568396        -0.0143566951
H87         4.2117387336         0.5572729149        -0.7361446179
H88         3.7272702662         0.4464491766         1.0000998034
&

