&gen
basis=6-31G**
igeopt=1
dftname=PBE-D3
ifreq=1
&
entry_name: J1_10366_2111.in
&zmat
C1          3.6793088246        -0.5800760819        -6.1892308818
C2          2.9676297162        -1.8551638514        -5.7374803102
C3          2.8083076748        -1.9379375510        -4.2117107826
C4          1.7815391916        -0.9324067366        -3.6707462099
C5          1.5716822159        -1.1210976230        -2.1639587249
C6          0.5502382618        -0.1133933177        -1.6171289626
O7          1.0485028282         1.2009987644        -1.6591972811
P8          0.9259743704         1.5509738454         0.0209816061
C9          2.7130333981         1.8912928288         0.0004048874
C10         3.1991764544         3.1614260766        -0.3574325362
C11         4.5745022338         3.3943817695        -0.4530377265
C12         5.4793297229         2.3565909511        -0.2235469353
C13         5.0094842236         1.0800685010         0.0883033413
C14         3.6355497469         0.8436631131         0.1841504395
C15         0.6856640512         1.6981501215         1.8550537279
C16        -0.6003395063         1.9780765511         2.3792847239
C17        -0.8183104098         2.0783979448         3.7549889177
C18         0.2342027865         1.8855958241         4.6454586827
C19         1.5036839478         1.5801601889         4.1608823085
C20         1.7291551345         1.4773815608         2.7848367631
C21        -0.1573344960         2.9833340229        -0.3291643692
C22        -1.2410752156         2.8674635130        -1.2207225592
C23        -2.0708883049         3.9624836683        -1.4783969205
C24        -1.8332793771         5.1859664247        -0.8502770381
C25        -0.7654943860         5.3167080088         0.0385494454
C26         0.0673479033         4.2253096493         0.2988518380
C27         0.3689450891        -0.1812870249        -0.1187036139
C28        -1.0823052802        -0.4611365833         0.3201800674
C29        -1.5223290333        -1.8800328416        -0.0676705346
C30        -2.9316982537        -2.1759790459         0.4369234086
H31         3.0496844291         0.3124594992        -5.9941923391
H32         3.8726657762        -0.6332958678        -7.2813488245
H33         4.6516813109        -0.4699862547        -5.6637196527
H34         3.5691536859        -2.7269603350        -6.0748669426
H35         1.9736112349        -1.9222125312        -6.2307617977
H36         3.7932873827        -1.7749424836        -3.7212976547
H37         2.4714467326        -2.9668643865        -3.9573304643
H38         2.1400175796         0.1023602607        -3.8568085134
H39         0.8118581513        -1.0734084861        -4.1970111600
H40         1.1951504627        -2.1492877498        -1.9702359088
H41         2.5446502020        -1.0034225225        -1.6436313204
H42        -0.4072268250        -0.1695676082        -2.1803403832
H43         2.5277201132         3.9692120720        -0.5993589584
H44         4.9384375194         4.3775500156        -0.7222882021
H45         6.5434401265         2.5382434548        -0.3014332413
H46         5.7099294315         0.2716009929         0.2531317633
H47         3.2966404733        -0.1515795141         0.4331958019
H48        -1.4527239328         2.1058064958         1.7260877113
H49        -1.8093441920         2.2985527458         4.1304560297
H50         0.0638609492         1.9613325998         5.7116261608
H51         2.3180569513         1.4152336589         4.8548180729
H52         2.7261468193         1.2183968642         2.4841937696
H53        -1.4493922490         1.9369339425        -1.7264900488
H54        -2.8997240406         3.8616797710        -2.1671656725
H55        -2.4780463938         6.0318932768        -1.0504913517
H56        -0.5852035809         6.2635575301         0.5308815026
H57         0.8750275486         4.3457839081         1.0090923674
H58         1.0819767699        -0.8687619272         0.3854721133
H59        -1.1386697873        -0.3902067088         1.4250328876
H60        -1.7821951212         0.2801266327        -0.1173665400
H61        -0.8200755811        -2.6221959802         0.3709443336
H62        -1.5108611970        -1.9995665615        -1.1717856253
H63        -2.9691999408        -2.1015561986         1.5446830510
H64        -3.6570320681        -1.4592445097        -0.0038614748
H65        -3.2243130953        -3.2052584273         0.1404464220
&

