&gen
basis=6-31G**
igeopt=1
dftname=PBE-D3
ifreq=1
&
entry_name: J1_10397_2111.in
&zmat
C1         -2.2943561171        -9.6296926759        -2.6841089294
C2         -2.0201054826        -8.4052324405        -3.5057191824
C3         -0.9934580691        -7.5221244208        -3.1376687824
C4         -0.7140066391        -6.4002743101        -3.9233334899
C5         -1.4513364066        -6.1540944002        -5.0889300931
S6         -1.1017647052        -4.7325378011        -6.0656003671
O7          0.0329852147        -5.0474078394        -6.9993170901
O8         -2.3077408006        -4.3387838193        -6.8718876374
N9         -0.6644325858        -3.4113773136        -5.0303988689
C10         0.5111228301        -2.7481805026        -5.0431978651
C11         0.5226545831        -1.7696776052        -4.0582936583
C12        -0.7055007458        -1.8595239172        -3.4196847553
C13        -1.2540555510        -1.1296060595        -2.3472321359
C14        -0.4760356535        -0.0249834309        -1.6533699398
O15        -1.1825705237         1.1814461351        -1.6240226985
P16        -0.9725972736         1.5460488686         0.0457900639
C17        -2.7474648966         1.8814471618         0.2330791998
C18        -3.6256848785         0.8693981202         0.6592803808
C19        -4.9893908580         1.1314503865         0.8160632057
C20        -5.4888780172         2.4111451475         0.5681587694
C21        -4.6218387997         3.4334982649         0.1780290147
C22        -3.2572472919         3.1741584334         0.0193744667
C23        -0.8837157957         1.8034145979         1.8677552445
C24        -0.7486800685         3.0992652162         2.4192506641
C25        -0.7719078927         3.2974251903         3.8022714232
C26        -0.9816957000         2.2198496018         4.6611375624
C27        -1.1968556260         0.9465484502         4.1367354449
C28        -1.1743907311         0.7434223331         2.7545274492
C29         0.1663008902         2.9103173423        -0.4004267729
C30        -0.1796670898         3.8137627339        -1.4251038610
C31         0.6942502914         4.8378495271        -1.8003902789
C32         1.9318727352         4.9683893061        -1.1700284242
C33         2.2998695653         4.0703284660        -0.1679537624
C34         1.4292959603         3.0442234748         0.2093479844
C35        -0.2884375916        -0.1631584103        -0.1507721945
C36         1.2148992261        -0.4337118996         0.2103415210
C37         1.4841595073        -0.4691002372         1.7248148726
C38         1.6685458598        -1.7916524546        -0.3835548345
O39         3.0420448366        -1.9993616368        -0.1857879884
C40        -2.5746587408        -1.4572648444        -1.9682478140
C41        -3.2843649314        -2.4909445399        -2.6116255899
C42        -2.6972792844        -3.2129482968        -3.6597395526
C43        -1.4026445582        -2.8669664164        -4.0457019070
C44        -2.4613560752        -7.0467384314        -5.4711792519
C45        -2.7411166540        -8.1696710571        -4.6865449735
H46        -2.0675563829        -9.4415627247        -1.6130195734
H47        -3.3630930778        -9.9225342546        -2.7621537910
H48        -1.6619522271       -10.4667004113        -3.0467470983
H49        -0.4102137619        -7.7014736242        -2.2428775177
H50         0.0773028510        -5.7250701735        -3.6230994905
H51         1.3237150955        -2.9593064212        -5.7257863541
H52         1.3364775492        -1.0897378881        -3.8486308767
H53         0.4835142369         0.1786348786        -2.1736483196
H54        -3.2558931973        -0.1180544606         0.8946247040
H55        -5.6573720989         0.3438280009         1.1398786189
H56        -6.5444793164         2.6144050990         0.6937501240
H57        -5.0054727589         4.4313094724         0.0086189790
H58        -2.6053534675         3.9930746251        -0.2402131651
H59        -0.6517961328         3.9714951666         1.7886099872
H60        -0.6472010013         4.2933637259         4.2073872994
H61        -1.0053894694         2.3764066985         5.7318006050
H62        -1.3964545268         0.1160097633         4.8014552145
H63        -1.3892735265        -0.2476333118         2.3874006340
H64        -1.1180681196         3.7189397920        -1.9543069683
H65         0.4140781727         5.5259925018        -2.5874545422
H66         2.6080329071         5.7613863917        -1.4622108077
H67         3.2615897277         4.1690618208         0.3187359993
H68         1.7397373036         2.3771682882         0.9950193023
H69        -0.9655541658        -0.9301049360         0.2799788512
H70         1.8499820450         0.3590164650        -0.2381248320
H71         1.3733138740         0.5261094949         2.1855832062
H72         0.8147216049        -1.1991715262         2.2262987235
H73         2.5328576853        -0.7699253751         1.9303714918
H74         1.4522371333        -1.8560663383        -1.4675468786
H75         1.1093827250        -2.6190713170         0.1042825244
H76         3.5142690240        -1.3940945941        -0.8154829332
H77        -3.0654462875        -0.9138701262        -1.1848879417
H78        -4.2933155047        -2.7256036549        -2.2981041463
H79        -3.2443907971        -4.0037252710        -4.1552248676
H80        -3.0304563208        -6.8766638338        -6.3760783066
H81        -3.5199885146        -8.8542734251        -4.9991058205
&

