&gen
basis=6-31G**
igeopt=1
dftname=PBE-D3
ifreq=1
&
entry_name: J1_10154_2111.in
&zmat
Cl1          5.5271438550        -1.2301900896         1.3617403356
C2          3.8578183245        -0.9405155542         0.9081953150
C3          2.8243605944        -1.5803389484         1.5961396408
C4          1.4933849414        -1.3484621002         1.2381712110
C5          1.1737607987        -0.4619096973         0.1934195709
C6         -0.2901149314        -0.2357730781        -0.1633432846
C7         -0.5618387372        -0.1805201571        -1.6484056458
C8         -1.6518664577        -1.1344904572        -2.0953104297
C9         -2.8594591225        -0.6744222408        -2.6566760356
C10        -3.8412344666        -1.5839112315        -3.0609682092
C11        -3.6240738284        -2.9570003063        -2.9251197610
C12        -2.4221099081        -3.4241958737        -2.3885525457
C13        -1.4380839783        -2.5190658661        -1.9805486752
O14        -0.9887768337         1.1584186141        -1.6680769971
P15        -0.8859089567         1.4846080185         0.0221780923
C16        -2.6655065070         1.7998836048         0.1034106671
C17        -3.5579932836         0.7350771002         0.3126168265
C18        -4.9354303745         0.9663585137         0.3597244800
C19        -5.4333009863         2.2621456232         0.2060342606
C20        -4.5533689308         3.3287395790         0.0079243740
C21        -3.1750100620         3.1008943500        -0.0432827291
C22        -0.8526009844         1.7062049355         1.8555462355
C23        -0.9064690161         3.0051128632         2.4157076063
C24        -0.9191382523         3.1946038737         3.7994794054
C25        -0.9156415254         2.0956105894         4.6555817295
C26        -0.9235506901         0.8059344195         4.1277290690
C27        -0.9117477950         0.6104233837         2.7436230159
C28         0.2820565391         2.8566547968        -0.2882696177
C29         0.0074082759         3.8031080385        -1.2928761495
C30         0.8987990028         4.8490683896        -1.5482162758
C31         2.0776872110         4.9617056116        -0.8092102700
C32         2.3682758747         4.0272625784         0.1858931325
C33         1.4796986476         2.9807672216         0.4454934076
C34         2.2300416027         0.1584145906        -0.5079195149
C35         3.5594145893        -0.0746309236        -0.1459585555
H36         3.0506720787        -2.2614719945         2.4065779285
H37         0.7141638102        -1.8732154003         1.7747715556
H38        -0.9617278401        -0.9677086859         0.3299867454
H39         0.3304022817        -0.3084148686        -2.2962504343
H40        -3.0514090203         0.3836844560        -2.7781618087
H41        -4.7707961502        -1.2233597938        -3.4821739680
H42        -4.3853787078        -3.6590102904        -3.2397731264
H43        -2.2521555847        -4.4884651146        -2.2891902017
H44        -0.5099668991        -2.8956049886        -1.5678723521
H45        -3.1932179027        -0.2747217941         0.4373802438
H46        -5.6169658977         0.1402999220         0.5162869256
H47        -6.5001386490         2.4402954996         0.2443866769
H48        -4.9393630079         4.3337193413        -0.1036476204
H49        -2.5137094788         3.9432483651        -0.1809976262
H50        -0.9436947284         3.8821334675         1.7841937497
H51        -0.9423970716         4.1968032922         4.2076360659
H52        -0.9299204950         2.2431036153         5.7277130566
H53        -0.9565763725        -0.0473781070         4.7929772017
H54        -0.9836411061        -0.4023827025         2.3959786918
H55        -0.8921463214         3.7299636345        -1.8895771971
H56         0.6765847437         5.5709780135        -2.3234042763
H57         2.7671453606         5.7715916141        -1.0094854916
H58         3.2834056490         4.1130542073         0.7573503257
H59         1.7268615174         2.2714344686         1.2243800448
H60         2.0329672218         0.8403670212        -1.3240141468
H61         4.3565266701         0.4209870685        -0.6853296563
&

