&gen
basis=6-31G**
igeopt=1
dftname=PBE-D3
ifreq=1
&
entry_name: J1_10067_2111.in
&zmat
C1          1.3234036075        -0.2052846286         0.3935250228
C2          1.9902428292        -1.3616348719         0.3780389758
C3         -0.1163830355        -0.1276932234        -0.0564535104
C4         -0.2426890814        -0.0788048099        -1.5637103831
C5         -1.2447730623        -1.0837231564        -2.1529608485
C6         -0.7237585291        -2.5230350263        -2.0794555538
C7         -1.6911784100        -3.4663825397        -2.7419209640
C8         -1.5610848974        -3.7742235895        -4.1065487612
C9         -2.4823931007        -4.6235444209        -4.7274345905
C10        -3.5435850352        -5.1620534454        -3.9943763803
C11        -3.6877990270        -4.8488580616        -2.6399346409
C12        -2.7686922022        -4.0002399781        -2.0150834773
O13        -0.7660180485         1.2253054932        -1.6376973002
P14        -0.8061019520         1.5435389001         0.0485823207
C15        -2.5961967569         1.7983828811         0.0049581199
C16        -3.1307639653         3.0541852722        -0.3245332389
C17        -4.5158599649         3.2405731622        -0.3689757369
C18        -5.3759394685         2.1762139380        -0.0871891278
C19        -4.8519487860         0.9237812255         0.2419634101
C20        -3.4678996336         0.7338991927         0.2885881834
C21        -0.7859971078         1.7225153768         1.8848703468
C22        -0.4413845661         3.1590901538         2.2112304534
C23         0.6548365510         3.5605394449         1.2520707421
C24         0.2999681766         2.9997363774        -0.1182132483
H25         1.8367542515         0.6821643678         0.7497977422
H26         3.0226140501        -1.3969246739         0.7102222401
H27         1.5177347219        -2.2769679691         0.0387667622
H28        -0.7686626000        -0.8727212786         0.4478172613
H29         0.7334421446        -0.1219769657        -2.0980620149
H30        -1.4186858327        -0.8151481123        -3.2180929964
H31        -2.2189121171        -1.0109282827        -1.6238390979
H32         0.2702829298        -2.5897437501        -2.5740335667
H33        -0.5887158854        -2.8230755713        -1.0185593816
H34        -0.7490701258        -3.3556485788        -4.6882137466
H35        -2.3757816226        -4.8612525404        -5.7779575400
H36        -4.2565996426        -5.8179819908        -4.4768825472
H37        -4.5140220944        -5.2607215720        -2.0749747026
H38        -2.8971306361        -3.7569209723        -0.9674807743
H39        -2.4846159673         3.8912068523        -0.5452364188
H40        -4.9226530070         4.2109577530        -0.6226345039
H41        -6.4477640395         2.3223537206        -0.1223606556
H42        -5.5183108855         0.1000772140         0.4630977710
H43        -3.0796063001        -0.2394854619         0.5556054439
H44        -0.0144806153         1.0630254805         2.3341606334
H45        -1.7507958854         1.4472766858         2.3622602523
H46        -1.3335680279         3.8051197278         2.0560129745
H47        -0.1015931950         3.2568843005         3.2648923832
H48         1.6199647988         3.1256977350         1.5945698271
H49         0.7578802196         4.6665149440         1.2141729720
H50         1.2273943134         2.7090053649        -0.6563515350
H51        -0.2068275028         3.7802772143        -0.7214458275
&

