&zmat
 C2              1.2582357153            -1.6109166973             1.7273329887
 C1              1.2195840658            -0.7657517436             0.6787870192
 C3             -0.0097213304            -0.3242777370            -0.0209904761
 C4              0.0772933917            -0.1186692219            -1.5400769208
 C5             -0.9838970315            -0.8621446477            -2.3537594512
 C6             -0.7730136168            -2.3893745979            -2.3414546136
 C7             -1.8954801983            -3.1246635287            -3.0403085979
 C8             -1.7342040690            -3.6553643025            -4.3319388291
 C9             -2.7954533396            -4.2982754604            -4.9843208803
 C10            -4.0396473958            -4.4190624708            -4.3523208017
 C11            -4.2151624581            -3.8920872242            -3.0644175695
 C12            -3.1524454488            -3.2511453505            -2.4173281042
 O13            -0.1013878128             1.3202377079            -1.6072654167
 P14            -0.5116101267             1.5984459820             0.0845695437
 C15            -2.3530560579             1.4364842592             0.1338430099
 C16            -3.0757221895             1.7614377669            -1.0305116790
 C17            -4.4667438921             1.6068041011            -1.0717886913
 C18            -5.1536975476             1.1196254442             0.0494215921
 C19            -4.4421775937             0.7893188166             1.2106079815
 C20            -3.0497951279             0.9463003004             1.2529259229
 C21            -0.0439781073             1.8615171170             1.9053523956
 C22            -0.4445416438             3.2901529658             2.2545496609
 C23             0.0585474028             4.1764241461             1.0908156426
 C24            -0.2677903918             3.4750189570            -0.2365882878
 H26             2.1971736247            -1.8767999556             2.2203418906
 H27             0.3442708935            -2.0656797167             2.1256577183
 H25             2.1643661694            -0.3409524014             0.3076344458
 H28            -0.8804204321            -0.9224830517             0.3047721874
 H29             1.0850446645            -0.3652186718            -1.9333664128
 H30            -0.9721234239            -0.4898178127            -3.3935330309
 H31            -1.9822978820            -0.6222280485            -1.9464551352
 H32             0.1951282690            -2.6343799798            -2.8144682846
 H33            -0.7009203993            -2.7326264852            -1.2923421783
 H34            -0.7626252416            -3.5636610612            -4.8304578553
 H35            -2.6487443344            -4.7075018789            -5.9889544960
 H36            -4.8688031307            -4.9225180651            -4.8590220067
 H37            -5.1833570113            -3.9837192978            -2.5617701732
 H38            -3.2950889291            -2.8382491101            -1.4117105144
 H39            -2.5297248075             2.1066940619            -1.9145469422
 H40            -5.0147555076             1.8583904976            -1.9849758142
 H41            -6.2400985362             0.9932984678             0.0166091851
 H42            -4.9714361010             0.4058606717             2.0884894940
 H43            -2.5095794933             0.6792382078             2.1659240328
 H44             1.0523595451             1.7258929459             1.9670408313
 H45            -0.4804082166             1.0761795191             2.5426745861
 H46            -1.5451756603             3.3612270048             2.3359543822
 H47            -0.0250876342             3.6240075670             3.2193986854
 H48             1.1531351040             4.2938155271             1.1889739559
 H49            -0.3746977474             5.1893876152             1.1422660030
 H50             0.5162745473             3.5922210837            -0.9978855120
 H51            -1.2073026694             3.8432680969            -0.6808763122
&

