&gen
basis=6-31G**
igeopt=1
dftname=PBE-D3
ifreq=1
&
entry_name: J1_9829_2111.in
&zmat
C1         -1.8179010237        -0.9632730227         0.6383736977
C2         -1.2587217756        -2.0787281510         1.1164135888
C3         -1.0407604903        -0.0215486463        -0.2480995860
C4         -1.4672710363         0.1611797008        -1.6984996409
C5         -2.4912059640        -0.7648478564        -2.4471461498
C6         -3.9114410376        -0.6998920168        -1.8415385264
C7         -2.5846184832        -0.2380939647        -3.9022121132
C8         -1.9481945786        -2.2280910598        -2.4607105616
C9         -2.7793400253        -3.2027102386        -3.2661696511
C10        -3.8522243721        -3.8866761467        -2.6680342770
C11        -4.6213276898        -4.7841261786        -3.4148563417
C12        -4.3233159024        -5.0106861809        -4.7610155219
C13        -3.2535630650        -4.3422812528        -5.3619990494
C14        -2.4817053393        -3.4440065484        -4.6189180574
O15        -1.9234134187         1.4873632185        -1.5599493859
P16        -1.3679986947         1.7424281217         0.0472664874
C17        -2.8995117956         2.5878255017         0.5254384696
C18        -2.8731703443         3.9812875054         0.7132085035
C19        -4.0318049990         4.6714833685         1.0797932436
C20        -5.2310385343         3.9797012074         1.2567883200
C21        -5.2719773624         2.5975872007         1.0647425308
C22        -4.1141616192         1.9042361335         0.6991239167
C23        -0.7479364004         1.8257215417         1.7546459934
C24        -1.3771937980         1.2515182800         2.8702662137
C25        -0.7967885419         1.3892653918         4.1377026499
C26         0.3972205594         2.1076168971         4.2934152424
C27         1.0107709720         2.7017232237         3.1840512308
C28         0.4218962659         2.5531515954         1.9220577454
C29         0.8705715513         3.1429300285         0.6761262233
C30         1.9855575540         3.9697722150         0.4908521550
C31         2.2404812322         4.4896259527        -0.7835958026
C32         1.3832001461         4.1891965023        -1.8515814331
C33         0.2690005916         3.3630502295        -1.6527599961
C34         0.0202702463         2.8336945567        -0.3768037923
H35        -2.8227283348        -0.7391359894         0.9515046851
H36        -0.2411133263        -2.3533707946         0.8561742611
H37        -1.8252869597        -2.7314514797         1.7724862564
H38         0.0549288395        -0.2073096633        -0.1769638045
H39        -0.5339975130         0.1910598945        -2.3087548114
H40        -3.9772545840        -1.2306862269        -0.8753672986
H41        -4.6480675859        -1.1865858214        -2.5155078220
H42        -4.2392583251         0.3524495341        -1.7204720173
H43        -3.3413935591        -0.7978962435        -4.4915172495
H44        -1.6055375311        -0.3296171202        -4.4203723135
H45        -2.8847402452         0.8320091309        -3.9155310777
H46        -1.8751941139        -2.6191637907        -1.4290643211
H47        -0.9073588031        -2.2308601376        -2.8543738785
H48        -4.0928895524        -3.7243516843        -1.6248006091
H49        -5.4480735628        -5.3049176217        -2.9493481963
H50        -4.9197401405        -5.7057751822        -5.3376928206
H51        -3.0218990019        -4.5204893384        -6.4041173625
H52        -1.6554165855        -2.9338340424        -5.0981119233
H53        -1.9539676991         4.5370349941         0.5820671528
H54        -3.9993599789         5.7433982627         1.2260382919
H55        -6.1284783623         4.5143861269         1.5398312501
H56        -6.2032165202         2.0619490726         1.1969834610
H57        -4.1865416488         0.8448823991         0.5510596707
H58        -2.3111076345         0.7177262185         2.7697031308
H59        -1.2756322758         0.9455566919         5.0008978663
H60         0.8387481432         2.2140678384         5.2757837032
H61         1.9203919095         3.2712871395         3.3162022226
H62         2.6451491184         4.2161092225         1.3115526696
H63         3.0979404275         5.1303427110        -0.9435892349
H64         1.5819194564         4.5988688467        -2.8334485552
H65        -0.3825469513         3.1493292363        -2.4883673747
&

