&zmat
 C2             -2.4454650966            -1.7570577513             1.6483275997
 C1             -2.6497462761            -0.7382572375             0.7920339590
 C3             -1.5718205194            -0.0836688480            -0.0074548867
 C4             -1.7994599926             0.1827636146            -1.5209430264
 C5             -2.5830046453            -0.7902286425            -2.4374006638
 C6             -4.0745024071            -0.8975490084            -2.0750174998
 C7             -2.4720782661            -0.2198002729            -3.8673908793
 C8             -1.8715125866            -2.1764173817            -2.3232068338
 C9             -2.4209498002            -3.2526936061            -3.2305284187
 C10            -3.4851048157            -4.0747647023            -2.8114798832
 C11            -4.0343298496            -5.0378544120            -3.6672026071
 C12            -3.5228635597            -5.2024748013            -4.9617278415
 C13            -2.4545533462            -4.4022152146            -5.3886642406
 C14            -1.9099573804            -3.4395580909            -4.5292445391
 O15            -2.3965607695             1.4762835956            -1.4311899002
 P16            -1.6061954176             1.8176117678             0.2110396484
 C17            -3.0654306186             2.8121447457             0.7792443983
 C18            -2.9412668365             3.6992498018             1.8691489219
 C19            -4.0281126915             4.4839891557             2.2721430156
 C20            -5.2582390601             4.3811246501             1.6079638763
 C21            -5.3905001024             3.5017941072             0.5255634649
 C22            -4.3004776755             2.7288839215             0.1053264902
 C23            -0.6333582002             1.8395478993             1.8466503136
 C24            -0.9816608486             1.2534945780             3.0711957030
 C25            -0.0766057478             1.2856535788             4.1447519017
 C26             1.1743188958             1.9054422796             3.9981159510
 C27             1.5336305683             2.4967483679             2.7799391302
 C28             0.6290024613             2.4620982173             1.7046559427
 C29             0.8414991922             3.0255488726             0.3553788893
 C30             1.9582831692             3.7480690629            -0.0965415620
 C31             1.9947984118             4.2136031615            -1.4185464853
 C32             0.9316143445             3.9613575573            -2.3008113163
 C33            -0.1843018895             3.2316911198            -1.8631954949
 C34            -0.2248538830             2.7755224645            -0.5412559366
 H36            -1.4496909725            -2.1870340167             1.7988521041
 H37            -3.2664250404            -2.1922675765             2.2251316497
 H35            -3.6606841349            -0.3280594911             0.6803357572
 H38            -0.5855798038            -0.5054784405             0.2527514716
 H39            -0.7792971122             0.2569197343            -1.9714786947
 H40            -4.2368624277            -1.4223738501            -1.1213911524
 H41            -4.6165784069            -1.4561564772            -2.8546933583
 H42            -4.5179370826             0.1078389559            -2.0018279822
 H43            -2.9971623048            -0.8603564204            -4.5936735459
 H44            -1.4175160924            -0.1362926177            -4.1850512866
 H45            -2.9158469652             0.7880977689            -3.8991959694
 H46            -1.9472562675            -2.5106898391            -1.2730091142
 H47            -0.7962364854            -2.0281968434            -2.5375733959
 H48            -3.8853177742            -3.9523832069            -1.7991282924
 H49            -4.8630480403            -5.6637985930            -3.3211069875
 H50            -3.9508350770            -5.9541573384            -5.6320976072
 H51            -2.0418658771            -4.5288788447            -6.3945919672
 H52            -1.0740024823            -2.8175832771            -4.8674816278
 H53            -1.9912632920             3.7798421930             2.4026520849
 H54            -3.9124300796             5.1751728668             3.1125627650
 H55            -6.1095738181             4.9880597933             1.9317223597
 H56            -6.3456331962             3.4191635657            -0.0021979488
 H57            -4.3800844752             2.0651895088            -0.7568594961
 H58            -1.9584677820             0.7761909887             3.1947497152
 H59            -0.3491488211             0.8283888112             5.1013705449
 H60             1.8731631926             1.9276281651             4.8399452196
 H61             2.5106316324             2.9789276271             2.6725003448
 H62             2.7963354171             3.9500156164             0.5768787179
 H63             2.8659037414             4.7782056333            -1.7657372008
 H64             0.9757733860             4.3284638855            -3.3303674483
 H65            -1.0250050996             2.9974899841            -2.5217723760
&

