&gen
basis=6-31G**
igeopt=1
dftname=PBE-D3
ifreq=1
&
entry_name: J1_6244_2111.in
&zmat
O1          5.2169925424         0.5040995569         0.6314178318
C2          4.0453785001         0.7141511009         0.9085733888
C3          3.6177558749         1.2523130849         2.2250105603
C4          2.0960230552         1.1656677666         2.1702312410
C5          1.7332816229         1.1466880015         0.6746888708
C6          0.2954607684         0.5986109284         0.4059086123
C7         -0.3765690737         1.2681210159        -0.8058546976
C8         -1.9048180685         1.0777099557        -0.7595056820
O9         -2.4250010671         1.1401288849        -2.0778446234
C10        -2.8096616216         2.4583691457        -2.4016968753
C11        -2.2805506847        -0.2979010168        -0.1556554273
C12        -3.7887625866        -0.5862868553        -0.1052446937
C13        -3.0121173534        -0.3195260070         1.1772864148
C14        -2.5541283328        -1.5606559608         1.9369966819
C15        -1.7926237840        -2.4343570546         0.9419129592
C16        -1.2580813136        -1.4651477539        -0.1408642723
C17        -1.3095301463        -2.1487310831        -1.5301115540
C18         0.1986651676        -0.9510872182         0.2847265837
C19         1.3413141143        -1.5235174818        -0.5867348764
C20         2.7108867154        -1.1212477990        -0.0502859286
C21         2.9075079092         0.4115786583        -0.0193348133
C22         3.1939514181         0.9846899045        -1.4232725379
H23         3.9513819517         2.3075506635         2.3244849006
H24         4.0221341243         0.6368149797         3.0571442377
H25         1.6266092940         2.0286322457         2.6911045770
H26         1.7641894932         0.2237360812         2.6603370672
H27         1.7603145953         2.2177134551         0.3658590243
H28        -0.3098574331         0.8976378755         1.2935932564
H29        -0.1639316320         2.3588800505        -0.8161081637
H30         0.0270028722         0.8440558580        -1.7485817479
H31        -2.3292089653         1.8717111404        -0.0964234610
H32        -1.9615106514         3.1693960236        -2.2914457423
H33        -3.6725313094         2.7816115503        -1.7787028675
H34        -3.1328008578         2.4819621104        -3.4624766814
H35        -4.4506268268         0.2580065044        -0.3931655144
H36        -4.1025691461        -1.6385058670        -0.2661683929
H37        -3.1658394158         0.6555769526         1.6863387176
H38        -1.8739360110        -1.2476667349         2.7580742602
H39        -3.4233252590        -2.1028213450         2.3670416862
H40        -2.5018192162        -3.1729982004         0.5058346813
H41        -0.9934873467        -3.0230615868         1.4426076742
H42        -0.9415500508        -1.4629688693        -2.3215141921
H43        -2.3511712644        -2.4274142055        -1.7972932555
H44        -0.7137549758        -3.0845889497        -1.5409567905
H45         0.4114099012        -1.3144843264         1.3149965972
H46         1.2509697517        -1.1941868890        -1.6416032201
H47         1.2955112062        -2.6334171418        -0.5668091061
H48         3.4996425557        -1.5931691824        -0.6768063205
H49         2.8189915774        -1.5471496867         0.9735476967
H50         4.0689304889         0.4752935130        -1.8809677804
H51         3.4198025781         2.0714698236        -1.3654739351
H52         2.3256563156         0.8487143837        -2.0968143678
&

