&zmat
 C10            -2.4192659873             2.2362935987            -2.7483730448
 O9             -2.5073740620             0.9997967137            -2.0586319737
 C8             -1.9415647547             1.0523638868            -0.7368380300
 C7             -0.4159784718             1.2940806838            -0.7629065079
 C6              0.2369498953             0.6056001787             0.4466181563
 C5              1.6572255108             1.1183112039             0.7728723480
 C4              2.0727618886             0.8952702130             2.2531937551
 C3              3.5924617225             1.1168937165             2.2657348450
 C2              4.0590537532             0.7699020954             0.8455629077
 O1              5.2210886047             0.6981031063             0.4732633478
 C21             2.8271132654             0.5123565020            -0.0488027353
 C22             3.0461474156             1.1124274712            -1.4423689292
 C20             2.6786973523            -1.0371423949            -0.1174005783
 C19             1.2966786184            -1.4610929969            -0.6285448275
 C18             0.1604167990            -0.9381077167             0.2738417634
 C16            -1.2893315093            -1.4349289620            -0.1637717435
 C17            -1.3506185367            -2.0485522525            -1.5748313732
 C15            -1.8079828003            -2.4315169723             0.9133382415
 C14            -2.3613683479            -1.5460800423             2.0543823205
 C13            -2.9253602997            -0.3236406076             1.3375611744
 C12            -3.7544743149            -0.5820264217             0.1028112470
 C11            -2.2819278296            -0.2581738218            -0.0472541158
 H32            -1.3756024575             2.5268531537            -2.9867209115
 H33            -2.8816914599             3.0653129711            -2.1697909068
 H34            -2.9704661422             2.1157827941            -3.6940013337
 H31            -2.4322025516             1.8830906425            -0.1767381550
 H29            -0.1864466934             2.3737322247            -0.7723270291
 H30            -0.0177252230             0.8780753695            -1.7057605006
 H28            -0.3826993544             0.8680302875             1.3279148218
 H27             1.6649664614             2.2137912405             0.5971229819
 H25             1.5266561575             1.5721423982             2.9298934626
 H26             1.8308807307            -0.1354087970             2.5671787134
 H23             3.8428536268             2.1824042828             2.4284440166
 H24             4.1555364542             0.5445307107             3.0196460689
 H50             4.0398569764             0.8132961047            -1.8143934297
 H51             3.0149049761             2.2143404651            -1.4064015640
 H52             2.2852723280             0.7781938818            -2.1646264928
 H48             3.4839829458            -1.4376434103            -0.7571177825
 H49             2.8384468025            -1.4774938556             0.8859699283
 H46             1.1612974126            -1.1111031667            -1.6669809006
 H47             1.2548668287            -2.5634606529            -0.6736900059
 H45             0.3506566995            -1.3708198215             1.2757508721
 H42            -1.0502373669            -1.3263921523            -2.3498359837
 H43            -2.3913280092            -2.3350455606            -1.7967522800
 H44            -0.7252668844            -2.9505667460            -1.6720696495
 H40            -2.6116509738            -3.0607416587             0.4929838323
 H41            -1.0158876656            -3.1220108813             1.2484783131
 H38            -1.5471184751            -1.2291132748             2.7324695020
 H39            -3.1093733867            -2.0745638777             2.6709409782
 H37            -3.1112802658             0.5904871352             1.9123123581
 H35            -4.4388262616             0.2061896434            -0.2222769131
 H36            -4.1180055600            -1.5925182134            -0.1083612332
&

