&gen
basis=6-31G**
igeopt=1
dftname=PBE-D3
ifreq=1
&
entry_name: J1_10398_2111.in
&zmat
C1          3.7618433700        -0.0813245927        -2.0031361606
C2          2.4001601617        -0.6741107227        -2.4078544574
C3          2.4013547431        -2.2082104750        -2.2773834840
C4          1.1204401008         0.0384071146        -1.8132520082
Si5         -0.3828431846        -0.2070751238        -3.0125237727
C6         -1.2593567993         1.4025191823        -3.3939431519
C7         -1.6418058470        -1.4094940998        -2.3209274865
C8          0.1108999192        -0.8971524793        -4.6865068796
O9          1.3723219122         1.4198872417        -1.6839701416
P10         1.0647317252         1.6021097417         0.0083896894
C11         2.8025691759         2.0784203331         0.3109488805
C12         3.4248524324         3.0485217308        -0.4970079512
C13         4.7612905585         3.3992021873        -0.2866845938
C14         5.4967164438         2.7822915119         0.7264015662
C15         4.8985392666         1.8085814868         1.5273991817
C16         3.5632074235         1.4530772863         1.3198670073
C17         0.5982137141         1.7415567474         1.7927695768
C18         1.0613275081         2.8340398811         2.5649664637
C19         0.6711648770         2.9934637581         3.8966135289
C20        -0.2196795014         2.0931585700         4.4770337683
C21        -0.7396737746         1.0457461847         3.7189478140
C22        -0.3533168023         0.8809489718         2.3857634921
C23        -0.2104175102         2.8557883554        -0.2839438018
C24         0.1255060181         4.2142901974        -0.4113295601
C25        -0.8716709628         5.1737650424        -0.6103103069
C26        -2.2128392439         4.7894785868        -0.6686862424
C27        -2.5596178572         3.4457021948        -0.5173515429
C28        -1.5651213480         2.4837803741        -0.3199901743
C29         0.7253846964        -0.1566196483        -0.3427904158
C30         1.5106163552        -1.1589795982         0.5156907341
H31         4.5748067331        -0.6072313598        -2.5485428704
H32         3.9761742336        -0.1759309879        -0.9269667704
H33         3.8193943719         0.9870161623        -2.2952071319
H34         2.3837168073        -0.4698375550        -3.4973269198
H35         1.3695647661        -2.6149927288        -2.2818170669
H36         2.9480982221        -2.6558859513        -3.1349187820
H37         2.9206403135        -2.5412484475        -1.3562860071
H38        -1.6072671389         1.3901599935        -4.4469429866
H39        -0.5728377529         2.2615014011        -3.2529480930
H40        -2.1472079322         1.5088776238        -2.7420300130
H41        -2.3501735605        -1.6993534559        -3.1236985065
H42        -1.1253855783        -2.3151783876        -1.9429515491
H43        -2.2130630684        -0.9330052439        -1.4984737080
H44         0.7855139750        -0.1850549196        -5.2044665302
H45        -0.7999911515        -1.0377436486        -5.3037437945
H46         0.6136776866        -1.8776323408        -4.5662743765
H47         2.8920555560         3.5118549415        -1.3156626329
H48         5.2301238653         4.1432585638        -0.9175297732
H49         6.5319732141         3.0541965562         0.8865446117
H50         5.4701766502         1.3275686426         2.3104829423
H51         3.1232956546         0.7013781626         1.9601473754
H52         1.7171100928         3.5797880406         2.1363536000
H53         1.0501413588         3.8263374930         4.4747481253
H54        -0.5253327870         2.2207209129         5.5074374853
H55        -1.4578063380         0.3667838364         4.1605556517
H56        -0.8259552708         0.0870077184         1.8331371058
H57         1.1480086062         4.5450478197        -0.3291331203
H58        -0.6046874117         6.2180344613        -0.7087126826
H59        -2.9835725568         5.5339561045        -0.8205172205
H60        -3.5996428417         3.1483224522        -0.5521947675
H61        -1.8555249379         1.4497173454        -0.1973180115
H62        -0.3532937278        -0.3584109200        -0.2346449577
H63         1.2251449053        -2.1908815052         0.2273280995
H64         2.6003596421        -1.0434044309         0.4390292566
H65         1.2505654419        -1.0527541197         1.5853195740
&

