&zmat
 C13            -3.2780868873             2.8331688752            -1.8105748033
 O12            -3.3935011498             1.4486472314            -1.5241847616
 C11            -2.7744425220             1.0792186261            -0.2789151394
 C10            -1.2400783265             1.2606433810            -0.3181913965
 C9             -0.6042677810             0.2649868322             0.6619409276
 C8              0.8441420057             0.5021845119             1.1205770390
 C7              1.2399001020             1.8577215172             1.7254164576
 C6              2.7906202149             1.7771182753             1.8068609336
 C5              3.2134760168             0.4812905705             1.0339140420
 C2              4.6121399834             0.6306017778             0.3841315294
 C1              5.1126662347            -0.6290724271            -0.3463400409
 C3              5.5950911820             0.9660612378             1.4954938326
 O4              6.1497911726             2.0421128897             1.6497445521
 C24             1.9845188534             0.1691863266             0.1138001559
 C25             2.0141400736             1.0876048731            -1.1255364782
 C23             1.7998035827            -1.3062992520            -0.2976726275
 C22             0.3853481460            -1.5665255338            -0.8546572500
 C21            -0.7499584180            -1.1891217220             0.1224741547
 C19            -2.2042987872            -1.4926687925            -0.4452944548
 C20            -2.2704760514            -1.6704620936            -1.9732709087
 C18            -2.7632419432            -2.7412731620             0.2973211677
 C17            -3.3021863970            -2.2068869159             1.6457804488
 C16            -3.8137246356            -0.8082082480             1.3165384554
 C15            -4.6422861352            -0.6693379345             0.0629037414
 C14            -3.1585177250            -0.3656640651             0.0078286290
 H41            -3.6674218172             3.4606095011            -0.9795145917
 H42            -2.2346821775             3.1487400543            -2.0160957316
 H43            -3.8825308926             3.0257605737            -2.7106179520
 H40            -3.1957786550             1.7233457180             0.5281782239
 H38            -0.9612721293             2.3010781576            -0.0814028827
 H39            -0.9074569760             1.0683173458            -1.3531871173
 H37            -1.2120301842             0.3265843912             1.5877994672
 H36             0.9900980814            -0.2423518598             1.9343621531
 H34             0.9236619914             2.6914332970             1.0746630434
 H35             0.7674009392             2.0277403578             2.7069172963
 H32             3.2670425368             2.6635521237             1.3547309576
 H33             3.1477056197             1.7424680347             2.8487126401
 H31             3.2800117006            -0.3561149563             1.7593643333
 H29             4.6112505065             1.4970097688            -0.3005618857
 H26             6.1556252903            -0.5039171318            -0.6811021562
 H27             5.0692097065            -1.5156166478             0.3093093481
 H28             4.5022582148            -0.8411564723            -1.2360602140
 H30             5.7787922916             0.1111211876             2.2104319258
 H59             2.8725967125             0.8361846914            -1.7705275583
 H60             2.1094157889             2.1511302012            -0.8532788023
 H61             1.1089578317             0.9883755626            -1.7399992766
 H57             2.5436134647            -1.6149373937            -1.0520736588
 H58             1.9697336240            -1.9459341827             0.5911188445
 H55             0.2951822883            -2.6360254871            -1.1156589867
 H56             0.2663866334            -1.0202777278            -1.8067310942
 H54            -0.6117408986            -1.8423377385             1.0069575844
 H51            -1.9380082247            -0.7672071271            -2.5085669945
 H52            -1.6723446520            -2.5262546690            -2.3256071794
 H53            -3.3174706162            -1.8455398821            -2.2695032773
 H49            -3.5804563473            -3.1977582865            -0.2878335503
 H50            -1.9940094501            -3.5227010121             0.4198918275
 H47            -2.4889693097            -2.1343815296             2.3914899872
 H48            -4.0778657803            -2.8642163439             2.0764027676
 H46            -3.9728611952            -0.0946076991             2.1326076610
 H44            -5.2969718706             0.2022025047            -0.0198480878
 H45            -5.0373527955            -1.5629050843            -0.4305820337
&

