&gen
basis=6-31G**
igeopt=1
dftname=PBE-D3
ifreq=1
&
entry_name: J1_9949_2111.in
&zmat
C1         -3.4960103132        -3.0228316921        -3.0597660239
C2         -2.2131751188        -3.4206903045        -2.6772292908
C3         -1.2821878451        -2.4692157480        -2.2505102576
C4         -1.6284454315        -1.1085737027        -2.1919089748
C5         -0.5953646198        -0.1040008444        -1.7213100000
O6         -1.0965061145         1.2077130219        -1.7040193903
P7         -0.9138304107         1.5190330814        -0.0213330256
C8         -2.6836866609         1.8409937952         0.1574088216
C9         -3.5805265196         0.7695608670         0.2999236437
C10        -4.9507233007         1.0087434360         0.4356817612
C11        -5.4353206823         2.3188217313         0.4411795533
C12        -4.5489979549         3.3914224528         0.3158937383
C13        -3.1780018163         3.1558252061         0.1768395457
C14        -0.7956612430         1.7066129831         1.8108161027
C15        -1.0629823696         0.6165954677         2.6670121541
C16        -1.0292540264         0.7656332072         4.0561596831
C17        -0.7790661753         2.0142249262         4.6217551252
C18        -0.5936582401         3.1227726852         3.7984416678
C19        -0.6262416734         2.9787246711         2.4090920213
C20         0.2373929460         2.8813596433        -0.4059717724
C21         1.5189428245         2.9412193217         0.1758447058
C22         2.3969975723         3.9797151215        -0.1461919297
C23         2.0126053803         4.9647722325        -1.0576845602
C24         0.7491596804         4.9122716401        -1.6493566292
C25        -0.1327376463         3.8761254443        -1.3293917824
C26        -0.2940743070        -0.1871427120        -0.2437260082
C27         1.2200221606        -0.3292669607         0.0024881514
C28         1.7002537373        -1.7706422683         0.0997573603
C29         1.6550800566        -0.9012990234         1.3430700505
C30        -2.9188254683        -0.7159862161        -2.6007674816
C31        -3.8470887424        -1.6716230762        -3.0244359275
H32        -4.2158765356        -3.7607211968        -3.3895183914
H33        -1.9385468930        -4.4669609850        -2.7138418186
H34        -0.2890430998        -2.7932153916        -1.9697636248
H35         0.3089340060        -0.1474715253        -2.3689746765
H36        -3.2226635711        -0.2508591083         0.3062178950
H37        -5.6366145208         0.1779352934         0.5390312460
H38        -6.4963839588         2.5030482977         0.5486629175
H39        -4.9239584133         4.4065956105         0.3311854140
H40        -2.5080798053         4.0002923301         0.1044504870
H41        -1.3354501414        -0.3506175781         2.2809293846
H42        -1.2190823651        -0.0870005307         4.6954128523
H43        -0.7602367873         2.1284591621         5.6978671375
H44        -0.4420780496         4.1007350912         4.2368972599
H45        -0.5385491826         3.8751734460         1.8122000916
H46         1.8316337198         2.2041487401         0.9024689009
H47         3.3753018839         4.0224772229         0.3148037688
H48         2.6940222641         5.7680539215        -1.3062948866
H49         0.4538862027         5.6728028903        -2.3605837905
H50        -1.0997429317         3.8458039028        -1.8139917106
H51        -0.9134202430        -0.9559614052         0.2623441084
H52         1.9437706491         0.3196678597        -0.5342291302
H53         0.9225431057        -2.5634826158         0.0965291637
H54         2.7288838582        -1.9483640796        -0.2793045701
H55         0.8624877571        -1.2173928581         2.0498802467
H56         2.6551625442        -0.5636256126         1.6871598117
H57        -3.2159767610         0.3243879018        -2.5914506534
H58        -4.8391969883        -1.3633860497        -3.3281631067
&

