&gen
basis=6-31G**
igeopt=1
dftname=PBE-D3
ifreq=1
&
entry_name: J1_10492_2111.in
&zmat
C1          2.8318610064        -1.7784987517         2.5309165962
O2          2.1449760529        -0.8372564995         1.7164807878
C3          1.5283824327        -1.1853193858         0.5103623892
O4          1.5075874513        -2.3927315509         0.1497042043
C5          0.7624849115        -0.1575082380        -0.3024026782
C6          1.1959966591         0.0630751860        -1.7534323413
O7          1.5193905830         1.4231539875        -1.5926818471
P8          1.1008558125         1.6084321614         0.0669069854
C9          2.8007431469         2.2324221617         0.3583522029
C10         3.8896754877         1.3452063842         0.4575652718
C11         5.1957807511         1.8209303151         0.6025809255
C12         5.4431947123         3.1920866605         0.6277756357
C13         4.3847410570         4.0887466926         0.4952075037
C14         3.0781195609         3.6153908092         0.3471646432
C15         0.6120069059         1.7113961620         1.8564263821
C16         0.8616954977         2.8842742274         2.6063788279
C17         0.4745926139         2.9886574213         3.9449227906
C18        -0.2071886421         1.9433338280         4.5608068409
C19        -0.5280794538         0.8033332458         3.8298284217
C20        -0.1448769181         0.6944148487         2.4903785178
C21        -0.2406321480         2.7566030252        -0.3737024508
C22         0.0174292664         3.9033633711        -1.1472376711
C23        -1.0245855274         4.7525534329        -1.5298937599
C24        -2.3394417255         4.4545928231        -1.1691162426
C25        -2.6163792851         3.2949696871        -0.4435192432
C26        -1.5772479297         2.4423064097        -0.0612126894
C27         2.4289656789        -0.7119481142        -2.2801133570
O28         3.0230097777         0.0529205753        -3.3161711544
C29         4.1035144914        -0.6511762957        -3.9102428015
C30         4.7219613901         0.2450809964        -4.9506140236
C31         4.1523725919         0.3526224827        -6.2326645765
C32         4.7069779410         1.2168438175        -7.1809971134
C33         5.8122600673         2.0042138859        -6.8498276613
C34         6.3653562399         1.9283142593        -5.5691586568
C35         5.8212243482         1.0569287724        -4.6205255483
O36         3.7318056382        -1.8925826238        -4.5141243659
C37         2.3724469902        -2.2200065717        -4.3052638537
C38         2.0229141619        -2.1084268713        -2.8169715102
O39         0.6863239711        -2.4955487497        -2.5229503335
C40        -0.3235724513        -1.5870913887        -2.9461726036
O41        -0.6840874902        -1.8860209620        -4.2864332297
C42        -2.0524548481        -1.6204893706        -4.5095974059
C43         0.0382830225        -0.0832013427        -2.7708089833
O44         0.4427126034         0.4476891214        -4.0263801497
C45        -0.0917776196         1.7334475966        -4.2611502115
C46         0.8236235010         2.4665841504        -5.1963181492
C47         1.9627867912         3.1198038858        -4.6961392597
C48         2.8353883674         3.7791058922        -5.5664442692
C49         2.5840055116         3.7808684829        -6.9410410702
C50         1.4677233004         3.1102120743        -7.4486636347
C51         0.5922046947         2.4491010183        -6.5812761240
H52         3.2379070719        -1.2586157682         3.4226053171
H53         2.1323676841        -2.5737475812         2.8647381427
H54         3.6726039211        -2.2294653658         1.9624577166
H55        -0.3262631665        -0.3642741566        -0.2359531242
H56         3.7577168319         0.2841319882         0.3922349536
H57         6.0193962457         1.1229015692         0.6809305579
H58         6.4553979445         3.5592516333         0.7374992286
H59         4.5761022512         5.1540858032         0.5028750904
H60         2.2917625242         4.3449807270         0.2508081981
H61         1.3220036520         3.7481490466         2.1673260480
H62         0.6891699092         3.8926295420         4.5004568547
H63        -0.5105763820         2.0279862478         5.5963012095
H64        -1.0896320168         0.0047450367         4.2975420794
H65        -0.4685105241        -0.1903741776         1.9709664988
H66         1.0113535984         4.1164255770        -1.5108557504
H67        -0.8141075399         5.6311955067        -2.1258167167
H68        -3.1458440333         5.1102498380        -1.4710606823
H69        -3.6387858044         3.0497782415        -0.1866858280
H70        -1.8222416500         1.5335764703         0.4702486044
H71         3.1732955685        -0.8281859516        -1.4653778281
H72         4.8731967941        -0.8722178024        -3.1349920632
H73         3.2791034733        -0.2288948445        -6.4991275862
H74         4.2686320068         1.2888749944        -8.1679713656
H75         6.2330581773         2.6809819677        -7.5820573135
H76         7.2138947359         2.5480423949        -5.3097750775
H77         6.2546388111         1.0189717989        -3.6287008785
H78         1.7371457161        -1.5618996479        -4.9329449100
H79         2.2026677019        -3.2646823098        -4.6409596816
H80         2.6758666341        -2.8480230722        -2.3026281199
H81        -1.1759899742        -1.7895367255        -2.2530221475
H82        -2.2650748132        -1.7452632892        -5.5909842453
H83        -2.6879894469        -2.3439063916        -3.9535644120
H84        -2.3209231472        -0.5775606738        -4.2319048061
H85        -0.8756360173         0.4270142816        -2.3756319274
H86        -0.1941653472         2.3375522448        -3.3351162719
H87        -1.1041839575         1.6347478862        -4.7094417752
H88         2.1754517843         3.1183847081        -3.6347657905
H89         3.7106330021         4.2821244017        -5.1761781001
H90         3.2632762933         4.2876425771        -7.6141621714
H91         1.2831753123         3.0991210535        -8.5150053815
H92        -0.2643516637         1.9263063578        -6.9884379622
&

