&gen
basis=6-31G**
igeopt=1
dftname=PBE-D3
ifreq=1
&
entry_name: J1_10257_2111.in
&zmat
C1          0.5577111966        -3.8197968019        -1.8106814114
C2          0.5924621738        -3.2330675753        -0.7579254730
C3          0.6240553606        -2.5383802473         0.5336632911
C4          1.3751077198        -1.2001572677         0.4701750574
C5          0.6293341421        -0.1351693737        -0.3842078993
C6          1.0628805889         0.0822162350        -1.8348773091
C7          2.3771365302        -0.5880570700        -2.2864853879
C8         -0.0790708305        -0.1776657906        -2.8431810198
O9          0.2687061646         0.2656142866        -4.1279280192
O10         1.2946163168         1.4617819980        -1.7072666173
P11         1.0418423529         1.6096389279        -0.0100830310
C12         2.8070999682         2.0212494589         0.2008610304
C13         3.3880647800         3.0417368873        -0.5748085187
C14         4.7466586929         3.3446848874        -0.4498034025
C15         5.5448298187         2.6270288332         0.4423519853
C16         4.9859554864         1.6022676858         1.2076781168
C17         3.6279781871         1.2950765249         1.0849428250
C18         0.6330663256         1.7051125534         1.7863188166
C19         1.2396118117         2.6751547271         2.6185456517
C20         0.8895049858         2.7867471754         3.9664473729
C21        -0.0964851047         1.9619400496         4.5046055157
C22        -0.7495833099         1.0387539895         3.6898627234
C23        -0.4044178482         0.9226736026         2.3405832265
C24        -0.1769798359         2.9231977549        -0.2634725731
C25        -1.5085947927         2.5998068801        -0.5729902170
C26        -2.4541970563         3.6102294450        -0.7700307184
C27        -2.0813210104         4.9510081892        -0.6531535178
C28        -0.7632466183         5.2827724856        -0.3321218722
C29         0.1854839677         4.2751545854        -0.1352023724
H30         0.5276468049        -4.3323578243        -2.7358824539
H31        -0.4175632618        -2.3762619972         0.8842445554
H32         1.1286593888        -3.2003811888         1.2690344488
H33         2.4248493055        -1.3662161977         0.1613885731
H34         1.4288488055        -0.8491179559         1.5178376069
H35        -0.4677108601        -0.2828405865        -0.3180749347
H36         2.6393161766        -0.2643859612        -3.3155703129
H37         2.2869485091        -1.6910912618        -2.2872824670
H38         3.2231558655        -0.2839997974        -1.6348429760
H39        -1.0191055854         0.3223591329        -2.5199005228
H40        -0.2868630220        -1.2664848577        -2.8899028818
H41         0.1734036637         1.2537995107        -4.1239384957
H42         2.7957969031         3.5944269835        -1.2918922865
H43         5.1822000001         4.1324718685        -1.0507479109
H44         6.5969102832         2.8623834267         0.5378629254
H45         5.6053890419         1.0454714793         1.8988751020
H46         3.2225980855         0.5092546132         1.7018538114
H47         1.9757688750         3.3651941174         2.2310961987
H48         1.3752502453         3.5250372568         4.5913966401
H49        -0.3695121448         2.0529395007         5.5479671346
H50        -1.5361993059         0.4192306692         4.1010784099
H51        -0.9679578153         0.2255051270         1.7431992390
H52        -1.8239291403         1.5699230443        -0.6500324539
H53        -3.4780331755         3.3530847677        -1.0089391845
H54        -2.8150628529         5.7322462606        -0.8037586408
H55        -0.4773037906         6.3216508707        -0.2300449472
H56         1.1920629558         4.5560627805         0.1370106570
&

