&gen
basis=6-31G**
igeopt=1
dftname=PBE-D3
ifreq=1
&
entry_name: J1_9929_2111.in
&zmat
C1         -6.0744876025         6.0652666361         0.7606931457
O2         -4.7933164785         5.4605910947         0.6185444984
C3         -4.5735599204         4.0767188625         0.5483744864
C4         -5.6220589403         3.1445879037         0.6082406590
C5         -5.3486043951         1.7826960874         0.5018434849
C6         -4.0328753732         1.3379194603         0.3651023692
C7         -2.9566021935         2.2424111283         0.3686662586
P8         -1.2304305020         1.6637703478         0.1315326976
C9         -0.7945498557         1.7653339887         1.9373854738
C10        -0.0579207761         0.7478964051         2.5907852819
C11         0.2764908709         0.8488758165         3.9418049243
C12        -0.0705911128         1.9820667212         4.6702957215
C13        -0.7320346772         3.0444044080         4.0377828549
O14        -1.0641764994         4.2295607451         4.7115868017
C15        -0.7810595251         4.4815041144         6.0840737547
C16        -1.0686711703         2.9344210638         2.6836719082
C17         0.0717200558         2.8748867297        -0.2629270431
C18         1.4032207383         2.6484361328         0.1309112712
C19         2.4063093979         3.5604881515        -0.2011150763
C20         2.1042524540         4.6921738542        -0.9595822655
C21         0.7907090976         4.9069595516        -1.4139572308
O22         0.4408377461         6.0089596025        -2.2084383753
C23         1.3527633265         7.0176193423        -2.6306367585
C24        -0.2101297851         3.9889709726        -1.0739313388
O25        -1.5823545761         1.4739626626        -1.5457457746
C26        -1.1241451748         0.1565685238        -1.7081178437
C27        -2.1582585170        -0.7342937747        -2.3782480620
C28        -1.7452332021        -1.9459972633        -2.9611810058
C29        -2.6702944385        -2.7897026565        -3.5825551988
C30        -4.0138833011        -2.4191693619        -3.6587667018
C31        -4.4289996481        -1.1940597270        -3.1339116296
C32        -3.5062125358        -0.3482199006        -2.5115369968
C33        -0.7792727380        -0.0801620903        -0.2488680587
C34        -1.4733950214        -1.2579746524         0.4497330481
C35        -2.3261008471        -1.1304898738         1.5684680291
C36        -2.8712361191        -2.2589561120         2.1876798242
C37        -2.5381090824        -3.5355702513         1.7374874885
C38        -1.6350933945        -3.6853230704         0.6864341960
C39        -1.0893645185        -2.5581779667         0.0669325059
C40        -3.2578371365         3.6193393551         0.4087750572
H41        -6.5501730196         5.7336277652         1.7077768903
H42        -6.7192022465         5.8015222174        -0.1041670524
H43        -5.9537589274         7.1674705837         0.7906748388
H44        -6.6504549670         3.4625537588         0.7114100372
H45        -6.1616872173         1.0680523436         0.5026340852
H46        -3.8794351168         0.2883523332         0.1952743770
H47         0.2867429565        -0.1331697047         2.0796831969
H48         0.8211403988         0.0466500772         4.4232910393
H49         0.2037335639         2.0336050842         5.7150221197
H50         0.3149093337         4.4485848572         6.2601014767
H51        -1.2940565436         3.7323515144         6.7234668765
H52        -1.1535977234         5.4914652420         6.3515214742
H53        -1.5090076062         3.7980317427         2.2261956187
H54         1.6723066837         1.7654929899         0.6935512552
H55         3.4237862179         3.3845723412         0.1235995145
H56         2.9008632040         5.3815212633        -1.2036170634
H57         0.8084549475         7.7648018064        -3.2436462721
H58         1.7890377713         7.5314783983        -1.7481158664
H59         2.1585463662         6.5690945378        -3.2493066321
H60        -1.2021954783         4.1354204566        -1.4777668078
H61        -0.1985861345         0.1797204504        -2.3266083455
H62        -0.7026615876        -2.2360564441        -2.9407169474
H63        -2.3429660080        -3.7273116284        -4.0128557546
H64        -4.7290730224        -3.0713175162        -4.1431258561
H65        -5.4647351466        -0.8922260651        -3.2217381874
H66        -3.8466028981         0.6163070067        -2.1685277926
H67         0.3225101835        -0.2006821461        -0.1616133455
H68        -2.5723516383        -0.1707807122         1.9889924511
H69        -3.5409953086        -2.1421133699         3.0299490339
H70        -2.9567396178        -4.4082447667         2.2218179694
H71        -1.3423127401        -4.6756273212         0.3623378090
H72        -0.3430544431        -2.7025153143        -0.7015836182
H73        -2.4768384678         4.3596663637         0.3455457499
&

