&gen
basis=6-31G**
igeopt=1
dftname=PBE-D3
ifreq=1
&
entry_name: J1_10294_2111.in
&zmat
C1          3.3832483700         2.9920418243         1.6272536969
C2          2.8066069269         1.5823874422         1.7129727559
P3          1.3382933099         1.3993203749         0.6112644810
O4          2.3282790671         1.5446477321        -0.7886941200
C5          1.9468150972         0.3513294884        -1.4252019020
C6          1.2032496439         0.6683909042        -2.7350254287
C7          3.2018370051        -0.5117617852        -1.6804649934
O8          4.0513429412         0.1539427165        -2.5864748750
Si9          5.6049834779        -0.6222930863        -2.6744423057
C10         6.0960162519        -0.6886676906        -4.4774959403
C11         5.5871065169        -2.3969796173        -2.0537712019
C12         6.8568914309         0.4202771574        -1.6909076035
C13         8.2228719265        -0.2865136079        -1.6679421683
C14         7.0020664834         1.8005594875        -2.3549166922
C15         6.3480718446         0.6035709755        -0.2510941173
C16         0.9899342173        -0.1174144518        -0.3306763649
C17         1.3563236753        -1.4292308053         0.3806966107
C18         0.1805861124         1.1204634795         1.9984980858
C19         0.3026383077         0.1173258813         2.9761508592
C20        -0.6641654899         0.0066798040         3.9834794418
C21        -1.7412396492         0.9013654737         4.0290600147
C22        -1.8478057716         1.9208256644         3.0768414953
C23        -0.8759601666         2.0179918834         2.0723467094
C24        -0.7797454928         3.0464610346         1.0581235086
C25        -1.6417892248         4.1372842747         0.8859715274
C26        -1.3591566619         5.0753812137        -0.1129517392
C27        -0.2217458188         4.9252777916        -0.9174386618
C28         0.6346608972         3.8320490045        -0.7332085006
C29         0.3422786505         2.8801271261         0.2586257514
H30         2.6240323058         3.7363642050         1.9483041837
H31         4.2643864697         3.0732468972         2.2979223727
H32         3.7107537344         3.2233304955         0.5920802455
H33         2.5802268056         1.3797425992         2.7787135089
H34         3.5825497621         0.8515739993         1.4043935322
H35         0.3334267881         1.3329774908        -2.5429829911
H36         1.8734734381         1.1902556541        -3.4500987987
H37         0.8378058236        -0.2706562314        -3.2023143626
H38         2.8858734065        -1.4873989434        -2.1111177742
H39         3.7163278708        -0.6732662523        -0.7073370516
H40         7.1155562335        -1.1136298368        -4.5745738363
H41         5.3781396011        -1.3316117948        -5.0267064835
H42         6.0738327455         0.3316799423        -4.9109592186
H43         5.3780434238        -2.4241217005        -0.9653350473
H44         6.5746694039        -2.8635852155        -2.2453269934
H45         4.8096569682        -2.9726115226        -2.5962492425
H46         8.6027971126        -0.4472874686        -2.6991989811
H47         8.9688272773         0.3272163414        -1.1182275767
H48         8.1499900104        -1.2715279116        -1.1598587910
H49         7.6905306134         2.4453461520        -1.7669924534
H50         6.0173868156         2.3126027943        -2.4181964395
H51         7.4174885769         1.7055743696        -3.3805711944
H52         7.0783810248         1.1868782592         0.3501775318
H53         6.1987826358        -0.3787187648         0.2457427452
H54         5.3842805558         1.1553515961        -0.2454742092
H55        -0.0737024321        -0.1341142889        -0.6570181782
H56         1.4780296942        -2.2438361848        -0.3624968790
H57         2.2872532549        -1.3332525297         0.9770990218
H58         0.5248857202        -1.7396979133         1.0445791678
H59         1.1449778084        -0.5593669195         2.9802357943
H60        -0.5739264830        -0.7671167642         4.7347737788
H61        -2.4829709777         0.8141408054         4.8123854313
H62        -2.6684757055         2.6223925024         3.1353393655
H63        -2.5125267458         4.2707187206         1.5129665374
H64        -2.0152049577         5.9238173881        -0.2583174121
H65        -0.0025955883         5.6586715736        -1.6826322521
H66         1.5102199682         3.7449101681        -1.3607521655
&

