&gen
basis=6-31G**
igeopt=1
dftname=PBE-D3
ifreq=1
&
entry_name: J1_9757_2111.in
&zmat
C1          0.5445357969        -1.9983540914         2.4085074980
C2         -0.1863216046        -0.8871766866         2.5262063172
C3         -1.2307457435        -0.7951653587         3.5996260198
C4          0.1256156935         0.3179682802         1.7369661117
P5         -0.1385718193         0.3937214580         0.1226786223
C6         -1.9330756336         0.2454961622        -0.2041677197
C7         -2.4336031248        -1.1992717579        -0.0980207337
C8         -3.9506256571        -1.2670867282        -0.3042093220
C9         -4.4565762096        -2.7031719697        -0.2034914874
C10         0.7418302999        -0.9003226634        -0.8282703420
C11         2.2646332654        -0.7277138574        -0.7718822137
C12         3.0137747918        -1.9584079933        -1.3034297777
C13         2.8227050184        -2.1610270649        -2.8061292640
C14         0.3300080735         2.0452705317        -0.5203037869
C15         1.5719348564         2.6310646759         0.1724121675
C16         2.1663930182         3.8184829559        -0.5991673525
C17         1.2470898374         5.0393714423        -0.6007762415
H18         1.3732747421        -2.0585297023         1.7188547212
H19         0.3446339679        -2.8610904620         3.0317904929
H20        -1.7781569416        -1.7571994152         3.6980198601
H21        -0.7483267568        -0.5471093655         4.5681766771
H22        -1.9709320180        -0.0046584573         3.3517586466
H23         0.0972273813         1.2547360316         2.2763560336
H24        -2.4764500403         0.8923584382         0.5175611162
H25        -2.1323387457         0.6229329050        -1.2299103227
H26        -1.9367031320        -1.8204765067        -0.8737574283
H27        -2.1887161902        -1.6144421538         0.9002972012
H28        -4.2115877136        -0.8629185919        -1.3066750732
H29        -4.4618250851        -0.6516951488         0.4680762601
H30        -3.9790944320        -3.3360118895        -0.9816973095
H31        -5.5562202163        -2.7214563322        -0.3563390785
H32        -4.2303612847        -3.1223435583         0.8001701077
H33         0.4032228121        -0.8354216594        -1.8833740311
H34         0.4508462306        -1.8968909961        -0.4381321608
H35         2.5617162637         0.1657013619        -1.3623134244
H36         2.5807428079        -0.5651554104         0.2805085895
H37         4.0988366706        -1.8226373718        -1.1040279259
H38         2.6840814465        -2.8703086020        -0.7595939325
H39         3.1057393013        -1.2414824313        -3.3612138198
H40         1.7685918833        -2.4220760998        -3.0353223021
H41         3.4690117812        -2.9953823362        -3.1510973814
H42        -0.5270183585         2.7331654077        -0.3622937372
H43         0.5020182893         1.9526676774        -1.6137479841
H44         1.3107234879         2.9588949443         1.2013038116
H45         2.3597470002         1.8576637488         0.2637458098
H46         3.1273487098         4.1047846815        -0.1193157168
H47         2.3902793374         3.5191712287        -1.6461753498
H48         0.9807800643         5.3262924307         0.4387078495
H49         0.3209188758         4.8314600054        -1.1760244044
H50         1.7689890022         5.8937802948        -1.0808642901
&

