&gen
basis=6-31G**
igeopt=1
dftname=PBE-D3
ifreq=1
&
entry_name: J1_10425_2111.in
&zmat
C1         -3.8762395526        -0.1079300356        -2.6657315932
C2         -3.1197784753        -1.2000972737        -1.8913400864
C3         -3.7564883889        -2.5644745949        -2.1900596711
C4         -1.6115433971        -1.2321198318        -2.2447896294
C5         -0.7106459452        -0.1684528505        -1.5758291840
O6         -1.2379302612         1.1292481707        -1.6067213403
P7         -1.0588060423         1.4993523443         0.0692010795
C8         -2.8055504843         1.9631320342         0.2160819475
C9         -3.2557906794         3.2233854619        -0.2111372340
C10        -4.6073370092         3.5651533995        -0.1050077155
C11        -5.5191324147         2.6590050365         0.4404045337
C12        -5.0777882407         1.4149755114         0.8949087292
C13        -3.7274042876         1.0711685995         0.7919806061
C14        -0.9452660468         1.7799498569         1.8891107543
C15        -0.9243432780         3.0990883268         2.3974470184
C16        -0.8811448759         3.3392165978         3.7727971221
C17        -0.8915507822         2.2722487276         4.6697524013
C18        -0.9666379165         0.9643312498         4.1926166583
C19        -1.0122194864         0.7176194627         2.8175922564
C20         0.2354094142         2.7370378426        -0.3148843893
C21         0.0595521106         3.6484465165        -1.3740648405
C22         1.0561022369         4.5765452296        -1.6893807951
C23         2.2483471768         4.5987838762        -0.9647000641
C24         2.4505572975         3.6858230758         0.0707307668
C25         1.4577819335         2.7557372957         0.3894849975
C26        -0.5623803076        -0.2540623605        -0.0770582156
C27         0.8851182697        -0.5490606279         0.3564382120
N28         1.1847722819        -1.9728517801         0.1568305452
C29         2.6095905770        -2.2665348179         0.3769749850
C30         3.0176780310        -2.0563758789         1.8166182346
C31         3.6795047479        -0.8781706773         2.2031053952
C32         4.0110082412        -0.6645104972         3.5444352916
C33         3.6830778573        -1.6220875452         4.5080833716
C34         3.0209408436        -2.7941226434         4.1321699417
C35         2.6857433655        -3.0109167778         2.7919927214
H36        -3.5111060227         0.9034846019        -2.4069096592
H37        -3.7676275882        -0.2570337812        -3.7613565826
H38        -4.9568196623        -0.1383584409        -2.4092362966
H39        -3.2458008973        -1.0234044425        -0.8095521799
H40        -3.2683501691        -3.3579791101        -1.5846081833
H41        -3.6517816476        -2.8184611143        -3.2670175205
H42        -4.8359024879        -2.5534521137        -1.9265473080
H43        -1.1872258578        -2.2223900240        -1.9676000496
H44        -1.4966743008        -1.1459538421        -3.3475943108
H45         0.2728896959        -0.1616289265        -2.0976706050
H46        -2.5703049445         3.9538533048        -0.6077513285
H47        -4.9468251534         4.5366944473        -0.4401432521
H48        -6.5647600189         2.9258883187         0.5226764303
H49        -5.7808750987         0.7189120535         1.3336151087
H50        -3.4003778634         0.1149787845         1.1765382047
H51        -0.9488017813         3.9492294641         1.7283328160
H52        -0.8496871930         4.3557289910         4.1431645750
H53        -0.8609907386         2.4595783717         5.7352925172
H54        -1.0029579885         0.1377906518         4.8906204348
H55        -1.1148363941        -0.3075979464         2.5025034339
H56        -0.8347054209         3.6303155762        -1.9805040706
H57         0.9072025778         5.2729542659        -2.5044703561
H58         3.0193194134         5.3170460612        -1.2118950005
H59         3.3790472205         3.6967461405         0.6268948048
H60         1.6447627316         2.0626343723         1.1977768683
H61        -1.2985768908        -0.9414818415         0.3867062387
H62         1.0119470783        -0.2891435928         1.4261161824
H63         1.5961085368         0.0722758860        -0.2310829724
H64         0.6132657607        -2.5365200318         0.8299345324
H65         3.2365419623        -1.6516012063        -0.3062441808
H66         2.8004980415        -3.3254176990         0.0986398352
H67         3.9270641603        -0.1214115764         1.4688710398
H68         4.5181267378         0.2456552829         3.8374534644
H69         3.9389597258        -1.4544668800         5.5462703597
H70         2.7632828593        -3.5328082952         4.8800871935
H71         2.1633704259        -3.9181377424         2.5146407350
&

