&gen
basis=6-31G**
igeopt=1
dftname=PBE-D3
ifreq=1
&
entry_name: J1_10019_2111.in
&zmat
C1          2.4444144633        -1.6700343550         3.0386574024
O2          1.7521012288        -0.8209728423         2.1321058488
C3          1.7458351733        -1.0308392972         0.7502551034
O4          2.2865266441        -2.0687481617         0.2800808924
C5          0.9234806557        -0.1193890149        -0.1409856915
C6          1.3290522382         0.0434593110        -1.5949867951
C7          2.5533392895        -0.7011249218        -2.0803265259
C8          3.7887790094        -0.1953495423        -1.9918604258
C9          4.9644235128        -1.0700752785        -2.2900332327
O10         6.0919430089        -0.2682117646        -2.5233546946
C11         4.6790296669        -1.9590635687        -3.5152195579
O12         5.6276267908        -2.9814138703        -3.5816281053
C13         4.9505611522        -4.1748030698        -3.2365162281
C14         5.0297034497        -5.1511593898        -4.4164037294
C15         5.6248177913        -4.7908475596        -2.0070262847
O16         3.5943765322        -3.9232525625        -2.9323880710
C17         3.3344504375        -2.6539774541        -3.4371270980
O18         2.3725704792        -1.9842145138        -2.6126919747
O19         1.5388607907         1.4319152438        -1.5479723159
P20         1.1656005659         1.6795455829         0.1149733176
C21         2.8477462278         2.3392167848         0.3319712254
C22         3.2351365121         3.4981720109        -0.3644799559
C23         4.5367335328         3.9941396330        -0.2500880697
C24         5.4699615509         3.3327686970         0.5500785423
C25         5.1035475095         2.1717805241         1.2330325879
C26         3.8028276240         1.6727714781         1.1211345196
C27         0.6483709509         1.8191529780         1.8816481156
C28        -0.4948159014         1.1225833945         2.3331890957
C29        -0.9281292512         1.2294079532         3.6571136787
C30        -0.2553134280         2.0613241471         4.5495366810
C31         0.8370356096         2.8079733624         4.1125211796
C32         1.2757419021         2.7061806928         2.7895267983
C33        -0.1691716617         2.8303520313        -0.3002799392
C34        -1.3189679852         2.3627907120        -0.9579458779
C35        -2.3571092182         3.2428038783        -1.2775581256
C36        -2.2577810756         4.5950499278        -0.9417056047
C37        -1.1205844473         5.0689936332        -0.2835037764
C38        -0.0800205672         4.1925462595         0.0372997664
H39         2.0349820053        -2.7007133865         2.9822913272
H40         2.3107403122        -1.2850617094         4.0703250705
H41         3.5281346792        -1.6816520621         2.7959572160
H42        -0.1449049754        -0.4091531584        -0.0912699678
H43         0.4724211459        -0.1732053118        -2.2704310275
H44         3.9620168080         0.8066887073        -1.6278508939
H45         5.1331618515        -1.7090862290        -1.3924936153
H46         6.8863554161        -0.8541369219        -2.4168011366
H47         4.7300867469        -1.3441186771        -4.4413054323
H48         4.5510554192        -4.7030419674        -5.3130342141
H49         6.0892829663        -5.3790923186        -4.6615300240
H50         4.5029959545        -6.0987282532        -4.1726744268
H51         6.6991569121        -4.9878951164        -2.2111451656
H52         5.1288548617        -5.7457438699        -1.7296039971
H53         5.5522063000        -4.0968042028        -1.1436561903
H54         2.9091248717        -2.7569966696        -4.4601665623
H55         2.5379549854         4.0078779763        -1.0157105552
H56         4.8243185548         4.8869662705        -0.7900239772
H57         6.4783587104         3.7162860858         0.6360021888
H58         5.8287706361         1.6560541705         1.8490808274
H59         3.5502962566         0.7789874880         1.6623960411
H60        -1.0735542542         0.5047953732         1.6650625149
H61        -1.7969855222         0.6748708685         3.9875081456
H62        -0.5954222301         2.1461227410         5.5735249309
H63         1.3375033755         3.4808813514         4.7969410437
H64         2.0894904130         3.3491674186         2.4917544463
H65        -1.4157736489         1.3193940377        -1.2247242852
H66        -3.2396657224         2.8757005268        -1.7852576241
H67        -3.0629687990         5.2747698351        -1.1887840464
H68        -1.0467412647         6.1156559837        -0.0180577231
H69         0.7838841253         4.5763044816         0.5622460695
&

