&gen
basis=6-31G**
igeopt=1
dftname=PBE-D3
ifreq=1
&
entry_name: J1_9793_2111.in
&zmat
C1          0.1498193987         1.4271033986         2.6728122780
C2         -0.5988277700         1.5251769194         1.3801913116
P3         -0.1363678307         0.7011072977         0.0457852514
C4         -0.0585825178         1.8039366362        -1.4100190216
C5         -1.4223455296         2.3653082204        -1.7930483623
C6          1.4859534050        -0.0245503355         0.2244840822
C7          2.5989543798         0.8020957132         0.4383654375
C8          3.8805174245         0.2494596961         0.5667337335
C9          5.0703380256         1.1400304709         0.7690332066
C10         4.0482262393        -1.1347771296         0.4313538891
C11         2.9440335013        -1.9564732294         0.1936586412
C12         1.6585800298        -1.4129770528         0.0828483103
O13         0.5973829517        -2.2939274550        -0.1783173996
C14        -0.7650970695        -1.9776563195        -0.2990925951
C15        -1.6608927684        -3.0333829454        -0.5064731155
C16        -3.0338232040        -2.7964169982        -0.6014719196
C17        -3.5325531612        -1.4918490458        -0.4956693918
C18        -5.0106032336        -1.2404194916        -0.5417474377
C19        -2.6428411004        -0.4314628127        -0.2757568684
C20        -1.2607392576        -0.6640690021        -0.2048534550
H21         1.1436457124         1.9093235757         2.5792322152
H22         0.2743238826         0.3622945295         2.9623320893
H23        -0.4180879366         1.9488618860         3.4709587828
H24        -1.5415000853         2.0616672095         1.3650526233
H25         0.6306674489         2.6443309283        -1.1829876672
H26         0.3555865241         1.2349745509        -2.2689927534
H27        -1.2967473170         3.1086619687        -2.6080628949
H28        -2.0821058748         1.5558853826        -2.1672435791
H29        -1.8980463284         2.8720805763        -0.9279781886
H30         2.4683286299         1.8755151431         0.5043359753
H31         5.4614693164         1.4632182851        -0.2181787819
H32         4.7901654043         2.0380991889         1.3598766791
H33         5.8729350855         0.6042373070         1.3193155726
H34         5.0339040122        -1.5778997738         0.5028508576
H35         3.0885478954        -3.0240968661         0.0860290894
H36        -1.2897328642        -4.0477373933        -0.5815972239
H37        -3.7075716931        -3.6315021877        -0.7489089647
H38        -5.4253729799        -1.2888978643         0.4866660260
H39        -5.5188284980        -1.9995298733        -1.1738187915
H40        -5.2231812138        -0.2383838100        -0.9717281335
H41        -3.0295310335         0.5726407017        -0.1553292635
&

