&gen
basis=6-31G**
igeopt=1
dftname=PBE-D3
ifreq=1
&
entry_name: J1_2034_2111.in
&zmat
C1         -3.6850633426         0.0788889793         0.0824076215
C2         -2.3324181107         0.7311298607         0.0685420313
O3         -1.9283704407         0.9173434044         1.4271588012
C4         -1.1250901544         1.9755674183         1.8689124819
C5         -0.6948571397         2.0157821783         3.2954441564
O6         -0.7874371697         2.9048067501         1.0860038821
C7         -1.2993144699        -0.1497659935        -0.6810617683
C8         -1.6758982918        -0.3642043456        -2.1749989811
C9         -2.3838285610        -1.7148241189        -2.4478772866
C10        -3.1331823758        -1.6631374182        -3.7853643581
C11        -1.3813813513        -2.8798878785        -2.4595363401
N12         0.0216187037         0.4851628969        -0.6121818306
C13         1.0572725244         0.0557009540         0.2801073422
O14         2.2451653535         0.7989004716         0.3433573865
C15         3.3563313104         0.5520348439         1.2178152386
C16         4.4119655364         1.6291937370         0.9255938988
C17         3.9699674005        -0.8338036614         0.9403462245
C18         2.9215718804         0.6691299483         2.6911870460
O19         0.8916974746        -0.9655839711         1.0006177522
O20        -4.6158908362         0.5669458889        -0.5386141278
H21        -3.8354214993        -0.8433954286         0.6346126790
H22        -2.4205861381         1.7190429225        -0.4389547596
H23        -1.5620963328         2.2796947409         3.9353192531
H24        -0.3090811671         1.0189218917         3.5946222115
H25         0.1079080930         2.7696200071         3.4400019042
H26        -1.2598075677        -1.1334555927        -0.1659513800
H27        -2.3188272551         0.4778775815        -2.5149009804
H28        -0.7635074268        -0.3151820884        -2.8111616099
H29        -3.1350565625        -1.9131059345        -1.6544152643
H30        -3.6441279098        -2.6306246079        -3.9786241082
H31        -3.9079277718        -0.8672336679        -3.7598510691
H32        -2.4302909076        -1.4542535902        -4.6205417987
H33        -1.9135013819        -3.8391508307        -2.6353046282
H34        -0.8534376146        -2.9604517987        -1.4873807094
H35        -0.6264105441        -2.7403772305        -3.2629478177
H36         0.1813548645         1.3631782542        -1.1566851121
H37         4.7356864478         1.5733568190        -0.1361232471
H38         3.9890040014         2.6414302482         1.1036954668
H39         5.3048833718         1.4997770645         1.5750860535
H40         4.2014747151        -0.9406016936        -0.1410623119
H41         4.9095074689        -0.9678458083         1.5189153556
H42         3.2782074373        -1.6499489323         1.2318217421
H43         3.8013634836         0.5890139783         3.3656032919
H44         2.4284879403         1.6486973023         2.8677592029
H45         2.2093443156        -0.1343635503         2.9686084653
&

