&gen
basis=6-31G**
igeopt=1
dftname=PBE-D3
ifreq=1
&
entry_name: J1_5121_2111.in
&zmat
C1         -1.6528770155         0.1096039100         4.5327497422
C2         -2.2975330745         0.5637791423         3.2538017447
C3         -1.7412302649        -0.1759269007         2.0121897343
C4         -2.2294267962        -1.6376158756         1.9719358843
C5         -2.0948198405         0.6211667516         0.7120117122
C6         -1.6188151279        -0.0172184420        -0.6374811244
C7         -2.1073547589         0.8431088950        -1.8241270079
C8         -0.0700239803        -0.2304616392        -0.6933390569
O9          0.5771414340         1.0274748668        -0.8325310884
C10         1.4149499412         1.3097543255         0.2680073729
C11         2.0773898661         2.6354256569         0.0378671216
C12         1.4471359408         3.8218338679         0.4485308141
C13         2.0454224515         5.0602299771         0.1955292508
C14         3.2676401388         5.1229244259        -0.4796794874
C15         3.8909228289         3.9474743897        -0.9080800068
C16         3.2960086313         2.7069895494        -0.6571204503
C17         0.3521305678        -1.1340989025        -1.8782489308
C18         1.8132670681        -1.5019588129        -1.8429050233
O19         1.8903615198        -2.7851095264        -2.3738150629
C20         0.6009995279        -3.3375703196        -2.2137434445
C21         0.1661177144        -3.9689667233        -3.5390858223
C22         0.6449862335        -4.4028061586        -1.1131126253
O23        -0.3370202796        -2.3467217189        -1.8509174865
O24        -3.4771228831         0.8913674687         0.6759044707
O25        -2.0306996206        -0.9056289442         5.0950657825
H26        -0.8602467559         0.7026792032         4.9773284168
H27        -2.0934060076         1.6521199419         3.1533049864
H28        -3.4002543032         0.4394925289         3.3265243459
H29        -0.6386136496        -0.1962152498         2.1265330335
H30        -1.9299759378        -2.1737892823         2.8948028158
H31        -1.7621071014        -2.1893273385         1.1315680399
H32        -3.3339102140        -1.6913172092         1.8799819715
H33        -1.5846137557         1.6061754001         0.7923236543
H34        -2.1225196994        -1.0007010245        -0.7426248342
H35        -3.2131287602         0.9388025539        -1.8114046599
H36        -1.8484973274         0.3749249519        -2.7942112244
H37        -1.6677917349         1.8623811924        -1.7836523541
H38         0.2322198659        -0.7893554272         0.2213561362
H39         2.1960350501         0.5261456894         0.3858500384
H40         0.8274877498         1.3584287417         1.2099057121
H41         0.4940497876         3.7873343412         0.9621646236
H42         1.5592901397         5.9715779695         0.5189312696
H43         3.7285606538         6.0822864535        -0.6762098152
H44         4.8329215861         3.9977685197        -1.4387217950
H45         3.7831119731         1.8041757509        -1.0048533614
H46         0.1442961367        -0.6280332137        -2.8457140898
H47         2.4168122386        -0.7984186552        -2.4554794254
H48         2.2176417098        -1.5259642982        -0.8078876900
H49         0.1357568910        -3.1935553215        -4.3340748257
H50        -0.8471000286        -4.4150511868        -3.4431417490
H51         0.8825205763        -4.7610055326        -3.8460090265
H52         1.3760918228        -5.1986891231        -1.3713254804
H53         0.9520231677        -3.9395401762        -0.1510875160
H54        -0.3576010391        -4.8621954681        -0.9768811301
H55        -3.9466032566         0.0418160061         0.4714324804
&

