&zmat
 C7             -1.9272408968             0.6313167759            -2.7038734322
 C6             -1.3840056623             0.2081727489            -1.3284848011
 C5             -1.8191651813             1.2109918780            -0.2293641223
 O24            -3.2429242056             1.4043783369            -0.2708976651
 C3             -1.3542237361             0.8396980612             1.2075644542
 C4             -1.7251417054            -0.5978163267             1.6135211922
 C2             -1.9307256035             1.8718453186             2.2114607175
 C1             -1.3119770411             1.6985241384             3.5775464331
 O25            -1.9060276438             1.3207160244             4.5771905493
 C8              0.1444842395            -0.0217753893            -1.3611977811
 O9              0.7515563172             1.0866868864            -2.0494483564
 C10             2.0481598512             1.4779832814            -1.5787300738
 C11             2.0211232902             2.0836461586            -0.1896505875
 C12             2.6907331139             1.4777163960             0.8864579405
 C13             2.6379529426             2.0395589180             2.1712312295
 C14             1.9081896971             3.2155462720             2.3912880785
 C15             1.2303107637             3.8257794759             1.3224055374
 C16             1.2855078099             3.2616605439             0.0432892872
 C17             0.5083046947            -1.3427791933            -2.0623794188
 C18             1.9564954149            -1.8226094725            -1.9084769449
 O19             1.8393933296            -3.2354118948            -2.0621768198
 C20             0.5944870486            -3.6032088210            -1.4448459552
 C21            -0.0684032661            -4.6578440792            -2.3247128786
 C22             0.8112662549            -4.0580538589            -0.0000584519
 O23            -0.2188787223            -2.4034363713            -1.4173168786
 H35            -3.0078890628             0.8211074555            -2.6349250617
 H36            -1.7573342808            -0.1502153074            -3.4617494338
 H37            -1.4347967607             1.5540763865            -3.0471577459
 H34            -1.8279480532            -0.7710613946            -1.0684766337
 H33            -1.4004811373             2.2052767846            -0.4725696466
 H55            -3.6426614673             0.5249484497            -0.1262895014
 H29            -0.2527878654             0.9399695611             1.2344683894
 H30            -1.4581088558            -0.7949333551             2.6639748906
 H31            -1.2171876430            -1.3475862837             0.9856315767
 H32            -2.8145518343            -0.7671050029             1.5335147656
 H27            -1.6864110047             2.8878889738             1.8457491829
 H28            -3.0251301763             1.7786359647             2.2813880524
 H26            -0.2078356161             1.9199056048             3.6124163387
 H38             0.5327049558            -0.0906305128            -0.3264055732
 H39             2.3871502403             2.2268498461            -2.3150526613
 H40             2.7714947865             0.6393077752            -1.6085439954
 H41             3.2604981783             0.5571261809             0.7145421273
 H42             3.1620021999             1.5559443037             3.0010950037
 H43             1.8676536006             3.6576363367             3.3913203708
 H44             0.6605157218             4.7450350822             1.4898810397
 H45             0.7519841821             3.7297706496            -0.7906814378
 H46             0.2425457900            -1.2820183773            -3.1374988589
 H47             2.6424708890            -1.4479558050            -2.6838242726
 H48             2.3543301778            -1.5518195120            -0.9051994638
 H49            -0.2308781823            -4.2455947953            -3.3313497755
 H50            -1.0373672255            -4.9565179273            -1.8967885448
 H51             0.5740519132            -5.5483892023            -2.4047463006
 H52             1.4047768585            -4.9850354164             0.0261590520
 H53             1.3428089311            -3.2773688032             0.5656961209
 H54            -0.1572037495            -4.2410780799             0.4909546941
&

