&zmat
 C1              2.8514557220            -1.3156333001             2.3829091426
 C2              2.3479318174            -2.0657652166             1.1569484115
 O3              1.0000652682            -1.6537891962             0.8008980685
 C4              0.9212982948            -0.4968290797             0.0788818845
 O5              1.8916918453             0.1662065707            -0.2615668496
 C6             -0.5126189959            -0.1566842683            -0.2467108638
 C7             -0.8233198820             0.1360947382            -1.7185739550
 C8             -1.5239233497            -0.9976996570            -2.4827150689
 O9             -0.8836816062            -2.2798615053            -2.2538926283
 C10             0.1867213934            -2.3905808398            -3.1616217036
 O11             1.3153606721            -1.7505738188            -2.5695710431
 C12             2.5634492160            -2.1297212651            -3.1324375676
 C13            -0.2598565949            -1.6614353864            -4.4607113066
 O14            -0.7925588390            -2.5274966520            -5.4528101482
 C15            -2.2332156034            -2.5077466524            -5.3661393690
 C16            -2.7857036125            -2.4817809277            -6.7873886558
 C17            -2.7468000984            -3.6954998600            -4.5444027686
 O18            -2.5772596028            -1.2656048963            -4.7293433026
 C19            -1.4549966179            -0.7718879426            -4.0045013939
 O20            -1.7155513722             1.2359912461            -1.5550652963
 P21            -1.1450923139             1.6200832708             0.1523352635
 C22            -2.8440884999             2.3541672306             0.4073209184
 C23            -3.6903474940             1.8572307838             1.4153499194
 C24            -4.9824562720             2.3744855295             1.5762837348
 C25            -5.4317956064             3.4145266043             0.7524846974
 C26            -4.5892475454             3.9208378965            -0.2469516493
 C27            -3.3099861096             3.3831522688            -0.4326273377
 C28            -0.7825379469             1.6355532354             2.0269214453
 C29            -0.4935342328             0.4830827166             2.7775514124
 C30            -0.2870092378             0.5555844195             4.1661608118
 C31            -0.3701689792             1.7839849992             4.8286537298
 C32            -0.6747362274             2.9433254258             4.0974506795
 C33            -0.8911254144             2.8637784592             2.7189650249
 C34             0.1032220739             2.8783168265            -0.3891722453
 C35             1.1988579383             3.2481808947             0.4144086547
 C36             2.1193136536             4.2014741830            -0.0369226774
 C37             1.9567037002             4.8048107463            -1.2909507096
 C38             0.8822477116             4.4271162452            -2.1066181697
 C39            -0.0282454708             3.4586352136            -1.6672040409
 H40             3.8495301820            -1.6864548661             2.6683442289
 H41             2.9280106530            -0.2399805168             2.1656961632
 H42             2.1723888009            -1.4546185055             3.2389983701
 H43             3.0058804226            -1.8958804768             0.2890318793
 H44             2.2597709933            -3.1471657992             1.3434377386
 H45            -1.2049258901            -0.9087010628             0.1656753682
 H46             0.1138173099             0.4295735061            -2.2364483442
 H47            -2.5634693057            -1.0795654709            -2.1265771990
 H48             0.3898802660            -3.4663773817            -3.3373082522
 H49             3.3327890840            -1.5864131112            -2.5642848606
 H50             2.6527357613            -1.8551563008            -4.2029876398
 H51             2.7391239261            -3.2215644587            -3.0400178293
 H52             0.5783818439            -1.0971721554            -4.9027497892
 H53            -2.5006730111            -3.3993813612            -7.3241992223
 H54            -2.3791449591            -1.6095791736            -7.3194117727
 H55            -3.8837101744            -2.4116233751            -6.7650824627
 H56            -3.8457495082            -3.6594091216            -4.4806441465
 H57            -2.4512857139            -4.6439053262            -5.0202338981
 H58            -2.3321569395            -3.6570151226            -3.5264006785
 H59            -1.3411861572             0.3006188696            -4.2364416506
 H60            -3.3347132844             1.0721859337             2.0896871906
 H61            -5.6330261924             1.9716951555             2.3587958770
 H62            -6.4342660487             3.8314753864             0.8896216082
 H63            -4.9299759263             4.7380337896            -0.8905503869
 H64            -2.6676461562             3.7779929466            -1.2227771160
 H65            -0.4201356852            -0.4944351674             2.2959241053
 H66            -0.0644099041            -0.3578720352             4.7274123531
 H67            -0.2065200696             1.8413642663             5.9092853755
 H68            -0.7518197154             3.9098719337             4.6056945629
 H69            -1.1450723504             3.7732385659             2.1635443339
 H70             1.3432198653             2.7852288699             1.3921119384
 H71             2.9700747640             4.4704949483             0.5964341573
 H72             2.6732389935             5.5564013848            -1.6368511088
 H73             0.7572274092             4.8772537164            -3.0963210719
 H74            -0.8350711849             3.1112544075            -2.3178199069
&

