&gen
basis=6-31G**
igeopt=1
dftname=PBE-D3
ifreq=1
&
entry_name: J1_3173_2111.in
&zmat
O1         -5.6675125868         2.2436146305        -0.3540707165
C2         -5.8705598787         1.0581238960        -0.1445636440
C3         -4.7246919540         0.1207608479         0.0919684327
C4         -3.8520921492        -0.0033573167        -1.1649698236
C5         -2.7569436970        -1.0719967135        -1.0216465196
C6         -1.6485940747        -0.6554272591        -0.0433667331
C7         -0.5104306284        -1.6850075121        -0.0336435897
C8          0.5855916482        -1.3132191569         0.9727983100
O9          1.1541298379        -0.0532995005         0.6604984082
C10         2.3053087313        -0.1851961430        -0.1591985360
C11         3.5672726511        -0.4437490045         0.7112954070
C12         4.7733872681         0.3122266894         0.1545802512
C13         4.4629333402         1.8110203509         0.0356975379
C14         2.9742780895         2.0561789563        -0.2637921582
O15         2.4225644910         0.9696481506        -0.9825218692
H16        -6.8896071998         0.6861612614        -0.1169073455
H17        -5.1309733103        -0.8770560200         0.3651721072
H18        -4.1258643400         0.5032013572         0.9450162983
H19        -3.3890592843         0.9791339066        -1.4050878624
H20        -4.4998460359        -0.2890808457        -2.0231905384
H21        -3.2095776168        -2.0337682841        -0.6943582062
H22        -2.3063840980        -1.2365074632        -2.0251321717
H23        -2.0668709664        -0.5729261407         0.9823579695
H24        -1.2461864857         0.3364597800        -0.3447888038
H25        -0.9187706081        -2.6817621363         0.2425069663
H26        -0.0694540287        -1.7660043588        -1.0504395356
H27         1.3402127567        -2.1320720352         1.0302094479
H28         0.1329061661        -1.2462198628         1.9849919547
H29         2.2058947550        -1.0415763654        -0.8667788589
H30         3.3863758216        -0.1051772042         1.7557156215
H31         3.7926891508        -1.5317941156         0.7435408174
H32         5.0216624914        -0.0956213548        -0.8502468249
H33         5.6548461350         0.1592452722         0.8140286640
H34         4.7309842039         2.3260554444         0.9838772185
H35         5.0871195512         2.2453501461        -0.7753983569
H36         2.4118219232         2.2364131292         0.6812811438
H37         2.8734399305         2.9772249743        -0.8758288958
&

