&gen
basis=6-31G**
igeopt=1
dftname=PBE-D3
ifreq=1
&
entry_name: J1_10340_2111.in
&zmat
C1          3.5845954153        -2.7692560190         0.4568631303
C2          2.0871195237        -2.8782017180         0.7092520708
S3          1.5120538284        -1.5039258837         1.7655352340
C4          1.1955181381        -0.3699917673         0.4074979407
O5          2.1249324677         0.2663240762        -0.0629089107
C6         -0.2166569083        -0.1934528967        -0.1040271152
C7         -0.3272458298        -0.1638589117        -1.6121343872
C8         -1.3107581720        -1.1943944297        -2.2184208119
C9         -0.7875266402        -2.6263367175        -2.0304550416
C10        -1.5397128153        -0.8990911073        -3.7117415557
O11        -2.5443196258        -1.7555538038        -4.2153930619
C12        -2.7318036393        -1.5098571191        -5.5921690375
C13        -3.8188945597        -2.4123667090        -6.0989663336
C14        -5.1622160209        -2.0050167057        -6.0406451077
C15        -6.1775145705        -2.8629215910        -6.4753550877
C16        -5.8604399303        -4.1356446215        -6.9581134697
C17        -4.5278105691        -4.5546968499        -7.0020132347
C18        -3.5094566736        -3.6999191165        -6.5682544320
O19        -0.8545460978         1.1405276758        -1.6958918289
P20        -0.8643549985         1.5048251167        -0.0138619590
C21        -2.6599811830         1.7500435115        -0.1463897753
C22        -3.5398476501         0.6648134255         0.0254568675
C23        -4.9158160819         0.8307869741        -0.1534981921
C24        -5.4271814668         2.0733186419        -0.5316308177
C25        -4.5614244057         3.1484264083        -0.7409351804
C26        -3.1842316199         2.9862273079        -0.5625821636
C27        -0.7352392793         1.6570203291         1.8300097122
C28        -1.8390260589         1.4989038174         2.7019563138
C29        -1.6813857933         1.5932459095         4.0880797132
C30        -0.4257225161         1.8372747240         4.6392273780
C31         0.6789627261         1.9864100183         3.8053067017
C32         0.5291488558         1.8942052770         2.4200791162
C33         0.1474741517         3.0048791302        -0.2875586152
C34        -0.1736613984         4.2138453207         0.3629511155
C35         0.5976940456         5.3607598623         0.1578895842
C36         1.6949300447         5.3214431416        -0.7033041638
C37         2.0198252105         4.1356324253        -1.3636623903
C38         1.2515735368         2.9854302298        -1.1613863070
H39         3.8162696228        -1.8397962019        -0.1034745717
H40         4.1357411242        -2.7634909114         1.4210465877
H41         3.9245615293        -3.6390181228        -0.1437403044
H42         1.8795423010        -3.8329089519         1.2364848715
H43         1.5457073088        -2.8951491354        -0.2579251551
H44        -0.9182546010        -0.9031130925         0.3819209042
H45         0.6581051025        -0.2057520525        -2.1283068585
H46        -2.2915469512        -1.1161151972        -1.7051292835
H47        -1.4737350966        -3.3588813833        -2.5054475495
H48        -0.7342945008        -2.8793534019        -0.9518351943
H49         0.2216058832        -2.7374605850        -2.4820336302
H50        -0.5800349323        -1.0439733143        -4.2608577264
H51        -1.8617461342         0.1616871306        -3.8227269675
H52        -3.0252409298        -0.4495772527        -5.7710821776
H53        -1.7948087671        -1.7115006040        -6.1607234257
H54        -5.4225273864        -1.0256097113        -5.6584456734
H55        -7.2105524280        -2.5425948617        -6.4339266678
H56        -6.6475201971        -4.7989933339        -7.2926745236
H57        -4.2841396205        -5.5436528589        -7.3681842437
H58        -2.4819587091        -4.0411764939        -6.5971734973
H59        -3.1682073565        -0.3031287200         0.3297275240
H60        -5.5856055092        -0.0054209182        -0.0000905730
H61        -6.4926692665         2.2002695390        -0.6730617947
H62        -4.9562813792         4.1056413879        -1.0561277408
H63        -2.5368174788         3.8212548820        -0.7806184666
H64        -2.8341215400         1.3035885335         2.3501776152
H65        -2.5388559558         1.4732728280         4.7379283890
H66        -0.3086408451         1.9080811160         5.7128765750
H67         1.6562160429         2.1721320519         4.2319599530
H68         1.4130191843         2.0138945861         1.8095916547
H69        -1.0164624576         4.2684396043         1.0399611620
H70         0.3441727019         6.2808851034         0.6683000978
H71         2.2912845550         6.2106345535        -0.8617587604
H72         2.8666651646         4.1078471126        -2.0371768469
H73         1.5196719890         2.0893925874        -1.7007962259
&

