&gen
basis=6-31G**
igeopt=1
dftname=PBE-D3
ifreq=1
&
entry_name: J1_8499_2111.in
&zmat
O1          1.7715132089        -0.7967168182        -2.4093173231
C2          2.2437565229        -0.2090229097        -1.4479497797
C3          3.5879166464         0.4550237494        -1.5605471364
C4          4.4374997540         0.1450144459        -0.3194384566
C5          3.6823761067         0.3138911775         1.0231677759
C6          2.2126480774         0.7384614662         0.8647194530
C7          1.4713853899        -0.1441620610        -0.1546706235
O8          0.2039170255         0.4267652207        -0.4171033392
Si9         -1.1011449461        -0.5235158138         0.2312962505
C10        -0.8544327981        -0.8180254267         2.0668400158
C11        -1.1658977687        -2.1805861788        -0.6421730357
C12        -2.7142591136         0.4379163183        -0.0654792321
C13        -3.9126564226        -0.3534028268         0.4862698210
C14        -2.6264173109         1.8001417193         0.6442319400
C15        -2.8973827193         0.6617301190        -1.5765844830
H16         3.4417917219         1.5530443999        -1.6492699353
H17         4.1205015885         0.1032868850        -2.4710539286
H18         5.3339822738         0.8023383706        -0.3275001391
H19         4.8031848629        -0.9028087588        -0.3963348817
H20         4.2044465717         1.0699072321         1.6490353253
H21         3.7147313922        -0.6478886055         1.5809696473
H22         1.7065089280         0.6744188964         1.8514194698
H23         2.1731582475         1.8015590864         0.5385151637
H24         1.4404857220        -1.1846642793         0.2444044591
H25        -1.7193407523        -1.3784358109         2.4751306349
H26         0.0660207492        -1.4133820394         2.2329113877
H27        -0.7606434600         0.1534320253         2.5928706233
H28        -0.2453697651        -2.7581809352        -0.4229159309
H29        -1.2428651329        -2.0226023852        -1.7369474846
H30        -2.0431752900        -2.7577417603        -0.2870214985
H31        -4.8582713490         0.2043434064         0.3129562256
H32        -4.0012426729        -1.3403107070        -0.0149398422
H33        -3.8095095027        -0.5191431442         1.5793952596
H34        -2.5195846060         1.6685663461         1.7420048738
H35        -1.7557465751         2.3828963344         0.2729868219
H36        -3.5460536377         2.3962598859         0.4591554263
H37        -2.0329443396         1.2169662790        -2.0007416493
H38        -2.9906126511        -0.3071010347        -2.1118749006
H39        -3.8182739754         1.2517281319        -1.7745990725
&

