&zmat
 C13            -3.8715083842            -0.4338654128             0.1062392921
 C12            -2.5580240945             0.3248238757            -0.1796829567
 C14            -2.5645701173             1.6728219389             0.5724669153
 C15            -2.4303962459             0.5846616829            -1.6958761063
 Si9            -1.0686265334            -0.7148007617             0.4173585588
 C10            -1.3070571099            -1.2890521386             2.2063839420
 C11            -0.7543759721            -2.2167963459            -0.6875089091
 O8              0.2554447771             0.3560996893             0.3975866406
 C7              1.5839610379             0.0209944886             0.0837061197
 C6              2.5449005520             0.9627070869             0.8389392377
 C5              4.0394213344             0.6111024109             0.6137598215
 C4              4.2729004722            -0.2334205053            -0.6608087553
 C3              3.3465239651             0.1989908499            -1.8051624842
 C2              1.8661372847             0.1259165377            -1.4285642947
 O1              0.9749839204             0.1751603310            -2.2679707177
 H31            -4.7375576202             0.1483982874            -0.2624312805
 H32            -3.9026824779            -1.4154204515            -0.3996202358
 H33            -4.0267356539            -0.6043693833             1.1855452124
 H34            -2.6715403481             1.5379225479             1.6633566066
 H35            -1.6348576940             2.2362271079             0.3915038417
 H36            -3.4142369300             2.2960599375             0.2333358995
 H37            -1.4667548612             1.0539573845            -1.9498795610
 H38            -2.5018291542            -0.3513547921            -2.2759961592
 H39            -3.2462852211             1.2495529074            -2.0393691440
 H25            -2.1428686581            -2.0034671868             2.2914212888
 H26            -0.3988228324            -1.7914649085             2.5795428493
 H27            -1.5167458219            -0.4378288412             2.8742562599
 H28             0.0723632379            -2.8404136863            -0.3076400061
 H29            -0.5057254197            -1.8969489780            -1.7106701187
 H30            -1.6530376619            -2.8554917464            -0.7268450308
 H24             1.8283250996            -1.0298968450             0.3697291113
 H22             2.2790016376             0.9314363831             1.9075427169
 H23             2.3234691024             1.9893863237             0.4978785114
 H20             4.6221839161             1.5458746225             0.5472754074
 H21             4.4395771187             0.0641473786             1.4842416344
 H18             5.3280846449            -0.1658379103            -0.9744736353
 H19             4.0913242116            -1.3012343655            -0.4405424978
 H16             3.5447926632             1.2529932456            -2.0846063026
 H17             3.4977687231            -0.3897377932            -2.7252954568
&

