&gen
basis=6-31G**
igeopt=1
dftname=PBE-D3
ifreq=1
&
entry_name: J1_9897_2111.in
&zmat
C1          4.7104616930        -1.9153540823         2.8062332036
Si2          3.2248964189        -2.8766158995         2.2127197709
C3          3.7853270285        -4.2791903500         1.1163517778
C4          2.2853766309        -3.5515535265         3.6768742255
C5          2.1480245277        -1.7793136516         1.2583213497
C6          1.4547438241        -1.0429721259         0.6050713189
C7          0.6175439433        -0.1463783650        -0.2066629215
C8          0.9830221641        -0.0354377650        -1.6710042445
C9          2.1970658181        -0.8418956790        -2.1880442944
C10         1.8683333342        -2.3542094953        -2.2982648746
C11         2.5978288301        -3.0062535356        -3.4817697374
C12         3.9686514955        -2.3624506460        -3.6916118321
C13         3.8387338822        -0.8293600411        -3.8409327573
O14         2.5627498672        -0.3364692377        -3.4602723837
O15         1.2969067066         1.3322370483        -1.6396261885
P16         1.0262270289         1.6102764948         0.0374918122
C17         2.7856486199         2.0456740528         0.2433935372
C18         3.3843042632         2.9878561713        -0.6128330740
C19         4.7419463533         3.2970716105        -0.4906731342
C20         5.5196233280         2.6656099678         0.4817562281
C21         4.9408617602         1.7226589193         1.3328420222
C22         3.5843109956         1.4097350389         1.2131182001
C23         0.6314139730         1.8267699493         1.8269984236
C24        -0.2500149991         0.9578834393         2.5083130387
C25        -0.5549656662         1.1590364840         3.8576403650
C26        -0.0112124553         2.2411380130         4.5476703485
C27         0.8293263473         3.1342460589         3.8862328795
C28         1.1391920741         2.9386916704         2.5383521077
C29        -0.2090093835         2.8778769290        -0.3313843419
C30        -1.5304420232         2.5023460586        -0.6236960464
C31        -2.4927787239         3.4736642888        -0.9148042602
C32        -2.1440881677         4.8262197397        -0.9180062262
C33        -0.8321048450         5.2091310909        -0.6296797708
C34         0.1333170559         4.2407652920        -0.3388456336
H35         5.2559463274        -1.5034071600         1.9324582254
H36         4.3761657302        -1.0832915416         3.4593388545
H37         5.3815946168        -2.5880776838         3.3783548597
H38         4.3341753531        -3.8685555208         0.2438011802
H39         2.9006857906        -4.8467116255         0.7614187660
H40         4.4528879458        -4.9537097734         1.6906300688
H41         1.4031906875        -4.1210887093         3.3191589353
H42         1.9482602081        -2.7113159702         4.3180956803
H43         2.9466930403        -4.2223832918         4.2626538398
H44        -0.4619143490        -0.3714606639        -0.0944292971
H45         0.0939574771        -0.1915598384        -2.3220515429
H46         3.0418131740        -0.6942749012        -1.4721249953
H47         0.7762596409        -2.5212721805        -2.4251570558
H48         2.1786322420        -2.8675196104        -1.3637230685
H49         1.9925630100        -2.8754032384        -4.4059744475
H50         2.7148662590        -4.0965886551        -3.3004367818
H51         4.6129727047        -2.5946565727        -2.8149611760
H52         4.4524173782        -2.7960508490        -4.5935945598
H53         4.0006062568        -0.5617807846        -4.9065799941
H54         4.6349838611        -0.3163672296        -3.2567102814
H55         2.8070203950         3.4730032606        -1.3886717367
H56         5.1926969392         4.0227458757        -1.1552290837
H57         6.5708061551         2.9058616383         0.5747094837
H58         5.5431961042         1.2349462164         2.0883316021
H59         3.1574553403         0.6914711855         1.8966936974
H60        -0.7244234279         0.1251503056         2.0184081049
H61        -1.2238169818         0.4772846492         4.3671585737
H62        -0.2521383704         2.3950176331         5.5915584865
H63         1.2378003659         3.9847195710         4.4166868170
H64         1.7789307296         3.6635695667         2.0546213387
H65        -1.8205076543         1.4610742755        -0.6263860811
H66        -3.5095216724         3.1773162470        -1.1380706438
H67        -2.8903314889         5.5772254176        -1.1427492993
H68        -0.5631036797         6.2575081024        -0.6293413312
H69         1.1381192324         4.5617293074        -0.1073127259
&

