&zmat
 C3             -2.7889649663            -1.5973783187             1.9886222383
 C2             -1.4166723650            -1.3148842842             1.4580512882
 C1             -1.1453387152            -0.5818396561             0.3603283790
 C4              0.2186079900            -0.2345536620            -0.1157961686
 C5              0.4304649206            -0.1659123081            -1.6416124830
 C6              1.5447486105            -1.0682123614            -2.1888375867
 C7              1.3749790787            -2.5753211234            -1.9137611391
 C8              2.5641614508            -3.3561400622            -2.4939814824
 C9              0.0420760201            -3.1274728148            -2.4452336184
 O10             0.7446677218             1.2193893009            -1.7917026130
 P11             0.7817901074             1.6120637640             0.0081642613
 C12             2.6057801237             1.8600199603            -0.0463148835
 C13             3.4885120195             0.8245797788             0.3182612076
 C14             4.8739109239             1.0019637476             0.2095986001
 C15             5.3942850534             2.2159660658            -0.2582249237
 C16             4.5206119056             3.2497809935            -0.6199509462
 C17             3.1348336814             3.0750006087            -0.5188193960
 C18             0.5489997625             1.6981014724             1.9187016571
 C19             1.5830832758             1.5840076851             2.8672604949
 C20             1.3077039384             1.5491787449             4.2445409896
 C21            -0.0117208938             1.6254671694             4.7058326523
 C22            -1.0560302005             1.7460623456             3.7770372333
 C23            -0.7752993566             1.7809635769             2.4057997005
 C24            -0.1134015211             3.2126061842            -0.3047696629
 C25             0.0319025741             4.2864264981             0.6000982885
 C26            -0.5944674889             5.5126812254             0.3510941135
 C27            -1.4022711967             5.6727250486            -0.7844719723
 C28            -1.5586179454             4.6092113197            -1.6822421631
 C29            -0.9045884175             3.3902914314            -1.4550058177
 H32            -2.9190237304            -1.1337912913             2.9845359177
 H33            -2.9637398139            -2.6802193246             2.1200961019
 H34            -3.5728084439            -1.1990716147             1.3242750189
 H31            -0.5737212605            -1.7056927136             2.0447562721
 H30            -1.9800300751            -0.1703428427            -0.2266452243
 H35             0.9754811695            -0.8258042177             0.4335698057
 H36            -0.5210932248            -0.3940434933            -2.1684766697
 H37             1.6155354824            -0.8956893453            -3.2796267865
 H38             2.5029495784            -0.7197586521            -1.7621391593
 H39             1.3812460516            -2.7221020780            -0.8140523803
 H40             3.5235591523            -2.9808648766            -2.0990179730
 H41             2.5965013401            -3.2584417877            -3.5938154455
 H42             2.4947033276            -4.4309027990            -2.2556773924
 H43            -0.0206695962            -4.2182861366            -2.2936626561
 H44            -0.8225940034            -2.6719095975            -1.9354504695
 H45            -0.0600958610            -2.9340187832            -3.5282456323
 H46             3.0991456128            -0.1284980593             0.6905162951
 H47             5.5470306112             0.1875528836             0.4945570193
 H48             6.4762731353             2.3543276423            -0.3426863718
 H49             4.9181668398             4.2002520431            -0.9892789076
 H50             2.4607786646             3.8834188303            -0.8160756357
 H51             2.6253670827             1.5401797749             2.5383743278
 H52             2.1348847329             1.4720445145             4.9579585154
 H53            -0.2256112411             1.6007226657             5.7787469773
 H54            -2.0932368813             1.8174486227             4.1211092075
 H55            -1.6041854709             1.8961831051             1.6991840117
 H56             0.6394585087             4.1606341093             1.5004106542
 H57            -0.4585534729             6.3422062376             1.0517617920
 H58            -1.9054426883             6.6270507492            -0.9691467695
 H59            -2.1832988576             4.7297998797            -2.5726903915
 H60            -0.9711464110             2.5690173550            -2.1709099359
&

