&gen
basis=6-31G**
igeopt=1
dftname=PBE-D3
ifreq=1
&
entry_name: J1_10501_2111.in
&zmat
C1         -1.1085943834        -0.3548015429         0.2837699251
C2         -1.4563126488        -1.2420435354         1.2250590827
C3         -2.8896464662        -1.4270584194         1.6137864717
C4          0.3367654820        -0.1414127016        -0.0909742162
C5          0.5360576279        -0.0821632046        -1.5855269692
C6          1.5699729045        -1.0800749644        -2.1378564206
C7          1.1318156403        -2.5578431769        -2.0048140285
C8          2.2872885966        -3.4826629586        -2.4075979806
C9         -0.1080865633        -2.8692545072        -2.8563730536
O10         1.0403524744         1.2312254464        -1.6220916661
P11         0.9155405164         1.5746702672         0.0602233262
C12         2.7055223088         1.8813427765         0.0544992734
C13         3.6057297504         0.8272125356         0.2991579278
C14         4.9849375609         1.0414943611         0.2289454500
C15         5.4807735355         2.3009178250        -0.1128995898
C16         4.5971819028         3.3442232599        -0.3964097625
C17         3.2166968030         3.1339137973        -0.3267653732
C18         0.6509097346         1.7107884257         1.8909263357
C19         1.7023603556         1.6541013305         2.8374692541
C20         1.4417008540         1.7349282032         4.2088758320
C21         0.1345282863         1.8688978683         4.6709793944
C22        -0.9185967123         1.9246233531         3.7622202735
C23        -0.6661833667         1.8464376019         2.3912339428
C24        -0.1494749175         3.0227299352        -0.2625868347
C25         0.0986875037         4.2530623727         0.3779097209
C26        -0.7238260474         5.3575041536         0.1404388234
C27        -1.8030660825         5.2504099634        -0.7380838964
C28        -2.0613954756         4.0380451998        -1.3799942115
C29        -1.2416917951         2.9302898284        -1.1452481365
H30        -1.8819211762         0.2309622662        -0.2033211340
H31        -0.6967226288        -1.8325033579         1.7299100776
H32        -3.3026715401        -0.4709172201         1.9995557193
H33        -2.9657362430        -2.1976752593         2.4090440266
H34        -3.4809595123        -1.7580250481         0.7340441943
H35         1.0307153393        -0.8372104297         0.4276094382
H36        -0.4099636780        -0.1220446337        -2.1680508481
H37         1.7518435888        -0.8429615068        -3.2090303778
H38         2.5346396338        -0.9344698954        -1.6079917820
H39         0.8864691422        -2.7763478445        -0.9428508281
H40         3.1729360359        -3.2935128602        -1.7639571540
H41         2.5719059678        -3.3147418518        -3.4687288799
H42         1.9928266354        -4.5461665392        -2.2786448280
H43        -0.3407898886        -3.9547996345        -2.8148166627
H44        -0.9954191043        -2.3288995603        -2.4670029408
H45         0.0599404426        -2.5809161201        -3.9161688894
H46         3.2447134176        -0.1538733763         0.5730485926
H47         5.6694221633         0.2295702500         0.4378959291
H48         6.5490199653         2.4651978814        -0.1699580919
H49         4.9820325999         4.3139402072        -0.6846041696
H50         2.5587978294         3.9441638495        -0.6003714412
H51         2.7338266263         1.5529837785         2.5564945020
H52         2.2595951965         1.6920332210         4.9168154110
H53        -0.0619407634         1.9298125010         5.7335867999
H54        -1.9350741037         2.0285644260         4.1193647862
H55        -1.5123720014         1.8975884201         1.7200750577
H56         0.9196825879         4.3552698714         1.0757513233
H57        -0.5259759402         6.2963006101         0.6413672589
H58        -2.4397142551         6.1063998064        -0.9207466808
H59        -2.8979840846         3.9560374729        -2.0618333292
H60        -1.4628147303         2.0083843514        -1.6615972199
&

