&zmat
 C22            -5.6406013440             2.9458005911             2.4104909935
 C21            -5.4549002351             2.2464081713             1.0581902070
 C20            -4.0777437059             1.5854361415             0.8720022822
 C19            -2.9176161616             2.5989030411             0.8613678379
 P18            -1.2657364613             1.8603762750             0.4152512674
 C23            -0.6165593865             1.6197910616             2.2102521869
 C24            -1.5136428250             0.8664408753             3.2082516586
 C25            -0.7657968587             0.4120699231             4.4723513420
 C26            -1.6721433400            -0.3242157421             5.4658482424
 C27            -0.0023150552             3.1341386411            -0.0931217346
 C28            -0.5596170774             4.3220192822            -0.8919598669
 C29             0.5394163207             5.2229071831            -1.4865656888
 C30             1.3839456379             4.5389711181            -2.5699585783
 O17            -1.9062149735             1.7405432748            -1.3514889146
 C10            -1.2980945321             0.4975632470            -1.6460819897
 C11            -2.2222707380            -0.4563951781            -2.3787328860
 C12            -3.5173474651            -0.0478625815            -2.7358023093
 C13            -4.3833458131            -0.9297425682            -3.3982085470
 C14            -3.9598956742            -2.2270841645            -3.7165984939
 C15            -2.6591100657            -2.6339474193            -3.3813550005
 C16            -1.7953792208            -1.7522555454            -2.7216293676
 C9             -0.7860402538             0.0996106127            -0.2271374264
 C1             -1.2985934121            -1.0524949527             0.5705706443
 C2             -2.5184947376            -1.6393718644             0.4975506930
 C3             -3.0409491386            -2.6647009230             1.4057091156
 C4             -4.2935078118            -3.2501728889             1.1089772309
 C5             -4.8678884942            -4.2037061668             1.9555266583
 C6             -4.2043131215            -4.5962620927             3.1259168427
 C7             -2.9595714338            -4.0263679036             3.4373271909
 C8             -2.3847895489            -3.0742321074             2.5914411612
 H51            -6.6622141194             3.3452168073             2.5191864314
 H52            -4.9434202613             3.7915338300             2.5345038763
 H53            -5.4645267521             2.2448692463             3.2452555386
 H49            -5.6229669124             2.9698953795             0.2375750964
 H50            -6.2307826096             1.4678318133             0.9417462724
 H47            -3.9246527037             0.8328085793             1.6661858614
 H48            -4.0648993378             1.0412162788            -0.0865273822
 H45            -3.1106968201             3.3550665408             0.0806987266
 H46            -2.8183630485             3.1120303551             1.8331256482
 H54            -0.3887460298             2.6226423741             2.6198091782
 H55             0.3588845943             1.1013848398             2.1178497362
 H56            -1.9647708906            -0.0235747586             2.7367387229
 H57            -2.3637342521             1.5102638520             3.5039368949
 H58            -0.2969140603             1.2865697596             4.9622748555
 H59             0.0708566768            -0.2489004990             4.1720004400
 H60            -2.4899804738             0.3282595462             5.8171286624
 H61            -2.1372792434            -1.2089980890             4.9971477448
 H62            -1.1131005459            -0.6660271445             6.3523926543
 H63             0.7118951018             2.5657683334            -0.7166445761
 H64             0.5542498811             3.4806996229             0.7941849662
 H65            -1.2104117190             4.9300697327            -0.2371451257
 H66            -1.1952550621             3.9240400024            -1.7016881184
 H67             0.0564423865             6.1181291388            -1.9185410517
 H68             1.1981991799             5.5937107141            -0.6780268837
 H69             0.7443954216             4.1507774185            -3.3811135473
 H70             1.9621232505             3.6885860135            -2.1705609376
 H71             2.1067462240             5.2407832769            -3.0168912408
 H39            -0.3999168244             0.6313831652            -2.2967637316
 H40            -3.8223262957             0.9706797051            -2.4800903935
 H41            -5.3924399882            -0.6010929264            -3.6677821466
 H42            -4.6367596978            -2.9181243830            -4.2289480601
 H43            -2.3210408885            -3.6452901578            -3.6286765881
 H44            -0.7861702734            -2.0790768789            -2.4473914682
 H38             0.3198332779             0.0862193820            -0.1874157101
 H31            -0.6033948907            -1.3969451402             1.3476259162
 H32            -3.2119851045            -1.3217038895            -0.2870016154
 H33            -4.8126656244            -2.9443530267             0.1936799347
 H34            -5.8391668636            -4.6402860582             1.7022259692
 H35            -4.6534752137            -5.3377390900             3.7935885865
 H36            -2.4357320681            -4.3229224965             4.3516140100
 H37            -1.4185324194            -2.6360758360             2.8610601739
&

