&gen
basis=6-31G**
igeopt=1
dftname=PBE-D3
ifreq=1
&
entry_name: J1_10450_2111.in
&zmat
C1          3.9663176423        -1.3325083371        -0.6160857836
C2          3.5024397026         0.0015517421        -0.0440426202
O3          2.1321292536         0.2317459579        -0.3597708389
C4          1.0708793042        -0.4044175572         0.2932287563
O5          1.2945630323        -1.1981255549         1.2474739739
C6         -0.3530317836        -0.1380602924        -0.1145763471
C7         -0.5515164798        -0.0597519441        -1.6090772808
C8         -1.5871139418        -1.0524079580        -2.1704962299
C9         -1.0687600987        -2.4875198866        -2.1334771333
C10        -0.6212840210        -2.7272450054        -3.5399640446
C11        -1.4871551781        -1.7751197439        -4.3337804991
O12        -1.8770487717        -0.7022134071        -3.5077876265
O13        -1.0513555545         1.2565559673        -1.6286863335
P14        -0.9099094998         1.5854874499         0.0559050385
C15        -2.6961128000         1.9156221056         0.0738756678
C16        -3.6097708108         0.8655268532         0.2831512085
C17        -4.9862567860         1.1013430513         0.2303543885
C18        -5.4665210108         2.3799405291        -0.0580114077
C19        -4.5701552976         3.4216868274        -0.3042074063
C20        -3.1923732654         3.1898941409        -0.2516365579
C21        -0.6278513193         1.6897075173         1.8853895979
C22         0.6914878748         1.8386727314         2.3753698036
C23         0.9551677450         1.8975525936         3.7452864327
C24        -0.0879331151         1.8018186662         4.6625129561
C25        -1.3959580054         1.6439896342         4.2100626335
C26        -1.6677639380         1.5834166920         2.8397874124
C27         0.1498497244         3.0433493319        -0.2667582837
C28        -0.0520843772         4.2466696011         0.4402879531
C29         0.7595072858         5.3589448558         0.2023487568
C30         1.7784993196         5.2911998231        -0.7483956293
C31         1.9834940030         4.1123288451        -1.4664571051
C32         1.1738794338         2.9971963972        -1.2324231165
H33         3.8010323431        -1.3510718463        -1.7141639568
H34         5.0489262801        -1.4701729448        -0.4118593228
H35         3.4059854609        -2.1695799901        -0.1499566224
H36         4.1091092135         0.8144849691        -0.4955759480
H37         3.6562917493         0.0267572384         1.0567335031
H38        -1.0570920196        -0.8357162891         0.3878536539
H39         0.3949370827        -0.1100662298        -2.1923591934
H40        -2.5261789614        -0.9874627028        -1.5818936624
H41        -0.2383763010        -2.6449493874        -1.4105557502
H42        -1.9025039076        -3.1809996901        -1.8838947386
H43        -0.7735599024        -3.7839049765        -3.8500856860
H44         0.4503550949        -2.4485962121        -3.6501339636
H45        -2.3982169030        -2.3014831685        -4.6931324905
H46        -0.9307093927        -1.3877658445        -5.2136030841
H47        -3.2617601923        -0.1296154089         0.5191974012
H48        -5.6807854340         0.2914129881         0.4121514872
H49        -6.5326898848         2.5610157724        -0.1014634117
H50        -4.9430984658         4.4076933903        -0.5496329387
H51        -2.5255914774         4.0027679548        -0.4934965231
H52         1.5295108491         1.9164879441         1.6967080757
H53         1.9725505595         2.0165479412         4.0950739227
H54         0.1173119566         1.8471307268         5.7242466659
H55        -2.2054376554         1.5652565348         4.9245504374
H56        -2.6978220639         1.4549912955         2.5646462590
H57        -0.8314903817         4.3231448756         1.1874393578
H58         0.5983085324         6.2741219644         0.7572253360
H59         2.4064564325         6.1534168298        -0.9318325013
H60         2.7687058798         4.0629986870        -2.2097980475
H61         1.3472124913         2.1087582727        -1.8198666569
&

