&gen
basis=6-31G**
igeopt=1
dftname=PBE-D3
ifreq=1
&
entry_name: J1_7799_2111.in
&zmat
O1          3.1734034612         1.5815233218        -3.8158603493
C2          3.7756186572         1.8714909177        -2.5853860833
C3          3.3403925714         0.8701140847        -1.5620887245
C4          2.0642297252         0.7792864837        -1.1837344518
C5          1.6401259872        -0.2049971249        -0.1776169999
P6          0.0833734225        -0.2855133119         0.3004090742
C7         -0.3136070763         1.3165088462         1.0262719087
C8         -0.9413583124         2.3114110897         0.2602205512
C9         -1.1997829401         3.5684020989         0.8152879566
C10        -0.8148845590         3.8463790858         2.1296047544
C11        -0.1612461478         2.8707266078         2.8869470764
C12         0.0991429903         1.6131884574         2.3343017427
C13        -0.1547777867        -1.6097856050         1.5000029520
C14        -1.1424223410        -1.4934259196         2.4910249006
C15        -1.3690817292        -2.5424961966         3.3869743209
C16        -0.6296547178        -3.7234799284         3.2838503544
C17         0.3287130992        -3.8611654586         2.2764503906
C18         0.5580290707        -2.8135673997         1.3791141746
C19        -1.0125576509        -0.6668367015        -1.0784399743
C20        -0.5105264137        -1.2189621347        -2.2681013934
C21        -1.3804183103        -1.5475368238        -3.3124382688
C22        -2.7556378958        -1.3445513785        -3.1692520303
C23        -3.2638174863        -0.8202944291        -1.9778296740
C24        -2.3968260597        -0.4908207930        -0.9318554464
H25         3.4876589060         2.2802089094        -4.4467015402
H26         3.4900692855         2.8935577709        -2.2495359759
H27         4.8820868551         1.8256095913        -2.6908137201
H28         4.0876791628         0.2212784903        -1.1196081538
H29         1.3254151582         1.4364202885        -1.6290702135
H30         2.3742776874        -0.8508951259         0.2860244671
H31        -1.2246630524         2.1217478760        -0.7665315314
H32        -1.6916488747         4.3296906608         0.2237412181
H33        -1.0134991249         4.8205734706         2.5572666986
H34         0.1497759851         3.0910420726         3.8999223850
H35         0.6225705270         0.8726621114         2.9256559520
H36        -1.7421504990        -0.5960625826         2.5691594860
H37        -2.1243293826        -2.4430887263         4.1558373802
H38        -0.8083484328        -4.5362685546         3.9758463253
H39         0.8876405255        -4.7834906156         2.1848944230
H40         1.2831578448        -2.9493753207         0.5876433075
H41         0.5486610887        -1.4011569742        -2.3911855572
H42        -0.9887732513        -1.9655573876        -4.2307675511
H43        -3.4277588937        -1.6012103512        -3.9778183398
H44        -4.3299822982        -0.6738554644        -1.8628099172
H45        -2.8042687744        -0.0974279276        -0.0090059040
&

