&zmat
 O8              1.0043506000             2.2871762652             0.8528794311
 C7              0.4751260268             1.3932064029             0.2089295423
 C6             -1.0328618519             1.3036560394            -0.0167751963
 C5             -1.5850345564            -0.0596555840             0.4582792646
 C4             -0.8214024793            -1.2219273547            -0.1938545613
 C3              0.6864291691            -1.1098685483             0.0783044456
 C2              1.2706562567             0.2369298843            -0.4158878851
 O1              2.6386994930             0.3963045715            -0.0915632352
 H17            -1.5054141643             2.1498989176             0.5050116104
 H18            -1.2333616360             1.4153425845            -1.1002515964
 H15            -2.6640690550            -0.1254533876             0.2370153697
 H16            -1.4823217342            -0.1244752558             1.5574760063
 H13            -1.2005209166            -2.1888456896             0.1789881421
 H14            -1.0017894677            -1.2140773207            -1.2862955100
 H11             1.2344083099            -1.9397863840            -0.4060897558
 H12             0.8877920182            -1.1815817694             1.1630599505
 H10             1.0946461221             0.3020905345            -1.5173682051
 H9              3.1073005726            -0.3551959398            -0.4984154273
&

