&gen
basis=6-31G**
igeopt=1
dftname=PBE-D3
ifreq=1
&
entry_name: J1_10065_2111.in
&zmat
C1          1.0023015662        -0.5356366729         0.3467910366
C2          1.3250597904        -1.2880901201         1.4225044934
C3          0.2732720517        -1.9334944925         2.2930976910
C4          2.7814569171        -1.4584287552         1.7694763297
C5         -0.4202414662        -0.2479306389        -0.0892654344
C6         -0.5530993981        -0.1633128884        -1.5897565094
C7         -1.4379990113        -1.2287973413        -2.2688488495
C8         -2.9269446463        -1.1685091505        -1.9040629124
C9         -3.7154706653        -2.1349013298        -2.7465346463
C10        -4.2726901775        -1.7201948200        -3.9679268743
C11        -4.9797439855        -2.6273759484        -4.7632491941
C12        -5.1270602769        -3.9544980110        -4.3504252345
C13        -4.5640902265        -4.3778367882        -3.1432817683
C14        -3.8563175864        -3.4740027109        -2.3448416732
O15        -1.1111113433         1.1263312524        -1.6284657874
P16        -0.9678283418         1.4921175281         0.0513955580
C17        -2.7611415322         1.7665932559         0.0931456430
C18        -3.3200433505         2.8883251388        -0.5422025861
C19        -4.7068168768         3.0603251780        -0.5835381599
C20        -5.5491728824         2.1053007455        -0.0099705619
C21        -5.0061346544         0.9730271348         0.6005520129
C22        -3.6204350774         0.7977003122         0.6438040454
C23        -0.6359027014         1.7322969633         1.8642074931
C24        -1.6450991090         1.9731779127         2.8303557936
C25        -1.3257295617         2.1360924278         4.1819446271
C26         0.0010972377         2.0962001531         4.6022200974
C27         1.0166823499         1.9195037343         3.6675611555
C28         0.7048103547         1.7575201679         2.3164897386
C29         0.0694392422         2.9404265933        -0.3227746513
C30         1.2399372248         2.8108828173        -1.0909416495
C31         2.0354035879         3.9275414698        -1.3641535352
C32         1.6725434772         5.1838629705        -0.8744567023
C33         0.5129988368         5.3258058540        -0.1098948242
C34        -0.2852472157         4.2122365334         0.1652296030
H35         1.8110101741        -0.0779290984        -0.2157738079
H36        -0.3010338859        -2.6776785746         1.7023374384
H37         0.7269785929        -2.4612776860         3.1572922387
H38        -0.4172906252        -1.1609265279         2.6923436062
H39         2.9190294118        -2.0940912087         2.6686776542
H40         3.2367095762        -0.4658333893         1.9726742463
H41         3.3156822155        -1.9363837623         0.9211919704
H42        -1.1658696378        -0.9320077520         0.3576590900
H43         0.4327337879        -0.1457868762        -2.1056996961
H44        -1.0371926782        -2.2357447872        -2.0199419388
H45        -1.3383694400        -1.0940063425        -3.3685745263
H46        -3.0641246106        -1.4334514393        -0.8368881308
H47        -3.3178436043        -0.1403334428        -2.0606706200
H48        -4.1584567404        -0.6967867574        -4.3034616194
H49        -5.4107867537        -2.3022481325        -5.7013124568
H50        -5.6736206677        -4.6556294062        -4.9677801307
H51        -4.6734282816        -5.4073452330        -2.8276547422
H52        -3.4175464379        -3.8165504413        -1.4157528102
H53        -2.6897837590         3.6180225319        -1.0307623625
H54        -5.1291168031         3.9287200222        -1.0723683985
H55        -6.6225968988         2.2387420644        -0.0457740595
H56        -5.6588595522         0.2295995756         1.0393314969
H57        -3.2178835892        -0.0793823950         1.1318731000
H58        -2.6843966501         2.0739378524         2.5805397809
H59        -2.1126348410         2.3081435618         4.9052503260
H60         0.2433225073         2.2260702494         5.6490593272
H61         2.0508106292         1.9191442354         3.9871706309
H62         1.5261805430         1.6710672732         1.6201467714
H63         1.5417100621         1.8532808005        -1.4849777248
H64         2.9344039048         3.8183189454        -1.9569073767
H65         2.2903945440         6.0468351389        -1.0864334548
H66         0.2338385822         6.2988354845         0.2730942105
H67        -1.1720197739         4.3404262506         0.7723684911
&

