&gen
basis=6-31G**
igeopt=1
dftname=PBE-D3
ifreq=1
&
entry_name: J1_9973_2111.in
&zmat
C1          4.5882598945        -0.7705927635         2.8335409735
C2          4.6581498169        -0.7701511413         1.3144670972
O3          3.4507554216        -0.2157259224         0.7157197108
C4          2.3997503840        -1.0703702574         0.5709703090
O5          2.3946198689        -2.2119110898         1.0232392383
C6          1.2545749201        -0.4339248373        -0.1983160101
C7         -0.0420111437        -1.2045576908         0.0375738592
C8          1.5619244513        -0.0956208549        -1.6818510681
C9          2.4600680348        -0.9213499301        -2.6275858571
C10         3.8932805044        -1.1833523277        -2.1546022137
C11         1.7382458368        -2.2176287163        -3.1272891034
O12         2.4192652194        -3.4213328206        -2.7298815405
C13         1.7783179044        -4.1183342941        -1.6503087199
C14         2.6310408771        -5.3076519644        -1.2944101639
C15         2.7277038941        -6.3967235547        -2.1783410584
C16         3.5405255004        -7.4922830255        -1.8670958503
C17         4.2641212572        -7.5087864726        -0.6648626674
C18         4.1740839635        -6.4255226346         0.2192020273
C19         3.3636922279        -5.3261647845        -0.0958535254
C20         1.5812060062        -2.2617749263        -4.6567266636
C21         2.9063685147        -2.2009284586        -5.4279393700
C22         0.7874933754        -3.5200363541        -5.0585120925
O23         0.1152458838        -3.3076960306        -6.3127126665
C24        -1.3251702181        -3.1882729452        -6.2624099488
C25        -1.7349552673        -2.7199163304        -7.6701593495
C26        -0.8665229580        -2.8982373849        -8.7596992762
C27        -1.2571267036        -2.5121982826       -10.0486407273
C28        -2.5209854606        -1.9509813097       -10.2683883575
C29        -3.3946218391        -1.7757115403        -9.1864122884
C30        -3.0049841226        -2.1570388551        -7.8977766109
C31        -1.9688396898        -4.5770747559        -6.0486102999
C32        -1.2055451550        -5.7376562023        -6.2573197230
C33        -1.7830944432        -7.0084759197        -6.1346215146
C34        -3.1395035253        -7.1417462234        -5.8126303517
C35        -3.9143680472        -5.9890984619        -5.6196713859
C36        -3.3357382735        -4.7197182094        -5.7372846777
C37        -1.7265026902        -2.1533928585        -5.1910436046
C38        -1.5350806501        -0.7822327947        -5.4576539278
C39        -1.7788393054         0.1842485457        -4.4764192136
C40        -2.2222131025        -0.1965098743        -3.2008102364
C41        -2.4089547677        -1.5546627113        -2.9199733115
C42        -2.1570268476        -2.5226245526        -3.9036007135
O43         2.0876679089         1.2229285439        -1.5035833659
P44         1.3167773937         1.5360291250         0.0931424746
C45         2.5028761049         2.9703906042         0.2871149054
C46         3.8427155872         2.8824626466        -0.1252587827
C47         4.7076743561         3.9715610515         0.0502859020
C48         4.2388592141         5.1618570627         0.6211154342
C49         2.8986308986         5.2596560684         1.0219304895
C50         2.0386405338         4.1662203626         0.8666278398
C51         0.9507507070         1.3971189140         1.9694353489
C52        -0.2382103858         0.8083110931         2.4576238677
C53        -0.4330509159         0.5761539140         3.8258712923
C54         0.5693988687         0.9077821321         4.7465696920
C55         1.7613880302         1.4773391032         4.2830217763
C56         1.9451287417         1.7205635516         2.9147297432
C57        -0.2343031299         2.3367069978        -0.5514281452
C58        -0.2988306488         2.6069366622        -1.9348512040
C59        -1.3881647511         3.2980707866        -2.4799041192
C60        -2.4400298943         3.7290016047        -1.6594678856
C61        -2.3746203088         3.4867720515        -0.2809419694
C62        -1.2792575556         2.8069754655         0.2702382924
H63         5.5314652700        -1.1656032245         3.2459853825
H64         3.7606372758        -1.4069013821         3.1791693138
H65         4.4362242379         0.2470706147         3.2230537696
H66         4.8056527425        -1.7884578419         0.9188646097
H67         5.4605769796        -0.1160356285         0.9397868825
H68        -0.0098902228        -2.1702199306        -0.4933075922
H69        -0.9032465611        -0.6394799008        -0.3528673610
H70        -0.1964611325        -1.4299153884         1.1016001679
H71         0.5669504645        -0.0466000737        -2.1851132592
H72         2.5350432439        -0.2450362036        -3.5013956958
H73         4.5017246405        -1.5630978912        -2.9896097034
H74         4.3449673921        -0.2516637105        -1.7833854136
H75         3.9326016880        -1.9520273827        -1.3688394315
H76         0.7087685528        -2.2353927710        -2.7125006053
H77         0.7644260690        -4.4481370957        -1.9703232675
H78         1.6644465450        -3.4680250257        -0.7644312177
H79         2.1602454039        -6.3764042354        -3.1154871794
H80         3.6090973451        -8.3374825087        -2.5594216937
H81         4.8964321924        -8.3677397337        -0.4183590274
H82         4.7379362629        -6.4359919273         1.1575350950
H83         3.2891590719        -4.4722382127         0.5862408153
H84         0.9620295840        -1.3893576111        -4.9335439164
H85         3.4372037674        -1.2473125625        -5.2745797239
H86         2.7145567447        -2.3071028196        -6.5083848458
H87         3.5706714364        -3.0211772697        -5.1087129615
H88         0.0701520418        -3.8061546998        -4.2706276309
H89         1.4729560404        -4.3764465515        -5.1914518462
H90         0.1208509135        -3.3296076816        -8.5842407557
H91        -0.5648952958        -2.6501768720       -10.8852714531
H92        -2.8234082232        -1.6478464713       -11.2754564244
H93        -4.3825402063        -1.3315844559        -9.3435254142
H94        -3.6862003033        -1.9945929077        -7.0578419353
H95        -0.1521054534        -5.6318855096        -6.5277944261
H96        -1.1669704834        -7.8985798456        -6.2965492192
H97        -3.5912899775        -8.1334916821        -5.7167213863
H98        -4.9772396653        -6.0762478470        -5.3731356308
H99        -3.9545457279        -3.8319238219        -5.5813776508
H100        -1.1834065776        -0.4777506040        -6.4474671358
H101        -1.6187446183         1.2427050304        -4.7034482017
H102        -2.4096147157         0.5640837442        -2.4368688864
H103        -2.7457915648        -1.8697622920        -1.9274586970
H104        -2.3034202118        -3.5791130969        -3.6647689159
H105         4.1939418741         1.9581358209        -0.5870697657
H106         5.7522781408         3.8901439831        -0.2671089088
H107         4.9142439904         6.0132930372         0.7517430382
H108         2.5216758113         6.1886319789         1.4615059741
H109         0.9971135342         4.2456181204         1.1943859814
H110        -1.0392957955         0.5357863392         1.7667371834
H111        -1.3732257245         0.1332378696         4.1701634632
H112         0.4223212867         0.7223100729         5.8150963268
H113         2.5568848641         1.7373974780         4.9891246739
H114         2.8825862074         2.1702606363         2.5774416661
H115         0.5365488718         2.2934029672        -2.5665010743
H116        -1.4092169188         3.5077098804        -3.5543275221
H117        -3.2929673559         4.2644838521        -2.0874602133
H118        -3.1739795562         3.8393569326         0.3783529996
H119        -1.2371218518         2.6648488208         1.3516935886
&

