&zmat
 C10             4.3124588988             0.2998533310             0.7954735436
 C9              2.8602272487             0.5052186182             0.3524872079
 C8              2.3224015665            -0.6677370494            -0.4815921170
 C7              0.8723353560            -0.4727606146            -0.9368633992
 C2             -0.1733141079            -0.6088038531             0.1682800571
 O1              0.1405427084            -0.9459078807             1.3149818872
 Si3            -2.0734512484            -0.3051488677            -0.1663185133
 C4             -2.6362512313             0.9312775298             1.1508754143
 C5             -2.3948894613             0.3541019976            -1.9167135983
 C6             -2.9201881154            -1.9797395561             0.0932945754
 H26             4.4118187747            -0.6069691276             1.4162273533
 H27             4.9841643860             0.1820459149            -0.0727597677
 H28             4.6803369693             1.1524626235             1.3894148808
 H24             2.2145019977             0.6339613044             1.2380823522
 H25             2.7785212365             1.4387082290            -0.2372530352
 H22             2.9674324415            -0.8186434206            -1.3666936565
 H23             2.3800864514            -1.5933675391             0.1191949314
 H20             0.5893088221            -1.2077289889            -1.7191899186
 H21             0.7249426720             0.5121506831            -1.4254744640
 H11            -2.2069787328             1.9316240924             0.9782287019
 H12            -2.3043648984             0.5853475102             2.1428694037
 H13            -3.7341616118             1.0296292906             1.1659639239
 H14            -1.8884378326             1.3192190540            -2.0837267967
 H15            -2.0397273046            -0.3510714470            -2.6863210876
 H16            -3.4738917061             0.5122013692            -2.0837501362
 H17            -2.6374340128            -2.7036533013            -0.6881965552
 H18            -2.6264834080            -2.3992160543             1.0688901537
 H19            -4.0178862989            -1.8764377842             0.0784855777
&

