&gen
basis=6-31G**
igeopt=1
dftname=PBE-D3
ifreq=1
&
entry_name: J1_10122_2111.in
&zmat
C1         -1.0260973913        -1.9758036687         1.1864426932
C2         -1.7675187265        -1.1297446738         0.1499913244
C3         -0.8298720896        -0.0816122626        -0.5110464433
C4         -1.1169833215         0.3255064074        -1.9499877674
C5         -2.1791329488        -0.4233099084        -2.7785774730
C6         -1.6127076777        -1.7041453433        -3.3911834684
O7         -1.5279920067         1.6394878182        -1.6646584268
P8         -1.1313805465         1.6465007476         0.0089332865
C9         -2.7872728299         2.3080062632         0.4313532820
C10        -3.9494875376         1.7494096129        -0.1312699543
C11        -5.2130385960         2.2527586981         0.1910316728
C12        -5.3364812305         3.3170570643         1.0847963967
C13        -4.1962315715         3.8753461785         1.6631039613
C14        -2.9312902890         3.3754062542         1.3425005928
C15        -0.6380648029         1.3998131366         1.7785663205
C16         0.7115149213         1.4893281948         2.1914373127
C17         1.0768008034         1.2671754859         3.5222150304
C18         0.1139703286         0.9209686354         4.4670155901
C19        -1.2152736453         0.7756626348         4.0791781274
C20        -1.5873220384         0.9947456317         2.7506789891
C21         0.1442473575         2.8900972023        -0.3770411000
C22         1.3858175368         2.4801502329        -0.9015940946
C23         2.3537594861         3.4216735131        -1.2614008424
C24         2.0828925965         4.7847870960        -1.1384189001
C25         0.8366692303         5.2068500659        -0.6733441106
C26        -0.1338361368         4.2675186439        -0.3113613628
H27        -0.2600937660        -2.6039195544         0.6835264902
H28        -1.7450789996        -2.6445345072         1.7049598121
H29        -0.5196526798        -1.3471107142         1.9434483751
H30        -2.6471569806        -0.6502625736         0.6224281003
H31        -2.1561595353        -1.8536481691        -0.5885895494
H32         0.2416630606        -0.3546072870        -0.3946324789
H33        -0.1674146434         0.3780323911        -2.5293429464
H34        -2.4991563685         0.2368645501        -3.6136081709
H35        -3.0901924693        -0.6524463429        -2.1929727243
H36        -0.8068479743        -1.4570991519        -4.1147495576
H37        -1.1961789574        -2.3728834655        -2.6101879089
H38        -2.4176944550        -2.2450905189        -3.9316820371
H39        -3.8882262635         0.9233946105        -0.8182633733
H40        -6.0981226485         1.8145614353        -0.2518567165
H41        -6.3158628930         3.7038010319         1.3350901002
H42        -4.2922275500         4.6910536144         2.3679819767
H43        -2.0680406676         3.8010309097         1.8364224599
H44         1.5061908435         1.7089150371         1.5023603304
H45         2.1145630685         1.3518887583         3.8183391457
H46         0.4014130526         0.7453571041         5.4955905111
H47        -1.9595330410         0.4778500033         4.8064916893
H48        -2.6219870536         0.8227321005         2.4924213705
H49         1.6168351620         1.4307086623        -1.0166236865
H50         3.3122751536         3.0933719537        -1.6420952942
H51         2.8311216443         5.5137637248        -1.4215572593
H52         0.6149373669         6.2644243655        -0.6100088705
H53        -1.1036430548         4.6320758157        -0.0211633352
&

