&zmat
 C6             -1.2628475822            -1.8846944530            -3.3663201461
 C5             -2.0376484604            -0.6805460218            -2.8192449648
 C4             -1.1730783825             0.2690901594            -1.9871989905
 O7             -1.8773307412             1.4768699047            -1.6972614134
 P8             -1.2461607534             1.6339035108             0.0110448928
 C9             -2.8375273648             2.4881471048             0.4862416217
 C10            -4.0384012581             2.2280582141            -0.1990736606
 C11            -5.2240914422             2.8746821941             0.1780219156
 C12            -5.2181355468             3.8117846168             1.2184556104
 C13            -4.0214202425             4.0941147159             1.8935374290
 C14            -2.8438957382             3.4235969451             1.5438765812
 C15            -0.7104793571             1.3677125939             1.8452885128
 C16             0.6236747330             1.5066402915             2.2756269608
 C17             1.0100383104             1.1515243862             3.5772080773
 C18             0.0685150269             0.6398731245             4.4794234981
 C19            -1.2647813710             0.4937454936             4.0715591589
 C20            -1.6457416555             0.8568282911             2.7732831387
 C21             0.0402664519             2.8623872683            -0.4751448367
 C22             1.3197506365             2.4385411330            -0.8881549782
 C23             2.2824501811             3.3718989973            -1.2968514618
 C24             1.9830235278             4.7401271224            -1.3011680097
 C25             0.7087478147             5.1672651571            -0.9034410700
 C26            -0.2574557892             4.2384695448            -0.4983039964
 C3             -0.7756214520            -0.1345253608            -0.5431108379
 C2             -1.5226985042            -1.2939057782             0.1578395630
 C1             -0.6585343286            -2.0395276710             1.1832839360
 H36            -0.4238855975            -1.5551710717            -4.0029313023
 H37            -0.8345265906            -2.5015516417            -2.5573953942
 H38            -1.9087602290            -2.5369764363            -3.9757403561
 H34            -2.4464707110            -0.0840441520            -3.6537001373
 H35            -2.9091410221            -1.0069181450            -2.2229490417
 H33            -0.2472258266             0.4885831927            -2.5699416157
 H39            -4.0200747316             1.5293470980            -1.0370907330
 H40            -6.1542151050             2.6504100203            -0.3533794230
 H41            -6.1429235305             4.3222703625             1.5051654990
 H42            -4.0060776529             4.8295771784             2.7038143293
 H43            -1.9230094220             3.6236472892             2.0992555168
 H44             1.3770900143             1.9138836566             1.5943542547
 H45             2.0518694947             1.2823565431             3.8878229516
 H46             0.3694374728             0.3619232167             5.4942948096
 H47            -2.0123923379             0.0985904019             4.7670778262
 H48            -2.6964275546             0.7519885299             2.4826035737
 H49             1.5763058547             1.3749852291            -0.8909144835
 H50             3.2711514524             3.0236046469            -1.6113257259
 H51             2.7358505038             5.4684347670            -1.6167681665
 H52             0.4596849930             6.2330173247            -0.9110531742
 H53            -1.2512134348             4.5870506860            -0.2047218071
 H32             0.3121083973            -0.2876946361            -0.4087199959
 H30            -2.4517114153            -0.9376913598             0.6381796713
 H31            -1.8519212860            -2.0131662662            -0.6119204868
 H27             0.2195794511            -2.4915290983             0.6900982412
 H28            -1.2277766733            -2.8519043518             1.6646076168
 H29            -0.2929771237            -1.3689449910             1.9755285169
&

