&gen
basis=6-31G**
igeopt=1
dftname=PBE-D3
ifreq=1
&
entry_name: J1_6205_2111.in
&zmat
C1         -1.1720674428        -0.2180357537         2.7932537602
C2         -1.2119290748        -0.2284626652         4.1218101583
C3          0.0802926131         0.0518951623         2.0723151881
P4          0.1251470239         0.0206405517         0.4425448748
C5         -0.9803417871         1.2502967681        -0.2739922688
C6         -1.4534297031         2.3283450568         0.4915053530
C7         -2.2751593055         3.2977258571        -0.0919887112
C8         -2.6140519014         3.2072517016        -1.4447299573
C9         -2.1244213497         2.1514932490        -2.2181614477
C10        -1.3025252195         1.1809055377        -1.6378679777
C11         1.7728860950         0.4287949442        -0.1642131843
C12         2.5543775619         1.3905733382         0.4961672174
C13         3.8079405703         1.7479826465        -0.0099001275
C14         4.2785785552         1.1667574365        -1.1901285870
C15         3.4902946344         0.2368299694        -1.8727206017
C16         2.2363078159        -0.1222613272        -1.3695128414
C17        -0.3444401657        -1.6483178228        -0.0527601202
C18         0.5942919178        -2.6890495448         0.0183029619
C19         0.2251201672        -3.9948638358        -0.3181417394
C20        -1.0883033930        -4.2730809137        -0.7057158664
C21        -2.0362345233        -3.2471449350        -0.7473880970
C22        -1.6697498272        -1.9401527441        -0.4120849764
H23        -2.0834898241        -0.4080510287         2.2389411955
H24        -2.1448652668        -0.4270196767         4.6330349505
H25        -0.3228695778        -0.0405445391         4.7111860616
H26         0.9934305733         0.2231568101         2.6273450283
H27        -1.1866633045         2.4263354011         1.5352790218
H28        -2.6441246661         4.1229116005         0.5033161137
H29        -3.2485701724         3.9594449912        -1.8952794434
H30        -2.3773672286         2.0879935464        -3.2685753284
H31        -0.9185718312         0.3753628491        -2.2511309203
H32         2.1941393467         1.8729117136         1.3951923444
H33         4.4105732588         2.4827838052         0.5081432303
H34         5.2477095086         1.4465891737        -1.5824209893
H35         3.8470895247        -0.1993780827        -2.7967622823
H36         1.6280916651        -0.8242781932        -1.9247409918
H37         1.6105972965        -2.4905168743         0.3341662574
H38         0.9556007476        -4.7921464070        -0.2719532048
H39        -1.3738935240        -5.2847466405        -0.9633415171
H40        -3.0572166154        -3.4659961218        -1.0322113870
H41        -2.4221831718        -1.1629350039        -0.4267811482
&

