&zmat
 C2             -1.2666237525             0.0562043873             4.3637259918
 C1             -1.1464644281             0.2103670569             3.0178468251
 C3              0.0778367397             0.1991723233             2.2525404312
 P4              0.1059586800            -0.0007105002             0.5504502644
 C5             -1.0603083812             1.1554304362            -0.2805974471
 C6             -1.4392160247             2.3318127662             0.3922337980
 C7             -2.2292690196             3.2880747265            -0.2581186066
 C8             -2.6227633203             3.0907612068            -1.5893622412
 C9             -2.2288505464             1.9303177986            -2.2710115272
 C10            -1.4520366650             0.9639308847            -1.6205760065
 C11             1.7782049614             0.3924810580            -0.0828923298
 C12             2.6717686011             1.1244887163             0.7205899971
 C13             3.9216869410             1.5025021071             0.2154691424
 C14             4.2776973089             1.1800997645            -1.1020612331
 C15             3.3797602765             0.4745079868            -1.9156225979
 C16             2.1345615698             0.0813829753            -1.4108585688
 C17            -0.3121802486            -1.6502436991            -0.1896713583
 C18             0.6832981639            -2.6356977356            -0.3603030877
 C19             0.3356570787            -3.9425069043            -0.7204313651
 C20            -1.0113002467            -4.2922083412            -0.8973793881
 C21            -2.0105134805            -3.3276012428            -0.7035477476
 C22            -1.6660020712            -2.0184500804            -0.3477893934
 H24            -2.2358428412             0.1435602606             4.8594448175
 H25            -0.3974758371            -0.1453267190             4.9980368697
 H23            -2.0706887698             0.4025514397             2.4516005160
 H26             1.0071267287            -0.0971487013             2.7526180220
 H27            -1.1030817128             2.4837792350             1.4224216287
 H28            -2.5316418281             4.1943816738             0.2750481282
 H29            -3.2317434109             3.8440048534            -2.0985931210
 H30            -2.5292706717             1.7751615408            -3.3117473089
 H31            -1.1579995374             0.0538198342            -2.1520782543
 H32             2.3676211630             1.4076850893             1.7324792641
 H33             4.6154047682             2.0616708920             0.8504201428
 H34             5.2503344902             1.4870816784            -1.4983405793
 H35             3.6489540056             0.2286186467            -2.9472768211
 H36             1.4414446633            -0.4778236587            -2.0465848124
 H37             1.7367135120            -2.3755710467            -0.2164698408
 H38             1.1204934097            -4.6914810973            -0.8649112906
 H39            -1.2812823873            -5.3143955982            -1.1787764760
 H40            -3.0639327149            -3.5946019701            -0.8331543375
 H41            -2.4536560006            -1.2725507243            -0.1999671483
&

