&gen
basis=6-31G**
igeopt=1
dftname=PBE-D3
ifreq=1
&
entry_name: J1_10276_2111.in
&zmat
C1         -2.8444809248        -1.1445841983         2.0339202682
C2         -1.3871765688        -1.1253804834         1.5836329473
C3         -1.2251652944        -0.3743334521         0.2538791047
C4          0.2663432330        -0.1940051788        -0.1176941185
C5          0.5044549206        -0.1543537724        -1.6131727664
C6          1.4983928455        -1.1923529004        -2.0910111647
C7          1.2205128065        -2.5540876745        -1.8917727124
C8          2.1159134215        -3.5324174494        -2.3315110727
C9          3.2961116700        -3.1721619194        -2.9904619806
O10         4.1654149692        -4.1914127176        -3.4065693865
C11         5.3991581163        -3.9693013194        -4.0818103201
C12         3.5678370723        -1.8096700182        -3.2146406503
C13         2.6716190711        -0.8301534407        -2.7777406631
O14         1.0319876264         1.1501912445        -1.6542409890
P15         0.9204237019         1.5014444638         0.0245904130
C16         2.7257017269         1.7387333280         0.0156752025
C17         3.5801833188         0.6217419484         0.0941787494
C18         4.9659183829         0.7765112809         0.0066511808
C19         5.5164723196         2.0432147038        -0.1907966457
C20         4.6798797956         3.1531044987        -0.3186478744
C21         3.2924210003         3.0014084492        -0.2334385587
C22         0.7045945600         1.6347107202         1.8604038023
C23         1.6969995783         1.1820141902         2.7605124551
C24         1.5015796450         1.2438877818         4.1431865920
C25         0.3041409828         1.7290162184         4.6629633241
C26        -0.7091886292         2.1380286222         3.8004446602
C27        -0.5207538776         2.0794810321         2.4177161066
C28        -0.0962010828         2.9794444488        -0.3350385368
C29        -1.1838280705         2.8988224062        -1.2259773561
C30        -1.9654531338         4.0249248828        -1.4992454363
C31        -1.6778651554         5.2441772978        -0.8839713451
C32        -0.6114766813         5.3381209580         0.0112598041
C33         0.1734463804         4.2153396619         0.2871387664
H34        -3.4799421678        -1.6330291526         1.2648042672
H35        -3.2065502776        -0.1085776712         2.2070217827
H36        -2.9327908223        -1.7139099801         2.9830805492
H37        -1.0340878701        -2.1723471208         1.4589880073
H38        -0.7748224096        -0.6554020225         2.3795561380
H39        -1.7476960524         0.6015695053         0.2969111585
H40        -1.7369050068        -0.9805628747        -0.5256036494
H41         0.9263699867        -0.9193302620         0.4072770700
H42        -0.4230380851        -0.1997804077        -2.2244612707
H43         0.3111651964        -2.8577198358        -1.3874615237
H44         1.8911263959        -4.5774585934        -2.1596972069
H45         5.2180542978        -3.4521166835        -5.0476940573
H46         5.8811325122        -4.9469597180        -4.2872890200
H47         6.0790820480        -3.3642041737        -3.4455119306
H48         4.4670462742        -1.4968451363        -3.7274482434
H49         2.9045594534         0.2090085345        -2.9711477859
H50         3.1783340759        -0.3715379915         0.2349192383
H51         5.6123608066        -0.0880454162         0.0846578255
H52         6.5897837172         2.1623060551        -0.2628544036
H53         5.1059706804         4.1308278168        -0.5033046163
H54         2.6777169347         3.8687316748        -0.4026369797
H55         2.6239058495         0.7565037944         2.4233803843
H56         2.2788774811         0.9007939935         4.8139487366
H57         0.1545570315         1.7702318824         5.7341019906
H58        -1.6505762733         2.4893938008         4.2028540471
H59        -1.3537989015         2.3680381422         1.7938383763
H60        -1.4350193254         1.9673525569        -1.7125713620
H61        -2.7971765874         3.9509066524        -2.1879060855
H62        -2.2859924152         6.1142161040        -1.0951909850
H63        -0.3975309700         6.2800932743         0.4994673955
H64         0.9693223233         4.3058161698         1.0143129860
&

