MAEFILE: J1_1137_2111.01.mae
&gen 
basis=6-31g** 
igeopt=1 
dftname=pbe-d3 
ifreq=1 
&
&zmat
 C1             -1.3076925511             0.6323799518            -0.2374662995
 C2             -0.3881066611            -0.5155153007            -0.6728103833
 C3              0.6734398554            -0.8656710359             0.3756863244
 C4              1.7633448951             0.1722921335             0.5431150574
 O5              1.8759914247             1.1834919288            -0.1331698713
 H6             -1.8354982884             0.3875318634             0.7006880051
 H7             -0.7276788295             1.5538221181            -0.0749083036
 H8             -2.0702985261             0.8430445048            -1.0043393051
 H9             -0.9867714635            -1.4174519216            -0.8889948795
 H10             0.1247242209            -0.2403346633            -1.6108977225
 H11             0.2244253708            -1.0422062424             1.3745089992
 H12             1.1910967944            -1.8171970748             0.1348732361
 H13             2.5091081356            -0.0609393212             1.3538321110
&
&guess  basgss=6-31g** numd=6
    1 Orbital Energy   -18.772793 Occupation  1.000000
 -0.000015559899157 -0.000093829094951  0.000039880702277 -0.000024447330340
 -0.000017402820678  0.000682981659631  0.000187662119946  0.000193526327495
  0.000145307041029  0.000024287986378 -0.000006161241078 -0.000021590709592
  0.000023395408119 -0.000004198853715 -0.000011259574467  0.000036351239847
  0.000129403500687  0.000024251934475  0.000053060325318 -0.000011926264488
 -0.001288424306910 -0.000544900593383 -0.000058319668872 -0.000539078212319
  0.000068338966939  0.000087273986876  0.000035462426489  0.000055564191403
 -0.000029959285179  0.000026329190538 -0.000018107365742 -0.000074062144317
  0.000050718012619  0.000020668746871  0.000043456019849  0.000689545545797
 -0.000765324558136  0.000388957337645 -0.000959841219898  0.000011133205954
 -0.000036315817827 -0.000001809056782 -0.000021330142463  0.000039441362278
  0.000002377782481  0.000018102031023  0.000521321885685  0.000004938734212
 -0.000014569102011  0.000008474687157 -0.002954070272289 -0.000025231052321
 -0.002379692927126  0.001798682878270 -0.000028667382713 -0.000573999615051
 -0.000278446052681 -0.000057335930504  0.000050214657650  0.000415413018798
  0.992475499980589  0.026711915257310 -0.000087866802052 -0.000907273892451
  0.000601469396016  0.014164365602678 -0.000257835435590 -0.001283291978536
  0.000809839574143 -0.008642809113813 -0.008312591175869 -0.008507486597080
  0.000040825840030 -0.000056588960511 -0.000245969390947 -0.000038711858195
 -0.000080218843760 -0.000011930112881 -0.000018193688069 -0.000001725595038
  0.000040307083221 -0.000518757946209  0.000025565916696  0.000041857002612
  0.000004885143314 -0.000017650966050 -0.000021093231557 -0.000007726012779
 -0.000003062281914 -0.000002287954625 -0.000003110521494 -0.000096319868466
 -0.000010655741991 -0.000031603749732  0.000010814922802  0.000115515832420
 -0.000104001708654  0.000040086639107  0.000018775739392 -0.000001131958666
  0.000016925426149  0.000094137933192  0.000016054860539 -0.000052090307748
  0.000004648083081 -0.000011100445831  0.000061091998373 -0.000004034630149
 -0.000023759316748  0.000050451896225 -0.000030035402348 -0.000409586432273
  0.000033787379334  0.000004581629302  0.000023751015863
    2 Orbital Energy    -9.984522 Occupation  1.000000
  0.000003815481114 -0.000044297292414  0.000068251166511 -0.000013876070639
  0.000030047329188  0.000402756805713 -0.000024282642814  0.000096753463346
 -0.000090122545165  0.000046351714938  0.000004928020897  0.000017604889803
 -0.000002270219686  0.000032490434504 -0.000024954736566  0.000087870277279
  0.000222054393083  0.000052499401400  0.000047872757065  0.000037275538839
 -0.001010493145025 -0.000418082831346  0.000005995758936 -0.000559845110468
  0.000040763911150  0.000064202536336  0.000051903584890  0.000018297426804
 -0.000063499930978  0.000047849247563 -0.000864811607700  0.000029421202946
  0.000291590292041  0.000265688974995  0.000050744566144 -0.002892116625977
 -0.002120523623820 -0.001239990469541 -0.000811951193063  0.000356902977687
  0.000352007310171  0.000182718883497  0.000184785236872  0.000045418648359
 -0.000003878670447 -0.992395271951245 -0.052331100813083 -0.000116679813858
 -0.000828961898847  0.000532045140420  0.009824784361737 -0.001199482987022
 -0.003039486716916  0.001217627842485  0.010391205457896  0.009661263463131
  0.010048330487880 -0.000109721365814 -0.000061997215470  0.000672680526111
  0.000082875804952 -0.000308422701312 -0.000029830861123 -0.000191455202043
  0.000103372091625  0.002800917616614 -0.000024243747968 -0.001658819048304
  0.001312804418794 -0.000352259005080  0.000184362360738 -0.000102092235066
  0.000087374167357  0.000030961686391 -0.000499697286396 -0.000026256084866
  0.000080150357467  0.000021492081565 -0.000009342781103  0.000002681609236
  0.000064738462915 -0.000313518360607  0.000016228942875  0.000027021273474
  0.000002030186748 -0.000041454475750 -0.000180582746627 -0.000025434525708
  0.000011451193442 -0.000018948531856  0.000013141284100 -0.000209841474616
 -0.000025691622188 -0.000020119593917 -0.000005403413271  0.000070491679520
 -0.000126791064934  0.000040394239632  0.000012452178467 -0.000005367986626
  0.000123425846721 -0.000345156837068 -0.000046466101256 -0.000072576011677
  0.000067584137600  0.000129559601942 -0.000360083512529 -0.000004358504207
 -0.000114904311234  0.000008448537907  0.000458919561118 -0.002100841605127
 -0.000118361633912  0.000191317472379 -0.000241535421470
    3 Orbital Energy    -9.912702 Occupation  1.000000
 -0.000435025413394 -0.000382745503249 -0.000126494567087  0.000091757732035
 -0.000092202033914  0.001410434231688  0.000737907097371 -0.000472548788258
  0.000677230703022 -0.000128258997586 -0.000131973664710 -0.000118890216790
 -0.000041693541984  0.000015247485276  0.000011085485890  0.004651127473597
 -0.000020840263086 -0.000057201309770  0.000049022578038 -0.000067124427386
  0.004816337203620  0.002164534749018 -0.000889361855557  0.001360677484704
 -0.000290188101243 -0.000232398062725 -0.000326727997698  0.000076575822124
 -0.000145451257520  0.000071488972693  0.992672995045874  0.053854637685833
  0.000094051568028 -0.000095974518363  0.000152293508518 -0.022697447924120
 -0.000514288032534 -0.002224589888467  0.000877546704903 -0.009658146111731
 -0.009571038309711 -0.009529772102108 -0.000157878766549 -0.000181466842989
  0.000053214582583 -0.001079065827018 -0.000478220440724  0.000145531539279
  0.000134865720432  0.000046790485815  0.006807934551520 -0.003052405343729
 -0.001766249840888 -0.001268441685800 -0.000308044225485 -0.000343516451371
 -0.000107617657549 -0.000217457744663  0.000054365496201 -0.000095536827639
  0.000012952831882  0.000048176741653 -0.000030416258359  0.000005626491626
 -0.000020858511483 -0.000918837447761  0.000508371066841  0.000359901579098
  0.000140631486947  0.000026845018043  0.000011219614163  0.000072111607982
 -0.000014715859558  0.000120488749444 -0.000085833307817 -0.000127532453739
 -0.000464985955692 -0.000076804847153  0.000038371313342 -0.000025722163397
 -0.000088727291402 -0.000374077509158 -0.000073945957059  0.000051688654437
 -0.000050526915223  0.000006829751195  0.000665031895944  0.000057018697514
 -0.000018868212294  0.000026217992248 -0.000153288105061 -0.000193864551653
 -0.000024251109092  0.000023965156790  0.000020374337859 -0.000203724989536
 -0.000047966686302  0.000014761595135 -0.000004934059642  0.000061972515376
 -0.000067826736491  0.002813692381422 -0.000164150791932  0.000059729859722
  0.000285681528393 -0.000106188000283  0.002624162695208  0.000197870642052
 -0.000263908886434 -0.000156109841728 -0.000099495102580  0.000495264967298
  0.000035548864592  0.000067099153343 -0.000022083974530
    4 Orbital Energy    -9.901103 Occupation  1.000000
 -0.003364658952047  0.000211114143816  0.000046012520419 -0.000101963645593
 -0.000073862832003 -0.005777650540949 -0.001628911095731  0.001881668115839
  0.000686070519923  0.000265890265368  0.000381020805075  0.000241891895228
 -0.000163112273339 -0.000077603254679  0.000123308679666 -0.992690329127683
 -0.053396097189531 -0.000105252799046  0.000047089341576 -0.000057929884040
  0.021699005965697  0.000429886830508  0.000930151350843  0.001734219503711
  0.009558628618643  0.009485517414213  0.009503736743986 -0.000240844997402
  0.000099412184930  0.000008867955983  0.004868209515092  0.000602996839937
 -0.000109377154764 -0.000013991623881 -0.000111345838504 -0.005637102181106
  0.002156605992322 -0.000496139384643  0.001750985765609  0.000243201953814
  0.000077619921726  0.000275442904202 -0.000035952163428  0.000221647280381
 -0.000036212737659  0.000000948287690  0.000224756266250 -0.000111515441789
  0.000037429357572 -0.000142703034034  0.000468252190560  0.000387172894360
  0.000495701384477  0.000091341739801  0.000053550445750  0.000068240631954
  0.000105177844211 -0.000042441837564 -0.000030812032543  0.000016117539061
  0.000076138416260  0.000304335227141 -0.000080339085145 -0.000056901024247
  0.000006275313263 -0.001408965708687  0.000205521973904  0.000399139379791
 -0.000252707573912  0.000229130619971  0.000191820707959  0.000249409427923
 -0.000058511914194 -0.000025359674020  0.000080821171274  0.000212182536478
 -0.000050658373294 -0.000025813881769  0.000012479501579  0.000035973163549
  0.000184102746468  0.000090136553597 -0.000007816572734  0.000039410056949
  0.000011692098971  0.000189470422866  0.000197623112228  0.000011848199587
 -0.000019771511033 -0.000017231771760  0.000139855449260 -0.002701014389022
  0.000196054228698  0.000260119072738 -0.000004055363848  0.000056706314071
 -0.002837827993904 -0.000176174412314 -0.000135997814185  0.000200510626250
  0.000206924199395  0.000100971167769 -0.000009088608706 -0.000004232919906
  0.000020960202233  0.000171359815688  0.000184387466088 -0.000032842641544
 -0.000007727551496 -0.000018844340928 -0.000021149064861 -0.000460414399857
  0.000040950069705 -0.000019318845873  0.000038401798999
    5 Orbital Energy    -9.885167 Occupation  1.000000
  0.992564197750948  0.053159782396325 -0.000046652273744  0.000002618477613
  0.000058531589643 -0.018394396572241 -0.000949124436067  0.000908506197803
  0.000094356073246 -0.009717470720824 -0.009793557231068 -0.009638585788808
  0.000123196230725  0.000057671400203 -0.000074460572133 -0.003594473926628
 -0.000407933188470  0.000094123225441 -0.000168534198234 -0.000091518055988
  0.004162640469742 -0.001668874287581  0.001831792339117  0.000460245509127
 -0.000263843905017 -0.000308563401096 -0.000178354619658  0.000165274460040
  0.000043351371270 -0.000095518789947  0.000285435310632 -0.000344046847814
  0.000118107660845 -0.000149365756127  0.000018163932601  0.001365799593033
 -0.000419271547238  0.000976391240411 -0.000072978997283 -0.000109322123991
 -0.000160832098005 -0.000113553972204 -0.000012747661044  0.000039279751204
  0.000008650415143  0.000011710112657  0.000070881458192  0.000063179837160
 -0.000018663389618  0.000001852910749 -0.000752387645590  0.000304979729178
  0.000078096320806  0.000163612605368 -0.000062360039548  0.000021157414943
 -0.000030729343893 -0.000010685345371 -0.000019809640314  0.000033393146966
  0.000013266119674  0.000045464670846 -0.000021787874459  0.000004666586088
 -0.000001247442706 -0.000057023595400  0.000075437640658 -0.000098281071486
  0.000029977213383  0.000021044927651  0.000067417692909  0.000050195633685
  0.000000945652841 -0.000014118752446 -0.000006422157477 -0.000201850494232
  0.002869390784979 -0.000084051136801 -0.000110752751073  0.000247166780211
 -0.000207863547330  0.003007495468088  0.000185023006397  0.000160556749987
  0.000038154876592 -0.000255400154140  0.002581662996075 -0.000182978247310
  0.000021497920632 -0.000234958216335 -0.000146212523072  0.000125825180047
  0.000026255227184  0.000049488263621  0.000027033705813 -0.000158271765390
  0.000141548413545 -0.000031922534009  0.000005212182240  0.000050699406508
 -0.000092408554218 -0.000217901080326  0.000046336815579 -0.000066658872661
  0.000000886125061  0.000022539844059  0.000580527295098 -0.000048278088390
  0.000045753193666  0.000009452935235  0.000023710546074 -0.000017887810575
 -0.000021451823115 -0.000006357620227 -0.000014548759061
    6 Orbital Energy    -0.949170 Occupation  1.000000
  0.002110970868712 -0.003436181972667 -0.002342072643895  0.000747447664266
  0.000047678494816 -0.001408895414632 -0.000507368726500  0.001016145149285
 -0.001106454666573 -0.000337054685684 -0.000056570095070  0.000315342254471
  0.000154148113294  0.000016572414320 -0.000048080686977  0.005848144339977
 -0.011325236337014 -0.005835139313312 -0.001784385041624 -0.003303571243157
  0.008430503862534  0.002620108723740 -0.005499717146620  0.003540245591650
 -0.000862502993736 -0.000157930657601  0.000028927830516 -0.000640443006291
 -0.000596692068534 -0.000237411504330  0.018594905692777 -0.030662761326114
 -0.015589917121683 -0.020989742885882  0.002200880403960 -0.023755733679982
  0.008873954907191 -0.006250993679084  0.014105164265615 -0.001734070111040
 -0.003610821735037  0.001453348358910 -0.004551338792482  0.000059009949775
  0.000606183961441  0.117981132529186 -0.227443874740680 -0.012556745760667
 -0.150084714016981  0.104153648339288 -0.082104792087333 -0.001713997492310
  0.024220250500942 -0.019930392765889  0.018117460052052 -0.010218053139199
  0.006081229519337 -0.003857015528049  0.003422128703273  0.021288964119783
  0.194234973614220 -0.424241369723329  0.016770135962678  0.137962265249574
 -0.091074940687464 -0.393908700716358  0.006866642384723  0.048028077847714
 -0.030937707870021  0.008368842121578 -0.005565372222646  0.001680407796611
 -0.000183527972556  0.004056221089871  0.008632989533742 -0.000698584710913
  0.000710368227127 -0.000038065894508 -0.000015194089293  0.000086420399647
 -0.002259131223230 -0.003208149506572 -0.000598790410806  0.000273804784154
  0.000023322683224 -0.000687451767114  0.000166359209403 -0.000038499478302
 -0.000040534161733 -0.000058639266535 -0.001894456078902 -0.002305851695629
 -0.000171214768579 -0.000024698745932 -0.000083150013398 -0.003789247206827
 -0.002050920556100 -0.000365974692747 -0.000086896884276 -0.000604145331834
 -0.005855998279674 -0.000308579315611 -0.000352446956847  0.000289215249180
  0.000463363446814 -0.005782025563306  0.000853391548319  0.000361753910850
 -0.000293308500035 -0.000505664912271 -0.028350755177984  0.009147005406435
  0.003068072793560 -0.002995538745319  0.004894415854950
    7 Orbital Energy    -0.720214 Occupation  1.000000
 -0.080841467805727  0.150766369685726  0.034115202846491 -0.038633594434965
 -0.007898589547883  0.118508239149689  0.004931127828423 -0.004312621706027
 -0.000533002976880 -0.000645136459295  0.000500035617384 -0.003756416957737
 -0.005032141026149 -0.001241727782296  0.001639691310184 -0.130701653808121
  0.243915976732055  0.022039094287113  0.007283926782815  0.044363042864241
  0.199263569039325  0.001910785861170 -0.000411554858995  0.008058902766715
 -0.000872678862339 -0.003890875057791 -0.002246242774911 -0.004570781767931
  0.004233233149787 -0.000091500772647 -0.139137926398794  0.260798143743267
 -0.016494589509320  0.021784793399614 -0.022652575186738  0.224994801987998
  0.001016184864229  0.005503729488135 -0.002144246024951 -0.000312007699691
 -0.005080922545475 -0.002634666910583 -0.000315737124645  0.005418114908704
 -0.001122818452989 -0.040169238491632  0.078907456773031 -0.063937380500337
 -0.096851908146680  0.019334875046394  0.053041778866118 -0.005005036087828
 -0.015476268684782  0.007837241690505  0.005502129420690 -0.002438037703421
 -0.002858862638912  0.004991204396458  0.003008500532971  0.005368146078126
  0.038735971316431 -0.088798036405823 -0.014131657070302  0.002995032858875
 -0.013517434031762 -0.087431910192926 -0.007137426221065 -0.002806288776664
 -0.003202396978607  0.001231982123626  0.001549249941055 -0.000587303040142
  0.002172812193939 -0.000115742001681 -0.000009053996783  0.043174151103754
  0.009799839330247  0.002671267279316  0.000271724395225 -0.003593132647717
  0.042318164417914  0.005761932618610 -0.001738052539056 -0.004035357916294
 -0.000560459908408  0.039091067442344  0.007144470269657  0.003008084230330
 -0.001167317782658  0.002589871836816  0.068023979690139  0.011917790836230
  0.003960803201529  0.005474041791470  0.001788482599657  0.067898712622653
  0.011021496605959 -0.002873998376907 -0.001783951901995  0.006111234454936
  0.078421410447682  0.016547286048236  0.002917171737877  0.001571678124948
 -0.007018744186249  0.076822782536311  0.015712630152574 -0.003458336057969
  0.006697400161864  0.001506053856746  0.021994393944732  0.002078545141552
 -0.001832235833921 -0.000771682129786 -0.000971193352359
    8 Orbital Energy    -0.641924 Occupation  1.000000
 -0.135817876063422  0.258128468429706  0.008576955204257 -0.020228722484799
 -0.015288035756800  0.232821253138957  0.000367969741136 -0.004549661234475
 -0.001677765757407 -0.004362626671154 -0.002698986665915 -0.004711153394059
 -0.002272253763247 -0.001390482387017  0.001792094490094 -0.069775400295401
  0.133411053920672 -0.085106203288328  0.061196004340668 -0.021486929467859
  0.120576590665562 -0.017879667373704  0.013694159404844 -0.004134534761375
 -0.003274202046033  0.002720581453028 -0.005511359413008 -0.003752905365381
 -0.006549001681914  0.003838602263094  0.106952868706089 -0.206421584880632
 -0.085419232029690  0.000307385527993 -0.047376087021737 -0.196365260737782
 -0.021961172245579  0.003305970291922 -0.014143253651408  0.002498236541048
  0.002100178017517  0.005027278613826 -0.004809622682820  0.001798238581855
 -0.002564028742461  0.073713493747890 -0.149220477646970  0.046172679756787
  0.118603764939317 -0.041966639870665 -0.116831798068240  0.006300537818229
  0.033793298906709 -0.016790592952086 -0.001637253082979  0.002936076214923
  0.004599957049340 -0.005326980829247 -0.002245207101527 -0.004361878907556
 -0.038853357638142  0.089439749447519  0.004762336240497  0.015893661734110
 -0.003088221194540  0.094227962944040  0.001281489571449  0.012863547460958
 -0.006006914259587  0.000350964114098 -0.003351699388172 -0.000304395691723
 -0.001488158338191  0.000017573497930  0.002212073490454  0.083158079122769
  0.021829498044564  0.003521195221928  0.001533893505086 -0.006705827572991
  0.081837581889290  0.022278924750466 -0.004112046267992 -0.006442094709899
 -0.001386494846119  0.088613345318924  0.026391830687461  0.005796257879190
 -0.001910328182147  0.005382286551137  0.045967546290261  0.014063328566816
  0.001061591981298  0.004203397857441  0.000520220115701  0.043087768389057
  0.012553155513330 -0.003094815444044 -0.000164278247816  0.002977266588209
 -0.074180263127028 -0.019336389895826 -0.004405896702392 -0.000941836688807
  0.005037030494221 -0.083537410449436 -0.024781056071784  0.001945853107493
 -0.006478279015560 -0.002283988865905 -0.058464761997943 -0.017277996062522
  0.003957418845827  0.000544808050442  0.003027202770209
    9 Orbital Energy    -0.552537 Occupation  1.000000
 -0.113344207683770  0.221794219515395 -0.056715593045547  0.072177111280775
  0.030108194141018  0.228776580747182 -0.014770287367252  0.022612838471916
  0.013388646534034 -0.004301625770492 -0.007432171358591 -0.001656422093793
  0.005491500116224  0.002323460231374 -0.002918127795433  0.106061339902218
 -0.210879159849809 -0.062681279920688  0.096819846240144  0.034429638498243
 -0.209904676118310 -0.020033172086738  0.028880158729052  0.011215367547054
  0.004660798659339  0.006175119244619  0.001941248303180 -0.005439803904728
 -0.002180993429631  0.003938515180797  0.008174447167042 -0.015148570354533
  0.120518721734023  0.046220747464160  0.109017494556265 -0.019932186595498
  0.032553466758114  0.016491834161615  0.034358060348620  0.002383168912103
  0.002892169168624 -0.004775799612349  0.004998243460069 -0.003814562787379
  0.003006835917520 -0.086764851471107  0.180446903470379  0.016828934345743
 -0.083711026309766  0.090868831031538  0.167482236009957  0.004084669208227
 -0.036218532516695  0.036389799078528 -0.000693789059490 -0.006079078815945
 -0.004651857089818  0.000369223871930  0.001898481933571  0.002108583870169
  0.041276801539531 -0.096372194050045  0.006890772730860 -0.030138435122723
  0.038973624679193 -0.111478440475949  0.001816604200433 -0.019519358051787
  0.022956468820666 -0.000647633058777  0.002848721575463  0.002055171460754
 -0.000097851691255  0.000559134550334 -0.004980010672233  0.100000577779761
  0.040588922866344  0.002959597709669  0.002869950555466 -0.006355293028367
  0.097838695411949  0.034049955349340 -0.005296723667868 -0.005559235704712
 -0.000546915973604  0.098136734837648  0.042052362050195  0.004599923570649
 -0.000426449316362  0.005996313216821 -0.102037744747660 -0.044129824193159
 -0.005596084038217 -0.004953405935122 -0.001227512711663 -0.093423279877151
 -0.038399922961555  0.002546052243493  0.003491700066491 -0.005835212812914
  0.013514003694494  0.008677004355386  0.002153803575390  0.001358219811257
  0.000899135569142 -0.009279015029697 -0.003222167917492  0.002731720699117
  0.000267095731862  0.001854318742714  0.106749998688358  0.046984006422964
 -0.005417594848451  0.000320007099344 -0.004678018216064
   10 Orbital Energy    -0.487422 Occupation  1.000000
  0.031953142611304 -0.064134153857567  0.036372059249084 -0.062637760898384
 -0.066405706185333 -0.065760205480077  0.009082592779194 -0.016249847142441
 -0.023246805377867  0.001061361803546  0.003130546607857  0.000414053478518
 -0.003835405238159 -0.002207352580425  0.004192940229568 -0.073061067847748
  0.148623622432376 -0.036711833085207  0.001080609901954 -0.125412630951544
  0.168421187683605 -0.014766779893260 -0.005724430540830 -0.049116253436994
 -0.002684037779978 -0.001876096107853 -0.004441065793777  0.005141389684236
 -0.004992900988326  0.001126515279296  0.080777144565390 -0.162863887661252
  0.054939068649510  0.098257043588351 -0.063955272019332 -0.198109248319132
  0.014967345551743  0.032620987649810 -0.028754303090959  0.008348707517216
  0.000742377930153  0.001859393095940  0.006169341979903  0.008684674815230
  0.001292925171297 -0.104500174676939  0.224590790329664  0.133839654976250
 -0.024683882689970  0.117242091199277  0.230018712864075  0.036000491520361
 -0.030555609354123  0.046497238865631 -0.002451870694957 -0.012105005110856
 -0.002419429913985 -0.003236556191026  0.006199896820099  0.003208782485759
  0.063020886502161 -0.143108917088396  0.046640759059191 -0.092893198565909
  0.098087159940144 -0.205974425646833  0.022279257867989 -0.048688142285603
  0.049344220039359 -0.001117707383253  0.006732381613596  0.006197346709617
 -0.002521921191825  0.003588544350733 -0.009281256934301 -0.056890176253794
 -0.034210494041717 -0.001736017137394 -0.001595283286720  0.002175683159354
 -0.048255586911934 -0.034535412480230  0.001982649346362  0.002159121967199
 -0.000550141448096 -0.022496938279003 -0.011446245121510 -0.000377851538368
 -0.001095730665362 -0.002572072012739  0.081910643766664  0.037275795465883
  0.002265073020954  0.004947251008553 -0.001209179796074  0.102482507792565
  0.045106319398540 -0.003997489434699 -0.002145079162261  0.004080713928798
 -0.118304125129521 -0.064167038779972 -0.001937496221368  0.000456679252955
  0.006580846304748 -0.092294132999170 -0.048097445430803  0.004254006447307
 -0.003738630825772 -0.002693260427558  0.176616355730917  0.099555647388346
 -0.006247589388326  0.002216580792742 -0.007216344215271
   11 Orbital Energy    -0.433106 Occupation  1.000000
  0.001745274371957 -0.004286850682269  0.089122515098645  0.068536783419918
 -0.018772671711618 -0.002715751380280  0.035553687162484  0.029536156688256
 -0.001879568515107  0.004480006035983 -0.002057071580840 -0.002413026498883
  0.001080855062866 -0.000374399175188  0.001194819456807  0.004272481903557
 -0.009421742336133  0.144165241435643  0.149239718242375 -0.030443708636722
 -0.012729160678354  0.060299036852534  0.071450372323922 -0.018803568444335
  0.002685211415234 -0.003872454622454  0.000870029964831  0.001324281748939
  0.000146204823937  0.001965122434711  0.002564768034913 -0.002927962584675
  0.102827248718962  0.230201150253532 -0.111902269115883 -0.003924583004202
  0.035459215294644  0.095877881921636 -0.054436901042769 -0.002409629855934
  0.005369730786564 -0.004478328023491  0.005561286649475  0.000637373156798
 -0.004409103229490 -0.022447372167862  0.051888089868798 -0.242120805749005
 -0.055708286434182 -0.172463898509761  0.042981576155423 -0.081615208865357
 -0.018989188028115 -0.057943291847899 -0.000299925447504 -0.006720216882360
 -0.000275294131910 -0.002975627139473  0.003900704337700  0.002711017509946
  0.027755240963071 -0.062668300539433 -0.163027971153370 -0.109854520341349
 -0.056476548208582 -0.102578289109367 -0.089584916446528 -0.057345766199259
 -0.032556499423655  0.002532398102085  0.009618358633079 -0.005990656896555
  0.011931713844581 -0.005400706153668  0.000729634448529 -0.043039353800506
 -0.035712522062669 -0.000135983366606  0.001330607270284  0.001820894181828
  0.055458070327682  0.035941987013615  0.001206377940022 -0.002085196587369
 -0.000991450831291 -0.020428756247960 -0.012576618901116  0.000679764126094
  0.001666206049494 -0.001212098260232 -0.108143088097694 -0.071930513879997
 -0.001472358240048 -0.002699335471510 -0.002683330400587  0.066732768465289
  0.041692540696770  0.001716171099719  0.001883569018147  0.003453953234904
 -0.104617610428427 -0.075696935004278 -0.000694851657927  0.002803535198287
  0.003841487861629 -0.074672483711716 -0.054282442436069  0.003982237261675
  0.000164300870653 -0.002993955738968 -0.116658142197641 -0.091196411613510
  0.002046464396516 -0.002219637986200  0.003243806085862
   12 Orbital Energy    -0.410131 Occupation  1.000000
  0.018007727985842 -0.036678661452127  0.103418847984381 -0.105301364438825
  0.099836899007860 -0.049996255077291  0.049027431882768 -0.042741465445601
  0.051092516694022  0.000478620511547  0.003597064677793 -0.002799403518140
 -0.003539338057274 -0.002245530145649 -0.001676673664271 -0.018944361776879
  0.041152899063820 -0.045255345577253  0.035775764487572  0.178102688844778
  0.042418249250430 -0.024813521622338  0.014703384825399  0.065683829166618
 -0.006375234278980 -0.003235473123087  0.004962636923309  0.003398898827839
  0.002440504890984  0.004852163639043  0.005308369746795 -0.010637988625832
 -0.228344202819180  0.193395330867293  0.145708700194402 -0.013932838629359
 -0.109906998108619  0.086918370710360  0.064760086830792 -0.000543903120841
 -0.004285921436662  0.005169803046414  0.004527030335389  0.001809969703475
 -0.002423843152118 -0.014647055268262  0.034687212983685 -0.089465545650762
  0.130239106329093  0.093327867226458  0.034790873183042 -0.048656513316111
  0.049827206873499  0.053774402107222  0.005433604656113 -0.003521778974689
 -0.005776824208746 -0.002873747034272 -0.000083947971305 -0.002815195899982
  0.020037682431077 -0.041959764307536 -0.082064938315861 -0.000904084198332
  0.138443178531303 -0.084351101636951 -0.043856789574771  0.003074725545890
  0.072913991096306  0.002066743142800 -0.003221176792999  0.008269533207309
  0.004877282766034 -0.003973017145870 -0.006616202845487  0.017992671675755
  0.020094560441593  0.003034015823333 -0.002528797915500  0.001230381751937
 -0.024650186688767 -0.014295755903751  0.003338511175610 -0.000573855957817
  0.002380928983374 -0.106222050090546 -0.069784392084085 -0.002969588346414
 -0.000226968300392 -0.002517755596615 -0.004433896927568 -0.009411006348751
 -0.001255781459646  0.000496031579341  0.003244956228905 -0.074260920989004
 -0.065194600543145  0.000653979016053  0.001778792028319 -0.001246251518541
  0.110609475600240  0.086483005239578 -0.001714421222449  0.005481895978263
 -0.002932567300246 -0.186358922794719 -0.140283852821978  0.000174853995004
 -0.006525381829911  0.000723315839611  0.005317880352885  0.000284185179432
 -0.001692831035973  0.002550472763403  0.001593043103008
   13 Orbital Energy    -0.381819 Occupation  1.000000
 -0.007073900003641  0.011921986388572 -0.129751501391450 -0.049488729084342
  0.115093178851477  0.036845283884872 -0.057111732575140 -0.014596610664783
  0.054630038866866 -0.002453997234528 -0.000894861212770  0.002937682451745
  0.000712874115548 -0.000852977925731 -0.004488713426660  0.011826562755167
 -0.022101624904649 -0.018420328072813 -0.144516336513356  0.105190216226111
 -0.053246165785722 -0.021688917586143 -0.058217026037579  0.034568018501039
  0.005187079189259 -0.000343675145847 -0.003268087338971 -0.000171060278017
  0.002320740918507  0.001523421640086 -0.003620943488502  0.008636754932551
 -0.023665668917884 -0.052920782061313 -0.136307814683961  0.003079681281815
 -0.039222470468738 -0.025639831137406 -0.086376342423965  0.002927964717611
  0.003220154068916 -0.006012338148186  0.000468175694651 -0.001703733329721
  0.000155683035131 -0.030800875340623  0.081844523400946  0.025756962598380
  0.160117255674786 -0.234477361534791  0.060363282860856  0.008997277610347
  0.004654344295632 -0.067349451829248 -0.010071893589230 -0.001922620215934
 -0.001903292922068  0.001619704291903 -0.003296530468200 -0.003361235783219
  0.067822363221498 -0.135299920265583 -0.007377979510084 -0.370910424301317
  0.146837476412266 -0.305899558915563  0.000828566890711 -0.189137412412014
  0.072110861353567  0.001264775541868  0.024173929902665  0.004201960581081
  0.002389361091123  0.000440552049657 -0.011608215605947  0.106828582369676
  0.079837108690619  0.000653333413358 -0.000275756653449 -0.003261678986880
 -0.051137928545310 -0.067916407783611 -0.001894918197906  0.002212901696408
  0.002703884764498  0.006796403394780  0.001721957220352 -0.002396419960437
 -0.001030536103173  0.002562191344396  0.053103903183188  0.044663730977396
  0.001150587663743 -0.000268350702633  0.003126876797612 -0.089667015019145
 -0.075535163684976  0.003028350136707 -0.002082187246983 -0.002532946629005
 -0.059666977676508 -0.042940769766640 -0.002895781838896 -0.002227969804602
 -0.000060379476061  0.045629961326764  0.038713560261646 -0.001610485578059
  0.001010170128966 -0.001943773519504 -0.075696417435375 -0.081692621649266
  0.003654951145338  0.001962080835796 -0.000901708732857
   14 Orbital Energy    -0.361330 Occupation  1.000000
 -0.006985187719542  0.011759756394997  0.190033893017333  0.147938626196282
  0.173243444998538  0.045083593207739  0.092359612233181  0.077097839721992
  0.074697477278412  0.002198595443192  0.002904426874186 -0.005406018251526
  0.005410438160069 -0.004653625461575 -0.000739697607401 -0.007477740463554
  0.018322189985204  0.222137722711645  0.049136202593246  0.113691546479520
  0.030421755987157  0.098961587150552 -0.002110122215729  0.052342824122220
 -0.005240907549146 -0.000024910177198  0.003761119650146 -0.005343125363044
  0.000193885939659 -0.000780186157266 -0.005301189298091  0.011229737285116
 -0.125331623697476 -0.086615945161588 -0.189442716715586  0.007703587054160
 -0.039370684224292 -0.027000345276593 -0.067067216481940 -0.000275089867546
 -0.001594714448536  0.000063217305124 -0.010897943983293  0.003563843211800
 -0.002022708130931  0.013416189819585 -0.032473668230280  0.222056915959786
  0.060477152516543  0.057045185907972 -0.022146493385934  0.087837697994383
  0.046884222808692 -0.006274733800469  0.003158618070823 -0.000942865949355
  0.001995615366566  0.001462534826956  0.003781747791064  0.002935778626678
  0.008375405082020 -0.014296895527164  0.143888651570206  0.007292883462862
  0.052722878138748 -0.063008757456292  0.079850958461719  0.016724350680073
  0.022838824029827  0.001541306263725 -0.000708840716233  0.005199856314665
 -0.009411075050665  0.006571501901657 -0.001786706965918  0.020391267371832
  0.015698601047657  0.004156961503360  0.003190093465719  0.002337315691024
  0.152485911952121  0.097511559983893 -0.001624425417188 -0.004445158481985
  0.002084222986699 -0.132709220266180 -0.114825411392672 -0.001813434904390
  0.004946731481210 -0.001362502387286 -0.107386303759164 -0.104223307552590
  0.001940209500934 -0.004809372890126  0.000932415778026  0.017706972775263
  0.008470258537121  0.003553257882339  0.000729676634533  0.002975666208987
 -0.060696638866287 -0.051457414388029 -0.004149400614682 -0.002186466230891
 -0.000584105305944  0.048242595141684  0.050850278996218 -0.003039088023818
  0.000608165995370 -0.003314522951974  0.092043622739618  0.091699882534674
  0.000331849712355  0.002099442278589 -0.003131738655920
   15 Orbital Energy    -0.351237 Occupation  1.000000
 -0.000031827118283 -0.001295032733940  0.038742012558938  0.170640650990676
 -0.213179784683264  0.008313083643420  0.026656260313507  0.083676806683253
 -0.088382809114379  0.002762733681746  0.000476309837035 -0.002763160017034
  0.001976279981927  0.008342891978215  0.002975828468375  0.010282768606592
 -0.020534843616770  0.050816057727328  0.035223979222763 -0.111913200181344
 -0.032934033587716  0.014430464158166  0.020005440086652 -0.075870383797084
 -0.004578697101619  0.004702073706074  0.003031262377924 -0.002365007489327
  0.001240069822380 -0.007231454670541 -0.011292820581527  0.019601559692331
 -0.085080097962720 -0.136199018809054  0.104460733199377  0.050691863458756
 -0.050298700029314 -0.066821119513912  0.039948022079683 -0.010561789146666
  0.003653867516610  0.007916961394926 -0.003464957734969 -0.005082292643472
 -0.001353005834015  0.003520580499355  0.001801013894014 -0.002631834389751
  0.270906512687696  0.007444044169435 -0.032730372947023 -0.022535660660811
  0.089899339822662  0.036037242679422 -0.006940166992590  0.010772120922688
 -0.009116529916556 -0.001410847384547 -0.003231888679852 -0.004412128259417
  0.039646454134406 -0.076689826422697 -0.079293285659008 -0.128991697366260
  0.298516901983496 -0.190890848533214 -0.046101241130634 -0.057636682947437
  0.163891355867584  0.002348315191374  0.002144952558500  0.014526606093517
  0.003563289169688 -0.002854420724766 -0.012542754943300 -0.149641128739948
 -0.126949613093032 -0.003347808502105  0.001670646863245  0.002855176757301
  0.081745474646319  0.052225361027779 -0.001575405578577 -0.000229734772987
 -0.004561213453053  0.098576334422708  0.089188101371679  0.004732657559452
  0.002040864570091 -0.000721170045887 -0.032364319465668 -0.026997998147609
  0.000878753620307 -0.001524140841509 -0.001982153040601  0.066061298437606
  0.033525657702050 -0.002103357407315  0.000393779515444  0.000225004549157
  0.110949415176074  0.085160191785835  0.002144822813900 -0.002349969768192
 -0.002704302174752  0.049178826342511  0.038197646242021 -0.003957663871321
 -0.001220023488796  0.002814764289183 -0.040253787358636 -0.038772623795172
  0.000655108249260  0.003996595502516  0.001555939259615
   16 Orbital Energy    -0.327689 Occupation  1.000000
  0.009621432525720 -0.022072861673608 -0.145789452008619  0.124171768336284
  0.144061554642787 -0.038433935811765 -0.063088670441117  0.036410781655285
  0.071794720049316 -0.000480440588800 -0.000629561827734  0.004505016697510
  0.006736194535187 -0.001574199419481 -0.002328427009808  0.007330961076751
 -0.018627627211927  0.092353531485221 -0.217211297143817 -0.066634429629458
 -0.020175335029928  0.055005456652705 -0.094521294536468 -0.039927181036452
  0.003027231893736  0.000351238063727 -0.001065604794678  0.007096191011826
  0.001056620445230  0.000997087095225  0.003932323567563 -0.004798131105494
  0.056712955721726  0.023687322175758 -0.126928392470073 -0.025551547136217
  0.020354438495813  0.000860785628221 -0.064677852910804 -0.003170638586730
  0.004826825413070 -0.001861337701327  0.003499237161313  0.008161768009224
  0.008541847929015 -0.008223943183241  0.014172633538903 -0.173472260169647
  0.054147309542355  0.185217586185463  0.045500889523021 -0.099403089960484
  0.046688136170565  0.103460902121179 -0.001038767693824  0.012476212039734
 -0.010913533443610 -0.010353296900399  0.011938526384285  0.009433637607072
 -0.008152072295921  0.013923223199520 -0.239655382851661  0.252288677603796
  0.187964903095606  0.045940600337087 -0.146175801227743  0.149025495617098
  0.121356454117971  0.001788635980742 -0.018393693876158  0.011768631880123
  0.010533898290562 -0.009311809908416 -0.003203977382555  0.097624545260935
  0.087012002104497 -0.000808881617936  0.004005853416280 -0.001763358124871
  0.032638826875245  0.070481830868804 -0.002093909214871  0.000843175849361
  0.002875028222744  0.005159124253753  0.013350716277758 -0.002438774145393
  0.002401896144791  0.003423989105790  0.087812550937076  0.088980716347428
  0.004114578451344 -0.000604333425655 -0.000347400906662  0.017966530051475
  0.000692018045501  0.001281140956030 -0.005100758200317 -0.000615828480620
 -0.103256335670636 -0.092754811944530 -0.000470510817015  0.000721012733636
  0.002485369122864  0.019824364276984  0.021896834339319 -0.000391645328638
  0.000968201039070 -0.003341353174786  0.017222109670442  0.013348855485292
 -0.003191401698382  0.001537995399652  0.002986457040856
   17 Orbital Energy    -0.299330 Occupation  1.000000
 -0.013181982412822  0.027714973870813  0.285534273785049 -0.086164310473622
  0.103847622820243  0.050315900461729  0.134947926699902 -0.051397089010701
  0.046153759872539 -0.008171068182015  0.010316559442643 -0.006555152630042
  0.004913277696128 -0.010085384626570  0.008351750307049 -0.002137660969893
  0.002027405791699 -0.280178797017651  0.075425864213908 -0.062746597285128
  0.008994966783740 -0.106956376254486  0.036114359758270 -0.023601938574714
 -0.004554286358856  0.011937626180441 -0.007731045976651  0.001945594023018
 -0.007502210587339  0.008632339064108  0.029373112082491 -0.062630034208773
  0.230291188043957 -0.165901114120937  0.081084864183387 -0.127094716332485
  0.096692440341658 -0.081022694437933  0.051921493061507  0.004196831641759
  0.012000947620150 -0.009677481247870 -0.006149702292458 -0.004094207551825
  0.004125535793689 -0.005678658743294  0.012341619970728 -0.066722314257405
  0.020837376670133 -0.033363738081518  0.019489816799383 -0.044062232436811
 -0.018672064042126  0.000629420403878 -0.010853776955602  0.011800056485887
 -0.005461349812696 -0.006157802132754 -0.000715270243133 -0.001272322575922
  0.004895504951913 -0.010649622312649 -0.142453392226281 -0.020617164973783
  0.072147988938591 -0.011221429802587 -0.092867156800988 -0.007997438903534
  0.050971615936511  0.000748740451142 -0.000777089323292  0.001183389740255
  0.005644753518601 -0.005034002969800 -0.002275022450008 -0.006794912141835
 -0.015221594575110  0.005522594856891 -0.001450732443515  0.002509502886675
  0.087136034515480  0.091976940722134  0.003710300539059 -0.004676600349109
  0.001991184947264 -0.194370138610957 -0.195928671881769  0.000017741576288
 -0.000393686103101 -0.004534692964428  0.080709811249010  0.088613609154123
 -0.002853809756649  0.003754476855025 -0.000389288229490 -0.038727093827397
 -0.042948026546604 -0.004440261787866  0.001887839824947 -0.002795438730109
 -0.036719789698783 -0.036881147048767  0.003418690816633 -0.003875066174136
  0.002327171877799  0.146727992801446  0.168385605962206  0.002093138982443
  0.002416121763141  0.003526897153414 -0.045368251650764 -0.049424235643696
 -0.000118229011060 -0.000932926099892  0.000860496626495
   18 Orbital Energy    -0.295390 Occupation  1.000000
  0.016176580877057 -0.036326535544711 -0.005801675050623  0.235896775964689
  0.173643438042504 -0.054479470059705  0.000149320310086  0.122886248117894
  0.082386319047095 -0.003597661141381  0.005339245722042  0.003363799753231
  0.012379910176444 -0.004396913545815  0.002441209360449  0.009324935573030
 -0.026055503487933  0.016445458424124 -0.193466545210284 -0.222868213762866
 -0.026822215068278  0.013416696256760 -0.088355438335975 -0.095378222704665
 -0.007431408289219  0.003964117475292  0.007735189748120  0.015906998812132
 -0.004998602207949  0.001502597499693  0.020434124659528 -0.041920026661999
 -0.029528410310426  0.044233094219413  0.212610082158101 -0.101282882919840
 -0.022930922094507  0.015063700916267  0.094500834868894 -0.002407324911526
 -0.007214327940211  0.013233735446838  0.011910507501037 -0.004769586037126
 -0.001137377315311 -0.008193068313465  0.015986977909651  0.013590862113057
 -0.056486272828267 -0.083357281322764  0.038881112379333 -0.001359189951783
 -0.053732155562959 -0.037535102997793  0.000495597692878 -0.012510170262549
  0.008649088328432  0.002397661508268 -0.008480003255852 -0.009567073274064
  0.003918589210402 -0.010444051260481  0.050948815144849 -0.156950979385694
 -0.172311871857415 -0.005507819001116  0.036488734365339 -0.102175483961310
 -0.112227559673846 -0.000987466611100  0.010433679401001 -0.009862101818862
 -0.002157190830502  0.002305144075023  0.003589384159279  0.058692117985727
  0.075730811991488  0.001769189349209  0.005081027775822  0.001801697158945
  0.136810954892143  0.123022335229261 -0.004408564950412 -0.000523063559204
  0.002864506141132 -0.072836566908847 -0.065258305259969 -0.001899504805500
  0.004802388593217  0.000832120945071  0.131401129468191  0.138700288015832
  0.004156313478389  0.000867776570113 -0.003613135251427  0.101439542536359
  0.117947121499697 -0.001909482017105 -0.004952863096817 -0.000472523354626
  0.134844212815816  0.160830799223776  0.002146440282257  0.002224960145115
 -0.000706273471623 -0.107900343323858 -0.105055663181312  0.000469286149963
 -0.002982265011491  0.002724983703959 -0.015331298093565 -0.018068674024519
  0.000585691653327 -0.001526583832771 -0.000641647371352
   19 Orbital Energy    -0.290141 Occupation  1.000000
 -0.000659449517092  0.001619214765571  0.111829977871611  0.184568926394422
 -0.170840606503046 -0.001285484048071  0.042713894582107  0.085787522760089
 -0.074641846236277 -0.001925518215526  0.013592166817001 -0.011884636695098
  0.003466946315592  0.015770482063295  0.001788697382144 -0.000816690626232
  0.002418985138233 -0.124016545262159 -0.211133633918975  0.213162562524220
 -0.000253552538047 -0.051685354922137 -0.079147736359535  0.101842109671345
 -0.000770804242678  0.013254158713990 -0.013555678251833  0.004436751273469
  0.016570951322325  0.004070913942125 -0.004643873320599  0.015572317654163
 -0.040366710594356  0.081240465177567 -0.100471418960881  0.002642541604832
 -0.048282272227032  0.012204394040027 -0.042240546692175  0.009080169276221
 -0.002101908181658 -0.008832755614639  0.006331252870375  0.006663985052996
  0.004713465399519 -0.014647818812223  0.028837766798549 -0.016705415905153
 -0.089936018214168 -0.015371542939830  0.086294221654391 -0.016310249942860
 -0.049075405161443 -0.018025044437321  0.003710303854552 -0.006890902875382
  0.002896047545581 -0.001753974056312  0.003412680312565  0.001753516516979
 -0.003884201989440  0.005276379787715 -0.011479694786859  0.011271183637919
 -0.104366268638066  0.024269807408161 -0.006735644731078  0.006171563996009
 -0.059974425717336  0.000558426887791  0.001600393222329 -0.005470519058553
 -0.000075620125276 -0.000370900444160  0.002788395839354 -0.184262193248425
 -0.199647917230342 -0.001224100814946  0.001316597321554  0.003079184757186
  0.140021688337995  0.143516745627886 -0.001790094816808 -0.001291191490430
 -0.004282136105057  0.058777875446956  0.058244218691264  0.004151536862557
  0.003720777119035 -0.001650059102560  0.151818319099674  0.164179568083139
  0.001678616890477  0.000762525260221  0.005656032720223 -0.213418439752820
 -0.208480347402848  0.001808747276056 -0.000363513133904 -0.003700577258334
 -0.074103270902844 -0.102704196761683 -0.001889229503673  0.001284721844547
  0.000286071452512 -0.045554987565324 -0.048850094670956  0.000594157211456
  0.000145186017614 -0.003047624396147  0.021026311756495  0.018429627532195
 -0.000012733785671 -0.001005424441280 -0.000834037817964
   20 Orbital Energy    -0.202007 Occupation  1.000000
  0.002917950395726 -0.005522953435493 -0.031212975476483 -0.035357460867200
 -0.017138224927684 -0.046757027892140 -0.021152163366982 -0.040560828586310
 -0.027546148331726  0.001349111579246 -0.002803024151502  0.000096821031655
 -0.001594186291898  0.000328964698054 -0.001846974961581 -0.000093189548217
 -0.007803947149745  0.037262724680271  0.014704441727491  0.048044451359482
  0.014857967817202  0.070392631060568  0.048037174830678  0.076388708622043
 -0.001502956433865 -0.000811595453200  0.000151597041611 -0.003134645770428
 -0.001148256695948 -0.004780614412654  0.034102735294388 -0.058439868903122
 -0.160257409097380 -0.166533836791476 -0.024746915616741 -0.309975284500584
 -0.122808089902546 -0.162606273422062 -0.013785803316969 -0.000825587328483
  0.002266099239098  0.004608992310946 -0.005033728469017 -0.000828212372443
 -0.003185622199024  0.003391320427531 -0.020381276114027  0.110728578161375
  0.044917138885559  0.063281726687134  0.037091581329788 -0.070654273785243
 -0.060958202258451 -0.013375446628219 -0.003348180609273 -0.016827818357897
  0.023220170711406 -0.031665303330870  0.022050561387902 -0.012479435533476
  0.000746122952756 -0.007257887617860 -0.474392115980222 -0.141989830011083
 -0.285769299216121  0.022837428790222 -0.332230162233888 -0.105196170745295
 -0.197691934135410  0.001124083587208  0.004403007820293 -0.009743040714085
  0.012762894367078 -0.006388408568840  0.004842162439402  0.005832371924823
  0.016852014881766 -0.000452149681058 -0.000679291022087 -0.000652001018058
 -0.030298128626080  0.019575193200842  0.002836417032189 -0.000450678127135
 -0.000874447441987  0.020378614831235  0.023756489091774 -0.000176257219632
 -0.000400563674006  0.000632611561118 -0.040471993015575 -0.019531577348737
  0.000512556821350 -0.000760941557530  0.001380891774744  0.000546081198538
  0.051896790993495  0.001909007369164  0.001883948086732  0.001381291687516
  0.027052600221233  0.064185856334739 -0.002426176216536 -0.003441201116029
 -0.001174898072232  0.030400796319311  0.057738426948031 -0.003502249122412
 -0.002691673930021  0.000449059025629  0.175762927773576  0.293191899583257
 -0.000664835945836  0.000506270673359 -0.000917506293763
   21 Orbital Energy    -0.058374 Occupation  0.000000
  0.008010330653215 -0.003234816937809 -0.010921342218788  0.011558472636541
 -0.002198610227467 -0.154421666590144 -0.032090898102180  0.007884128495229
 -0.020401773503049 -0.000461211068383  0.001626262673545  0.000689186113472
  0.000324131669540 -0.000743937598183 -0.000849917187735 -0.004754860126613
 -0.000339890459251  0.004156776878273 -0.007212341688717  0.005849887570598
  0.078046642836680 -0.038978081623966  0.026265577204239  0.061262936967510
 -0.000975779540362 -0.003701809926550  0.001655848266659  0.001938532783504
 -0.001143019234808 -0.001892460208610 -0.000523826617644  0.003002161183122
 -0.020041361346670  0.023031653719205  0.028578343732136 -0.004914921242997
  0.038262692954407 -0.019805627371246 -0.016173451491201  0.018281580843051
 -0.021940448942290  0.003423981654486  0.006606864006405 -0.012658173206461
 -0.017022781885610  0.000583306501544  0.000866426983183  0.297044141942964
 -0.265459061359236 -0.349642599260344 -0.010816139510004  0.297136437532556
 -0.259271489713345 -0.340676541697722 -0.000789148095448  0.019475936174540
 -0.017923111841608 -0.011602221995520  0.009827876668101  0.006472448854653
  0.000556334165399 -0.001709982335341 -0.241911624760262  0.218198342637953
  0.291265687248515 -0.000180930450049 -0.234729122542863  0.210889546838404
  0.280625837437065  0.000516839366017  0.001249308567267 -0.001561614388765
 -0.001200935606149  0.000732395238988  0.000186481066135  0.001762661226249
  0.038157516488722  0.000383712557294 -0.000439948527956  0.000157520568932
  0.006505760069976  0.085930378419723  0.000113977678475 -0.000144411545099
 -0.001087051313925  0.001055158204215  0.004687745656461  0.000156171004289
  0.000461298842410  0.000284555211567  0.000172035829342 -0.018156459301162
 -0.000079264616060  0.000348816263879 -0.000091805470791  0.011107409939913
  0.030791640139568  0.000656410154241 -0.000788894949527  0.000121255019312
  0.097671136368166  0.194927262439248 -0.004486017808933 -0.002962249004455
 -0.001503415221845 -0.107662636666063 -0.225735497095148  0.005117916760202
  0.003630949630335  0.001370772405658 -0.000209270654365 -0.003123888894014
  0.010582220531697 -0.009490459445762 -0.012237503763095
   22 Orbital Energy     0.066441 Occupation  0.000000
 -0.058619508618749  0.097153948248087 -0.087291257957809  0.034521555953091
  0.037059843793938  0.759246775249411 -0.316110450197091  0.206477319795835
  0.092008960690853 -0.010930687669678  0.001301529245705 -0.006727356194811
 -0.001883922095126 -0.007758634706034  0.005767665003878 -0.069694606462192
  0.091335979293074 -0.035295865002554 -0.107841044092315 -0.062787510756511
  1.063562570695569 -0.057786254812872 -0.151499758370338 -0.157429567354159
 -0.007920786979087 -0.007538224856598 -0.004693391740761 -0.012966433599845
 -0.001801948322636 -0.007081867530262 -0.068597935359515  0.097187388067567
  0.010286045065876 -0.196229232270755  0.108472527394807  1.020361811021515
  0.133699055395482 -0.488749989588383  0.333631834156662 -0.000869936059159
 -0.015372973650077 -0.002386690147408  0.008986729343081  0.014623093408976
  0.000391295591101 -0.017358894274856  0.077867677269605  0.036769810189442
 -0.046683700875641  0.087800553886157 -0.013502217964056  0.083112054150174
 -0.142997508137210  0.214530055239898 -0.008719107227469  0.006986765429012
 -0.000149339835702  0.003078933451793 -0.001565577361338 -0.008745824266410
 -0.021062883403647  0.040921256892138 -0.072517858956629 -0.048387424096502
 -0.023122122766032  0.249291545287551 -0.082497989067840 -0.117778328369350
  0.013957431618875 -0.009639027571286  0.000921162644823 -0.004206633828059
  0.002192924054297 -0.003010178451842 -0.005571226656891  0.004572636385406
 -0.501019808488770 -0.002282928177670  0.004819409055079 -0.004049768114450
  0.007217651742348 -0.239326054284124 -0.005295532050344  0.000345736891351
 -0.000070945886267 -0.047125892510134 -0.579343579890961  0.001911435451127
  0.000479139681257  0.003676913040086 -0.047114971790478 -0.776451650097492
  0.004686241158566  0.004122971552058  0.000616870121183  0.011008766206520
 -0.359662444466849 -0.003426861561773 -0.003322464934378 -0.000275608203543
 -0.023121835994597 -0.795595070191980  0.005964891679702 -0.004387356594172
 -0.003424954105375 -0.061797511948299 -0.961527942607833 -0.004326728684081
  0.003308251994658  0.004566093647248 -0.005738681154951 -0.368960604845393
 -0.004567015636550 -0.000779731809481 -0.001816364592069
   23 Orbital Energy     0.095581 Occupation  0.000000
 -0.052676217455143  0.075494922083105 -0.035145434644308  0.072592818601342
 -0.025163068605619  0.813325185545323 -0.154930082702312  0.191628370302697
  0.014938395518142 -0.001672930058843 -0.006841359021661 -0.004805798266622
 -0.002796888911248 -0.002967182685002  0.005511559064600 -0.048686594007785
  0.046813643025436  0.068738345575506  0.007748966315295 -0.119262429863779
  0.970450120330431  0.319547431423844 -0.044597115641185 -0.238370353193359
  0.007357748723721 -0.001007116372371 -0.016352031459604 -0.000192982615717
  0.008984930475299  0.010507550013165  0.013175750619221  0.015838141116445
  0.127319828792624  0.121086445208797 -0.084717056424194 -0.449871797954701
  0.489091884581081  0.156447721240160  0.040503887121479 -0.009948609899811
  0.001927675634706  0.018875222508747 -0.004657806509840 -0.002533811484952
 -0.008737221501698  0.091011833464657 -0.146937800877606 -0.133790923506598
  0.077518377748282 -0.165889089065295 -1.322670847499574 -0.353863556889626
  0.160770200014788 -0.352055794102184  0.003574137115007  0.004456018791933
  0.008684770897789  0.003956144741729  0.010443847454356 -0.004745473808944
 -0.018690056312925  0.056222473780678  0.011370033648787 -0.043786003654976
  0.049876195995686  0.131872786830229  0.080425009523127 -0.076844113041771
  0.116217241210244  0.000502334715349  0.005092343904727  0.000103101540766
  0.005276634063126  0.001151727202583 -0.002826646987563 -0.004789715900536
 -0.274864243730567 -0.000576094994527  0.003649146647261 -0.000684298039045
 -0.018007504122796 -0.454166486051092 -0.002365358303802 -0.001932509894533
 -0.000026253749718 -0.014684297191548 -0.486283331179531  0.001263321083203
  0.000679083121829  0.003514008044029  0.042498223287305 -0.092018599115971
 -0.000029761193397  0.001181694327292 -0.005139902899842 -0.079383966315174
 -0.899333145584650  0.000916114652232 -0.002934366005946  0.003995819665530
  0.061039110922922  0.572981417626827  0.005807405679220  0.000326160228091
  0.007635475334625 -0.014888274389284  0.050444151463049  0.002589891280245
  0.000840561873037 -0.001332575824814  0.077271722573216  1.294434568587473
  0.003815457345233 -0.003194661397413  0.007840986747290
   24 Orbital Energy     0.109700 Occupation  0.000000
 -0.025517745133048  0.012372849984275 -0.066650854362342  0.046307125416908
  0.219992392281941  0.611548186109192 -0.131398248348852  0.053609751845595
  0.570015252013555  0.005482881235373 -0.004897361268348 -0.007759219718775
 -0.011737240373334  0.010382535043012 -0.001659800928903  0.004761608417047
 -0.001229237932424 -0.001216654333883  0.041052337312668  0.098469018561509
 -0.054774639626068  0.129669674389020  0.025314574086809  0.037725025059710
 -0.009929575436505 -0.003782252907436  0.021325779360661  0.014517323255117
 -0.002316922819294  0.010739815157664 -0.005117372009498  0.001797349648806
 -0.130460434314887  0.164015115219467  0.283925962757839  0.120111524701669
 -0.339166922546155  0.414453627488365  0.861527703759207  0.003471418475644
  0.007528606777757 -0.009894951099277 -0.014456710251786  0.004618913376414
 -0.002027127550068  0.034336105027676 -0.058641131505538  0.007448691603209
  0.003618521694992 -0.068500535315969 -0.493757084455881  0.068421951249600
 -0.067819295996536 -0.286556932589038  0.011986247054180  0.002429695459632
 -0.009630872154590 -0.003459178480148 -0.002394581848572 -0.011564549460364
 -0.008695345585928  0.023815221096288 -0.029753988899373 -0.006950688476066
  0.054876935892243  0.065522594534706 -0.037938554601591 -0.003439771360553
  0.100629348341171  0.001884014311715 -0.002088293058495  0.000185728007275
  0.001911866438821 -0.000562220460361 -0.002609297123007 -0.052627558580671
 -0.958137485549696  0.000993425546063  0.005795623207980 -0.003072879388167
 -0.034913360193023 -0.328705539609423 -0.001392351164751 -0.002221336068180
  0.004871379100340  0.043507881189626  0.277628673814699 -0.005381245022060
  0.002972354196579  0.002838510403848  0.031840467990779  0.222416168516851
 -0.001258075072093 -0.001750491673473 -0.001598933704103  0.057400577236888
  0.281174450236119  0.000030939497390 -0.000442212815251 -0.005012660497048
 -0.065453728490673 -1.157297987146727  0.003365340608645  0.002217112843021
 -0.003314695944829  0.062447045046510  0.957212608533907  0.005264982136367
 -0.004392564335390  0.004587239547359  0.021794594567055  0.390834990502941
  0.004952430917181 -0.005215411951357 -0.002886220107992
   25 Orbital Energy     0.121901 Occupation  0.000000
 -0.099936380948860  0.123857930561016 -0.020935712257185  0.043730688409938
 -0.006470921265767  1.676009387159525  0.078544131359697  0.027958465337163
 -0.013571191804821 -0.006222107604768 -0.008034593645246 -0.010096679458392
 -0.008455488049401  0.005890107664474 -0.004478375367633 -0.005644080322550
  0.026072969950166  0.086689755129769 -0.080041109188787  0.032123744499028
 -0.079577734245768  0.413742781555711 -0.466872013084921  0.075383800697192
 -0.003956556249099  0.006181884543793 -0.003039576912854 -0.007425684213615
 -0.012099600696695  0.005493397734239  0.110805538998196 -0.146814231934957
 -0.036019677892698  0.055559474660077 -0.040097154950039 -1.812611623730479
 -0.156863919122462  0.209677436077224 -0.197038020154786  0.008643715195645
 -0.001258321494319  0.014417646012762  0.006053198385351  0.000182804563752
  0.006912487579687 -0.073797250316577  0.096574341811919  0.054233186231368
 -0.074978777208270  0.115802474361446  1.069585707940036  0.066460318993742
 -0.376492050565027  0.296071416425633 -0.012544937639678 -0.008840616803999
 -0.003183639576972 -0.009576479105198 -0.010509295782303  0.008108313018070
 -0.001286195770521 -0.004703236422017 -0.039233593760900  0.068372544698213
 -0.029406300433520  0.071970559450138 -0.039080549035261  0.032108423104420
 -0.025919758161662 -0.007852665166832  0.000990333796893  0.002681562914904
  0.000113577692773 -0.004203490238954 -0.002221785414044 -0.044704166767362
 -0.614193199529866  0.005542795239838 -0.000397957878016 -0.002888771883697
 -0.047163416071911 -0.708527586882034 -0.003330975444583 -0.004264884897538
 -0.000682548092704  0.026445902234272 -0.534354742499641  0.001935555105365
  0.003116305612403  0.005027249562153 -0.015735882486916 -0.148279798553400
  0.006820567503103 -0.003860419257451  0.002016778042019  0.003352737501228
  0.001511409186457  0.003817386001775 -0.004565036138862  0.001478571387986
  0.058924334198642  0.852145553871242 -0.000549036478773 -0.000311803745655
  0.006740700834272 -0.006934621679316  0.799538366076673  0.001642942007825
 -0.003810823208094 -0.005870158113582 -0.084522008447024 -0.934609348726115
 -0.007504898148680 -0.000519077957511 -0.005073972955027
   26 Orbital Energy     0.134359 Occupation  0.000000
  0.034481788885467 -0.030308535605132  0.161872426781957  0.180653886018735
 -0.037775290468654 -0.594266906141221  0.280271087480385  0.491650911377656
 -0.037874017532122  0.013645001180872 -0.016386002811860  0.012126579225617
 -0.012058496913440 -0.010622754350774 -0.002232434500303 -0.044604659888314
  0.060793002837835  0.190698525108877  0.198807279108229 -0.072567282201305
  0.630593785423279  0.484089815093731  0.697292199197788 -0.272437034260248
 -0.018585909415098  0.014210267674756 -0.006502454309637  0.006793159136131
  0.010166434664575  0.002992297935927  0.002373943155109  0.005164008972101
 -0.003538017573127 -0.006157040771116  0.100296621294563 -0.059637734310369
 -0.222101072993151 -0.156830063406768  0.319825425661557 -0.002094458406007
  0.004358723468369 -0.000331627074983 -0.008862158881379  0.013191424319732
 -0.006261310120286 -0.016649296402081  0.045686794083634  0.122122489628274
 -0.049313689707616  0.090963113239676  0.225676973861788  0.148828355360814
 -0.383233291473379  0.299316384764995  0.003485483536497 -0.000263772347412
 -0.006104014028546 -0.001417295022933  0.002024387799390 -0.006209326925586
 -0.022690549373986  0.035564233543088 -0.064860186146048 -0.012404696027587
 -0.018577640618358  0.352961915293343 -0.093271149370184 -0.116205208330301
  0.055506374135009 -0.007910932430149 -0.001196662700959 -0.006697152119533
  0.001491457117050 -0.000609757132878 -0.009477357600229  0.076628284407981
  0.791296822805287 -0.003504234948323  0.006834694177020  0.006942272674397
 -0.090379405409592 -0.711163441445439  0.000264070850808 -0.005707312989626
 -0.003408417299899  0.022807561551223  0.375404352165536 -0.000153301958634
  0.005633646138367 -0.002609542631887  0.080400031011363  0.848103759539864
  0.004489562959676 -0.004489091278184 -0.001929169281254 -0.074120648951730
 -1.100975051487925 -0.006062373287423  0.003960858254075  0.004184489665536
 -0.035374723572227 -0.452456003459181  0.003786630882817  0.000291943473372
  0.000846459687883  0.021853083476756  0.086351240075121  0.001621960461793
 -0.002288370332990  0.006046851627101 -0.010520111891773 -0.588651285306574
 -0.001618321866941 -0.001373119860308 -0.005044715147550
   27 Orbital Energy     0.139043 Occupation  0.000000
 -0.092422099172957  0.108800463301988  0.001107202271134  0.029580741580132
 -0.053017839072603  1.461644567521702 -0.007692128783376 -0.154011214713610
 -0.312476915857693 -0.003718389153229 -0.015534529217033 -0.005911317488944
  0.008367360403104 -0.007642251590723 -0.003774040664304  0.125462647368199
 -0.150619609507219  0.093094357718386  0.125523048962727  0.030442409590908
 -2.084183803867657  0.386320853152191  0.355294509538791  0.131343623856952
  0.011103675874835  0.016222135055448 -0.000042095394505  0.000301972133189
  0.001107946077734 -0.003485089215380 -0.059182037308754  0.080436560276315
  0.010427233409197 -0.073824639357000 -0.031719360397714  0.930104594190528
 -0.126393039149573 -0.417397884398740 -0.171887451421283 -0.012359661473962
  0.001518706185869 -0.001242455105860  0.010918099901771 -0.009716610547617
 -0.005095540153160  0.006253123276632  0.006638891121001 -0.027870229808141
  0.019642314778375 -0.004038393436804  0.036928134320511 -0.057933728109450
  0.158882810593091 -0.098669441437195  0.005794876603408  0.003361713392485
  0.005877563117856  0.008806112139514  0.011487837355898  0.004055745773244
  0.008243228288199 -0.009233020746325  0.001935380604240  0.033754487606461
  0.017289451593797 -0.152639187782543  0.018573921871545  0.050947204486890
 -0.030539476795168  0.002520186643934 -0.000511954504389  0.006104135728220
  0.004329325594540  0.004714775339546  0.004345595063258  0.022763824660732
 -0.242726187947910 -0.000856125041471 -0.000429481841579 -0.004558128926970
 -0.016633964959739 -0.495600164417254  0.000952048683877 -0.006742775082162
 -0.005134839170111 -0.051253391804002 -0.805499406381186  0.004714259547696
 -0.002612250016351  0.002370623695355  0.065083970116665  1.429855960084251
 -0.003628577151488 -0.007720060630329  0.000462743774643  0.012787264238804
  0.545236551912727  0.003731092631516  0.003987555563194 -0.002645728873280
  0.014263365526392 -0.242245803164600  0.000284355220376 -0.004002576055080
 -0.002711270321653 -0.062781033172720 -0.775309408645553 -0.008146425035750
  0.002064312970867 -0.002610774838676  0.041742725439334  0.182901923470808
  0.002858472051793  0.004768659259249  0.002415643800209
   28 Orbital Energy     0.151141 Occupation  0.000000
  0.007566342996350 -0.018991038386023 -0.212650354585635  0.078935357755580
 -0.283262222643024 -0.004463763759318 -0.604218368888934  0.240536890851043
 -0.847197425701272 -0.004400667916031  0.005031825890294  0.000134630108309
  0.003567413486516 -0.018189592424976  0.005449622622240 -0.006595142334287
  0.000347409465489 -0.108058093664096  0.052411429235076 -0.090255917055446
  0.166246904855559 -0.166694855919175  0.127579074465460 -0.087102595100461
  0.000101453973708 -0.004499661862312  0.000804956250028  0.001148299872603
  0.014330396100363 -0.015181355987827 -0.005945236803449  0.043522692476196
 -0.228285620449514  0.166484363350273  0.064761945958668 -0.127971054111391
 -0.615599299688740  0.367438303280222  0.238448279713199 -0.002613670968555
  0.010664655432916 -0.007050018095619  0.006519132044883 -0.007749627622951
  0.003928516644666 -0.015842595604558  0.027952553779439 -0.028926803064257
  0.002752924583734 -0.032749160335633  0.355494788041637  0.079951489849241
  0.032969245268624 -0.222781651633192  0.017417865473303 -0.008216143420681
 -0.003030779229351 -0.001753539659475 -0.000219794025202  0.002595089428810
  0.017142600268606 -0.022885600633233  0.009442439391486  0.042524730697472
 -0.015621324578960 -0.260281354221789  0.002747393751327  0.132216855257761
 -0.036033881359108  0.010795747792118  0.002375185195362  0.004845366059637
 -0.001134003336400 -0.000896691317766  0.001861242605462  0.061045218658724
  0.722896561134323 -0.009795002086248  0.001001378638871 -0.000539370568478
  0.022011206618273  0.375236563808736 -0.002264213820967  0.005399569170957
 -0.006060737760397 -0.108394499029980 -1.467133916376784  0.005334697212945
 -0.000115598416372  0.004025872673485 -0.014545856294065 -0.142731499108810
 -0.002004363156025  0.003132598206072  0.000355033096387 -0.007770377908985
 -0.140631952088474 -0.007226366273053  0.005744526958666 -0.000407707668362
 -0.022193662382693 -0.507518208408613 -0.005500438069733  0.001749284213822
 -0.005767982310752  0.048128827780365  0.938645360196702 -0.000522453236828
 -0.004570572563711 -0.002158568115744  0.001656292625872  0.009736613643694
  0.005206554456490  0.000947447564649 -0.002478858409043
   29 Orbital Energy     0.165041 Occupation  0.000000
  0.006306682126550 -0.014697874912093 -0.191947237909363 -0.208066755527263
  0.096227926765488 -0.085666250953936 -0.711329764249434 -0.802750808864004
  0.469045770864257  0.012206995397297 -0.002125206977078 -0.009418504464085
  0.009170992507412  0.002790872474626  0.013264875194812 -0.006009985265835
  0.011856880610762  0.143420058891341  0.156158976153031 -0.168897012234495
  0.104768906369538  0.558171008602490  0.619081905435364 -0.610690133394357
  0.018149006816743 -0.010811152788424 -0.008242455512417  0.002664216765849
  0.004339829118965  0.010229749564076 -0.012481454689907  0.004147121112604
 -0.010452568280428  0.019443924258664 -0.025195273279789  0.313594181788886
 -0.039377828395273  0.052604576057763 -0.003516268890232 -0.018797551066653
  0.002454647678059  0.013522844449682 -0.008709514841092 -0.008357431660890
 -0.007634694531070 -0.013718766394043 -0.010226363405475  0.183521053246169
  0.047437320975536  0.038483234782131  0.479396767939514  0.326866813103091
  0.305260240766201  0.057147228261886  0.010838313177137 -0.010372554448309
  0.000053450553014  0.000171420665641  0.001431706064444  0.005059050634556
  0.025872678981411 -0.046261638701350 -0.000683564150487  0.003154508321066
 -0.077083554831865 -0.359821688800247 -0.051421962437640  0.104938492737076
 -0.140552815305151  0.015294948140753  0.003424642787134  0.001611785026888
 -0.009242984874240  0.002125273185734  0.003871573539347 -0.059709905646502
 -1.010414017087943 -0.005299367873672  0.001413117760563 -0.005141207243836
  0.074373096377691  1.217256288390825  0.005855864415069  0.000610487555620
  0.005744164149481 -0.006889506741829 -0.032877373577884 -0.006591792316780
 -0.009714257102631  0.004810573185431  0.024294652979135  0.720373825060681
 -0.005889323731378  0.003712737465074 -0.005369845309348 -0.053778936992334
 -1.106824509495402  0.003460717988332 -0.003540592452701  0.005306664004019
  0.067954211307612  0.073872363491873  0.004286519867036 -0.001433741269847
  0.004314618460974  0.012656098498067  0.003813565680445 -0.001684342587432
 -0.001093572377879 -0.001844771790501 -0.012041592546903 -0.508146491411366
  0.002737666331946  0.005353073948722 -0.004596230687831
   30 Orbital Energy     0.177257 Occupation  0.000000
 -0.039550056307097  0.029508428174656  0.151451169474430  0.003373556039969
  0.047558645148517  0.792612350802356  0.879383227112395 -0.151284985575479
  0.378575075829054 -0.011134377953996 -0.013257422481532  0.019421527228101
  0.003185010271729  0.004921146275543  0.009115233251025  0.066147591444244
 -0.046949074007888 -0.140185743170726 -0.079703124958486 -0.314062661066929
 -1.280169623674954 -0.592415729566063 -0.462826354355927 -1.409499425265420
 -0.005116722322817  0.003372716257287  0.011798913148591 -0.011923964710421
  0.015969530758874  0.009104171421018 -0.067443303788588  0.038456217115873
 -0.178855533187308  0.024249455404165 -0.098030298317460  1.535305787596027
 -0.861011381567091  0.561123869954620 -0.569608126320819 -0.011238069871525
  0.006063326945733 -0.006963294118807  0.005408721730691 -0.024598582865857
  0.015036609632656 -0.019219755157397  0.028698794477261  0.019326141341900
  0.021466562771531 -0.080392599988590  0.312960062879966  0.268557355345108
  0.321987333077504 -0.155547602968542  0.017411770763406 -0.019257221229534
 -0.000718661220514 -0.007440209181026  0.004660871455956  0.018976719783651
  0.023942713792802 -0.012095827500779 -0.060644990359130  0.096867381515621
 -0.086419729633908 -0.448389623136003 -0.054385305129807  0.184160767583684
 -0.126415885928193  0.017415639298527  0.018399731997966  0.011837186331153
  0.002709303720653 -0.005292746278076  0.002028357378564  0.027709497095144
 -0.097268419064863  0.006171795796503  0.004542456390942  0.005318246194769
 -0.036029941073459 -0.688692326651491  0.000628080665953 -0.004002277254807
  0.005696805337176  0.028272652208903  0.558196608754273  0.007404730021648
 -0.007497714477289 -0.007389343354098 -0.038719906213089 -0.601580314072420
  0.002964485048970  0.000552157999358 -0.013073168842192 -0.066551301465278
 -0.514728961121847 -0.007916704545912 -0.005596492471575 -0.004722027919678
  0.040448385703404 -0.177141930828013 -0.008701254707446  0.005369216662975
 -0.004961723782135  0.037726942794048  0.218974655549172 -0.008132774574602
  0.001426357750916 -0.011472468376080  0.040656455060455  0.004216609733027
  0.010241712753009  0.009554162933958 -0.003150613203181
&
&hess
   1
   1  5.185682E-01
   2  4.409192E-02  4.957013E-01
   3  2.158591E-02 -2.078751E-02  5.397158E-01
   4 -1.134046E-01  4.948008E-02  2.217034E-02  4.894449E-01
   5  5.030709E-02 -1.393464E-01 -2.770101E-02  6.227662E-02  5.121476E-01
   6  1.986580E-02 -2.687710E-02 -8.443797E-02 -3.036258E-02 -1.751095E-03
   7 -1.756809E-02  8.600200E-03 -1.321063E-02 -1.236713E-01  1.369221E-02
   8  1.932483E-02 -7.529233E-03  1.737704E-02  1.665935E-02 -8.054571E-02
   9  4.070910E-03  2.374690E-03  6.413646E-03 -5.234797E-02  1.860154E-02
  10 -4.806890E-04 -5.117117E-04  8.002498E-04 -2.265495E-02 -1.616382E-02
  11  7.555648E-04  2.792586E-03  1.910313E-03  1.587589E-03  9.946885E-03
  12  7.950177E-04 -1.178990E-03 -2.741125E-06 -1.998156E-02 -1.982517E-02
  13 -1.157434E-03  1.359974E-03 -8.282019E-05  2.458885E-03  2.348251E-03
  14  2.289513E-04 -1.702074E-03 -9.407662E-04  3.497274E-03 -9.024450E-04
  15  2.340189E-04 -2.695337E-04  8.957109E-04  5.524682E-04  3.692571E-05
  16 -1.006937E-01 -2.905737E-02  1.007633E-01 -1.029999E-02 -4.492221E-03
  17 -2.899737E-02 -5.881218E-02  5.153519E-02  1.288566E-02  5.021193E-03
  18  1.007898E-01  5.105134E-02 -2.264456E-01  4.025136E-03  1.841237E-03
  19 -1.198082E-01 -1.190517E-01 -2.137902E-02  1.113463E-02  1.783598E-02
  20 -1.168120E-01 -2.245527E-01 -3.038920E-02 -1.224417E-02 -2.088921E-02
  21 -2.027453E-02 -2.981182E-02 -5.130151E-02 -5.220525E-03 -8.372029E-03
  22 -1.660033E-01  3.175518E-02 -1.253009E-01 -1.263925E-02  1.910802E-03
  23  3.122260E-02 -5.188955E-02  3.241785E-02  1.588956E-02 -4.732017E-03
  24 -1.258155E-01  3.336534E-02 -1.729213E-01  8.335740E-03 -2.084702E-03
  25  1.080750E-02  1.798380E-02  3.971904E-03 -1.193354E-01 -1.129682E-01
  26 -1.215214E-02 -2.064866E-02 -3.953543E-03 -1.142243E-01 -2.104482E-01
  27 -4.635758E-03 -8.687765E-03 -2.389508E-03 -2.456457E-02 -3.783584E-02
  28 -1.014296E-02 -3.968407E-03  1.638276E-02 -9.880607E-02 -3.112581E-02
  29  1.250843E-02  5.258778E-03 -2.175190E-02 -3.176957E-02 -6.104388E-02
  30  4.393203E-03  1.460077E-03 -7.349029E-03  9.892073E-02  5.465300E-02
  31  1.853604E-03 -5.071022E-04 -9.957185E-04  9.408845E-03  4.570506E-03
  32 -8.561545E-04  1.206125E-04  1.084414E-03 -2.729697E-03 -1.798433E-03
  33  1.178301E-03 -1.070008E-03  1.086455E-03  8.653837E-03  4.022019E-03
  34 -2.568840E-03  1.278059E-05 -4.805552E-03 -1.051670E-02  1.716120E-02
  35  4.764139E-04  8.694202E-04  1.563498E-03  1.340586E-03 -4.158102E-03
  36 -2.003050E-03  1.071740E-04 -3.197934E-03 -9.778720E-03  1.900807E-02
  37  6.286671E-04 -2.266306E-04  9.471113E-05 -1.108175E-03 -5.386853E-03
  38 -1.306689E-04 -2.212832E-04 -3.477057E-04 -2.676851E-03 -3.250608E-03
  39 -1.895224E-04  3.505207E-04 -9.240652E-05 -3.670758E-04 -6.068825E-04
   6
   6  5.128328E-01
   7 -4.949965E-02  4.629103E-01
   8  1.899001E-02 -3.010168E-02  4.783041E-01
   9 -1.286126E-01 -1.413747E-02 -1.333711E-02  5.042704E-01
  10 -1.023837E-02 -1.461301E-01 -4.326016E-02 -2.245308E-02  4.117410E-01
  11 -7.753430E-03 -3.984984E-02 -1.067593E-01 -1.442821E-02  9.773462E-02
  12 -3.850372E-03 -2.466086E-02 -1.581872E-02 -8.942625E-02  1.093108E-01
  13  2.325200E-03  1.218728E-02 -3.075540E-02  1.242059E-02 -9.354218E-02
  14  2.268781E-03 -2.214810E-02 -3.725893E-02  2.750774E-02 -5.635110E-02
  15 -2.472435E-03  4.906748E-03  1.843539E-02  1.495613E-02  1.545534E-02
  16  1.560991E-02  8.578671E-04 -9.357067E-04  1.637613E-03 -3.289370E-04
  17 -2.200958E-02 -9.130493E-04  1.122354E-03 -1.160704E-03 -1.619560E-05
  18 -8.553319E-03 -1.106191E-03  2.951280E-04  1.057931E-03 -8.013152E-05
  19  3.196881E-03  1.093261E-03 -9.340815E-04 -2.593474E-04 -2.117267E-04
  20 -3.825311E-03 -7.475839E-04  1.034640E-03 -1.203880E-04  2.299389E-04
  21 -2.590958E-03  2.768990E-04  1.008875E-03  2.766324E-04 -6.211788E-04
  22 -1.299533E-02 -1.000062E-03  3.006109E-03  2.660483E-03  7.364150E-04
  23  1.809644E-02  2.929612E-03 -3.241485E-03 -2.513810E-03 -4.145242E-04
  24  7.293282E-03  1.141624E-03 -1.299060E-03 -1.145845E-04  1.638432E-04
  25 -2.462650E-02 -1.380436E-02 -1.683563E-02 -3.019862E-03 -1.945877E-03
  26 -3.791835E-02  6.276083E-03  6.448483E-03  2.542172E-03  1.147637E-03
  27 -5.413277E-02 -1.465132E-02 -1.836238E-02 -5.337095E-03 -1.797623E-03
  28  1.001926E-01  9.965570E-03  5.742096E-03 -2.014713E-02  8.047207E-04
  29  5.602948E-02 -2.074897E-03 -2.334017E-03  6.547865E-03 -5.328329E-04
  30 -2.241607E-01  7.710923E-03  5.065145E-03 -2.070143E-02  1.778340E-03
  31 -1.994895E-02 -8.782608E-02 -1.673760E-02  9.108397E-02 -7.196001E-03
  32  5.170006E-03 -1.825819E-02 -3.988917E-02  3.652368E-02 -9.349644E-03
  33 -1.895268E-02  8.891901E-02  3.296756E-02 -2.356927E-01 -2.009351E-03
  34  6.540570E-03 -8.888400E-02  9.235986E-02  2.082361E-02  1.285100E-02
  35 -1.813627E-03  9.941124E-02 -2.202823E-01 -5.230650E-02  1.261968E-02
  36  5.481539E-03  2.209399E-02 -5.084989E-02 -5.159257E-02  3.648212E-03
  37  2.031546E-05 -8.096925E-03  2.476054E-03 -2.033406E-02 -1.537832E-01
  38  1.417663E-03 -1.681636E-02  1.096557E-02 -1.024078E-02  1.474956E-02
  39  2.190652E-03 -7.761885E-03  5.528830E-03  4.495658E-03 -9.403815E-02
  11
  11  7.055867E-01
  12 -3.032672E-01  5.215593E-01
  13 -5.466705E-02  1.272753E-02  6.980369E-02
  14 -5.187424E-01  3.021498E-01  7.336873E-02  5.707823E-01
  15  3.057322E-01 -2.805596E-01 -1.613915E-02 -3.575763E-01  2.797206E-01
  16 -8.335638E-04  2.600894E-04 -3.420811E-04  5.863182E-04 -4.045647E-04
  17 -2.211217E-04  4.068674E-04 -4.747528E-04  3.069912E-04 -8.017088E-05
  18 -3.782733E-06 -1.095990E-04 -2.954690E-05 -1.960480E-05  7.423154E-05
  19  2.179535E-03 -1.022504E-03 -1.176658E-03 -1.247277E-03  3.968879E-04
  20 -2.254956E-03  1.508057E-03 -1.349317E-03  1.666261E-03 -5.186520E-04
  21 -7.210511E-04  7.126155E-04 -4.294130E-04  6.057412E-04 -5.968303E-04
  22  1.651620E-04  2.952825E-04 -5.355133E-04  3.439624E-05  2.428968E-04
  23 -1.629788E-03  4.610566E-04 -3.688448E-04  9.804442E-04 -2.967268E-04
  24 -1.195829E-04  1.141226E-04 -7.168711E-05  7.901982E-05 -4.551640E-05
  25  2.081351E-03 -3.834737E-03  4.738247E-04  2.274215E-04 -3.301023E-06
  26 -6.570026E-04  2.018353E-03 -3.415950E-04  6.926100E-04 -7.261377E-04
  27  3.936035E-03 -4.123857E-03  1.152450E-03 -3.803252E-04  1.548533E-03
  28  5.358114E-04 -1.181558E-03 -4.367279E-04 -5.630388E-04  5.701468E-04
  29  2.099078E-04 -1.113163E-03  1.420248E-04  1.878316E-04  1.415296E-04
  30  2.877662E-03 -1.085913E-03  2.698249E-04 -1.405524E-03  2.129350E-03
  31 -1.440195E-04  2.325166E-02 -1.339367E-03 -3.380001E-03 -2.597914E-03
  32 -6.560525E-03  2.452777E-02 -2.398144E-03 -3.700451E-03 -3.354003E-03
  33  1.663438E-03  2.222650E-03  1.121270E-03 -2.244099E-03  3.304789E-04
  34 -2.007111E-02 -5.281762E-03 -4.474612E-03 -1.072662E-03  2.423752E-03
  35 -2.382684E-02 -3.283633E-03 -4.899037E-03  2.628879E-04 -4.007725E-04
  36  8.242977E-04 -1.695562E-03  4.460310E-04 -3.861901E-05  5.084668E-05
  37  1.039765E-02 -9.070984E-02  1.789891E-02  7.172112E-03 -5.912320E-03
  38 -5.789446E-02  1.343687E-02  1.836762E-02 -1.215741E-02  3.858719E-02
  39  9.401292E-03 -1.437528E-01 -1.396872E-02  2.968129E-02 -1.624506E-02
  16
  16  1.084026E-01
  17  2.814634E-02  6.252721E-02
  18 -1.127658E-01 -5.431227E-02  2.451610E-01
  19 -7.690888E-03 -1.000869E-02 -3.226033E-03  1.290459E-01
  20 -2.557042E-03 -5.113117E-03 -1.247189E-03  1.252077E-01  2.456704E-01
  21  1.439165E-02  2.311349E-02  4.630741E-03  2.192405E-02  3.509002E-02
  22  1.097587E-02 -3.009483E-03  1.119094E-02 -1.084274E-02  4.193601E-03
  23  5.186827E-03 -2.545971E-03  4.997493E-03 -1.698356E-02  6.030990E-03
  24 -1.862511E-02  3.526452E-03 -1.736327E-02 -1.218854E-03  1.038173E-03
  25  7.413217E-04 -5.907283E-04 -1.992598E-04 -1.978816E-03  3.784884E-03
  26  2.587111E-05  9.914184E-04 -2.559997E-04  4.014560E-03 -2.647111E-03
  27 -5.477892E-04 -1.445752E-05  2.000896E-05  1.499395E-03 -1.394824E-03
  28 -1.614612E-03  3.510337E-03  6.462577E-04  7.470430E-04 -1.582098E-04
  29  3.492798E-03 -3.541648E-03 -2.020439E-03 -5.623938E-04  8.741172E-04
  30  8.955989E-04 -1.465485E-03  7.894006E-04 -1.898547E-04  2.375543E-05
  31 -2.928735E-04 -1.889126E-04  7.686409E-04 -1.370651E-04  8.831622E-05
  32  4.338528E-04  1.140533E-04 -2.785343E-04  1.436713E-05 -1.589190E-04
  33 -8.972611E-04  7.080282E-04  5.252045E-04 -1.140984E-04  1.706146E-04
  34  3.509562E-04 -3.842533E-04 -1.063442E-04 -3.716219E-07  1.107303E-04
  35 -3.096295E-05  8.046643E-05 -6.002204E-05 -2.876621E-04  1.987660E-04
  36 -2.358188E-04 -1.281976E-04  1.723330E-04  6.184778E-05  3.104816E-05
  37 -6.246821E-05  4.352557E-05  7.458229E-05 -1.963580E-04  2.567849E-04
  38  3.500989E-05  6.078312E-05  7.775475E-06 -1.655223E-04  1.501419E-04
  39 -8.783954E-05 -1.259823E-04  4.683785E-05  3.303552E-04 -3.685858E-04
  21
  21  5.211819E-02
  22 -1.127194E-02  1.792689E-01
  23 -1.931208E-02 -3.775169E-02  5.584580E-02
  24 -3.257101E-03  1.361695E-01 -3.496901E-02  1.845187E-01
  25  1.536928E-03  8.652623E-04 -5.538013E-04 -2.784134E-04  1.327489E-01
  26 -1.676579E-03  9.993153E-06  4.621809E-04  5.682494E-04  1.188329E-01
  27  3.031717E-04  1.388864E-04  6.367754E-04  3.503721E-04  2.955415E-02
  28 -5.743739E-04 -3.486067E-06 -4.123883E-04 -1.957406E-04 -8.200335E-03
  29 -2.085861E-04 -4.654412E-04  8.498303E-04  4.504927E-04 -1.100880E-02
  30 -2.049759E-05  4.149091E-05 -1.480947E-04  6.164764E-04 -3.285155E-03
  31  1.445619E-04  6.548189E-05 -2.473138E-04  1.382590E-04  5.938358E-04
  32  1.007309E-04  4.804543E-05 -4.951452E-05 -3.167906E-04  1.051170E-04
  33  9.393638E-06 -5.418237E-05 -2.626515E-04  3.318986E-04 -6.949771E-05
  34  9.395051E-06 -8.576816E-04  1.400596E-03  2.466784E-04  1.079769E-04
  35 -1.197851E-05  2.029118E-04 -2.668692E-04 -2.965344E-04 -1.230469E-04
  36 -1.217566E-04 -8.914833E-04  8.776363E-04  5.093514E-04  4.802324E-04
  37  1.095301E-04 -2.604707E-05  1.035308E-04  2.020994E-05 -1.074503E-03
  38  1.977398E-04 -1.008966E-04  1.763817E-04  5.538702E-05 -9.225750E-04
  39 -1.709168E-04 -2.150857E-04  1.253301E-05 -2.669036E-05 -2.227793E-04
  26
  26  2.312241E-01
  27  4.156227E-02  5.701149E-02
  28 -3.698116E-03  1.416895E-02  1.100062E-01
  29 -6.554803E-03  2.165292E-02  2.923177E-02  6.645428E-02
  30 -1.709898E-03  5.722225E-03 -1.069577E-01 -6.080694E-02  2.458141E-01
  31 -3.224885E-04  4.948948E-04 -3.030267E-03  1.141605E-03 -3.500241E-03
  32  3.441365E-05 -4.124977E-04  7.019055E-04 -7.525788E-06  1.278850E-03
  33 -3.850110E-04  2.402009E-04 -3.744688E-03  5.257579E-04 -2.060209E-03
  34 -1.620732E-04  4.235567E-04  5.610201E-04 -2.457467E-04 -1.555706E-04
  35  9.143729E-04  1.902458E-04  1.285620E-04 -1.264950E-04  2.855941E-04
  36 -2.024901E-04  9.950683E-04  3.851787E-04  1.130024E-04  9.988111E-05
  37  6.041862E-04 -1.242215E-03  1.539084E-04  1.529980E-04  5.076539E-05
  38  1.988385E-04 -8.952683E-04  8.844648E-05 -2.321128E-04 -1.310378E-04
  39  1.405853E-04 -2.235472E-04  4.533972E-04  4.358549E-04  2.060998E-04
  31
  31  9.334779E-02
  32  1.791865E-02  4.865034E-02
  33 -9.787157E-02 -3.837968E-02  2.598591E-01
  34 -6.353202E-03  1.312195E-02  4.091485E-03  1.007071E-01
  35 -1.945070E-03  3.511902E-03  1.679011E-03 -1.047251E-01  2.411249E-01
  36  1.151341E-02 -2.387912E-02 -8.025944E-03 -2.514432E-02  5.366890E-02
  37  8.970150E-04  1.248228E-03  7.954177E-04 -9.271015E-04 -2.179289E-03
  38 -2.484996E-04 -2.841267E-04  6.050873E-04  2.485974E-03  1.701402E-03
  39 -2.492211E-03 -2.073103E-03  1.387595E-04  9.357125E-04  7.920105E-04
  36
  36  5.732823E-02
  37 -5.778311E-04  1.456953E-01
  38  4.797047E-04 -1.466766E-02  6.078021E-02
  39 -1.234436E-05  1.176242E-01 -4.318028E-02  1.534508E-01
&
&valid
version=1.0
geometry
atom_num=13
   6    -1.3076925511     0.6323799518    -0.2374662995
   6    -0.3881066611    -0.5155153007    -0.6728103833
   6     0.6734398554    -0.8656710359     0.3756863244
   6     1.7633448951     0.1722921335     0.5431150574
   8     1.8759914247     1.1834919288    -0.1331698713
   1    -1.8354982884     0.3875318634     0.7006880051
   1    -0.7276788295     1.5538221181    -0.0749083036
   1    -2.0702985261     0.8430445048    -1.0043393051
   1    -0.9867714635    -1.4174519216    -0.8889948795
   1     0.1247242209    -0.2403346633    -1.6108977225
   1     0.2244253708    -1.0422062424     1.3745089992
   1     1.1910967944    -1.8171970748     0.1348732361
   1     2.5091081356    -0.0609393212     1.3538321110
end
molecule
molchg=0
multip=1
qs_cuts=   0    0    0
end
basis
name=6-31g**                         
numd=6
atom_basis_num=0
end
&
