&zmat
 C1             -1.3076925511             0.6323799518            -0.2374662995
 C2             -0.3881066611            -0.5155153007            -0.6728103833
 C3              0.6734398554            -0.8656710359             0.3756863244
 C4              1.7633448951             0.1722921335             0.5431150574
 O5              1.8759914247             1.1834919288            -0.1331698713
 H6             -1.8354982884             0.3875318634             0.7006880051
 H7             -0.7276788295             1.5538221181            -0.0749083036
 H8             -2.0702985261             0.8430445048            -1.0043393051
 H9             -0.9867714635            -1.4174519216            -0.8889948795
 H10             0.1247242209            -0.2403346633            -1.6108977225
 H11             0.2244253708            -1.0422062424             1.3745089992
 H12             1.1910967944            -1.8171970748             0.1348732361
 H13             2.5091081356            -0.0609393212             1.3538321110
&

