&gen
basis=6-31G**
igeopt=1
dftname=PBE-D3
ifreq=1
&
entry_name: J1_15_2111.in
&zmat
C1          4.4524827868         0.5393284857         1.7609881440
O2          3.6156104777         1.1796747537         0.8225615994
C3          3.5176113268         0.3982037356        -0.3579248904
C4          2.9423993111         1.2630388107        -1.5041374242
C5          1.4491312280         1.3801189836        -1.3896175339
C6          0.6889245909         0.1554096893        -0.9909746433
O7         -0.6464079121         0.4526191270        -0.6370577873
C8         -1.3127720753        -0.7532801769        -0.2809206322
C9         -2.7471761467        -0.4244468474         0.0383805418
C10        -3.7994110546        -0.9967539046        -0.6989389733
C11        -5.1273225499        -0.6823254502        -0.3928417434
C12        -5.4161317916         0.2034792519         0.6485189620
C13        -4.3774996232         0.7770900274         1.3863439034
C14        -3.0482369394         0.4659477947         1.0842949981
O15        -0.7234472707        -1.3495582737         0.8685214903
C16         0.6230676432        -1.6996835248         0.6055983913
C17         1.4115997624        -0.4571110258         0.2056325169
O18         2.7476882775        -0.7851323415        -0.1389385191
O19         0.8741665316         2.4086275198        -1.7124593114
H20         5.4960362563         0.4669037090         1.3828730836
H21         4.0657829857        -0.4677658756         2.0324152273
H22         4.4741630074         1.1488173911         2.6874783768
H23         4.5337399552         0.0881132561        -0.6971690125
H24         3.4128479272         2.2705157356        -1.4907076126
H25         3.1789135090         0.7847025426        -2.4790423295
H26         0.7158602576        -0.5410309934        -1.8626081562
H27        -1.2968617884        -1.4734153631        -1.1356743150
H28        -3.5952760557        -1.6850686461        -1.5095834781
H29        -5.9330085037        -1.1257716769        -0.9635937400
H30        -6.4445753598         0.4453849165         0.8835691856
H31        -4.6022757662         1.4632305497         2.1926742613
H32        -2.2527070984         0.9179813471         1.6640697050
H33         0.6798432142        -2.4835932592        -0.1840633744
H34         1.0660129852        -2.1261172735         1.5303786384
H35         1.3772279022         0.2418670057         1.0749156808
&

