&zmat
 C1              4.2369316687             0.6602131853             1.8441313036
 O2              3.5883345618             1.2338726868             0.7056804068
 C3              3.5367834567             0.3575139041            -0.3969689856
 C4              2.9569044194             1.1728247471            -1.5704881637
 C5              1.4642995747             1.4504812053            -1.3777945324
 O19             0.9519430517             2.5523273118            -1.4887413262
 C6              0.7014930379             0.1846434665            -1.0074739533
 O7             -0.6525495006             0.4459024880            -0.6826984226
 C8             -1.3256847731            -0.7745564835            -0.3516015941
 C9             -2.7474695497            -0.4383607393             0.0145036694
 C10            -3.8245946020            -0.9761908216            -0.7021655089
 C11            -5.1405950212            -0.6589663015            -0.3378489148
 C12            -5.3789558374             0.1974882713             0.7447837963
 C13            -4.3007272180             0.7391258162             1.4617127532
 C14            -2.9880989923             0.4233532821             1.0979347778
 O15            -0.7309859487            -1.4247823097             0.7726709186
 C16             0.6362272729            -1.7664774890             0.5288481232
 C17             1.4091850629            -0.4917251528             0.1936346389
 O18             2.7613484512            -0.8196440110            -0.1327013941
 H20             5.2846695405             0.3842754364             1.6114200414
 H21             3.7080994292            -0.2397438845             2.2059970062
 H22             4.2311613286             1.4305738969             2.6280932806
 H23             4.5445477139            -0.0417740853            -0.6330999318
 H24             3.4921715994             2.1274897608            -1.6759858481
 H25             3.0934767460             0.5806512643            -2.4921951360
 H26             0.7791616734            -0.5226226014            -1.8687373188
 H27            -1.2745826707            -1.4592388289            -1.2327701396
 H28            -3.6336307197            -1.6455153433            -1.5479809167
 H29            -5.9793004260            -1.0805975713            -0.8998913049
 H30            -6.4058504930             0.4454162657             1.0308984385
 H31            -4.4864418539             1.4103279084             2.3057439754
 H32            -2.1371025182             0.8391814748             1.6436370394
 H33             0.7293802556            -2.4855865067            -0.3142277436
 H34             1.0178881934            -2.2462077931             1.4437778229
 H35             1.3605752957             0.2029614767             1.0530838978
&

