&gen
basis=6-31G**
igeopt=1
dftname=PBE-D3
ifreq=1
&
entry_name: J1_10508_2111.in
&zmat
C1         -5.0309681042        -1.6833498901         0.8068170027
C2         -4.3204614077        -1.0900996320         1.8525296860
C3         -3.5874173070         0.0793429354         1.6288649922
C4         -3.5429753982         0.6569734074         0.3469457407
C5         -2.7260957433         1.8990285788         0.0786185168
P6         -0.8988244499         1.5637179911         0.0168733614
C7         -0.6772316941         1.8585029346         1.8695061831
C8          0.4609349469         2.7632761319         2.2839873188
C9          1.7189930643         2.2354475898         2.6209106620
C10         2.7704728310         3.0860773425         2.9742702853
C11         2.5728140219         4.4686392787         3.0071264938
C12         1.3201859956         5.0027032008         2.6957713971
C13         0.2657488244         4.1555669781         2.3434549769
C14         0.0744095516         3.0014716872        -0.5382882185
C15         1.4793005810         2.9870783323        -0.5678034317
C16         2.1955562711         4.1034443431        -1.0079558356
C17         1.5181959275         5.2463901751        -1.4337109042
C18         0.1233151279         5.2755332475        -1.4134719797
C19        -0.5951616148         4.1613433569        -0.9701980014
O20        -1.0099891370         1.0967727313        -1.6412216395
C21        -0.5515122734        -0.2291365538        -1.5200442746
C22        -1.5660522912        -1.2244422102        -2.0441020169
C23        -2.3641210460        -0.8990090799        -3.1565195774
C24        -3.2651315211        -1.8315265903        -3.6792664244
C25        -3.3555725449        -3.1079106739        -3.1200438400
C26        -2.5316387511        -3.4603036046        -2.0490751581
C27        -1.6274011058        -2.5320630240        -1.5248502666
C28        -0.3985076214        -0.1969077979        -0.0166935762
C29         0.9663691587        -0.5909946013         0.5401606627
C30         2.1841060354        -0.3780201575        -0.1420476711
C31         3.3957986296        -0.7984540465         0.4144601910
C32         3.4133261117        -1.4592306646         1.6427489230
C33         2.2174329415        -1.7071621617         2.3158802360
C34         1.0039586413        -1.2825974382         1.7680570296
C35        -4.2894904590         0.0687144127        -0.6892210467
C36        -5.0217770504        -1.0997165140        -0.4612973339
H37        -5.5959803656        -2.5897374984         0.9814595385
H38        -4.3388467485        -1.5357840520         2.8386564239
H39        -3.0569749179         0.5231562513         2.4573968734
H40        -2.9938542436         2.6930704206         0.8045629599
H41        -3.0324581034         2.3260569711        -0.9001509126
H42        -0.5608113915         0.8859890452         2.3859329780
H43        -1.5857034610         2.2818980421         2.3376053579
H44         1.8915099646         1.1711234959         2.6063018901
H45         3.7395050362         2.6726018188         3.2220571404
H46         3.3890243968         5.1256831846         3.2779707185
H47         1.1666803578         6.0736199931         2.7242558745
H48        -0.6978565334         4.5838749237         2.0963820648
H49         2.0297558107         2.1501175438        -0.1902877204
H50         3.2777524879         4.0863611843        -1.0053963306
H51         2.0737852853         6.1114761530        -1.7717114753
H52        -0.4029151968         6.1635100396        -1.7390673675
H53        -1.6736504257         4.2167550380        -0.9593850028
H54         0.3861814475        -0.3482829322        -2.0932859311
H55        -2.2994577142         0.0802904660        -3.6136826433
H56        -3.8909337418        -1.5650752042        -4.5210862566
H57        -4.0540723248        -3.8282905825        -3.5255226524
H58        -2.5866245107        -4.4568611507        -1.6305239698
H59        -0.9768432830        -2.8362829514        -0.7147299044
H60        -1.1971483013        -0.7850476459         0.4823422178
H61         2.2215495201         0.1187445588        -1.0992366464
H62         4.3237003853        -0.6154568153        -0.1119299430
H63         4.3529914682        -1.7854839818         2.0692801901
H64         2.2294049791        -2.2285939219         3.2642199502
H65         0.0894818221        -1.4944894887         2.3083266258
H66        -4.3006842172         0.5101973986        -1.6773554153
H67        -5.5805071046        -1.5535839283        -1.2695313829
&

