&gen
basis=6-31G**
igeopt=1
dftname=PBE-D3
ifreq=1
&
entry_name: J1_4576_2111.in
&zmat
C1          2.5699768300        -0.9733888283         2.7798065466
C2          2.8938226034        -1.1771978927         1.3231771682
C3          3.8753776405        -2.1145770696         0.9571431012
C4          4.1847211226        -2.3286640783        -0.3876923896
C5          3.5270576855        -1.6036769554        -1.3811099042
C6          2.5571888948        -0.6621982004        -1.0339107364
C7          2.2220238899        -0.4467224683         0.3147954154
C8          1.2018877569         0.5624631449         0.6659514107
P9         -0.3227281951         0.5232104899         0.0710160112
C10        -1.4855114851         0.5187745392         1.4527515819
C11        -2.6370833015        -0.2852539864         1.4148097736
C12        -3.5533561216        -0.2554155092         2.4703678966
C13        -3.3380856557         0.5898824166         3.5613729163
C14        -2.2113511222         1.4148781103         3.5929209902
C15        -1.2929022639         1.3878426764         2.5391657211
C16        -0.6301578179         2.0061163371        -0.9048270528
C17        -1.9467726607         2.4454239299        -1.1118196866
C18        -2.1975098745         3.5702237159        -1.9033640011
C19        -1.1372529982         4.2548500656        -2.5031486560
C20         0.1748732920         3.8119094670        -2.3163595403
C21         0.4293473778         2.6874286171        -1.5252747585
C22        -0.5701087052        -0.9585925421        -0.9314682228
C23        -0.8352550485        -0.8636504469        -2.3067883168
C24        -0.9940683671        -2.0224941205        -3.0729438185
C25        -0.8863473810        -3.2801436008        -2.4731035677
C26        -0.6192678638        -3.3812196325        -1.1053478855
C27        -0.4608665797        -2.2252097805        -0.3361701326
H28         1.4746091442        -1.0638216906         2.9407876112
H29         3.0725332831        -1.7289341657         3.4204383166
H30         2.9052944693         0.0356343719         3.0985627908
H31         4.4011114752        -2.6849848419         1.7128572249
H32         4.9392033134        -3.0554957953        -0.6596831464
H33         3.7735500894        -1.7667863831        -2.4222928224
H34         2.0704336875        -0.0970874180        -1.8188064307
H35         1.4398035938         1.2839628120         1.4346805312
H36        -2.8371292720        -0.9291922548         0.5694867114
H37        -4.4348343648        -0.8826852101         2.4387474745
H38        -4.0497045495         0.6138120944         4.3765021648
H39        -2.0532510657         2.0815505580         4.4307859334
H40        -0.4405957574         2.0526410322         2.5713692078
H41        -2.7795778875         1.9167398917        -0.6664958118
H42        -3.2143719641         3.9079815222        -2.0560646568
H43        -1.3327614881         5.1243570261        -3.1172612373
H44         0.9949027208         4.3375125209        -2.7883073575
H45         1.4506115683         2.3528529582        -1.4012776803
H46        -0.9124548595         0.0993414170        -2.7925127933
H47        -1.1973163623        -1.9455015652        -4.1332097271
H48        -1.0077201344        -4.1758351531        -3.0683756320
H49        -0.5325056895        -4.3552173610        -0.6415794134
H50        -0.2474816020        -2.3154427638         0.7216988787
&

