&gen
basis=6-31G**
igeopt=1
dftname=PBE-D3
ifreq=1
&
entry_name: J1_10482_2111.in
&zmat
C1          2.6785686486        -1.2386933700         6.4614687703
C2          3.1531373027        -0.1079725408         5.7914121616
C3          3.1151009261        -0.0534767692         4.3948305859
C4          2.6008408690        -1.1334539092         3.6578708733
C5          2.5068012767        -1.0588350659         2.1586851993
N6          1.1222817404        -0.7723274624         1.7674185615
C7          1.0429332663        -0.4617654393         0.3354410586
C8         -0.4182435665        -0.1925249939        -0.0771104635
C9         -0.6045243495        -0.1444019184        -1.5770530774
C10        -1.6324625099        -1.1318929974        -2.0888882567
C11        -2.7666099081        -0.7105293599        -2.8103468899
C12        -3.6918161179        -1.6469416498        -3.2811309193
C13        -3.4871596016        -3.0099672656        -3.0549038680
C14        -2.3531780699        -3.4402579898        -2.3622433305
C15        -1.4261692245        -2.5079058206        -1.8873680094
O16        -1.0648139428         1.1854269367        -1.6340011761
P17        -0.9803001537         1.5344538736         0.0476238397
C18        -2.7700967504         1.8667545571        -0.0004689243
C19        -3.6839762632         0.7959635258         0.0447504041
C20        -5.0574491249         1.0253641063        -0.0687132702
C21        -5.5360118769         2.3219951536        -0.2592025365
C22        -4.6394224579         3.3873993353        -0.3539323729
C23        -3.2640614297         3.1610635985        -0.2424046328
C24        -0.8038245198         1.6490849016         1.8883142478
C25        -1.8311020615         1.2208886921         2.7602686793
C26        -1.6711390936         1.2765431117         4.1478898601
C27        -0.4781006958         1.7364949286         4.6998808940
C28         0.5675698683         2.1197386351         3.8648871959
C29         0.4205053137         2.0509260989         2.4775803859
C30         0.1125709926         2.9659922790        -0.2867920280
C31        -0.1014969650         4.2058362845         0.3501926054
C32         0.7368023816         5.2940159887         0.0938314114
C33         1.8003885856         5.1631906627        -0.7996871588
C34         2.0299424335         3.9420842957        -1.4348561202
C35         1.1949269925         2.8502171417        -1.1811170332
C36         2.1225280719        -2.2651658143         4.3390180581
C37         2.1644230691        -2.3167161131         5.7357945181
H38         2.7074428000        -1.2787531898         7.5426477977
H39         3.5472421871         0.7282513407         6.3542553338
H40         3.4794922743         0.8325967684         3.8900704387
H41         3.1896302271        -0.2639121097         1.7822671857
H42         2.8404782447        -2.0249256512         1.7165898974
H43         0.5557762578        -1.6355943705         1.9452633432
H44         1.6797252292         0.4158592629         0.1008184970
H45         1.4237571926        -1.3302479313        -0.2490870671
H46        -1.1271480714        -0.8835496214         0.4289264301
H47         0.3439531652        -0.2399708079        -2.1501504269
H48        -2.9449074284         0.3389625940        -3.0056228294
H49        -4.5669979319        -1.3152699017        -3.8247619547
H50        -4.2042072365        -3.7330458099        -3.4215281714
H51        -2.1910740836        -4.4971639917        -2.1945894453
H52        -0.5490931992        -2.8572952919        -1.3565878339
H53        -3.3386373861        -0.2191188096         0.1793608540
H54        -5.7502367530         0.1954930827        -0.0160006915
H55        -6.5997778439         2.4989395322        -0.3512442232
H56        -5.0092519142         4.3888361041        -0.5326831100
H57        -2.6014179646         3.9972032132        -0.3847963718
H58        -2.7584145613         0.8189177845         2.3954911818
H59        -2.4740475279         0.9518618546         4.7972572702
H60        -0.3567877948         1.7771578494         5.7746112218
H61         1.5031576297         2.4544745184         4.2932784867
H62         1.2829935758         2.2940983381         1.8734325089
H63        -0.8971850028         4.3253040996         1.0734751666
H64         0.5654172986         6.2379062827         0.5949647585
H65         2.4495561724         6.0065881495        -0.9963262897
H66         2.8569318677         3.8404369884        -2.1257145367
H67         1.3990404979         1.9200595355        -1.6909178804
H68         1.7129211963        -3.1031498061         3.7886024534
H69         1.7942101702        -3.1907561845         6.2558154026
&

