&gen
basis=6-31G**
igeopt=1
dftname=PBE-D3
ifreq=1
&
entry_name: J1_10545_2111.in
&zmat
C1         -1.6753186945        -2.9742386069         2.0626625888
O2         -0.9809321419        -2.0584316949         1.2251806002
C3         -1.6333102876        -1.0517658022         0.5087263329
O4         -2.8894975889        -0.9488150717         0.5609551994
C5         -0.8017297819        -0.0826985998        -0.2978038777
C6         -1.1823606946         0.1442662319        -1.7475333498
C7         -2.2965104617        -0.6928199875        -2.3256676777
C8         -2.9512148446        -0.2954759731        -3.4234374932
C9         -4.0448314839        -1.0724611459        -4.0539737905
C10        -4.8106666839        -2.0162383948        -3.3385794396
C11        -5.8439425402        -2.7134036615        -3.9727292741
C12        -6.1309354540        -2.4725369957        -5.3180160199
C13        -5.3899554430        -1.5279579119        -6.0311488818
C14        -4.3563414813        -0.8271473959        -5.4023010826
O15        -1.5696750200         1.4905722767        -1.5935239599
P16        -1.1337390921         1.6682965759         0.0620267190
C17        -2.7929139838         2.3267510285         0.4855785546
C18        -2.9352581944         3.4022826532         1.3877419924
C19        -4.1990365861         3.9065289588         1.7057884748
C20        -5.3403082779         3.3514384500         1.1268151976
C21        -5.2190705145         2.2910315239         0.2284507423
C22        -3.9573012328         1.7825704721        -0.0922505896
C23        -0.5889396178         1.5667237827         1.8290992463
C24         0.7301636521         1.8774307543         2.2349680635
C25         1.1233058895         1.7419350698         3.5697512090
C26         0.2238242335         1.2707858357         4.5237350799
C27        -1.0696909447         0.9218425132         4.1434903030
C28        -1.4697872988         1.0564298894         2.8122657387
C29         0.0876717120         2.9081355322        -0.4639764893
C30         1.3153001358         2.4914805115        -1.0131715328
C31         2.2460524924         3.4306212179        -1.4658337888
C32         1.9522086225         4.7936032559        -1.4019149225
C33         0.7213156580         5.2177252831        -0.8979676831
C34        -0.2123992961         4.2814395509        -0.4433813589
H35        -2.2042938673        -2.4235739905         2.8694196871
H36        -0.9464040605        -3.6726439877         2.5222482241
H37        -2.4062586668        -3.5580629392         1.4640340732
H38         0.2804781769        -0.3110827573        -0.1938102119
H39        -0.2888064022         0.0896657372        -2.4075844587
H40        -2.5076325423        -1.6588493981        -1.8908083537
H41        -2.6500470351         0.6307477068        -3.9003462855
H42        -4.6357652024        -2.2027221340        -2.2879009484
H43        -6.4281912657        -3.4360137444        -3.4176341748
H44        -6.9320544913        -3.0126731923        -5.8058098449
H45        -5.6173177411        -1.3370380474        -7.0720142246
H46        -3.7932309514        -0.0975927484        -5.9717774292
H47        -2.0696963584         3.8432821184         1.8643025636
H48        -4.2929288534         4.7275615354         2.4047503024
H49        -6.3185345703         3.7430282727         1.3740765956
H50        -6.1045879626         1.8622474360        -0.2227951487
H51        -3.9023744688         0.9675379617        -0.7969482375
H52         1.4810765287         2.2129928250         1.5418630706
H53         2.1346148622         1.9936260481         3.8625916880
H54         0.5335709307         1.1635400174         5.5552385463
H55        -1.7639475595         0.5385312089         4.8801401165
H56        -2.4756577292         0.7547442211         2.5563901517
H57         1.5626287310         1.4414343920        -1.0783380794
H58         3.1940895467         3.1005957665        -1.8704935815
H59         2.6722146924         5.5201692638        -1.7556171642
H60         0.4843632737         6.2735366276        -0.8714534038
H61        -1.1699225960         4.6407494788        -0.1058866849
&

