&zmat
 C5              5.1209715312             1.8186834905             1.5573099110
 C4              4.4539280938             0.4381819661             1.5537118387
 C31             4.4074088534            -0.2163031751             2.9252310532
 O6              3.1080874329             0.5326938635             1.0515110828
 C7              3.1783389382             0.4654244168            -0.3820320783
 C8              1.9497041160            -0.3237053271            -0.8454452855
 O30             1.9921713861            -1.6192960769            -0.2394628683
 C9              0.6601545253             0.4317460412            -0.5191278003
 O10            -0.4094155484            -0.2704359903            -1.1424722054
 C11            -1.7318620093            -0.0032581064            -0.6175958320
 C12            -2.6947690406            -0.7659721984            -1.5444506010
 C13            -4.0673904153            -0.4581631860            -1.5505990479
 C14            -4.9595699983            -1.1977354312            -2.3341973401
 C15            -4.4914525550            -2.2576414409            -3.1233851930
 C16            -3.1258937465            -2.5684527405            -3.1204326692
 C17            -2.2310161866            -1.8306465478            -2.3338795935
 C18            -1.9674983722             1.5158166710            -0.6545798658
 C19            -2.2573303903             2.1325942001            -1.8872122641
 C20            -2.3669761171             3.5238100184            -1.9851342971
 C21            -2.1784035939             4.3281000377            -0.8517985690
 C22            -1.8658495559             3.7286342583             0.3740542831
 C23            -1.7560340382             2.3345038413             0.4699561896
 C24            -1.9000142750            -0.6403489009             0.7782746127
 C25            -2.9555095530            -0.2733566712             1.6347250902
 C26            -3.1492147063            -0.9336179549             2.8541631174
 C27            -2.2928827967            -1.9747703609             3.2369488686
 C28            -1.2490868766            -2.3546516904             2.3834127761
 C29            -1.0572305514            -1.6992744366             1.1603157533
 C2              4.5513044273            -0.2601696289            -0.6452074363
 C1              4.4324936957            -1.6223275400            -1.3352179213
 O32             4.2026434715            -1.7239563556            -2.5293226945
 O3              5.1213467818            -0.4500973302             0.6480080166
 H35             4.5779117247             2.5038799020             2.2259594309
 H36             6.1629169555             1.7338611012             1.9014246060
 H37             5.1273033094             2.2542286760             0.5456112717
 H58             3.8287343973             0.4053040755             3.6243218824
 H59             5.4270022472            -0.3399084187             3.3193521341
 H60             3.9357212544            -1.2066027962             2.8424898955
 H38             3.1853594954             1.4805390900            -0.8240728428
 H39             2.0114288149            -0.4909447771            -1.9346311061
 H57             2.1624046586            -1.4284992434             0.7083996775
 H40             0.5369465348             0.4828584404             0.5802788831
 H41             0.7215165011             1.4734242790            -0.8960897637
 H42            -4.4393624529             0.3742883534            -0.9455792671
 H43            -6.0237599462            -0.9421236345            -2.3302204559
 H44            -5.1883480606            -2.8366030457            -3.7371596078
 H45            -2.7496309595            -3.3928568270            -3.7341822373
 H46            -1.1659544683            -2.0713067328            -2.3295143245
 H47            -2.4002053150             1.5079968509            -2.7736577661
 H48            -2.6021172358             3.9822301967            -2.9506889512
 H49            -2.2702676054             5.4161117602            -0.9262465076
 H50            -1.7044368615             4.3459220261             1.2633316246
 H51            -1.5058483310             1.8780832162             1.4318154195
 H52            -3.6340266192             0.5355359418             1.3480761069
 H53            -3.9740001528            -0.6314618436             3.5071931185
 H54            -2.4433701031            -2.4897717727             4.1907756626
 H55            -0.5806055532            -3.1744096001             2.6660207656
 H56            -0.2482984110            -2.0016906069             0.4884261326
 H34             5.1875103011             0.3807144416            -1.2872540441
 H33             4.6194202096            -2.4971454838            -0.6624663161
&

