&gen
basis=6-31G**
igeopt=1
dftname=PBE-D3
ifreq=1
&
entry_name: J1_6492_2111.in
&zmat
C1          4.7208129350        -1.3692032420        -1.1515806128
C2          4.5595441655         0.0623051958        -0.7092036964
O3          5.3950448873         0.2922956633         0.3840701282
C4          4.5539251445         0.4279442738         1.5124477882
C5          4.8373119362         1.7764206222         2.1824340294
O6          3.1914941858         0.3733649011         1.1491778400
C7          3.1646208605         0.4533664983        -0.2416440656
C8          1.9763253115        -0.3594506526        -0.8229140616
C9          0.6299773716         0.2973057271        -0.4779689191
O10        -0.4195915067        -0.4210180850        -1.1097082058
C11        -1.7267848068        -0.1006551965        -0.6173103780
C12        -2.7494511090        -0.8565492699        -1.4811992378
C13        -4.1119748133        -0.4794859420        -1.4901503298
C14        -5.0498689296        -1.2019599116        -2.2322903163
C15        -4.6539907243        -2.3248032359        -2.9589062984
C16        -3.3204499128        -2.7337044328        -2.9374668780
C17        -2.3762134803        -2.0155866882        -2.1981148459
C18        -1.9504631786         1.4292030999        -0.7392711924
C19        -2.2229223794         2.0022837533        -2.0017422160
C20        -2.3491588070         3.3860541109        -2.1498613572
C21        -2.1638027077         4.2277219245        -1.0534620324
C22        -1.8300200908         3.6885630682         0.1886548642
C23        -1.7032208692         2.3054378482         0.3431339130
C24        -1.9369042262        -0.6660013932         0.8010887369
C25        -2.9803704461        -0.1979112845         1.6317903911
C26        -3.2109910967        -0.7726259402         2.8846190363
C27        -2.4362891473        -1.8498076939         3.3146790022
C28        -1.4439293477        -2.3685350490         2.4831183429
C29        -1.2096124063        -1.7975844114         1.2293698185
O30         1.9948745793        -1.6971657027        -0.3855087942
C31         4.8467457595        -0.7135244856         2.4905594214
O32         4.3663346540        -1.7153976528        -2.2673446944
H33         5.1798546802        -2.0976419462        -0.4907232879
H34         4.8779522864         0.7253817454        -1.5436641282
H35         4.1904965269         1.9100523724         3.0760560712
H36         5.9021101419         1.8395779195         2.4938096595
H37         4.6292501023         2.6034064321         1.4704902289
H38         3.0138893215         1.5233518683        -0.5147696777
H39         2.0686011732        -0.3567012704        -1.9309068947
H40         0.5120439931         0.3255914729         0.6278002155
H41         0.6524173916         1.3392814758        -0.8654379223
H42        -4.4521145242         0.3796089201        -0.9275892587
H43        -6.0872149264        -0.8931031387        -2.2388696406
H44        -5.3829069673        -2.8844492280        -3.5306875670
H45        -3.0179944552        -3.6148517277        -3.4885680550
H46        -1.3566735429        -2.3778796344        -2.1841736596
H47        -2.3341118343         1.3781703439        -2.8791495035
H48        -2.5779002338         3.8068010798        -3.1205148415
H49        -2.2563704311         5.2995970255        -1.1715770098
H50        -1.6521792590         4.3445461697         1.0310370213
H51        -1.3887073464         1.9279597175         1.3063887530
H52        -3.6209872014         0.6136302553         1.3149195185
H53        -4.0005496085        -0.3889970068         3.5178249860
H54        -2.6196260101        -2.2965225246         4.2833191602
H55        -0.8650525260        -3.2252868974         2.8031554474
H56        -0.4700552914        -2.2550030156         0.5880056827
H57         1.9097930086        -1.6961723890         0.6032967168
H58         4.2150652769        -0.6179683289         3.3997610776
H59         5.9165929217        -0.7036862753         2.7905176307
H60         4.6233755289        -1.6899898322         2.0107540972
&

