&gen
basis=6-31G**
igeopt=1
dftname=PBE-D3
ifreq=1
&
entry_name: J1_9954_2111.in
&zmat
C1         -0.7348244140        -2.3943816960         0.6558563850
C2         -1.3875120370        -1.2204467972         0.5998787323
C3         -2.6448379838        -1.1035115341         1.4238527502
C4         -0.7551344411        -0.0936106746        -0.2236144990
C5         -1.2005290399         0.1351501449        -1.6557774857
C6         -2.3269891176        -0.6713366516        -2.3643267134
C7         -3.7672172162        -0.3963692573        -1.8698739709
C8         -4.7632183941        -1.5104440946        -2.2561805029
C9         -4.3733890565        -2.1985944702        -3.5706091818
C10        -2.9771319650        -2.8544185324        -3.4903661131
C11        -2.0419515855        -2.1811469315        -2.4647862187
O12        -1.5591384721         1.4866363187        -1.4873120126
P13        -1.1080057827         1.6586731555         0.1707526503
C14        -2.7872131193         2.3290283464         0.5880282430
C15        -2.8701258795         3.8372726052         0.3339125736
C16        -4.2517065289         4.3855455777         0.7096092911
C17        -4.3382585430         5.8861744574         0.4474250974
C18        -0.6159757718         1.6368412255         1.9739436658
C19         0.8153375710         1.1514298304         2.2686697448
C20         1.0939472069         1.1708874864         3.7764745589
C21         2.5135123397         0.7006652266         4.0812393958
C22         0.1391514853         2.9612402525        -0.2679938379
C23         1.3574946060         2.3975728847        -1.0196171544
C24         2.4389627001         3.4622049994        -1.2607677803
C25         3.2616417632         3.7591256965        -0.0064155334
H26        -1.1198115475        -3.2220569706         1.2449087378
H27         0.1876624902        -2.5523278313         0.1048798083
H28        -2.4100742129        -1.2886377531         2.4936282412
H29        -3.3829556561        -1.8624217575         1.0873178453
H30        -3.1184077448        -0.1175580008         1.3503260138
H31         0.3472036077        -0.2261922322        -0.2240492550
H32        -0.3049837265         0.0903111119        -2.3162606092
H33        -2.3015842063        -0.2959623341        -3.4139523835
H34        -3.7949564985        -0.2900986787        -0.7778920672
H35        -4.1154037026         0.5688114871        -2.2993239392
H36        -5.7833024839        -1.0793363725        -2.3499923869
H37        -4.7960893121        -2.2743941545        -1.4479951555
H38        -4.3815220952        -1.4423056635        -4.3862811457
H39        -5.1317263669        -2.9704272308        -3.8244972086
H40        -2.5070121194        -2.8154483645        -4.4971868395
H41        -3.0880612814        -3.9274803742        -3.2205850392
H42        -2.2200880942        -2.6628881696        -1.4843909744
H43        -0.9838314015        -2.3606776939        -2.7548386538
H44        -3.0701617422         2.1356751122         1.6441409001
H45        -3.5533798898         1.8329332334        -0.0387240986
H46        -2.0954661622         4.3569765718         0.9389110310
H47        -2.6839453710         4.0379594267        -0.7435645737
H48        -4.4500222078         4.1975237633         1.7874028883
H49        -5.0351591172         3.8703104954         0.1119657331
H50        -5.3470174718         6.2551319624         0.7288529112
H51        -4.1694591660         6.1001003591        -0.6295281324
H52        -3.5802151127         6.4278484302         1.0524564371
H53        -0.7402117744         2.6576485674         2.3973789747
H54        -1.3114197473         0.9817125628         2.5351802845
H55         1.5563749174         1.8093354764         1.7752661427
H56         0.9524803968         0.1130859618         1.9062262226
H57         0.3747234407         0.5037643129         4.3000898213
H58         0.9664766363         2.2035174028         4.1687212296
H59         2.6860592889         0.7257860109         5.1778132325
H60         3.2544962383         1.3666283657         3.5895808777
H61         2.6605736200        -0.3402607203         3.7221550475
H62        -0.3482043678         3.7045398861        -0.9326868824
H63         0.4580215618         3.5312334933         0.6263582266
H64         1.0217539282         2.0302384872        -2.0116788462
H65         1.8030420184         1.5371410419        -0.4814035976
H66         3.1314668132         3.0888444627        -2.0462129791
H67         1.9789809039         4.4012679104        -1.6384107802
H68         4.0814690060         4.4629349457        -0.2620112769
H69         2.6353114128         4.2298103542         0.7785925349
H70         3.7116152321         2.8253530920         0.3930180295
&

