&gen
basis=6-31G**
igeopt=1
dftname=PBE-D3
ifreq=1
&
entry_name: J1_10323_2111.in
&zmat
C1          2.3600012407        -0.7599628561         1.0154259239
C2          1.4508980894        -0.0303898034         0.0117361255
C3          2.0245661561         0.1792562237        -1.3882148354
C4          1.0538506420        -0.2679788350        -2.4966211267
C5          3.4319638142        -0.3716281126        -1.6345692064
C6          4.5510629193         0.4832594656        -1.7223994558
C7          5.8305582770        -0.0393116199        -1.9311150186
C8          6.0139381457        -1.4170132048        -2.0574847379
C9          4.9175784783        -2.2764764233        -1.9752343472
C10         3.6356946160        -1.7604984363        -1.7660163806
O11         2.0298690410         1.5871548435        -1.3309402266
P12         1.3526855569         1.7796663071         0.2413905411
C13         2.8671392972         2.6483848768         0.7855273653
C14         3.5548887199         2.2580690321         1.9523700272
C15         4.7339918651         2.9042044844         2.3338078584
C16         5.2530561244         3.9359193759         1.5509318674
C17         4.5970139324         4.3192339716         0.3808282243
C18         3.4170399304         3.6772962231        -0.0041636746
C19         0.4625258575         1.8554890451         1.8779060249
C20         0.4864096008         3.2563385811         2.5927427100
C21        -0.7146729880         4.2030859134         2.3853561095
C22        -0.9304102101         4.7763637534         0.9693517826
C23        -0.1185632241         4.1627224094        -0.1840731398
C24        -0.1649966229         2.6197886021        -0.3822491713
C25        -1.3766343250         1.8996622011         0.2406763218
C26        -0.9593950448         1.3543106757         1.6054231506
H27         3.3795172149        -0.3254876667         1.0453029326
H28         2.4418858104        -1.8279389389         0.7279596472
H29         1.9220736841        -0.7434905541         2.0314572291
H30         0.4463484037        -0.5008362389        -0.0169264201
H31         1.4703712460        -0.0129218816        -3.4944089720
H32         0.8750424982        -1.3621471981        -2.4486308769
H33         0.0727904552         0.2409206519        -2.3910406414
H34         4.4461918355         1.5550406118        -1.6319538685
H35         6.6817138432         0.6263035601        -1.9951288065
H36         7.0060043035        -1.8186941799        -2.2183799394
H37         5.0609870496        -3.3450806211        -2.0701325652
H38         2.8041506259        -2.4488384142        -1.6920327820
H39         3.1827498674         1.4638410839         2.5812888662
H40         5.2474974799         2.6018813743         3.2373503020
H41         6.1679248483         4.4327958060         1.8467395036
H42         5.0081864494         5.1087571179        -0.2348081377
H43         2.9495132083         3.9711278764        -0.9345181751
H44         0.9291081414         1.1395483921         2.5805999226
H45         0.5313130302         3.0556329823         3.6859719421
H46         1.4018748544         3.8360428698         2.3800975687
H47        -0.5672499276         5.0646787032         3.0740021878
H48        -1.6541968825         3.7395954461         2.7450233686
H49        -0.6825862644         5.8609314878         0.9954648757
H50        -2.0127249750         4.7398015736         0.7214313682
H51         0.9209796473         4.5184804363        -0.0876830468
H52        -0.4944848936         4.6348708960        -1.1186605648
H53        -0.2260015747         2.4516747714        -1.4797618566
H54        -2.2724317328         2.5472926873         0.3166186263
H55        -1.6637125567         1.0446318607        -0.4111459370
H56        -1.6784955623         1.6169071944         2.4061604022
H57        -0.9607339627         0.2436581397         1.5777069460
&

