&zmat
 C1              2.2023640938            -0.8868009759             1.0217569864
 C2              1.4247436229            -0.0796792354            -0.0151096213
 C3              2.0084470364             0.1428219504            -1.4559058082
 C4              1.0980041970            -0.4532545848            -2.5473653698
 C5              3.4442912869            -0.3717742923            -1.6195908363
 C6              4.5135385329             0.5342139483            -1.6995085519
 C7              5.8329981510             0.0797063860            -1.8240659921
 C8              6.1066846536            -1.2930651496            -1.8759776971
 C9              5.0466220069            -2.2083841540            -1.8102670159
 C10             3.7291428718            -1.7506083887            -1.6865533895
 O11             1.9295244288             1.5641778286            -1.5146198203
 P12             1.3009353078             1.7853149883             0.2417407822
 C13             2.8679786673             2.6467381461             0.6982150440
 C14             3.5310809594             2.3540532850             1.9049081026
 C15             4.7561892042             2.9642488161             2.2105359211
 C16             5.3116881289             3.9041707582             1.3340693665
 C17             4.6495127477             4.2155849672             0.1365130276
 C18             3.4486022104             3.5762103046            -0.1895451609
 C19             0.4252257590             1.7925428828             1.9751073991
 C20             0.4279392391             3.1459260817             2.7519382070
 C21            -0.7443796490             4.1148329658             2.5024866402
 C22            -0.8149386368             4.8612773501             1.1428200438
 C23            -0.0509984909             4.2782924982            -0.0630052591
 C24            -0.1902056163             2.7575143321            -0.3856533845
 C25            -1.4044390893             2.0280735216             0.2430141830
 C26            -0.9885675532             1.3237156663             1.5832464394
 H27             3.2212079969            -0.4942680753             1.1652607249
 H28             2.3012473738            -1.9365917292             0.6993187941
 H29             1.6829896905            -0.8884587986             1.9942320508
 H30             0.3953027104            -0.4748502055            -0.0888066511
 H31             1.4616991104            -0.1435211017            -3.5393121823
 H32             1.0662923171            -1.5551693447            -2.5188632582
 H33             0.0719119480            -0.0698187219            -2.4193291822
 H34             4.2868537362             1.6012920571            -1.6603578295
 H35             6.6515094241             0.8049722334            -1.8789567333
 H36             7.1373619304            -1.6495573398            -1.9703462161
 H37             5.2464180350            -3.2839965028            -1.8548058401
 H38             2.9136505876            -2.4804666034            -1.6374602966
 H39             3.0965924354             1.6405017293             2.6100895738
 H40             5.2718041172             2.7078760130             3.1410587283
 H41             6.2618356913             4.3888432347             1.5786292200
 H42             5.0824720151             4.9429378881            -0.5571406127
 H43             2.9698188086             3.7596570370            -1.1549146326
 H44             0.8963885302             1.0346972643             2.6243906775
 H45             0.4018971300             2.9034040580             3.8311394086
 H46             1.3848165698             3.6757018027             2.5993399285
 H47            -0.7209053121             4.8724432939             3.3056784187
 H48            -1.6890868103             3.5675821554             2.6645412984
 H49            -0.4322931171             5.8894244243             1.2734952095
 H50            -1.8790348024             4.9858485691             0.8732724557
 H51             1.0161116233             4.5366854965             0.0445770521
 H52            -0.3857407940             4.8367955145            -0.9554289056
 H53            -0.1804778418             2.6303482822            -1.4759918943
 H54            -2.2326698754             2.7359761053             0.4102694632
 H55            -1.7842922847             1.2782550690            -0.4713947490
 H56            -1.7255221353             1.5188423523             2.3807983125
 H57            -0.9905771220             0.2291247091             1.4453773504
&

