&gen
basis=6-31G**
igeopt=1
dftname=PBE-D3
ifreq=1
&
entry_name: J1_10136_2111.in
&zmat
C1          1.5106828764        -2.6887781894         3.3551089165
C2          2.5980603855        -1.9534346829         2.5813948099
O3          2.0225437926        -0.9745061597         1.7205122402
C4          1.4080949487        -1.2790873165         0.4998786448
O5          1.3579543402        -2.4754968419         0.1038820626
C6          0.6796443781        -0.2123331035        -0.2929654954
C7          1.0937528959        -0.0475484962        -1.7523983783
C8          2.2570696167        -0.9133466587        -2.2696527134
C9         -0.0940570535        -0.1384603756        -2.7028725596
C10        -0.8817188917        -1.3053201798        -2.7303961486
C11        -1.9698768209        -1.4072345635        -3.6016096068
C12        -2.2780695524        -0.3528689099        -4.4635810604
C13        -1.4936249474         0.8023187464        -4.4617416969
C14        -0.4026748839         0.9090320995        -3.5943235812
O15         1.5307930864         1.2830250057        -1.6211415030
P16         1.1237435690         1.5356467421         0.0330094567
C17         2.8493751108         2.0773130144         0.3189696754
C18         3.8871794183         1.1392689050         0.4757020146
C19         5.2110883805         1.5543354009         0.6454920459
C20         5.5268219700         2.9120604515         0.6335877025
C21         4.5200625076         3.8554797933         0.4351528166
C22         3.1958105460         3.4428723694         0.2635456477
C23         0.6469896256         1.7166472084         1.8187281381
C24        -0.1212801804         0.7404945404         2.5007745937
C25        -0.4890611588         0.9120093552         3.8380133572
C26        -0.1420481965         2.0761232706         4.5174427615
C27         0.5500613004         3.0835535480         3.8516679834
C28         0.9223555577         2.9162107049         2.5153770467
C29        -0.1574837763         2.7348984210        -0.4499236029
C30        -1.5049441036         2.5156950990        -0.1036324258
C31        -2.5011027877         3.3987688857        -0.5288360778
C32        -2.1713937165         4.4922411447        -1.3310208809
C33        -0.8473747051         4.6929367368        -1.7245113196
C34         0.1519275888         3.8126402342        -1.3000473074
H35         1.9759011953        -3.4161499325         4.0530398299
H36         0.8439102081        -3.2381584955         2.6583873870
H37         0.9067899225        -1.9636523593         3.9405413956
H38         3.2641152512        -1.4380851675         3.3049061792
H39         3.2129917957        -2.6717855329         1.9969098071
H40        -0.4179868792        -0.3493048681        -0.1905962839
H41         2.5594682432        -0.5654571113        -3.2804605972
H42         3.1429969183        -0.8373131072        -1.6090667760
H43         1.9534210392        -1.9780261083        -2.3492727157
H44        -0.6548981660        -2.1342956931        -2.0716332481
H45        -2.5738349256        -2.3053479160        -3.6091077325
H46        -3.1213298085        -0.4333418331        -5.1372615458
H47        -1.7286519121         1.6154772653        -5.1363111580
H48         0.1946038139         1.8108379606        -3.6232615423
H49         3.7015023160         0.0839674334         0.4337663517
H50         5.9958053373         0.8193960340         0.7711948387
H51         6.5527240447         3.2319502377         0.7625118153
H52         4.7655061094         4.9093924706         0.4099583126
H53         2.4484842180         4.2042931310         0.1110200032
H54        -0.4660982468        -0.1592991807         2.0226630622
H55        -1.0586388199         0.1430705513         4.3441689323
H56        -0.4335848414         2.2090660914         5.5512567095
H57         0.7843783151         4.0066010056         4.3663183663
H58         1.3919462762         3.7524772217         2.0325880517
H59        -1.7920091227         1.6571919306         0.4872792279
H60        -3.5316488000         3.2277813156        -0.2457334146
H61        -2.9447345478         5.1717296826        -1.6650802316
H62        -0.5972668026         5.5209975215        -2.3750444394
H63         1.1547953956         3.9520667530        -1.6768410154
&

