&gen
basis=6-31G**
igeopt=1
dftname=PBE-D3
ifreq=1
&
entry_name: J1_9755_2111.in
&zmat
C1          0.1100097827         3.1652446332         0.0785833837
C2          0.3135765675         4.3995156774         0.5286403821
C3          0.5296764409         1.9952767333         0.8642982840
P4          0.3157441270         0.4728361656         0.3266944673
C5          1.8450897964        -0.4628770511         0.2469263170
C6          3.0159919928         0.1517542897        -0.2194169932
C7          4.2025865321        -0.5814116797        -0.3181658265
C8          4.2218615262        -1.9332823521         0.0368308011
C9          3.0529471389        -2.5546189974         0.4858867942
C10         1.8646961258        -1.8240631239         0.5854764966
C11        -0.9818292844        -0.3431808592         1.2355830722
C12        -0.9779768309        -0.6212141757         2.6022639416
C13        -2.0854311255        -1.2763987905         3.1592479583
C14        -3.1747608859        -1.6424812918         2.3487489048
C15        -3.1651425187        -1.3568721783         0.9746009085
C16        -2.0557680316        -0.7021220329         0.4276701020
C17        -1.8471344103        -0.3238171703        -0.9791893804
C18        -2.7097307955        -0.5556284852        -2.0565738659
C19        -2.3174261978        -0.1452384021        -3.3401245790
C20        -1.0742572114         0.4815217188        -3.5377453439
C21        -0.2154748058         0.7070974580        -2.4527252402
C22        -0.6244949661         0.3085490961        -1.1799481690
H23        -0.3765476268         3.0374074800        -0.8790689753
H24        -0.0035385533         5.2494813011        -0.0615197934
H25         0.7950826280         4.5769971744         1.4825004496
H26         0.9907738284         2.1354439893         1.8340641352
H27         3.0104124409         1.1956123090        -0.5072061331
H28         5.1059476990        -0.1027709860        -0.6734932846
H29         5.1404442062        -2.5003025198        -0.0413161303
H30         3.0666195250        -3.6034743326         0.7526435197
H31         0.9653138032        -2.3221518867         0.9232125617
H32        -0.1362102828        -0.3390235665         3.2212415217
H33        -2.1014117676        -1.5017403206         4.2176239433
H34        -4.0252127123        -2.1484101069         2.7869923877
H35        -4.0060928853        -1.6435572269         0.3579030562
H36        -3.6628836051        -1.0466634741        -1.9148418687
H37        -2.9730786754        -0.3176025739        -4.1837465411
H38        -0.7774459498         0.7885869070        -4.5321271939
H39         0.7450749613         1.1835786514        -2.6004240699
&

