&gen
basis=6-31G**
igeopt=1
dftname=PBE-D3
ifreq=1
&
entry_name: J1_10152_2111.in
&zmat
C1          1.2608586229        -4.9436268903         0.3165612668
C2          1.8623081008        -3.6238374696         0.7706856501
O3          1.1545327301        -2.5468523683         0.1672743573
C4          1.4921663261        -1.2061416098         0.3804046048
O5          2.4478311903        -0.9193320720         1.1468112909
C6          0.7081519455        -0.1262469364        -0.3455945183
C7         -0.8071351948        -0.4435891688        -0.3401502855
C8          1.1735243909         0.1101708867        -1.7783124111
C9          2.3471109421        -0.7323888455        -2.3730721738
C10         3.7312732235        -0.2505440899        -1.9222018311
O11         2.3094850810        -0.6356341993        -3.7877923256
C12         1.5810385260        -1.7104517002        -4.3526604842
O13         1.3368981554        -1.4533703759        -5.7191024222
C14         0.3110660961        -0.4929106668        -5.8478256242
O15         1.5296412192         1.4532061398        -1.6055591988
P16         1.1133750110         1.6435381858         0.0613921165
C17         2.8505912236         2.1464752919         0.4567341728
C18         3.5848171231         2.9480113679        -0.4461050243
C19         4.9010789703         3.3283691570        -0.1714177858
C20         5.5197136176         2.9151553540         1.0058660665
C21         4.8253455246         2.1134041233         1.9082553238
C22         3.5098297286         1.7274633022         1.6388679759
C23         0.6272510407         1.8287035073         1.8410699584
C24         0.2261522136         0.7539050456         2.6656627591
C25        -0.1150569242         0.9653846646         4.0050751229
C26        -0.0509165913         2.2441720219         4.5553088352
C27         0.3651276975         3.3166078428         3.7699960892
C28         0.7071571048         3.1125252269         2.4318100075
C29        -0.1343555403         2.9137574583        -0.3793139790
C30         0.2343590458         4.0605880331        -1.1068485590
C31        -0.7149197621         5.0291568447        -1.4461870962
C32        -2.0459795127         4.8726068857        -1.0600868206
C33        -2.4292725599         3.7492318193        -0.3282159383
C34        -1.4840226191         2.7781616754         0.0121522461
H35         1.8109870409        -5.7872522936         0.7840501956
H36         0.1931516137        -4.9971761092         0.6175801375
H37         1.3334348008        -5.0325957082        -0.7881938841
H38         1.7903161741        -3.5469639090         1.8772945988
H39         2.9317605780        -3.5850312830         0.4694110731
H40        -0.9851003361        -1.4503733825        -0.7746669589
H41        -1.2413969061        -0.4355190310         0.6758668823
H42        -1.3776537400         0.2720598798        -0.9667214196
H43         0.3230632147         0.0757213944        -2.4958356328
H44         2.2581180636        -1.7915553072        -2.0357306469
H45         3.8241905983        -0.2419286736        -0.8207825168
H46         4.5087298552        -0.9339097479        -2.3246410168
H47         3.9361020920         0.7685142569        -2.3124632663
H48         2.1980280909        -2.6332029572        -4.2915784646
H49         0.6283443871        -1.9188724990        -3.8054685559
H50         0.1702981947        -0.2687297197        -6.9250405703
H51        -0.6546226925        -0.8839895323        -5.4576409241
H52         0.5768476663         0.4604595345        -5.3390090282
H53         3.1719994814         3.2557973919        -1.3920424417
H54         5.4462490932         3.9375464038        -0.8809239753
H55         6.5397397410         3.2102230928         1.2154258645
H56         5.3071968458         1.7883808768         2.8214299284
H57         3.0183185336         1.1121897925         2.3763263618
H58         0.1851509385        -0.2584059339         2.3174386811
H59        -0.4228998205         0.1303677665         4.6213919650
H60        -0.3138372610         2.4018956572         5.5932968153
H61         0.4280345690         4.3082807650         4.1990343062
H62         1.0429730664         3.9624517287         1.8512315016
H63         1.2494336147         4.2205847371        -1.4194339323
H64        -0.4162892674         5.9042430938        -2.0089383524
H65        -2.7786603193         5.6248835649        -1.3221705310
H66        -3.4593733636         3.6333471392        -0.0167936728
H67        -1.8080882522         1.9387331498         0.6096081471
&

