&gen
basis=6-31G**
igeopt=1
dftname=PBE-D3
ifreq=1
&
entry_name: J1_10349_2111.in
&zmat
C1          1.0442519193        -4.0472300235         0.2795018862
C2          0.6833279730        -3.1448552044         1.4537156333
O3         -0.3633742797        -2.2477878625         1.0912557562
C4         -0.1679474625        -1.1167795179         0.2871994087
O5          0.9923308104        -0.8264865187        -0.1139352410
C6         -1.3660149224        -0.2940141480        -0.1569026574
C7         -2.7009298773        -0.8258291928         0.4258014217
C8         -1.3486963698        -0.1196028678        -1.6782163310
C9         -2.4690302565        -0.7698847222        -2.5524219328
C10        -2.1688153731        -2.2783154304        -2.6765523643
C11        -2.5709108275        -0.1384351766        -3.9786456324
C12        -3.1173801053         1.3058119985        -3.9254708257
O13        -3.4476050820        -0.9314647643        -4.7600117160
Si14        -3.1382090868        -0.8487440012        -6.4797432030
C15        -1.6778710987         0.2300251090        -6.9762103618
C16        -4.6549314810        -0.0964237611        -7.2787622432
C17        -2.8897823781        -2.6189972644        -7.1355170753
C18        -2.8356920119        -2.6085069510        -8.6732579545
C19        -4.0617162556        -3.4999151196        -6.6687645644
C20        -1.5734033748        -3.1913043244        -6.5842501280
O21        -1.4040727527         1.2767681307        -1.6601586965
P22        -1.2220931603         1.5436076640         0.0327934524
C23        -2.7902437530         2.5043418074         0.0633694553
C24        -3.7933356686         2.2331243581         1.0213573044
C25        -4.9904040937         2.9533713930         1.0311998928
C26        -5.2161238566         3.9484113366         0.0813761193
C27        -4.2460679355         4.2211414039        -0.8822347263
C28        -3.0455352142         3.5053658633        -0.8943792485
C29        -1.0197789571         1.8367596666         1.8513179498
C30        -0.9733319805         3.1733890942         2.3133668105
C31        -0.8090855337         3.4654989960         3.6688087379
C32        -0.6746237612         2.4326561582         4.5937226712
C33        -0.6963725559         1.1077201125         4.1617783129
C34        -0.8606920738         0.8089658490         2.8057218943
C35         0.4139794853         2.3365151967        -0.2449979117
C36         1.5492358305         1.9627468562         0.5098610698
C37         2.7898383832         2.5660026600         0.2885274073
C38         2.9271581300         3.5430994830        -0.6959803652
C39         1.8247232251         3.9129963490        -1.4650647894
C40         0.5809594362         3.3134593159        -1.2463560888
H41         0.1441628697        -4.6002599515        -0.0632089451
H42         1.8185696278        -4.7780181750         0.5942680970
H43         1.4433048627        -3.4456406188        -0.5635992280
H44         0.3304948272        -3.7776789974         2.2949721380
H45         1.5768272150        -2.5797850843         1.7977726514
H46        -2.8576336604        -1.8907084539         0.1674541356
H47        -2.7191174600        -0.7644738455         1.5290684540
H48        -3.5726957495        -0.2522338240         0.0574381066
H49        -0.3665831594        -0.3946736372        -2.1263868682
H50        -3.4640470949        -0.6597100810        -2.0787888096
H51        -1.2492396736        -2.4384933967        -3.2777374214
H52        -3.0158446907        -2.8116919485        -3.1571067519
H53        -1.9999772498        -2.7472039594        -1.6880717121
H54        -1.5389262057        -0.1313628737        -4.3924661664
H55        -2.2946251526         2.0319343376        -3.7670942069
H56        -3.5980642447         1.5881989321        -4.8827302352
H57        -3.8786150475         1.4218869116        -3.1248847868
H58        -0.7302311582        -0.1948138565        -6.5885873201
H59        -1.8123216086         1.2567314629        -6.5804966887
H60        -1.6215102948         0.2826124630        -8.0822425815
H61        -5.5446625361        -0.7195994085        -7.0572212900
H62        -4.8184225202         0.9240145846        -6.8779450521
H63        -4.5094034437        -0.0313104209        -8.3759615844
H64        -3.7882199363        -2.2319435554        -9.1020151044
H65        -2.0050733252        -1.9666084727        -9.0359490173
H66        -2.6706906995        -3.6362191953        -9.0630577371
H67        -5.0262543457        -3.1209546020        -7.0682697198
H68        -3.9303221441        -4.5444812569        -7.0250876360
H69        -4.1233290732        -3.5190562739        -5.5592558296
H70        -1.4227387188        -4.2338770159        -6.9387469707
H71        -0.7045238720        -2.5878011379        -6.9214678179
H72        -1.5861716665        -3.2057333097        -5.4760014147
H73        -3.6519397039         1.4718109868         1.7752765546
H74        -5.7446514509         2.7378328928         1.7769667135
H75        -6.1450624364         4.5037836882         0.0880713920
H76        -4.4271867798         4.9843006092        -1.6281803257
H77        -2.3425422060         3.7257562778        -1.6757665987
H78        -1.0629932234         3.9964211229         1.6153957760
H79        -0.7822329768         4.4953175993         4.0007475111
H80        -0.5453377896         2.6587224624         5.6442429295
H81        -0.5786327045         0.3064457759         4.8800885469
H82        -0.8434949660        -0.2262609385         2.5395767877
H83         1.4822989705         1.2125702793         1.2847001328
H84         3.6463812481         2.2738457617         0.8822761341
H85         3.8891788679         4.0082413424        -0.8679991159
H86         1.9348844472         4.6609792923        -2.2397157484
H87        -0.2309239698         3.6033273011        -1.8871767452
&

