&gen
basis=6-31G**
igeopt=1
dftname=PBE-D3
ifreq=1
&
entry_name: J1_10052_2111.in
&zmat
C1          2.4680765301        -1.3038266997        -6.9945016872
C2          3.6645968174        -0.8120580661        -6.1804633064
C3          3.5501276594        -1.1565144290        -4.6876005869
C4          2.4669853438        -0.3339096369        -3.9736039776
C5          2.4646200854        -0.6183807910        -2.4654921842
C6          1.3972992471         0.2247561876        -1.7488336115
O7          1.8437996912         1.5311747715        -1.4968356004
P8          1.2870493112         1.6718058242         0.1321048758
C9          2.9447846320         2.1912712787         0.7040339733
C10         3.5308030063         1.6384943078         1.8619427349
C11         4.8012126859         2.0432934338         2.2795567029
C12         5.5056789429         3.0017326157         1.5496708091
C13         4.9415821409         3.5547329482         0.3989021971
C14         3.6714486744         3.1522261228        -0.0235275937
C15         0.5411835334         1.7652573427         1.8224720248
C16         0.8108200695         2.8808368532         2.6514697296
C17         0.2233564581         3.0037288236         3.9124814044
C18        -0.6695227678         2.0353106761         4.3651000812
C19        -0.9885164682         0.9513416454         3.5497424549
C20        -0.4045105328         0.8222668947         2.2860350650
C21         0.0799104483         2.9229997524        -0.3735474965
C22        -1.1859811476         2.5295631742        -0.8394137467
C23        -2.1215424564         3.4884356887        -1.2385469461
C24        -1.8020881363         4.8466809029        -1.1772712507
C25        -0.5464950778         5.2478134775        -0.7154031375
C26         0.3922745448         4.2920260155        -0.3160855617
C27         0.9932410751        -0.0808901051        -0.3229462821
C28         1.7485589764        -1.1533970053         0.5205111061
C29         3.2794646227        -1.2550673073         0.4115104299
O30         3.8121737506        -1.6851477066         1.6343166219
H31         1.5489273762        -0.7466662024        -6.7191363114
H32         2.6628311543        -1.1348517854        -8.0745332328
H33         2.3062696141        -2.3904846979        -6.8309624018
H34         4.5809648453        -1.2960773201        -6.5825876005
H35         3.7795424052         0.2857827983        -6.3125473817
H36         4.5333812398        -0.9464975034        -4.2122211078
H37         3.3426702356        -2.2424747665        -4.5662980174
H38         1.4702244136        -0.5917745244        -4.3910242007
H39         2.6537516777         0.7497892788        -4.1416753625
H40         2.2453558617        -1.6965213877        -2.3087880837
H41         3.4734505660        -0.3709243104        -2.0790720611
H42         0.4801137350         0.2761226960        -2.3802823361
H43         3.0084121030         0.8901698429         2.4424320776
H44         5.2403103127         1.6114043554         3.1695194813
H45         6.4898736958         3.3139038490         1.8741471983
H46         5.4902516695         4.2949163956        -0.1690267456
H47         3.2614911743         3.5896832165        -0.9242243563
H48         1.4774033804         3.6670612668         2.3248414668
H49         0.4550659998         3.8577737394         4.5357510089
H50        -1.1269267156         2.1331084041         5.3411441056
H51        -1.7009655620         0.2120832986         3.8928872680
H52        -0.7201816308        -0.0162041379         1.6920488125
H53        -1.4547717526         1.4840619743        -0.8917513733
H54        -3.0951997788         3.1779807972        -1.5949793773
H55        -2.5278068079         5.5880482303        -1.4856533723
H56        -0.3009508220         6.3006851133        -0.6641459485
H57         1.3508168476         4.6275672036         0.0505853164
H58        -0.0890482461        -0.3206992040        -0.3242472015
H59         1.4846949327        -0.9930255877         1.5857561804
H60         1.3265884642        -2.1474379362         0.2571057190
H61         3.7325681616        -0.2858952945         0.1338402379
H62         3.5467717932        -2.0025273906        -0.3666027049
H63         4.7977561110        -1.7013146479         1.5174403179
&

