&gen
basis=6-31G**
igeopt=1
dftname=PBE-D3
ifreq=1
&
entry_name: J1_9896_2111.in
&zmat
C1          1.9651640966         4.2528829206         2.0773001584
C2          3.0486170754         3.5089445518         1.3321826899
C3          4.3588481786         3.9796826553         1.5417673964
C4          5.4543333857         3.3414130862         0.9702515901
C5          5.2669518695         2.2085692936         0.1916371435
C6          3.9836475172         1.7122087248        -0.0230690524
C7          2.8422511175         2.3310710337         0.5316252211
P8          1.1842083405         1.6141030391         0.1216770812
C9          0.6398774300         1.5475424085         1.9221061308
C10        -0.6439746510         2.0401134042         2.2714804723
C11        -1.1601760716         1.9368288949         3.5598743545
C12        -0.4052288035         1.3729472310         4.5711088934
C13         0.8869264059         0.9460312540         4.3078546690
C14         1.4412238458         1.0278899056         3.0145877134
C15         2.9123842395         0.6633621921         2.9566307633
C16         0.0310988033         2.9058365166        -0.5448161632
C17         0.6158718561         4.1399758639        -0.9123423210
C18        -0.1286177627         5.1665227087        -1.4869315415
C19        -1.4720270415         4.9764823280        -1.7709282905
C20        -2.0684398554         3.7486210805        -1.5081934375
C21        -1.3430365023         2.6941112482        -0.9170164518
C22        -2.0824243524         1.3871511875        -0.7690168876
O23         1.6589541944         1.4439625375        -1.5286319992
C24         1.2258861290         0.1258177153        -1.7552703969
C25         2.3238931170        -0.7143153066        -2.4786639363
C26         1.8127686108        -2.1453681642        -2.7954460481
C27         2.4870801216        -2.7464548787        -4.0329359000
C28         2.1902823788        -1.9151394719        -5.2951912037
C29         2.0289038270        -0.4096298505        -5.0071018475
C30         2.8196343634         0.0139835048        -3.7644844198
C31         0.8165363176        -0.1474712834        -0.3162529602
C32         1.5241600324        -1.2845221852         0.4576004856
Si33         0.4173263093        -2.7907317879         0.7352095769
C34        -0.7324792523        -2.3749269545         2.1492851369
C35         1.4827307025        -4.2383679634         1.2354120574
C36        -0.6404635027        -3.2839131255        -0.7273291907
H37         2.1817131526         5.3425787290         2.0857461305
H38         0.9649880540         4.1451855358         1.6351855591
H39         1.9307403190         3.8984261335         3.1284131476
H40         4.5365836439         4.8494347423         2.1632894330
H41         6.4534096009         3.7205873247         1.1425617014
H42         6.1211335035         1.7045873863        -0.2421049658
H43         3.8933384155         0.8149021891        -0.6027888834
H44        -1.2716723486         2.5594699458         1.5799025047
H45        -2.1509299429         2.3155999385         3.7773151634
H46        -0.8075414168         1.3022227824         5.5735556293
H47         1.4724759793         0.5640480790         5.1361488090
H48         3.2594759417         0.3009117528         1.9798211129
H49         3.5231976276         1.5389000475         3.2581736000
H50         3.1366336783        -0.1632561931         3.6648776018
H51         1.6711653253         4.3176451226        -0.7793862199
H52         0.3471277815         6.1070217743        -1.7338584022
H53        -2.0466939361         5.7721862058        -2.2273937401
H54        -3.1073426871         3.6179236768        -1.7864498954
H55        -3.1809482742         1.5332708764        -0.8472884523
H56        -1.7941149375         0.6970393585        -1.5858891715
H57        -1.9269343589         0.9242012745         0.2204980691
H58         0.3243168062         0.1653554351        -2.4044171735
H59         3.2154686747        -0.8168570893        -1.8340657795
H60         2.0182856315        -2.8117903256        -1.9334235290
H61         0.7165103597        -2.1336167127        -2.9778099957
H62         2.1298430121        -3.7882422427        -4.1832586044
H63         3.5855310375        -2.7893227546        -3.8626339920
H64         1.2581316119        -2.2887529117        -5.7724665184
H65         3.0181113636        -2.0663928565        -6.0217963860
H66         2.3756930392         0.1749435443        -5.8865506930
H67         0.9537108296        -0.1725972129        -4.8505552638
H68         3.8921168695        -0.2311119321        -3.9329066517
H69         2.7721683998         1.1183963359        -3.6615159752
H70        -0.2626555390        -0.3224132605        -0.2603754949
H71         2.5097089236        -1.5767485829         0.0574058829
H72         1.6740094996        -0.9946327441         1.4930826176
H73        -1.3620595577        -1.5051330578         1.8695522755
H74        -1.3811703164        -3.2472815442         2.3692677562
H75        -0.1359048850        -2.1207310953         3.0495360232
H76         2.0712385954        -3.9691132272         2.1363826761
H77         0.8375520256        -5.1120235273         1.4609957634
H78         2.1728231903        -4.4915925407         0.4045758575
H79        -0.0427128138        -3.8751264015        -1.4483832176
H80        -1.0579756906        -2.3840299672        -1.2220993571
H81        -1.4767136993        -3.9175856454        -0.3677920067
&

