&gen
basis=6-31G**
igeopt=1
dftname=PBE-D3
ifreq=1
&
entry_name: J1_10365_2111.in
&zmat
C1          1.1174017321        -2.2516024813         1.1569598626
C2          1.8545319475        -0.9116626513         1.1065884019
C3          1.3213652772        -0.0181344096        -0.0485654802
C4          2.1320534161         0.2412466067        -1.3329828699
C5          1.4513251116        -0.4319712031        -2.5544304862
C6          2.3245636252        -1.6561516169        -2.8912482114
C7          3.5221322512        -1.5970490376        -1.9247986659
C8          4.8589994235        -2.2184356968        -2.4080644269
C9          4.6846998536        -3.7509044247        -2.6102003753
C10         5.1621940707        -4.5511116942        -1.4389580529
C11         6.3242578949        -4.2597921479        -0.8350672095
C12         6.8116932824        -5.1221086166         0.3104141684
C13         8.3428929694        -5.2464272066         0.2701774566
O14         8.7699846008        -5.9810943951         1.3875715313
C15         9.0621078865        -3.8705371290         0.2255984453
C16         8.1200766861        -2.6891008086        -0.0808541465
C17         7.0939897534        -2.9978544919        -1.2188272696
C18         7.9009266087        -3.2410543842        -2.5251041028
C19         6.0739093754        -1.8095969973        -1.4593858864
C20         5.5799773728        -1.1311863473        -0.1387361105
C21         4.6574075300         0.0879907684        -0.3760801091
C22         3.6465741008        -0.1174853217        -1.5446477639
C23         4.2010196937         0.7276984490        -2.7506524253
O24         1.9654485211         1.6375369422        -1.3097477156
P25         1.1879941740         1.7880598489         0.2244527989
C26         2.6460208314         2.6615187668         0.8886564980
C27         3.1976207622         3.7421930970         0.1765231283
C28         4.3345377207         4.4011193296         0.6520171706
C29         4.9365619458         3.9891239463         1.8420891981
C30         4.4024610819         2.9169055285         2.5585721091
C31         3.2661296773         2.2544176690         2.0865722434
C32         0.2207217950         1.8465639953         1.7976577489
C33        -0.7610196630         0.8716808546         2.0816281106
C34        -1.5307419656         0.9415034769         3.2459351412
C35        -1.3715303773         2.0071354648         4.1294274613
C36        -0.4607415453         3.0198625663         3.8363550650
C37         0.3117724412         2.9548353021         2.6740560290
C38        -0.1465010481         2.7470380498        -0.5323047081
C39        -0.1870698126         4.1457932245        -0.4001560528
C40        -1.2177532611         4.8816297123        -0.9918616821
C41        -2.2139722701         4.2297059989        -1.7220476443
C42        -2.1813120616         2.8402708623        -1.8603763681
C43        -1.1528623239         2.1005634349        -1.2693988756
H44         1.5599722968        -2.8928624993         1.9485265743
H45         1.2037814344        -2.7791543724         0.1835003601
H46         0.0434903028        -2.1008122764         1.3923062104
H47         1.7069776082        -0.4174419303         2.0851579317
H48         2.9117483471        -1.1720161440         1.0262277403
H49         0.2999414579        -0.3606781232        -0.2981919609
H50         1.4315432339         0.2706166455        -3.4154442578
H51         0.3992758133        -0.7469541246        -2.3905749018
H52         2.6592755334        -1.6123633987        -3.9504443019
H53         1.7457263451        -2.5930955237        -2.7384441707
H54         3.2196455386        -2.1699798153        -1.0212133549
H55         5.0727527191        -1.8027568797        -3.4177767453
H56         3.6302898382        -4.0252708308        -2.8199711967
H57         5.2456336235        -4.0819837815        -3.5077949449
H58         4.5665447665        -5.3980018173        -1.1093456624
H59         6.3717393754        -6.1424834979         0.2521339284
H60         6.4899680692        -4.6661423306         1.2718463378
H61         8.6010712632        -5.8132236406        -0.6555855528
H62         9.7004370980        -6.2725780453         1.1991276262
H63         9.5595937904        -3.6694426770         1.2002574800
H64         9.8707719756        -3.9051131786        -0.5363422665
H65         7.5907178087        -2.4877503131         0.8732341351
H66         8.7199580723        -1.7858795889        -0.3279871399
H67         7.2666819690        -3.2269100635        -3.4301492649
H68         8.6601381509        -2.4418583315        -2.6660638207
H69         8.4277664914        -4.2175767679        -2.5018009556
H70         6.6496553771        -1.0153611672        -1.9843644057
H71         6.4376494426        -0.7348499314         0.4413201325
H72         5.0646788142        -1.8859520851         0.4922345057
H73         5.3144269702         0.9653106757        -0.5741554854
H74         4.1753008625         0.3804534496         0.5627470357
H75         3.6678149908         0.5467485476        -3.7040569738
H76         5.2710794801         0.5181879019        -2.9466070041
H77         4.1319172192         1.8139675641        -2.5282166388
H78         2.7561607051         4.0702524064        -0.7554986193
H79         4.7515105130         5.2297286690         0.0944382379
H80         5.8178471854         4.4996508835         2.2081806962
H81         4.8704529880         2.5967608644         3.4804375812
H82         2.8747936005         1.4287975821         2.6607423132
H83        -0.9677626879         0.0637625350         1.4020480096
H84        -2.2663371085         0.1750360062         3.4536018435
H85        -1.9732507146         2.0618735746         5.0274071418
H86        -0.3630108719         3.8667449997         4.5033285412
H87         0.9661932831         3.7880606625         2.4621476106
H88         0.5668735434         4.6700034407         0.1694244840
H89        -1.2449542946         5.9580679609        -0.8824442029
H90        -3.0114219298         4.8007880117        -2.1795742491
H91        -2.9536897043         2.3354996432        -2.4261430099
H92        -1.1488955053         1.0274401989        -1.3900032089
&

