&gen
basis=6-31G**
igeopt=1
dftname=PBE-D3
ifreq=1
&
entry_name: J1_10390_2111.in
&zmat
C1         -1.1285452378        -1.3894277783        -8.4520111949
C2         -1.9038432992        -1.7448007631        -7.1865218147
C3         -1.1841663836        -2.8399650100        -6.3861774481
C4         -2.0188108959        -3.3665031862        -5.2042588376
C5         -2.3403220702        -2.3207488491        -4.1236945534
C6         -1.0760555088        -1.7707545748        -3.4520642035
O7         -0.5721261911        -2.6480661840        -2.4692207107
C8         -1.1853869394        -1.4656074816        -2.0053828091
C9         -0.1577145244        -0.4674970653        -1.4614730238
O10        -0.5933519110         0.8517028146        -1.6781628920
P11        -0.7183250893         1.3265383747        -0.0291171198
C12        -2.4767102290         1.6459837286        -0.3484931714
C13        -3.4205935151         0.6157504765        -0.1816367919
C14        -4.7645029593         0.8256978825        -0.5020743608
C15        -5.1760009616         2.0549583460        -1.0202831234
C16        -4.2412205793         3.0708834106        -1.2298853090
C17        -2.8958296663         2.8643381940        -0.9100410720
C18        -0.7496365181         1.6122564840         1.8050263201
C19         0.4670863507         1.8123995333         2.5017830778
C20         0.4914535390         1.9990115814         3.8852220762
C21        -0.6949328776         1.9871307254         4.6130065856
C22        -1.9073179953         1.7876840687         3.9572433268
C23        -1.9397241237         1.5985755725         2.5721383527
C24         0.4379514314         2.7118832906        -0.2921217410
C25         1.6871911673         2.4895095670        -0.9005364205
C26         2.5929220103         3.5407550958        -1.0666739339
C27         2.2646117521         4.8245798424        -0.6271788062
C28         1.0315988020         5.0581376352        -0.0151702894
C29         0.1238601048         4.0092780263         0.1559013234
C30        -0.1423355696        -0.3940604684         0.0436834726
C31         1.2195572558        -0.5191552858         0.5780199907
C32         2.3416847859        -0.5831757141         1.0089664935
Si33         4.0301071434        -0.5905911167         1.6593223358
C34         4.9287720440        -2.1135082908         1.0631079353
C35         3.9690471103        -0.5767051582         3.5244091051
C36         4.9061694863         0.9418728753         1.0523791969
H37        -1.0430159422        -2.2765961679        -9.1150583891
H38        -1.6627569191        -0.5863380898        -9.0021835840
H39        -0.1115023173        -1.0260566974        -8.1916463636
H40        -2.9202971604        -2.0918746829        -7.4733591593
H41        -2.0016221909        -0.8263228714        -6.5700889416
H42        -0.2017018608        -2.4653601114        -6.0294711101
H43        -0.9787222356        -3.7003751930        -7.0603178829
H44        -2.9747270336        -3.7788974408        -5.5947158726
H45        -1.4707036706        -4.2109885937        -4.7322888235
H46        -2.9156425461        -1.4776780246        -4.5578044215
H47        -3.0042479871        -2.8039486022        -3.3727054580
H48        -0.2756245377        -1.2671133581        -4.0341112433
H49        -2.1460852555        -1.6639910224        -1.4867259801
H50         0.8509362012        -0.6113405323        -1.9152468603
H51        -3.1237201096        -0.3398225010         0.2269680077
H52        -5.4865230502         0.0338285908        -0.3504123781
H53        -6.2163684659         2.2158498758        -1.2715470855
H54        -4.5564543851         4.0145808924        -1.6560126831
H55        -2.1881400056         3.6465781458        -1.1358000342
H56         1.4120159950         1.8362105914         1.9786238065
H57         1.4348094516         2.1536644524         4.3929884326
H58        -0.6751587624         2.1319182061         5.6854338728
H59        -2.8291201172         1.7768760594         4.5248230970
H60        -2.9098927836         1.4476982971         2.1380662043
H61         1.9699725769         1.5043085953        -1.2424294077
H62         3.5523014255         3.3582490914        -1.5333733468
H63         2.9682183228         5.6369616413        -0.7549584758
H64         0.7823889849         6.0510279958         0.3361641069
H65        -0.8113821672         4.2057349603         0.6635545668
H66        -0.8614810048        -1.0669979485         0.5571216553
H67         4.9571475601        -2.1151968417        -0.0458712004
H68         5.9646692959        -2.1097962759         1.4598801104
H69         4.3983804261        -3.0195702637         1.4213231492
H70         5.0022521561        -0.5695862059         3.9279929676
H71         3.4305774766         0.3300901704         3.8687582799
H72         3.4369027673        -1.4812948849         3.8836413307
H73         5.9418972041         0.9582426655         1.4490376838
H74         4.3598101915         1.8418207000         1.4029178096
H75         4.9330515745         0.9372779002        -0.0567009248
&

