&gen
basis=6-31G**
igeopt=1
dftname=PBE-D3
ifreq=1
&
entry_name: J1_10187_2111.in
&zmat
C1         -2.7658816299         2.4355502571         0.6270224963
P2         -1.1323222266         1.7158985145         0.1763270752
C3         -0.5185259049         1.5576552759         1.9084852389
C4         -1.3898685139         1.2221465190         2.9708004079
C5         -0.9025072223         1.0246705374         4.2654440114
C6          0.4635678010         1.1221760211         4.5230768712
C7          1.3482574384         1.3938531350         3.4811484635
C8          0.8673726268         1.5898190124         2.1838950994
C9          0.0652171396         3.0014528415        -0.2670222135
C10         1.1440589608         2.7063013934        -1.1183785802
C11         2.0634900925         3.7011886697        -1.4633298774
C12         1.9127860201         4.9974517839        -0.9650981341
C13         0.8422046448         5.3005835074        -0.1204719940
C14        -0.0798036942         4.3087144734         0.2269764969
O15        -1.6454684794         1.5802803861        -1.4631443105
C16        -1.2826358014         0.2337622323        -1.6657343252
C17        -2.4140074061        -0.6180793068        -2.2013853919
C18        -3.6652090406        -0.0666670191        -2.5312686238
C19        -4.6886821481        -0.8810636431        -3.0238054387
C20        -4.4725271224        -2.2543097375        -3.2280658636
C21        -5.5944633995        -3.1415423019        -3.7054216622
F22        -6.3010700360        -3.6082555551        -2.6128782068
F23        -5.0963996680        -4.2206801797        -4.4149846391
F24        -6.4544809585        -2.4401481842        -4.5327619429
C25        -3.2233121409        -2.8040331765        -2.8950568267
C26        -2.1996692837        -1.9902537176        -2.4034292351
C27        -0.8113431933        -0.0205418803        -0.2475878917
C28        -1.5436697767        -1.0394636816         0.6228497156
C29        -0.7747248867        -1.9376103429         1.3870838818
C30        -1.3895366053        -2.8621878869         2.2357318787
C31        -2.7805454606        -2.9030914919         2.3361816030
C32        -3.5585711174        -2.0179889631         1.5892410132
C33        -2.9480408727        -1.0891088168         0.7423648992
H34        -3.1558298042         3.0491394991        -0.2118876856
H35        -3.5124535570         1.6556255428         0.8536819591
H36        -2.6771036154         3.1145704817         1.4997168025
H37        -2.4472451523         1.0773714476         2.8109921127
H38        -1.5858426507         0.7778795463         5.0678028219
H39         0.8389844924         0.9630987252         5.5256585970
H40         2.4123975084         1.4356411486         3.6747391512
H41         1.5923474519         1.7417377139         1.3983184421
H42         1.2830386171         1.7072411056        -1.5070139267
H43         2.8943412393         3.4664221266        -2.1160135740
H44         2.6259105329         5.7664537400        -1.2324907444
H45         0.7269887517         6.3048573649         0.2663195006
H46        -0.8976343314         4.5629805076         0.8865281440
H47        -0.4294803873         0.1913195127        -2.3782237317
H48        -3.8626239066         0.9881480500        -2.3913766415
H49        -5.6516154956        -0.4366522374        -3.2421821623
H50        -3.0384515260        -3.8644005187        -3.0124534144
H51        -1.2414425499        -2.4332373634        -2.1606436525
H52         0.2862719800        -0.2023625156        -0.2464670853
H53         0.3067710364        -1.9179492584         1.3351088812
H54        -0.7856550371        -3.5455487715         2.8186195170
H55        -3.2554591399        -3.6197925155         2.9935574787
H56        -4.6376425932        -2.0501369909         1.6669234701
H57        -3.5809244445        -0.4261428980         0.1774176137
&

