&gen
basis=6-31G**
igeopt=1
dftname=PBE-D3
ifreq=1
&
entry_name: J1_10392_2111.in
&zmat
C1         -3.1996689982        -3.6476055847         2.8805127046
C2         -3.0968060796        -2.3859706796         2.0236300199
C3         -1.7496492644        -1.6659101710         2.1855624998
C4         -0.5939041911        -2.4031592014         1.5004222697
N5          0.6597167379        -1.6302917924         1.6866361266
C6          1.5756340897        -2.2764133774         2.6590873382
C7          2.2850167408        -3.5364165166         2.1083512762
C8          3.0650823165        -4.2885223481         3.1975665777
C9          2.1552232666        -5.1102521818         4.1111424688
C10         1.3332434320        -1.2760908699         0.4166914609
C11         0.5506233159        -0.1903025875        -0.3736482067
C12         0.9437881609         0.0112750531        -1.8362069243
C13         2.0093136942        -0.9450770308        -2.4186573657
O14        -0.2332716514        -0.0098155293        -2.6379562494
C15        -0.1288738019         0.8211216391        -3.7791979479
C16        -1.3023101600         0.5607191050        -4.6749828685
C17        -2.3075499709         1.6376725245        -4.9505986703
O18        -1.4454594202        -0.5448786852        -5.1746787587
O19         1.4497126767         1.3206145590        -1.6685412611
P20         0.9986363871         1.5485160638        -0.0223716614
C21         2.6786572634         2.1477271398         0.3977421021
C22         2.8496511376         3.3061388698         1.1847522626
C23         4.1278067581         3.7627371777         1.5167347935
C24         5.2547709197         3.0721415440         1.0706041737
C25         5.1037896077         1.9227267972         0.2942053921
C26         3.8265081611         1.4629234174        -0.0392569944
C27         0.4583870581         1.5385541971         1.7526523989
C28        -0.8508488668         1.8938675273         2.1547104401
C29        -1.2367605727         1.8321422696         3.4970399410
C30        -0.3364600841         1.4036418541         4.4688926412
C31         0.9527578443         1.0308563943         4.1004226515
C32         1.3446043449         1.0911122688         2.7613735502
C33        -0.1543121930         2.8405989429        -0.5903581988
C34        -1.4545213251         2.4960579807        -1.0100999252
C35        -2.3215405861         3.4687640693        -1.5145323946
C36        -1.8897729938         4.7884081112        -1.6491457751
C37        -0.5858905775         5.1334527274        -1.2910611037
C38         0.2824873707         4.1642041302        -0.7799552990
H39        -2.9744176239        -3.4158679451         3.9432244794
H40        -2.5031153312        -4.4306426765         2.5168090987
H41        -4.2323954852        -4.0508676853         2.8192092789
H42        -3.2691882543        -2.6434097349         0.9559756643
H43        -3.9050617113        -1.6892208054         2.3351645967
H44        -1.8461277793        -0.6597299826         1.7286688534
H45        -1.5206908690        -1.5234535570         3.2644814463
H46        -0.8404663527        -2.5417085198         0.4239229233
H47        -0.5163926806        -3.4229296514         1.9321722063
H48         1.0056354992        -2.5217238945         3.5802265715
H49         2.3536721612        -1.5491667799         2.9713757391
H50         3.0155454054        -3.2235525916         1.3317768213
H51         1.5668942984        -4.2280007146         1.6206964066
H52         3.6619194970        -3.5749339769         3.8063872622
H53         3.7770056230        -4.9850583676         2.7036349239
H54         2.7779357691        -5.7047575231         4.8123440727
H55         1.5337985981        -5.8100126741         3.5128265406
H56         1.4939039087        -4.4523041108         4.7109302177
H57         2.3620486647        -0.9103692855         0.6172656851
H58         1.4190436100        -2.1957651307        -0.2015537646
H59        -0.5442336461        -0.3310539263        -0.2729084272
H60         1.5492234524        -1.9333378128        -2.6304014634
H61         2.4223254024        -0.5424313784        -3.3649948299
H62         2.8675952912        -1.0992749310        -1.7398289371
H63        -0.1312572116         1.8919018846        -3.4795126149
H64         0.7933883460         0.6173383883        -4.3626412336
H65        -3.0562899419         1.2941247504        -5.6959124560
H66        -1.7940115698         2.5377462420        -5.3487035512
H67        -2.8340820599         1.9019210379        -4.0108166101
H68         1.9920756107         3.8464375711         1.5641435346
H69         4.2436435530         4.6501336865         2.1254448444
H70         6.2445744136         3.4256376675         1.3289156181
H71         5.9781520990         1.3858627500        -0.0505165459
H72         3.7464413736         0.5764522472        -0.6400065534
H73        -1.6056749594         2.2009316203         1.4573744216
H74        -2.2442340392         2.1070748621         3.7819596575
H75        -0.6412285723         1.3511686656         5.5060317959
H76         1.6497304747         0.6831535802         4.8519691920
H77         2.3461984554         0.7669505719         2.5189827953
H78        -1.8100737855         1.4790020751        -0.9290167085
H79        -3.3269269168         3.1967959075        -1.8085686796
H80        -2.5595387690         5.5397278025        -2.0469796330
H81        -0.2411430379         6.1506286489        -1.4254388569
H82         1.2999056645         4.4531980333        -0.5744117513
&

