&gen
basis=6-31G**
igeopt=1
dftname=PBE-D3
ifreq=1
&
entry_name: J1_258_2111.in
&zmat
C1          4.9837170156        -2.1053459908        -0.1359226662
Sn2          3.7603356762        -0.3674982939         0.1246284328
C3          1.7064022196        -0.8767262552        -0.2094942211
C4          0.8362105814         0.3247654636         0.0034207448
P5         -0.7906558660         0.2002729904        -0.0654146107
C6         -1.5748898476         1.8045394716         0.1820829428
C7         -2.8120137181         2.0831011478        -0.4204383060
C8         -3.4524388703         3.3032552441        -0.1844974282
C9         -2.8758926088         4.2419552183         0.6748088348
C10        -1.6646014858         3.9555905832         1.3095623305
C11        -1.0213823286         2.7363468491         1.0752895089
C12        -1.1871690845        -0.4691470795        -1.6920158862
C13        -1.3495261922        -1.8518305295        -1.8721065985
C14        -1.5984311167        -2.3710830303        -3.1461441808
C15        -1.6634599758        -1.5168933183        -4.2501859444
C16        -1.4676260837        -0.1434534364        -4.0828458079
C17        -1.2178981060         0.3783985018        -2.8100956109
C18        -1.4164481415        -0.8524200224         1.2557684553
C19        -2.7072444424        -1.3944766469         1.1623674940
C20        -3.2229196374        -2.1695905182         2.2053185760
C21        -2.4621567772        -2.3888498338         3.3568145753
C22        -1.1889476693        -1.8241272027         3.4706998649
C23        -0.6705051029        -1.0484113953         2.4293486837
C24         3.9661361846         0.3735462171         2.1229084135
C25         4.3457711516         1.1495792463        -1.2684348511
H26         6.0455820849        -1.8384653411         0.0419799316
H27         4.8649852624        -2.4872412315        -1.1705839983
H28         4.6711213975        -2.8870211681         0.5863955329
H29         1.4291047079        -1.6844490428         0.4988416491
H30         1.5941095670        -1.2477826892        -1.2493575826
H31         1.2915958721         1.2962011362         0.1587909037
H32        -3.2860944928         1.3566545639        -1.0674277300
H33        -4.4004739528         3.5171659153        -0.6608398757
H34        -3.3743262912         5.1847367706         0.8595750413
H35        -1.2287491258         4.6744473448         1.9912865219
H36        -0.1008532050         2.5200843948         1.6008977734
H37        -1.2743198875        -2.5302662129        -1.0326452327
H38        -1.7319663553        -3.4369004992        -3.2788228204
H39        -1.8534294674        -1.9203976114        -5.2363325495
H40        -1.5014297355         0.5159221243        -4.9404402106
H41        -1.0463703342         1.4413772515        -2.6981078844
H42        -3.3144585592        -1.2167195260         0.2837812863
H43        -4.2149718814        -2.5945043603         2.1236766616
H44        -2.8632374927        -2.9869602165         4.1647713517
H45        -0.6065636609        -1.9810578475         4.3693876296
H46         0.3078706002        -0.6003173014         2.5446457441
H47         3.6488980352        -0.4109081369         2.8401869730
H48         3.3262528690         1.2709500081         2.2491615457
H49         5.0258464743         0.6426501194         2.3097661723
H50         5.4082238659         1.4179260867        -1.0965676050
H51         4.2211625382         0.7674380167        -2.3022863435
H52         3.7081253927         2.0459400723        -1.1251556307
&

