&gen
basis=6-31G**
igeopt=1
dftname=PBE-D3
ifreq=1
&
entry_name: J1_10429_2111.in
&zmat
C1          1.1488916090        -1.3984093568         2.1862278181
C2          2.0988989720        -0.9506365389         1.0771903304
C3          1.4445071621        -0.0872107682        -0.0211199513
C4          2.2792626331         0.2562792706        -1.2792148185
C5          1.5544766985        -0.2019294470        -2.5810368628
C6          2.4651970876        -1.2295569956        -3.2679168559
C7          3.6301118464        -1.4582091624        -2.3046645076
C8          4.9409441984        -1.9889216727        -2.9444232228
C9          4.6660935422        -3.3545420511        -3.6213696298
C10         5.9215657318        -4.2069360968        -3.7964001930
O11         6.9167515880        -3.4957959462        -4.5146238200
C12         6.8531678460        -3.7974229855        -5.8911196177
C13         6.4604866319        -4.5296396991        -2.3967031448
C14         7.1726358083        -5.8792057246        -2.2269317146
C15         5.7577221194        -5.6975338946        -1.7023988563
C16         5.6088673375        -5.3264123344        -0.2347566641
C17         5.7243908901        -3.8117464477        -0.1710927265
C18         6.6147602422        -3.3837987213        -1.3533171005
C19         8.1081944750        -3.3220395636        -0.9125128857
C20         6.1792035576        -1.9815606476        -1.9504008662
C21         6.1622571450        -0.8144233328        -0.8905291926
C22         4.7703472790        -0.3792905689        -0.3947226787
C23         3.7881228427        -0.1332631762        -1.5616505681
C24         4.3987291977         0.9911895949        -2.4779192313
O25         2.1737655588         1.6509867741        -1.1216627389
P26         1.2409219782         1.7089250266         0.3203578211
C27         2.6231484556         2.5375478040         1.1806563350
C28         3.1086513521         2.0732489068         2.4191993056
C29         4.2026677877         2.6909566924         3.0311391919
C30         4.8292857480         3.7757868479         2.4161740234
C31         4.3585167788         4.2489353046         1.1905441095
C32         3.2636515683         3.6355602303         0.5759160632
C33         0.0703040202         1.6924838577         1.7454804923
C34         0.1081613450         2.6859041121         2.7533908900
C35        -0.8368760686         2.7029262649         3.7826209546
C36        -1.8716668887         1.7699729378         3.7996866981
C37        -1.9824326738         0.8395299103         2.7685717420
C38        -1.0396525608         0.8181148732         1.7375554024
C39         0.0067770073         2.7171911663        -0.5342709183
C40        -0.9199937719         2.1157198494        -1.4010649137
C41        -1.8712778535         2.8934439148        -2.0673059641
C42        -1.9070909111         4.2761221369        -1.8713224367
C43        -0.9939342006         4.8821858908        -1.0050494231
C44        -0.0406110966         4.1076759864        -0.3376634196
H45         0.2008078023        -1.7928962918         1.7642503861
H46         1.6284645028        -2.2123267072         2.7703105110
H47         0.9455768949        -0.5709328231         2.8931580519
H48         2.9505707833        -0.4353175872         1.5488794322
H49         2.4423370885        -1.8893126150         0.5966030492
H50         0.4715352175        -0.5392441212        -0.2880723104
H51         1.3956278184         0.6647137321        -3.2601271680
H52         0.5580730556        -0.6607474888        -2.4129054145
H53         2.8289877958        -0.8270409290        -4.2388793024
H54         1.9203272119        -2.1801050778        -3.4590904473
H55         3.2783481785        -2.2216616267        -1.5761554607
H56         5.2012856267        -1.3055796066        -3.7824130776
H57         4.1949796674        -3.1860394398        -4.6140804619
H58         3.9303108339        -3.9402525829        -3.0261705737
H59         5.6264783333        -5.1583520217        -4.3058635718
H60         5.8466640138        -3.5801791981        -6.3111278513
H61         7.5858065903        -3.1599051506        -6.4268478846
H62         7.1306814105        -4.8586919753        -6.0748134696
H63         7.9370721443        -5.9884789758        -1.4338369267
H64         7.2149648993        -6.5194122285        -3.1332439201
H65         4.9184792314        -6.1600130919        -2.2656831371
H66         4.6201786581        -5.6598559916         0.1472817676
H67         6.4052212669        -5.8041498377         0.3765428432
H68         4.7026137297        -3.4026637264        -0.2842531937
H69         6.1264630362        -3.4786478342         0.8107296687
H70         8.7726566138        -3.3285265217        -1.8035004412
H71         8.3796516194        -4.1781825899        -0.2617611658
H72         8.3556137238        -2.4169741535        -0.3290964030
H73         7.0327060571        -1.7125969470        -2.6150329169
H74         6.7386230609        -1.0811385749         0.0156565795
H75         6.6967096008         0.0689634286        -1.2998710861
H76         4.8606338646         0.5362016063         0.2295908296
H77         4.4559430995        -1.2081826188         0.2493608833
H78         5.3638409754         0.7196179479        -2.9430350507
H79         3.7228127403         1.2676604045        -3.3128932032
H80         4.5812605687         1.9101734070        -1.8800853736
H81         2.6215331324         1.2607459856         2.9373212105
H82         4.5610823299         2.3311949357         3.9869242118
H83         5.6770283597         4.2522265745         2.8912378072
H84         4.8449314784         5.0897754757         0.7132797077
H85         2.9262403809         4.0120213763        -0.3809690750
H86         0.8435702630         3.4764640560         2.7432232838
H87        -0.7786497706         3.4570621597         4.5569090377
H88        -2.6066840490         1.7895734206         4.5938897212
H89        -2.8116905158         0.1439985549         2.7567276906
H90        -1.2000396506         0.1234298179         0.9291397108
H91        -0.9161598209         1.0465128225        -1.5546412439
H92        -2.5830084933         2.4233453456        -2.7335112506
H93        -2.6451963601         4.8769688835        -2.3866410509
H94        -1.0269533327         5.9524838564        -0.8476612630
H95         0.6458151682         4.5931503077         0.3418012691
&

