&gen
basis=6-31G**
igeopt=1
dftname=PBE-D3
ifreq=1
&
entry_name: J1_10568_2111.in
&zmat
C1         -1.7752820189        -1.0759233311         0.5518311503
C2         -0.9037545182        -0.1117199831        -0.2703081572
C3         -1.2802016374         0.1363048548        -1.7201710090
C4         -2.4547911748        -0.6477542781        -2.3635418322
C5         -3.0010059700         0.1088970046        -3.6054069932
C6         -3.7370712018        -0.8006896788        -4.6135780666
C7         -4.3134893411        -2.0528038743        -3.9448184150
C8         -3.2107195041        -2.9019228473        -3.2810056690
C9         -2.0159536871        -2.0670531037        -2.7772624878
O10        -1.6113995700         1.4904405421        -1.5548665263
P11        -1.2068537229         1.6504058828         0.1099163520
C12        -2.9203342165         2.1637436602         0.4729071951
C13        -3.6735990396         1.5404960839         1.4871966933
C14        -4.9923811615         1.9316015807         1.7344551254
C15        -5.5784365726         2.9424076560         0.9706517260
C16        -4.8458519583         3.5647382232        -0.0415789846
C17        -3.5262250403         3.1780984973        -0.2913787481
C18        -0.6458857799         1.7518781898         1.8663503981
C19        -1.0833081529         2.8089882465         2.6995289852
C20        -0.6262595032         2.9276774051         4.0141588451
C21         0.3014174346         2.0181741871         4.5172804577
C22         0.7881276540         1.0001453562         3.6995133943
C23         0.3350060785         0.8759882892         2.3829240944
C24         0.0527826394         2.8853701705        -0.2857650584
C25         1.3193923680         2.4748310073        -0.7326723265
C26         2.2989461803         3.4219773572        -1.0450746588
C27         2.0220241907         4.7849647281        -0.9152239926
C28         0.7647565193         5.2025195124        -0.4722220670
C29        -0.2177610184         4.2584824739        -0.1595527413
H30        -2.8556742972        -0.8572224984         0.4669887507
H31        -1.5018855212        -1.0134810148         1.6237834054
H32        -1.5921397271        -2.1214199192         0.2384028284
H33         0.1669069639        -0.3922976047        -0.2156265129
H34        -0.3787707277         0.0704343300        -2.3709612245
H35        -3.2969720657        -0.7256712532        -1.6466517147
H36        -2.1701283182         0.6159094501        -4.1445773223
H37        -3.6979120481         0.9034843043        -3.2578443314
H38        -4.5562942760        -0.2293637672        -5.1012858832
H39        -3.0294583093        -1.1167906478        -5.4117223000
H40        -5.0564930449        -1.7416544288        -3.1776338127
H41        -4.8498324116        -2.6659378812        -4.7009026121
H42        -3.6568044626        -3.4580032495        -2.4277389494
H43        -2.8369715838        -3.6555589205        -4.0080372536
H44        -1.5305622602        -2.6024000030        -1.9379635585
H45        -1.2582211797        -1.9902078679        -3.5888794168
H46        -3.2377343792         0.7703242125         2.1078300857
H47        -5.5593979949         1.4521701803         2.5218952430
H48        -6.6000631428         3.2434123262         1.1631575022
H49        -5.3018818268         4.3455674182        -0.6363660274
H50        -2.9830909004         3.6649996405        -1.0906916574
H51        -1.7742364078         3.5570805004         2.3370527979
H52        -0.9845388239         3.7348706070         4.6399899481
H53         0.6579052726         2.1138292392         5.5347346704
H54         1.5300862712         0.3110798258         4.0822094341
H55         0.7776099482         0.0989392112         1.7847876626
H56         1.5528377154         1.4246038514        -0.8393334346
H57         3.2733366516         3.0988482267        -1.3879675011
H58         2.7816444526         5.5171506476        -1.1566297483
H59         0.5517749008         6.2586374808        -0.3687882302
H60        -1.1788252128         4.6038731442         0.1925935437
&

