&gen
basis=6-31G**
igeopt=1
dftname=PBE-D3
ifreq=1
&
entry_name: J1_10509_2111.in
&zmat
C1         -3.7160957382        -1.8107468652         2.9512553170
C2         -3.8346665911        -1.9311691707         1.4360650976
O3         -3.0377376150        -0.9475020266         0.7771261792
C4         -1.6525054346        -1.0627773331         0.6157125836
O5         -1.0365993778        -2.0297028893         1.1416546595
C6         -0.8699683740        -0.0827888351        -0.2288783184
C7         -1.3277810358         0.1334829106        -1.6547879828
C8         -2.5277947749        -0.6535009699        -2.2132525621
C9         -2.1844164057        -2.1255167980        -2.4758339342
C10        -3.3515646673        -2.8315901495        -3.1120955224
C11        -4.3494981540        -3.4135602695        -2.3126727486
C12        -5.4518651078        -4.0374030983        -2.9048468685
C13        -5.5705705627        -4.0763082592        -4.2968201358
C14        -4.5889851592        -3.4876056436        -5.0988483772
C15        -3.4850755321        -2.8624369240        -4.5104958151
O16        -1.6660607831         1.4850470664        -1.4969871430
P17        -1.1646359340         1.6827673459         0.1405216582
C18        -2.8454455164         2.2308885974         0.6120361185
C19        -3.5379328606         3.1564159933        -0.1922764313
C20        -4.8301186154         3.5684094708         0.1460396954
C21        -5.4501717977         3.0624764489         1.2894705489
C22        -4.7777136048         2.1452244864         2.0978591564
C23        -3.4857373116         1.7317897863         1.7632471210
C24        -0.5028121879         1.8212612863         1.8588471412
C25         0.3411772877         0.8408803746         2.4267728915
C26         0.8486211244         0.9937259757         3.7205198774
C27         0.5471277978         2.1330041657         4.4647179047
C28        -0.2535809711         3.1304699653         3.9124118712
C29        -0.7643169052         2.9840972052         2.6208287831
C30         0.0752450938         2.9011377350        -0.3630533603
C31        -0.2313333286         4.2722819180        -0.3909299664
C32         0.7327435209         5.2033793708        -0.7882924659
C33         2.0079395571         4.7748817317        -1.1638479468
C34         2.3213756979         3.4140119422        -1.1410192495
C35         1.3603847616         2.4798010593        -0.7435771144
H36        -2.6543064710        -1.8753782718         3.2674721758
H37        -4.1424554041        -0.8451988660         3.2926173658
H38        -4.2826941590        -2.6345312089         3.4338848371
H39        -3.5331198356        -2.9503542340         1.1107171570
H40        -4.8958370552        -1.7791642668         1.1471974579
H41         0.2116314169        -0.3313620788        -0.2334652379
H42        -0.4678898698         0.0597536766        -2.3583229934
H43        -3.4163665921        -0.5613109623        -1.5573765335
H44        -2.8086580046        -0.1855313136        -3.1825558971
H45        -1.9142007611        -2.6381386586        -1.5296034910
H46        -1.2981003763        -2.1887039390        -3.1448158602
H47        -4.2745600149        -3.3827258025        -1.2337812570
H48        -6.2159153405        -4.4876555393        -2.2843867258
H49        -6.4251271036        -4.5584229337        -4.7536956700
H50        -4.6853845318        -3.5122956907        -6.1766100208
H51        -2.7367442019        -2.4011780151        -5.1430792277
H52        -3.0851199888         3.5574105774        -1.0893625568
H53        -5.3522242112         4.2790778058        -0.4815087969
H54        -6.4509064108         3.3821860130         1.5496330524
H55        -5.2562502670         1.7556032902         2.9870309449
H56        -2.9798505886         1.0351909130         2.4156868640
H57         0.6366813987        -0.0431359868         1.8908850195
H58         1.4868187021         0.2285410663         4.1435939627
H59         0.9443636850         2.2482857973         5.4648868913
H60        -0.4757743988         4.0225998110         4.4835853604
H61        -1.3704610325         3.7843540863         2.2188823773
H62        -1.2059419100         4.6289211268        -0.0926625881
H63         0.4914145007         6.2583718303        -0.8027576693
H64         2.7532552967         5.4971106861        -1.4709096555
H65         3.3099861194         3.0824109108        -1.4310815133
H66         1.6248195718         1.4321185212        -0.7307168736
&

