&gen
basis=6-31G**
igeopt=1
dftname=PBE-D3
ifreq=1
&
entry_name: J1_10572_2111.in
&zmat
C1          4.1293208278         0.2332661210         0.5285485614
C2          3.4299674950        -0.4557367491        -0.6372110574
O3          2.0753951299        -0.0229486277        -0.7554774238
C4          1.0400253939        -0.5011955702         0.0595459312
O5          1.3019420431        -1.2250831145         1.0580867392
C6         -0.4010234778        -0.2035304503        -0.2708373378
C7         -0.6693443616        -0.1380327888        -1.7531896151
C8         -1.7861331012        -1.0844753988        -2.2356868925
O9         -1.4253691171        -2.4199368081        -1.9500709696
C10        -1.3032414994        -3.1244062873        -3.1665862845
O11        -0.0443306376        -3.7218123634        -3.2350927437
C12         0.6498620996        -3.0555238511        -4.2675845862
C13         1.9928497246        -2.5637595110        -3.7209405642
C14         0.8877427302        -4.0315361061        -5.4275123561
O15        -0.0897252406        -1.9483952229        -4.7340293302
C16        -1.4003405962        -2.1848313982        -4.3207610566
C17        -2.0277524994        -0.9421721223        -3.7420774010
O18        -3.4046827664        -0.8874411306        -4.0341035391
O19        -1.1026781455         1.1966109263        -1.7692944917
P20        -0.8842355458         1.5463787067        -0.0965131563
C21        -2.6319773651         1.9783912391         0.0837090937
C22        -3.0704302299         3.3015482986        -0.0931355097
C23        -4.4244194911         3.6210141101         0.0450621671
C24        -5.3505445768         2.6252150557         0.3636500790
C25        -4.9226042492         1.3091244368         0.5515365097
C26        -3.5695269800         0.9861144107         0.4156300016
C27        -0.7177144586         1.8016070137         1.7230736527
C28        -0.6842472999         3.1129841423         2.2523443298
C29        -0.5953780993         3.3325524715         3.6288155855
C30        -0.5671408708         2.2524969367         4.5087592801
C31        -0.6453047400         0.9518069340         4.0136829769
C32        -0.7347301326         0.7251730917         2.6370562384
C33         0.3587996945         2.8179003397        -0.5100610693
C34         0.0923838473         3.7712571846        -1.5105055854
C35         1.0448345421         4.7388933456        -1.8424976725
C36         2.2765623599         4.7636431275        -1.1862763356
C37         2.5598812001         3.8169029591        -0.2007185884
C38         1.6119580732         2.8449347405         0.1311690549
H39         3.5886742758         0.0429203830         1.4786457667
H40         4.1801325550         1.3262987667         0.3477449165
H41         5.1643627868        -0.1569648313         0.6233174022
H42         3.4702802067        -1.5597208705        -0.5113911091
H43         3.9657844820        -0.1997537771        -1.5753474925
H44        -1.1018893716        -0.8953524377         0.2405992170
H45         0.2383595565        -0.2405416400        -2.3844620733
H46        -2.7199762487        -0.8466899515        -1.6811087012
H47        -2.0934621887        -3.9041244151        -3.2235484584
H48         1.8290478477        -1.9002277738        -2.8485371168
H49         2.6158075415        -3.4217771816        -3.3887132260
H50         2.5454556327        -1.9957777387        -4.4997269139
H51        -0.0835931946        -4.3972224473        -5.8232598436
H52         1.4775052096        -4.9080853125        -5.0832264884
H53         1.4365726180        -3.5275408245        -6.2517917672
H54        -1.9914534939        -2.6092805076        -5.1638890683
H55        -1.5518251729        -0.0288801483        -4.1643361865
H56        -3.8313488691        -1.7084346796        -3.6710492552
H57        -2.3712578086         4.0927116639        -0.3174091701
H58        -4.7550869647         4.6426721565        -0.0903401906
H59        -6.3982435422         2.8745009893         0.4711952183
H60        -5.6391462086         0.5390224876         0.8063344724
H61        -3.2572216867        -0.0354526393         0.5797053816
H62        -0.7304159825         3.9751484231         1.6009426082
H63        -0.5569660112         4.3435295059         4.0134744701
H64        -0.5017478286         2.4237221020         5.5754540111
H65        -0.6493105489         0.1145132306         4.6997486069
H66        -0.8370284437        -0.2961658417         2.3159084350
H67        -0.8466409654         3.7616042678        -2.0474687168
H68         0.8286591633         5.4678836188        -2.6127524560
H69         3.0125058517         5.5143019421        -1.4437097195
H70         3.5149901670         3.8367084501         0.3077954510
H71         1.8504855665         2.1268570748         0.9035585399
&

