&zmat
 C16             0.1996362486             1.7079789313            -5.1479362821
 C15             1.2395792867             2.0337724432            -4.0726307452
 C14             0.6262209340             2.6836437180            -2.8222044717
 C13             1.6447677586             2.8611624972            -1.6628543454
 P12             1.5697237105             1.5238734779            -0.3661884412
 C17             0.5977919261             2.5310601061             0.9492724162
 C18            -0.6911288661             3.2302563791             0.4880716383
 C19            -1.5978044874             3.6480210230             1.6574901172
 C20            -2.8996039366             4.3165183662             1.2025943521
 C21             3.1170226106             1.3748669132             0.6667498089
 C22             4.1300795894             2.5088340427             0.4360933975
 C23             5.3847403280             2.3944506672             1.3227428017
 C24             5.1113821926             2.5592007407             2.8228573150
 O11             2.2685847625             0.3145678638            -1.6612887940
 C6              1.1449164459            -0.5481092430            -1.6270254919
 C7              1.5316383816            -2.0528820531            -1.6828349345
 C8              2.2024023894            -2.2997027454            -3.0487231005
 C9              2.5257261873            -2.4140438777            -0.5653966842
 C10             0.2569050400            -2.9076375111            -1.5612041665
 C5              0.4502634059            -0.0351083820            -0.3524218409
 C1             -1.0321842703             0.0461558419            -0.3021226781
 C2             -1.8488879776            -0.1891577665             0.7544652345
 C3             -3.3426382946            -0.0175255370             0.6232832080
 C4             -1.3747648976            -0.6026542165             2.1248668100
 H49             0.6679842299             1.2578297232            -6.0385255547
 H50            -0.3461907379             2.6098007881            -5.4777614083
 H51            -0.5482054318             0.9894783194            -4.7683694671
 H47             2.0055148323             2.7184543467            -4.4848949579
 H48             1.7786621209             1.1236757343            -3.7583785027
 H45            -0.2469260844             2.0893450172            -2.4931189130
 H46             0.2133005259             3.6744416180            -3.0876713052
 H43             1.5145123152             3.8348670226            -1.1628827682
 H44             2.6677699982             2.8224160037            -2.0721924384
 H52             0.3561432503             1.8143634485             1.7583184721
 H53             1.2847145733             3.2757634677             1.3973523999
 H54            -1.2704021207             2.5657395307            -0.1771604398
 H55            -0.4449798847             4.1246214912            -0.1152517679
 H56            -1.0402444860             4.3252951563             2.3321200996
 H57            -1.8348189370             2.7490586281             2.2586599745
 H58            -3.5328820192             4.6038075156             2.0582082128
 H59            -3.4892685578             3.6369169093             0.5626463446
 H60            -2.6973969307             5.2290178537             0.6154622142
 H61             2.7984267824             1.3480527010             1.7233546151
 H62             3.5726233460             0.4057888750             0.4131329072
 H63             3.6504825882             3.4906459219             0.6164398198
 H64             4.4408370917             2.5020279476            -0.6234314438
 H65             6.1105624548             3.1627434332             0.9996010026
 H66             5.8703663533             1.4180705650             1.1364791493
 H67             6.0472784899             2.5333857258             3.4041559560
 H68             4.6142170050             3.5226224303             3.0318271112
 H69             4.4613912965             1.7590110891             3.2143052483
 H33             0.4633084272            -0.3706729690            -2.4995205924
 H34             2.5097916469            -3.3543438022            -3.1569266589
 H35             1.5096411426            -2.0614415698            -3.8751606777
 H36             3.0914396851            -1.6582193311            -3.1559080004
 H37             2.8553134650            -3.4621535897            -0.6648100566
 H38             3.4128719855            -1.7634212809            -0.6219950262
 H39             2.0794905576            -2.3085518038             0.4391334196
 H40            -0.2345520104            -2.7687418301            -0.5832482656
 H41            -0.4772760561            -2.6409515878            -2.3417279774
 H42             0.4925481210            -3.9797471876            -1.6745826873
 H32             0.8456512370            -0.5649632681             0.5353417229
 H25            -1.5113377643             0.3325978065            -1.2498149831
 H26            -3.8803650599            -0.9437261809             0.8989376844
 H27            -3.7111722092             0.7706473305             1.3073648149
 H28            -3.6374756246             0.2591059694            -0.4011130019
 H29            -0.2994974737            -0.8330758214             2.1621064103
 H30            -1.5695463337             0.1953498286             2.8657306819
 H31            -1.9267977944            -1.4934854971             2.4761808895
&

