&gen
basis=6-31G**
igeopt=1
dftname=PBE-D3
ifreq=1
&
entry_name: J1_10277_2111.in
&zmat
C1         -0.9932177678         0.1107201096        -0.6559823003
C2         -1.9952940777        -0.1468401847         0.2149601386
C3         -3.4126033134         0.1088959252        -0.2299408359
C4         -1.7418511734        -0.6817596499         1.6041220768
C5          0.4793306358        -0.0854938596        -0.3533375892
C6          1.2256026267        -0.6614064200        -1.5325539494
C7          1.8017903246        -2.1080560094        -1.3984530846
C8          2.4288176223        -2.5079332460        -2.7513015869
C9          2.8895811491        -2.2304882610        -0.3106051804
C10         0.6559203318        -3.0929477986        -1.0844681927
O11         2.2171231700         0.3363337606        -1.5886999501
P12         1.5613352586         1.3920065563        -0.3890171727
C13         1.6043716177         2.7916990369        -1.6134351325
C14         0.4292585732         2.8502971198        -2.6058259267
C15         0.7614904777         2.1986922367        -3.9557756170
C16        -0.4644750047         2.1545871464        -4.8626983735
C17         0.6984742958         2.3860360076         0.9452900510
C18        -0.5803890696         3.1514348464         0.5448103394
C19        -1.3306025807         3.6439793455         1.7884986649
C20        -2.5938752364         4.4095836967         1.4048679377
C21         3.0816490137         1.2771904154         0.6621012248
C22         4.0672906002         2.4205807535         0.3791386387
C23         5.3364977873         2.3305446512         1.2404447652
C24         5.0892153554         2.7186352075         2.6982694443
H25        -1.2675597209         0.4509579581        -1.6486283951
H26        -4.1461796169        -0.1389543493         0.5650019084
H27        -3.5350701515         1.1812888616        -0.4922363634
H28        -3.6437753672        -0.5115315866        -1.1216581531
H29        -1.2471514639        -1.6732263640         1.5444653168
H30        -1.1028623921         0.0195950069         2.1761738276
H31        -2.6878153149        -0.8106814581         2.1695676408
H32         0.6640153395        -0.6435661455         0.5837479547
H33         0.6148130541        -0.6052880976        -2.4614260698
H34         2.8566497870        -3.5328730932        -2.7018647619
H35         1.6670458559        -2.4918267078        -3.5608086824
H36         3.2436153026        -1.8044776116        -3.0284080669
H37         3.2106915027        -3.2892505720        -0.2035054153
H38         3.7896141312        -1.6448802736        -0.5906960407
H39         2.5240427030        -1.8926805381         0.6798418205
H40         0.2294412511        -2.9007789338        -0.0782123450
H41        -0.1594150315        -2.9970747301        -1.8338712797
H42         1.0222217650        -4.1422913829        -1.1014176928
H43         1.6759926855         3.7578689159        -1.0729794836
H44         2.5584819428         2.7411557458        -2.1805821750
H45        -0.4799512889         2.4049481320        -2.1755756032
H46         0.1899278382         3.9196381181        -2.7966370135
H47         1.5614466835         2.7828049255        -4.4607267737
H48         1.1340401616         1.1664001196        -3.8126350827
H49        -0.1901529948         1.6982210769        -5.8370582952
H50        -0.8467703393         3.1814453977        -5.0454241384
H51        -1.2653901389         1.5415062955        -4.3967504275
H52         0.4560776521         1.6913284481         1.7756592968
H53         1.3982696593         3.1390259301         1.3664951978
H54        -1.2679831391         2.5213644674        -0.0390260389
H55        -0.3190826936         4.0357059575        -0.0718016535
H56        -0.6708063144         4.3111535672         2.3850208713
H57        -1.6194445923         2.7758995927         2.4207188051
H58        -3.1134740135         4.7535577609         2.3238556676
H59        -3.2832372171         3.7532066910         0.8318122163
H60        -2.3354156603         5.2973481885         0.7891995953
H61         2.8170259634         1.2439026468         1.7387864310
H62         3.6019350032         0.3249643857         0.4608511586
H63         3.5814197547         3.4066531990         0.5365800726
H64         4.3780314028         2.3620584840        -0.6859362056
H65         6.0946089579         3.0271256806         0.8211267713
H66         5.7620332928         1.3045258392         1.1935057886
H67         6.0578730228         2.7500238433         3.2401358639
H68         4.6187915557         3.7230161487         2.7592554199
H69         4.4380864712         1.9746485380         3.2011344593
&

