&zmat
 C3              4.3464954213             2.4184550653            -0.7307780766
 C2              3.1093811587             2.4629922398             0.1290772423
 C4              3.0370650491             3.5965631149             1.1189605612
 C1              2.1128913754             1.5411197472            -0.0255686890
 C5              0.8185168211             1.4843406914             0.6230662525
 P6             -0.0947019925             0.0465515259             0.6899586374
 C7             -1.8526902061             0.4544723911             1.1631984682
 C8             -2.5770486086             1.1733736802             0.0638308450
 C9             -3.3574359841             0.6079604724            -0.8868031349
 C10            -3.9626797268             1.4465775443            -1.9845879114
 C11            -3.6564984091            -0.8667489097            -0.9807206717
 C12             0.3778683314            -1.3085989350             1.8777942358
 C13            -0.4856876865            -2.3452886142             2.2890616288
 C14            -0.0581162381            -3.2890246441             3.2325250323
 C15             1.2379058223            -3.2133632396             3.7628703259
 C16             2.1034777213            -2.1881805750             3.3546602992
 C17             1.6725347344            -1.2334445022             2.4246542130
 C18            -0.1084288537            -0.7887454408            -0.9455945649
 C19            -0.0354689577            -2.1854373251            -1.1021982680
 C20            -0.1354248063            -2.7542613335            -2.3789349824
 C21            -0.3072245452            -1.9351621541            -3.5034845375
 C22            -0.3630751617            -0.5409792309            -3.3537390281
 C23            -0.2619276422             0.0328721580            -2.0811917848
 H25             4.4537499003             3.3286356318            -1.3555564858
 H26             5.2706809095             2.3623140467            -0.1208340697
 H27             4.3407000939             1.5515061221            -1.4125410667
 H28             4.0008736524             3.7252200897             1.6479458620
 H29             2.2601557604             3.4348402476             1.8836974837
 H30             2.8234068540             4.5688463283             0.6309270317
 H24             2.2982413597             0.7513976975            -0.7704014022
 H31             0.5185609068             2.2470769388             1.3487248363
 H32            -2.3492381160            -0.4804502373             1.4643752016
 H33            -1.7614893563             1.0778207159             2.0697138004
 H34            -2.3869053143             2.2508339923             0.0031145524
 H35            -3.5920278421             1.1131638444            -2.9721356441
 H36            -3.7209182179             2.5146707052            -1.8715882945
 H37            -5.0627983181             1.3405182838            -2.0120227216
 H38            -3.2710152349            -1.4494297212            -0.1314217515
 H39            -3.2007120476            -1.2857417620            -1.8962836008
 H40            -4.7444174972            -1.0458325397            -1.0545158347
 H41            -1.4921527159            -2.4323975830             1.8646060938
 H42            -0.7358724482            -4.0874902416             3.5510435801
 H43             1.5710637230            -3.9528407553             4.4975033717
 H44             3.1151502224            -2.1283365568             3.7675965733
 H45             2.3283988562            -0.4111769095             2.1153946731
 H46             0.1055953373            -2.8279488003            -0.2286881512
 H47            -0.0747068713            -3.8406500120            -2.4953799017
 H48            -0.3876400305            -2.3830806954            -4.4988914811
 H49            -0.4813212163             0.1018383100            -4.2314347256
 H50            -0.2882537305             1.1178683989            -1.9450229166
&

