&gen
basis=6-31G**
igeopt=1
dftname=PBE-D3
ifreq=1
&
entry_name: J1_9747_2111.in
&zmat
C1          2.0832707236         1.2576322790         0.0977648916
C2          2.8426234440         2.3653376587         0.0309379166
C3          4.1822343195         2.2780836142        -0.6478273937
C4          2.3874538550         3.6795658792         0.6125001463
C5          0.7520982502         1.2113728234         0.7362368510
P6         -0.1431323527        -0.1535952229         0.7098043575
C7         -1.8615618268         0.2819600034         1.1546307935
C8         -2.4293418069         1.2748194182         0.1721678133
C9         -3.2727845595         0.9619166839        -0.8367182142
C10        -3.6882495825         2.0537398541        -1.7881946671
C11        -3.8003177392        -0.4391863858        -1.0374674471
C12         0.4735918885        -1.3435584749         1.9256123579
C13        -0.3431130106        -2.4115032364         2.3340002278
C14         0.1260988457        -3.3483771571         3.2593625598
C15         1.4152687887        -3.2304017447         3.7827833835
C16         2.2379871491        -2.1768303145         3.3785876819
C17         1.7729069451        -1.2381734049         2.4523479852
C18        -0.1267672509        -0.8471482942        -0.9570653785
C19        -0.0618233301        -2.2348556128        -1.1599028391
C20        -0.0945765945        -2.7594167419        -2.4557018805
C21        -0.1993816147        -1.9047771449        -3.5559480551
C22        -0.2714798582        -0.5233795439        -3.3621119265
C23        -0.2371165045         0.0044979966        -2.0686226549
H24         2.4642064987         0.3410068765        -0.3403883107
H25         4.0475894773         1.9643563768        -1.7048243520
H26         4.7126101124         3.2529710306        -0.6403057770
H27         4.8192018232         1.5323292540        -0.1264024384
H28         3.1446935922         4.4770397953         0.4634414842
H29         2.2167492244         3.5706837696         1.7043973326
H30         1.4471104019         4.0052770783         0.1195406885
H31         0.3170600174         2.1005732911         1.1707607730
H32        -2.4778626156        -0.6351467601         1.2171186385
H33        -1.8578910077         0.7438164699         2.1638662043
H34        -2.0731804731         2.2986490866         0.2556466092
H35        -2.7912525671         2.4701101589        -2.2940220412
H36        -4.1994582253         2.8654218422        -1.2284369422
H37        -4.3833725229         1.6785013947        -2.5676916539
H38        -4.4143825562        -0.7394960161        -0.1627565044
H39        -2.9603246772        -1.1526884425        -1.1628444045
H40        -4.4394876534        -0.5081523760        -1.9418919505
H41        -1.3380747107        -2.5321747358         1.9280447783
H42        -0.5090447868        -4.1688801564         3.5673300245
H43         1.7777060229        -3.9567007932         4.4987154955
H44         3.2380909308        -2.0873799599         3.7827622926
H45         2.4313005852        -0.4340989604         2.1599033258
H46         0.0135474445        -2.9162877925        -0.3254846979
H47        -0.0421263933        -3.8298871111        -2.6066850899
H48        -0.2270821695        -2.3129949197        -4.5579179646
H49        -0.3575494054         0.1386474330        -4.2139575460
H50        -0.3026645450         1.0767812344        -1.9350944829
&

