&gen
basis=6-31G**
igeopt=1
dftname=PBE-D3
ifreq=1
&
entry_name: J1_10288_2111.in
&zmat
C1         -1.3265312270        -4.1107701699         1.4184367322
C2         -1.1391708980        -2.8170474776         2.2023011184
O3         -0.6598159172        -1.7781658342         1.3514178012
C4         -1.4677073362        -1.0988753106         0.4323040229
O5         -2.6913516213        -1.3798296108         0.3434696927
C6         -0.8314976702        -0.0182518798        -0.4078153360
C7         -1.2988746306         0.2207470923        -1.8335786749
C8         -2.3691871907        -0.7110949333        -2.4843357245
C9         -3.8194759282        -0.2013437600        -2.2907379819
C10        -4.8296812484        -1.1588068483        -2.9326819820
C11        -4.5411553936        -1.3322526499        -4.4277484925
C12        -3.1035075961        -1.8109991368        -4.6574990857
C13        -2.0911202071        -0.8651315483        -3.9965318848
O14        -1.7691438592         1.5309888112        -1.6207807120
P15        -1.2560675169         1.6985325014         0.0136907326
C16        -2.8547935642         2.4092258341         0.4847861149
C17        -3.9130969393         1.6276661201         0.9766104026
C18        -5.1349048261         2.2186701780         1.3118672200
C19        -5.3136441756         3.5946777404         1.1584165486
C20        -4.2696010074         4.3816809010         0.6694251027
C21        -3.0473060006         3.7930249473         0.3330582635
C22        -0.6644261128         1.7131738147         1.7374815046
C23        -1.2267253338         0.9839546028         2.7985202139
C24        -0.6692395426         1.0811497803         4.0796243679
C25         0.4393482643         1.9074689434         4.3065082127
C26         0.9942293006         2.6432768135         3.2536204339
C27         0.4293102011         2.5345948903         1.9763998781
C28         0.8509215947         3.2332064648         0.7794798475
C29         1.9010817336         4.1536818326         0.6700522543
C30         2.1501905760         4.7553204539        -0.5687195245
C31         1.3528443295         4.4400566608        -1.6775027349
C32         0.3044324320         3.5187018618        -1.5548707997
C33         0.0597296947         2.9090462051        -0.3134214303
H34        -0.3698006410        -4.4030637251         0.9362860053
H35        -1.6452393399        -4.9213536654         2.1069998234
H36        -2.1035198316        -3.9818738111         0.6363709526
H37        -0.3906582635        -2.9901781137         3.0038238732
H38        -2.0945666976        -2.5136094986         2.6832125996
H39         0.2746037325        -0.1347160645        -0.3809560461
H40        -0.3956968117         0.2776000010        -2.4836379695
H41        -2.2726864077        -1.7285757258        -2.0487898642
H42        -4.0638534032        -0.1013515271        -1.2176794465
H43        -3.9366740648         0.8044572556        -2.7519008140
H44        -5.8554350126        -0.7513773364        -2.8028585099
H45        -4.7859794518        -2.1467802621        -2.4235376896
H46        -5.2484455820        -2.0754852558        -4.8545185575
H47        -4.7010487686        -0.3653615091        -4.9539036657
H48        -2.9814964000        -2.8364263939        -4.2441461754
H49        -2.9033326683        -1.8572219897        -5.7495971863
H50        -2.1327239602         0.1294449030        -4.4941467721
H51        -1.0719352130        -1.2827543637        -4.1503088632
H52        -3.8067026282         0.5688886908         1.1151151339
H53        -5.9437833538         1.6084479660         1.6924984088
H54        -6.2601595999         4.0505872138         1.4185036846
H55        -4.4073636289         5.4484520278         0.5491415487
H56        -2.2528202412         4.4208096715        -0.0483393225
H57        -2.0817646308         0.3437179641         2.6493231251
H58        -1.0972369708         0.5164786992         4.8977511701
H59         0.8647434827         1.9797918581         5.2990511963
H60         1.8451166703         3.2840406155         3.4395370515
H61         2.5165461881         4.4086888068         1.5217202561
H62         2.9575394138         5.4690001042        -0.6697773158
H63         1.5467153413         4.9120220759        -2.6320037883
H64        -0.3012006714         3.2970891126        -2.4221126764
&

