&zmat
 C6              0.5490833623            -2.0129087549            -0.0000000000
 C5             -0.3949517788            -0.8097468042            -0.0000000000
 O7             -1.6076185552            -0.9940591707            -0.0000000000
 C2              0.2093609046             0.6121978031            -0.0000000000
 C1             -0.9258177267             1.6476783079            -0.0000000000
 C3              1.0816127642             0.7858756249             1.2656766003
 C4              1.0816127642             0.7858756249            -1.2656766003
 H17             0.3275615723            -2.6313946740            -0.8846241162
 H18             0.3275615723            -2.6313946740             0.8846241162
 H19             1.6183240915            -1.7587874954            -0.0000000000
 H8             -0.5090310450             2.6685865210            -0.0000000000
 H9             -1.5682602598             1.5292052740            -0.8860498810
 H10            -1.5682602598             1.5292052740             0.8860498810
 H11             1.5115280112             1.8016970197             1.2833237516
 H12             0.4820354531             0.6570807618             2.1820104534
 H13             1.9187025024             0.0699051172             1.2997207208
 H14             1.5115280112             1.8016970197            -1.2833237516
 H15             0.4820354531             0.6570807618            -2.1820104534
 H16             1.9187025024             0.0699051172            -1.2997207208
&

