&gen
basis=6-31G**
igeopt=1
dftname=PBE-D3
ifreq=1
&
entry_name: J1_9921_2111.in
&zmat
C1         -3.4467384007        -5.5322032117        -2.6353652385
C2         -2.2750946541        -5.1126374003        -3.5223772688
C3         -1.1742190851        -4.3599325693        -2.7534804297
C4         -1.6246075930        -3.0454106557        -2.0903851836
C5         -2.0392365189        -1.9726518965        -3.1081345968
C6         -2.4879361311        -0.6557619083        -2.4513550210
C7         -1.3374614493         0.1095998989        -1.7584290654
O8         -1.6660207874         1.4652682834        -1.6058523719
P9         -1.2670577260         1.6377440599         0.0627601779
C10        -2.9522269872         2.2534910631         0.4240963308
C11        -3.7007729491         1.7627490211         1.5139994487
C12        -4.9890640693         2.2417687479         1.7668865023
C13        -5.5517811954         3.2112404911         0.9358361478
C14        -4.8268238813         3.7031675672        -0.1503456438
C15        -3.5376887294         3.2279670693        -0.4068652581
C16        -0.7267596107         1.7413901936         1.8255660424
C17        -0.9801809812         2.9181891011         2.5684666119
C18        -0.5569000700         3.0403473681         3.8937388235
C19         0.1443344538         2.0015824593         4.5022370262
C20         0.4315159213         0.8430438186         3.7824941177
C21         0.0109926708         0.7136651472         2.4553357291
C22         0.0580123267         2.8018403071        -0.3459785010
C23         1.3460078881         2.3233982009        -0.6397920368
C24         2.3738099122         3.2136220047        -0.9642571254
C25         2.1252813648         4.5874827001        -0.9997522723
C26         0.8482539370         5.0729464306        -0.7097154326
C27        -0.1825405894         4.1859536802        -0.3856191492
C28        -1.0156078517        -0.1352645343        -0.2994080397
C29        -1.9103294983        -1.0694064823         0.4848868079
O30        -3.1174930089        -0.9118984540         0.5560443047
H31        -3.0808644129        -6.0677457182        -1.7336536894
H32        -4.0411229746        -4.6469247340        -2.3277633909
H33        -4.1148696001        -6.2126145485        -3.2042294401
H34        -1.8233046853        -6.0311845066        -3.9557256053
H35        -2.6470858836        -4.5058817680        -4.3737473508
H36        -0.7696964924        -5.0310046557        -1.9644472615
H37        -0.3372033919        -4.1436335945        -3.4526738657
H38        -2.4524148675        -3.2375550087        -1.3762420581
H39        -0.7597928900        -2.6668112137        -1.5066116464
H40        -1.1980522251        -1.7732918939        -3.8076327788
H41        -2.8948464581        -2.3472435766        -3.7076429883
H42        -2.8627721912        -0.0066679478        -3.2728981969
H43        -3.3615598058        -0.8232077117        -1.7951658375
H44        -0.4131861931         0.0448918294        -2.3760266562
H45        -3.2864349446         1.0216227923         2.1838477598
H46        -5.5507777614         1.8617172237         2.6103945996
H47        -6.5497628649         3.5807538902         1.1330728373
H48        -5.2650126755         4.4523974049        -0.7969766336
H49        -3.0030246626         3.6187154724        -1.2624108197
H50        -1.5120692740         3.7486291401         2.1249629987
H51        -0.7699666089         3.9453475496         4.4479069397
H52         0.4737520285         2.0980120761         5.5287027374
H53         0.9896309313         0.0430919270         4.2519790294
H54         0.2854642679        -0.1930086012         1.9461899438
H55         1.5610195696         1.2646551521        -0.6157072470
H56         3.3638569890         2.8377762150        -1.1878640796
H57         2.9222288120         5.2756514121        -1.2501453839
H58         0.6571204759         6.1380156096        -0.7334663454
H59        -1.1571971451         4.5870105342        -0.1516851025
H60         0.0467015047        -0.4406497196        -0.2086930999
H61        -1.4601864482        -1.9076098805         1.0057380606
&

