&gen
basis=6-31G**
igeopt=1
dftname=PBE-D3
ifreq=1
&
entry_name: J1_9920_2111.in
&zmat
C1          3.1924602787        -1.1512987755         0.6641880896
C2          1.7012265201        -1.1338627640         0.4947127578
O3          1.0767306449        -2.0663699379         0.9772543460
C4          0.9131339821        -0.0728375022        -0.2683018220
C5          1.2717318695         0.1933840959        -1.7117770399
C6          2.3725589881        -0.6424489131        -2.4114412040
C7          2.1784981756        -0.6609007914        -3.9222101703
C8          3.5820672729        -0.8078619111        -4.4424505109
C9          3.9611553080        -2.2801555841        -4.6612804156
C10         4.4098452142        -0.1675052428        -3.3349844254
O11         3.6576236339        -0.1238322668        -2.1429498597
O12         1.6662016477         1.5270328240        -1.5202655111
P13         1.2208548448         1.6873006239         0.1414308383
C14         2.9019704405         2.2739692051         0.5815499529
C15         3.5647091030         1.8292139040         1.7460682313
C16         4.8472328821         2.2880890074         2.0573067583
C17         5.4900456631         3.1954586001         1.2149630856
C18         4.8511140312         3.6452375555         0.0591376987
C19         3.5681860080         3.1896533621        -0.2566414904
C20         0.6037095258         1.7856978351         1.8805020392
C21        -0.1696128847         0.7627109220         2.4735916625
C22        -0.6463454912         0.8904370918         3.7817909943
C23        -0.3831952282         2.0444832574         4.5175610528
C24         0.3486161031         3.0813012013         3.9430389641
C25         0.8279364699         2.9604626947         2.6369527254
C26        -0.0472869412         2.9029674167        -0.3019171264
C27        -1.3532270086         2.4811372277        -0.6048283024
C28        -2.3334889898         3.4133269953        -0.9573051096
C29        -2.0197041342         4.7730298018        -1.0122412824
C30        -0.7249115086         5.2025063577        -0.7133088033
C31         0.2585222603         4.2735165119        -0.3611529079
H32         3.6085792821        -2.0561924540         0.1740717247
H33         3.6765288258        -0.2674072270         0.2243160996
H34         3.4423907165        -1.1916742689         1.7447135630
H35        -0.1720333372        -0.3033675379        -0.2188844288
H36         0.3380180894         0.1780984383        -2.3207206238
H37         2.3243477316        -1.6937062715        -2.0520834112
H38         1.5018092312        -1.4836481130        -4.2434829304
H39         1.7640409382         0.3098320861        -4.2779267394
H40         3.7067407037        -0.2553455303        -5.4005992476
H41         3.8614161100        -2.8630445361        -3.7202803980
H42         3.3038951974        -2.7305037318        -5.4352337989
H43         5.0112824732        -2.3506879874        -5.0161988524
H44         5.3613629860        -0.7129681788        -3.1543498312
H45         4.6682751891         0.8746901801        -3.6224773990
H46         3.0952432865         1.1226790217         2.4165375955
H47         5.3436426541         1.9376774866         2.9529658608
H48         6.4837754899         3.5492607389         1.4572627745
H49         5.3508381026         4.3480277617        -0.5949595969
H50         3.1008565368         3.5542085130        -1.1616943791
H51        -0.4349159689        -0.1363847024         1.9486168139
H52        -1.2310622688         0.0934334795         4.2230746967
H53        -0.7564163760         2.1397628665         5.5290299207
H54         0.5418582594         3.9838172856         4.5084046816
H55         1.3823943774         3.7894529192         2.2187087453
H56        -1.6202659127         1.4351504024        -0.5647698002
H57        -3.3375403003         3.0809871098        -1.1872785193
H58        -2.7799946690         5.4936806216        -1.2843001319
H59        -0.4832281945         6.2568143113        -0.7519013701
H60         1.2479541221         4.6322639089        -0.1207108728
&

