&gen
basis=6-31G**
igeopt=1
dftname=PBE-D3
ifreq=1
&
entry_name: J1_9759_2111.in
&zmat
O1          1.1787617799        -1.9508635771         0.1394951593
C2          1.8195574074        -0.8670254886         0.0564170665
C3          1.0891067486         0.4005015818        -0.1636925640
P4         -0.5364780970         0.4975284149        -0.0878832405
C5         -1.1517320400         2.1733789130        -0.2841371775
C6         -2.2267568872         2.4456165764        -1.1436157813
C7         -2.7128534584         3.7510343766        -1.2673788771
C8         -2.1348190723         4.7871540317        -0.5283371573
C9         -1.0719971375         4.5183361327         0.3386859262
C10        -0.5836541125         3.2142258301         0.4645088273
C11        -1.3535058690        -0.7063907417        -1.1186485068
C12        -1.2796872921        -0.7856188246        -2.5089762064
C13        -1.9853053190        -1.8053089301        -3.1633155589
C14        -2.7466698640        -2.7283482970        -2.4243402803
C15        -2.8073905374        -2.6401349551        -1.0248368206
C16        -2.1014825570        -1.6180315996        -0.3804880443
C17        -2.0203656252        -1.3646052467         1.0676849074
C18        -2.6368783634        -2.0918631345         2.0920183684
C19        -2.4289198896        -1.6982893085         3.4231665548
C20        -1.6127939749        -0.5918383903         3.7190169350
C21        -0.9982587049         0.1303652541         2.6861899614
C22        -1.2140259791        -0.2713671052         1.3685068742
C23         3.2993347642        -0.8960710431         0.1588639792
C24         4.0005198999        -2.0749791578        -0.1581330053
C25         5.3945524928        -2.1199310376        -0.0601683279
C26         6.1039867502        -0.9940440005         0.3623037912
C27         5.4203795937         0.1779153093         0.6922316811
C28         4.0262805131         0.2293751390         0.5953238608
H29         1.6378039600         1.3000426467        -0.4054308650
H30        -2.6923929697         1.6544720298        -1.7156539472
H31        -3.5399992235         3.9588831370        -1.9337800015
H32        -2.5129375313         5.7967229700        -0.6243098917
H33        -0.6285080238         5.3197798628         0.9152416183
H34         0.2351635336         3.0164791756         1.1449195698
H35        -0.6913314865        -0.0732593266        -3.0725890657
H36        -1.9428687617        -1.8826922827        -4.2419177724
H37        -3.2870642915        -3.5130352186        -2.9376779814
H38        -3.3910941056        -3.3570520224        -0.4635792251
H39        -3.2641601127        -2.9452745210         1.8731461344
H40        -2.8986951564        -2.2503067004         4.2268268612
H41        -1.4578299459        -0.2964274339         4.7485362623
H42        -0.3684745470         0.9818760105         2.9087526561
H43         3.4715553882        -2.9589526523        -0.4924742597
H44         5.9250221807        -3.0291098875        -0.3122901172
H45         7.1829776121        -1.0312969229         0.4389539685
H46         5.9708097587         1.0465074512         1.0301610808
H47         3.5231185530         1.1419229636         0.8855018320
&

