&zmat
 C1              4.3271361799            -2.1429349874            -2.8267463728
 C2              2.8688100788            -1.9293649444            -2.3999265884
 C3              2.7032423441            -1.1932229991            -1.0598472204
 C4              3.1387220773             0.2793124716            -1.0909455031
 C5              2.9852771748             0.9878265390             0.2746038230
 C6              3.9492562384             0.4636855225             1.3066982677
 C7              3.6603973498            -0.0401623501             2.5221693147
 C8              2.2719822916            -0.1750616319             3.1316747101
 C9              1.4680226834            -1.3028029159             2.5286037481
 C10             0.2699546688            -1.1689948721             1.8897387264
 C11            -0.5140991686             0.0366045282             1.7423153642
 P12            -1.6882992760             0.2632331762             0.5148325804
 C13            -1.1681922369             0.3372466146            -1.2658672955
 C14            -1.0805279690            -0.8363830964            -2.0442884495
 C15            -0.4988636760            -0.8044668934            -3.3182729043
 C16             0.0092717875             0.3961778720            -3.8329776119
 C17            -0.0511122998             1.5646555166            -3.0573069391
 C18            -0.6215074548             1.5332135288            -1.7805853624
 C19            -2.9666572739            -1.0608425418             0.5318756643
 C20            -3.9076387340            -1.1773817371            -0.5108244211
 C21            -4.9367937208            -2.1228481194            -0.4271311486
 C22            -5.0315970938            -2.9624835687             0.6928222433
 C23            -4.1024672527            -2.8423638653             1.7362737185
 C24            -3.0815630942            -1.8853199442             1.6656446634
 C25            -2.5227582408             1.8617040451             0.8191777004
 C26            -3.2688380937             2.4969651000            -0.1940151142
 C27            -3.9508744419             3.6893290598             0.0763230570
 C28            -3.8971340510             4.2567862423             1.3571019241
 C29            -3.1694306072             3.6194696267             2.3725748731
 C30            -2.4974399768             2.4196661210             2.1117304560
 H31             4.3934600910            -2.7107875043            -3.7697774876
 H32             4.8530216351            -1.1861086050            -2.9818533573
 H33             4.8861218382            -2.7043537927            -2.0578871456
 H34             2.3296731007            -1.3705575150            -3.1881789259
 H35             2.3661506467            -2.9123042716            -2.3311181475
 H36             3.2665319506            -1.7250999657            -0.2694025847
 H37             1.6445690000            -1.2335622344            -0.7474621277
 H38             4.1934471302             0.3617786312            -1.4182951437
 H39             2.5353140995             0.8165895626            -1.8460723240
 H40             3.1719345903             2.0703906162             0.1264791075
 H41             1.9422484663             0.8863772660             0.6201547655
 H42             5.0067625223             0.4885540524             1.0036304313
 H43             4.4961771145            -0.4022897832             3.1350572883
 H44             2.3817403228            -0.3260327188             4.2232646925
 H45             1.7253662745             0.7771316662             3.0184788259
 H46             1.9204757314            -2.2992788227             2.5809602762
 H47            -0.1578385824            -2.0848524786             1.4568306022
 H48            -0.0924497813             0.9860168796             2.0886317752
 H49            -1.4739247298            -1.7800482964            -1.6541276924
 H50            -0.4388737588            -1.7233510811            -3.9094229705
 H51             0.4627093460             0.4199095743            -4.8283449056
 H52             0.3536185861             2.5037965711            -3.4473030849
 H53            -0.6469566352             2.4461108747            -1.1767949724
 H54            -3.8284684893            -0.5357689545            -1.3939125696
 H55            -5.6642572360            -2.2063124075            -1.2402881846
 H56            -5.8332457697            -3.7045579057             0.7541054414
 H57            -4.1759346768            -3.4916211175             2.6138859866
 H58            -2.3680991044            -1.7595586237             2.4858684402
 H59            -3.3005457210             2.0687037303            -1.2001718205
 H60            -4.5225331960             4.1781428553            -0.7183114198
 H61            -4.4283780546             5.1903198006             1.5657097973
 H62            -3.1313380765             4.0531181257             3.3763704327
 H63            -1.9552758704             1.8983133509             2.9059107908
&

