&gen
basis=6-31G**
igeopt=1
dftname=PBE-D3
ifreq=1
&
entry_name: J1_1803_2111.in
&zmat
C1          6.2594455614         1.9397936237        -1.2884903146
C2          6.5455088688         0.6005098854        -1.9673916546
C3          6.0022755874        -0.5963859240        -1.1719855993
C4          4.4658916980        -0.6721440612        -1.1962394742
C5          3.9402997295        -1.9573365989        -0.5402444154
C6          4.2149290553        -1.9869788731         0.9441938380
C7          3.4159510957        -1.4389778125         1.8790069461
C8          2.0974467559        -0.7708287962         1.5853278841
C9          1.0222505390        -1.7876061312         1.3093221095
C10        -0.2312490238        -1.4613761387         0.9740088882
C11        -0.7077221624        -0.0707341112         0.8505504910
P12        -2.2172291012         0.2411646426         0.3200626771
C13        -2.3240964981        -0.4460008400        -1.3433261051
C14        -2.8762274711        -1.7189364804        -1.5563660367
C15        -2.9059240937        -2.2665154779        -2.8425369387
C16        -2.3662404265        -1.5569435515        -3.9187052277
C17        -1.7865972404        -0.3030382934        -3.7079732173
C18        -1.7551357959         0.2467888081        -2.4229844374
C19        -3.4629969622        -0.4742605341         1.4077803454
C20        -4.7934967707        -0.5647215593         0.9716924458
C21        -5.7794667541        -1.0784544219         1.8191813329
C22        -5.4463900995        -1.4873634648         3.1131948255
C23        -4.1282433191        -1.3750049714         3.5635749043
C24        -3.1396539154        -0.8617322436         2.7182465443
C25        -2.5377690306         2.0148720677         0.3020905093
C26        -3.4079392527         2.5642639805        -0.6528757754
C27        -3.7027770973         3.9307876094        -0.6342321625
C28        -3.1514320456         4.7526979785         0.3519962073
C29        -2.3143725638         4.2062687524         1.3282382512
C30        -2.0173062405         2.8400089178         1.3120740888
H31         6.7763390037         2.7515295740        -1.8424168941
H32         5.1716874652         2.1586524412        -1.2923944126
H33         6.6325618622         1.9333704448        -0.2422963943
H34         6.1187363698         0.6041453160        -2.9938897054
H35         7.6472392570         0.4872595317        -2.0625862747
H36         6.3663055428        -0.5416003687        -0.1228920584
H37         6.4157619320        -1.5242700480        -1.6242761393
H38         4.0346848000         0.2111814834        -0.6820995439
H39         4.1173836098        -0.6547903050        -2.2518756226
H40         2.8533984934        -2.0600467517        -0.7405540984
H41         4.4307088060        -2.8363298174        -1.0114395772
H42         5.1313139667        -2.4680415942         1.2738778837
H43         3.7289282606        -1.4987707392         2.9174948351
H44         1.8007533817        -0.1749120231         2.4749668853
H45         2.2028330081        -0.0750624678         0.7277166600
H46         1.2696513301        -2.8416180019         1.3713294231
H47        -0.9303858003        -2.2670706766         0.7824941020
H48        -0.0450296018         0.7582306272         1.0540459468
H49        -3.2759974161        -2.2931073143        -0.7312177862
H50        -3.3401611498        -3.2447367360        -3.0035908998
H51        -2.3875893334        -1.9831413219        -4.9133363339
H52        -1.3554237870         0.2398851568        -4.5390640672
H53        -1.2863700761         1.2106780657        -2.2703684267
H54        -5.0668634461        -0.2388970565        -0.0240720495
H55        -6.8025834954        -1.1546722617         1.4745030910
H56        -6.2107454102        -1.8830359365         3.7694000161
H57        -3.8735232133        -1.6798444751         4.5703730208
H58        -2.1289518792        -0.7648223057         3.0916077833
H59        -3.8639926895         1.9379532266        -1.4083690845
H60        -4.3657875532         4.3509528838        -1.3794223910
H61        -3.3830397782         5.8098311828         0.3674335198
H62        -1.9028721938         4.8398142426         2.1033174443
H63        -1.3907032923         2.4294700436         2.0928674837
&

