&gen
basis=6-31G**
igeopt=1
dftname=PBE-D3
ifreq=1
&
entry_name: J1_10522_2111.in
&zmat
Cl1          4.8431624673        -4.1039256603        -3.4302090408
C2          3.6102677920        -2.9633364457        -2.9247668308
C3          3.8290629714        -1.5895692049        -3.0627018579
C4          2.8483667676        -0.6783220632        -2.6603551918
C5          1.6401274664        -1.1351732494        -2.0985646727
C6          0.5527906558        -0.1782281178        -1.6513800588
O7          0.9841957185         1.1592824423        -1.6699448577
P8          0.8840782701         1.4839205691         0.0207441343
C9          2.6653721807         1.7901735081         0.1011166557
C10         3.5525900739         0.7207312316         0.3093263335
C11         4.9312584158         0.9448138742         0.3548368449
C12         5.4356829302         2.2380058989         0.2007590257
C13         4.5610826738         3.3091988139         0.0038640121
C14         3.1814928012         3.0885407424        -0.0458781730
C15         0.8528026676         1.7039925041         1.8543033643
C16         0.9044195198         0.6071739169         2.7415756918
C17         0.9181539603         0.8016379016         4.1258178823
C18         0.9193344010         2.0909703420         4.6545870559
C19         0.9298268408         3.1905265364         3.7992650765
C20         0.9153289180         3.0021096804         2.4153711510
C21        -0.2774037056         2.8619299640        -0.2874123289
C22        -1.4739469470         2.9909653905         0.4472471448
C23        -2.3573432163         4.0423846127         0.1897847622
C24        -2.0627003676         4.9767626881        -0.8041816751
C25        -0.8849761123         4.8591359918        -1.5442414605
C26         0.0012725888         3.8083136650        -1.2909911722
C27         0.2807470345        -0.2336516462        -0.1663522194
C28        -1.1841724888        -0.4543764032         0.1895999479
C29        -1.5079567637        -1.3437979468         1.2310851039
C30        -2.8404728059        -1.5729465527         1.5856231699
C31        -3.8695916259        -0.9280804001         0.8982018196
C32        -3.5684031948        -0.0592108702        -0.1512315855
C33        -2.2378833375         0.1720254331        -0.5108311460
C34         1.4235003380        -2.5188529057        -1.9823497787
C35         2.4056132016        -3.4268680824        -2.3880670455
H36         4.7581344444        -1.2262238401        -3.4831570382
H37         3.0421838937         0.3793008050        -2.7831265966
H38        -0.3398477403        -0.3027716636        -2.2993773177
H39         3.1828289245        -0.2872126932         0.4343066559
H40         5.6086640151         0.1151730511         0.5104073633
H41         6.5034815335         2.4105840786         0.2378616189
H42         4.9521886326         4.3121692213        -0.1079957812
H43         2.5244771656         3.9343556107        -0.1828013762
H44         0.9686728379        -0.4059035855         2.3932850264
H45         0.9454749383        -0.0523535873         4.7904534674
H46         0.9350378847         2.2376039599         5.7268177969
H47         0.9598919475         4.1922632842         4.2081138664
H48         0.9579002479         3.8792877041         1.7844054878
H49        -1.7241843621         2.2816937328         1.2252022984
H50        -3.2716209043         4.1320674722         0.7619961289
H51        -2.7481543436         5.7904445598        -1.0027901928
H52        -0.6596836367         5.5809837675        -2.3185958737
H53         0.8999638212         3.7314060583        -1.8885134312
H54         0.9491700013        -0.9688125683         0.3265100458
H55        -0.7312434834        -1.8731000385         1.7668707582
H56        -3.0751102827        -2.2557133439         2.3920128509
H57        -4.9006540698        -1.1063759403         1.1748027756
H58        -4.3667988362         0.4377225522        -0.6870316163
H59        -2.0378376016         0.8557612562        -1.3247191079
H60         0.4944402615        -2.8927578693        -1.5693952946
H61         2.2288458781        -4.4898873389        -2.2848691824
&

