&gen
basis=6-31G**
igeopt=1
dftname=PBE-D3
ifreq=1
&
entry_name: J1_10289_2111.in
&zmat
Cl1          1.3424633768        -1.8612375980         0.6658579519
C2         -0.4061406342        -2.0201583460         0.8214957023
C3         -0.8782607822        -3.0684132222         1.6209974937
C4         -2.2453523459        -3.2469490458         1.8200980989
C5         -3.1528493867        -2.3774543360         1.2224893175
C6         -2.6965790855        -1.3270331355         0.4252766456
C7         -1.3186957611        -1.1265250676         0.1981170535
C8         -0.7981804110         0.0525511350        -0.6365604464
C9         -1.4704106085         0.4193057655        -1.9466670660
C10        -2.5400274950        -0.4975013811        -2.5026822162
C11        -3.7810635762         0.0066857086        -2.9348252425
C12        -4.7371994201        -0.8492424624        -3.4898177937
C13        -4.4528695006        -2.2070197917        -3.6521576075
C14        -3.2045656602        -2.7081156806        -3.2769139060
C15        -2.2456113039        -1.8556755678        -2.7226847370
O16        -1.9554074596         1.6741161019        -1.5191646048
P17        -1.1831298188         1.7081410575         0.0232107983
C18        -2.7295648379         2.2346620546         0.8846438400
C19        -4.0057375192         1.8856311682         0.3957072940
C20        -5.1680483119         2.3064716551         1.0479864757
C21        -5.0836835131         3.1073288581         2.1853831241
C22        -3.8360556330         3.5033080529         2.6628815395
C23        -2.6717819125         3.0845800597         2.0141422649
C24        -0.2536381148         1.4187532368         1.5974199869
C25         1.1114513789         1.7577530450         1.7434394336
C26         1.8036791608         1.4607754617         2.9211520858
C27         1.1626942527         0.7977081573         3.9658670721
C28        -0.1709793539         0.4189811616         3.8319533721
C29        -0.8689688264         0.7146805191         2.6593498552
C30        -0.1777345423         3.1113974456        -0.5541063846
C31        -0.5190765983         4.4346993662        -0.2223702629
C32         0.2385348505         5.5055939129        -0.7061151784
C33         1.3307339712         5.2710721605        -1.5429416952
C34         1.6605332037         3.9649355027        -1.9072911428
C35         0.9056749391         2.8914360372        -1.4267067169
H36        -0.1806394355        -3.7460196412         2.0969222385
H37        -2.6013372969        -4.0594048374         2.4402653692
H38        -4.2151560498        -2.5165608759         1.3766350283
H39        -3.4322525088        -0.6910870073        -0.0238798057
H40         0.2911292058        -0.0236161583        -0.8153269486
H41        -0.7089234583         0.5846698817        -2.7410149638
H42        -4.0118932473         1.0605072865        -2.8523060375
H43        -5.6957175291        -0.4570464526        -3.8042954406
H44        -5.1936756886        -2.8673756097        -4.0840418829
H45        -2.9767047495        -3.7561035114        -3.4223926104
H46        -1.2756068763        -2.2560079372        -2.4548050085
H47        -4.1259377480         1.3090948294        -0.5028664182
H48        -6.1377496812         2.0199320558         0.6615847877
H49        -5.9853631720         3.4345076544         2.6867376669
H50        -3.7693748523         4.1420894830         3.5341156328
H51        -1.7231720453         3.4303745040         2.4026517401
H52         1.6714314348         2.2335687142         0.9574919993
H53         2.8464755360         1.7346218719         3.0176639511
H54         1.7040900379         0.5644719008         4.8735320836
H55        -0.6641924246        -0.1144597016         4.6342157503
H56        -1.8943578709         0.3800674576         2.5818912933
H57        -1.3773224785         4.6558596890         0.3895333093
H58        -0.0286446760         6.5201173630        -0.4397442707
H59         1.9144882095         6.1018808783        -1.9176445223
H60         2.5004724781         3.7834513923        -2.5653489125
H61         1.1822018268         1.8912484178        -1.7259113464
&

