&gen
basis=6-31G**
igeopt=1
dftname=PBE-D3
ifreq=1
&
entry_name: J1_10320_2111.in
&zmat
C1          0.6401413739        -1.1887106184        -6.4278513983
C2         -0.1253493447        -2.2754472677        -5.9961049903
C3         -1.2028782981        -2.0731657765        -5.1281597255
C4         -1.5250239783        -0.7778363282        -4.6901926521
C5         -2.6660006714        -0.5639754864        -3.7284863730
C6         -2.2866421601        -0.9337061245        -2.2866453627
C7         -1.1758182611        -0.0244004706        -1.7222159647
O8         -1.5819839086         1.3225764744        -1.6283236730
P9         -1.1705081669         1.5760967668         0.0269550977
C10        -2.8189229868         2.3287363125         0.3885387200
C11        -2.9486090605         3.3580508213         1.3494831442
C12        -4.1840851359         3.9601396302         1.6002811287
C13        -5.3126405557         3.5669223845         0.8837994984
C14        -5.2046009627         2.5782264737        -0.0924297698
C15        -3.9708951374         1.9731739680        -0.3477568310
C16        -0.6228667290         1.5079512370         1.7922859338
C17         0.7324754502         1.6871232237         2.1530672134
C18         1.1472380873         1.5591672893         3.4817545176
C19         0.2305693267         1.2177760517         4.4739736203
C20        -1.1013920656         0.9882054969         4.1372539892
C21        -1.5220527394         1.1157135163         2.8115037923
C22         0.0651724908         2.8042398980        -0.5092606294
C23         1.2572218449         2.3787028347        -1.1282403753
C24         2.1959947232         3.3093153812        -1.5815256428
C25         1.9495089920         4.6756232400        -1.4439756258
C26         0.7581426855         5.1125020592        -0.8633630198
C27        -0.1841112966         4.1850318792        -0.4085333460
C28        -0.7941158300        -0.1845832129        -0.2692553242
C29        -1.5142762824        -1.2495079328         0.5559258526
C30        -2.8736508527        -1.1744420575         0.9156305911
C31        -3.4717411509        -2.1897696008         1.6671625321
C32        -2.7266168983        -3.3006757657         2.0627132544
C33        -1.3825517267        -3.3995592718         1.7029334398
C34        -0.7816705164        -2.3853275341         0.9520954034
C35        -0.7472774052         0.3093052737        -5.1247897552
C36         0.3301574101         0.1022747436        -5.9914588332
H37         1.4750634326        -1.3473000960        -7.0980624879
H38         0.1181126599        -3.2752343070        -6.3316380290
H39        -1.7840909508        -2.9240554609        -4.7948239048
H40        -3.5260725236        -1.1940458283        -4.0437791467
H41        -3.0163873632         0.4909584036        -3.7645818394
H42        -3.2053285557        -0.8618499789        -1.6756303194
H43        -1.9446210084        -1.9909425322        -2.2520523496
H44        -0.2657448043        -0.0947461078        -2.3572494211
H45        -2.0935391554         3.7021426795         1.9156362873
H46        -4.2640207127         4.7379263280         2.3487444905
H47        -6.2688479915         4.0353053317         1.0779973783
H48        -6.0784053012         2.2824857727        -0.6587225440
H49        -3.9358161554         1.2251475941        -1.1222034843
H50         1.4924724926         1.9036368480         1.4216720928
H51         2.1875903333         1.7108144313         3.7394860136
H52         0.5559684498         1.1147681157         5.5010695498
H53        -1.8101621421         0.7022205190         4.9036927179
H54        -2.5591446948         0.9099010248         2.5931564339
H55         1.4733076940         1.3282536801        -1.2535707096
H56         3.1140970699         2.9698840309        -2.0434485426
H57         2.6760673185         5.3956733484        -1.7976013264
H58         0.5585545475         6.1727029000        -0.7752029170
H59        -1.1065628000         4.5619534885        -0.0033003613
H60         0.3053713370        -0.3235788953        -0.1816740356
H61        -3.4797935508        -0.3393774053         0.6271100589
H62        -4.5160170323        -2.1147628897         1.9417561892
H63        -3.1914952479        -4.0862105865         2.6442710464
H64        -0.8048208110        -4.2637089914         2.0045216259
H65         0.2619811539        -2.4882793185         0.6817692346
H66        -0.9696564600         1.3137504116        -4.7861444714
H67         0.9268694768         0.9424969977        -6.3222240684
&

