&gen
basis=6-31G**
igeopt=1
dftname=PBE-D3
ifreq=1
&
entry_name: J1_10432_2111.in
&zmat
C1         -0.9087674038        -0.6033804986         0.4254467842
C2         -1.4638417483        -1.8337194416         0.3842457055
C3         -2.8001852678        -2.0415269671         1.0498107811
C4         -0.7795723519        -3.0016443987        -0.2806549668
C5          0.4699571745        -0.2736262730        -0.1140676018
C6          0.5561210574        -0.1525925483        -1.6131697983
C7          1.4432619045        -1.1648742348        -2.3083399345
C8          0.9025768846        -1.9981764061        -3.3040024511
C9          1.7076177921        -2.9338267460        -3.9605967469
C10         3.0632977326        -3.0372618198        -3.6420643285
C11         3.6175154525        -2.1989696824        -2.6724982550
C12         2.8151893705        -1.2630338148        -2.0134030844
O13         1.1408511394         1.1228359558        -1.6262064286
P14         0.9698685035         1.4823770282         0.0509029057
C15         2.7622386999         1.8784266379         0.2619743933
C16         3.4596448068         0.9016994571         1.1850923712
C17         4.1861432700         1.2488153915         2.2708685423
C18         4.3920710726         2.6883493728         2.6764681216
C19         4.8003738556         0.1513154043         3.1010299309
C20         0.6933644432         1.7536795527         1.8606163875
C21         0.5516036680         3.0586280735         2.3881866840
C22         0.3896877287         3.2676532046         3.7602100993
C23         0.3952018895         2.1871081741         4.6395772178
C24         0.5796487742         0.8958814145         4.1501433061
C25         0.7400287230         0.6793094432         2.7792311909
C26        -0.0983172139         2.8609417548        -0.4662050618
C27        -1.5011189078         2.7668883946        -0.4493058290
C28        -2.2882062191         3.8421332207        -0.8730932517
C29        -1.6863024944         5.0146880509        -1.3329034687
C30        -0.2947826224         5.1106816081        -1.3794096459
C31         0.4955776291         4.0382679205        -0.9571446624
H32        -1.4273447799         0.1529833527         1.0002234697
H33        -3.5541867522        -1.3640209690         0.5957330014
H34        -2.7178271185        -1.8177849528         2.1346360777
H35        -3.1598757679        -3.0851520042         0.9346178526
H36         0.2646994051        -3.1030288077         0.0810896849
H37        -1.3029929065        -3.9552932491        -0.0616085396
H38        -0.7888557241        -2.8588736305        -1.3769566479
H39         1.2479574591        -0.9464121044         0.3018048482
H40        -0.4517285023        -0.0921009552        -2.0838723493
H41        -0.1441138702        -1.9266809520        -3.5724180506
H42         1.2803716441        -3.5766211886        -4.7193754276
H43         3.6858584523        -3.7607413907        -4.1523726315
H44         4.6711971837        -2.2698581077        -2.4353239811
H45         3.2689972615        -0.6101020150        -1.2862692691
H46         2.8514185968         2.9245621396         0.6137779767
H47         3.2776922478         1.8423000066        -0.7199855044
H48         3.3714544163        -0.1531087861         0.9487159837
H49         5.0376881708         2.7705192994         3.5752031619
H50         4.8842532296         3.2471752917         1.8528472695
H51         3.4164027350         3.1583469893         2.9174599704
H52         5.4982707593        -0.4459790386         2.4767747858
H53         4.0007943990        -0.5142972415         3.4905239751
H54         5.3662474155         0.5555228970         3.9658896061
H55         0.5927097653         3.9310755411         1.7545016859
H56         0.2756367239         4.2735038471         4.1434073546
H57         0.2764756461         2.3523400038         5.7025797227
H58         0.6127916081         0.0593624894         4.8362567490
H59         0.9285841800        -0.3325564440         2.4585922662
H60        -2.0015872684         1.8741303911        -0.1254056240
H61        -3.3675094680         3.7631038317        -0.8510213675
H62        -2.2979808378         5.8447952794        -1.6618129960
H63         0.1725612753         6.0150546135        -1.7470328423
H64         1.5715721588         4.1301120390        -1.0143188520
&

