&gen
basis=6-31G**
igeopt=1
dftname=PBE-D3
ifreq=1
&
entry_name: J1_9868_2111.in
&zmat
C1          0.8680396717        -1.6859925713         1.8027779162
C2          1.4967594358        -1.2720789343         0.4756316064
C3          0.6936058810        -0.2059064340        -0.3250815736
C4          1.1443618953        -0.0111356311        -1.7900294517
C5          2.5206397787        -0.5978622711        -2.1803278186
C6          2.2407616861        -1.8821818947        -2.9479748657
C7          0.7289665581        -1.9131071361        -3.2451124170
C8          0.4230561695        -2.5006686119        -4.6578956753
C9         -1.0019522914        -3.0750020042        -4.7493755308
C10        -1.1432979288        -3.9857950260        -5.9616042880
O11        -2.5153858500        -4.3241703592        -6.1047406513
C12        -2.7623560068        -5.6356664455        -5.6478091903
C13        -0.6329835313        -3.3071499360        -7.2711143012
C14        -1.3143485383        -3.6813249400        -8.6071427474
C15        -0.0523662559        -4.4004177399        -8.1934482801
C16         1.2884878447        -3.9057986215        -8.7070444473
C17         1.7248134321        -2.8329040371        -7.7250367698
C18         0.4327878516        -2.1413542033        -7.2412052609
C19         0.0869734653        -1.0331377346        -8.2796819360
C20         0.6758638326        -1.4949540960        -5.8066891690
C21        -0.0807717673        -0.1677750123        -5.5180498018
C22         0.3658996391         0.4511830893        -4.1860572281
C23         0.1905445479        -0.4847714302        -2.9489179937
C24        -1.3091807033        -0.5063584327        -2.5597927703
O25         1.2724046160         1.3851593260        -1.7064948259
P26         1.0355748122         1.5767136189        -0.0089081220
C27         2.8054667284         1.9912998421         0.2219335530
C28         3.5671915722         1.4119940421         1.2579666956
C29         4.9263472767         1.7063510651         1.3945730746
C30         5.5495219829         2.5721315467         0.4954021417
C31         4.8140662910         3.1447758025        -0.5427661888
C32         3.4540835485         2.8549576898        -0.6826085848
C33         0.5720085317         1.7629442893         1.7666365844
C34         1.1572426553         2.7723080264         2.5680977272
C35         0.7397658628         2.9784360236         3.8854239525
C36        -0.3069458686         2.2254458403         4.4138300727
C37        -0.9582399760         1.2879011935         3.6146092649
C38        -0.5432620042         1.0785742117         2.2967123202
C39        -0.1681886839         2.8944606878        -0.3262191158
C40         0.2551310602         4.2272704729        -0.4650696881
C41        -0.6731634103         5.2426295670        -0.7136011255
C42        -2.0326952956         4.9400264554        -0.8136250676
C43        -2.4670375945         3.6230365109        -0.6513816282
C44        -1.5415025438         2.6059265531        -0.4024423944
H45         1.0779569479        -0.9311818644         2.5854890489
H46        -0.2242714759        -1.8514823893         1.6944109138
H47         1.3263610094        -2.6388971438         2.1426666780
H48         1.5384576118        -2.1938584135        -0.1421046973
H49         2.5370121742        -0.9628189899         0.6712106071
H50        -0.3858854506        -0.3958451131        -0.2279216818
H51         3.0443689815         0.1105481643        -2.8593004060
H52         3.2316368979        -0.7606105743        -1.3504832393
H53         2.5298902178        -2.7653017358        -2.3367759205
H54         2.8566292396        -1.9015799881        -3.8726370688
H55         0.2977127059        -2.6056217708        -2.4858486388
H56         1.1201489594        -3.3587601318        -4.7926105097
H57        -1.7705121086        -2.2867208668        -4.8194136385
H58        -1.2282112109        -3.6723669434        -3.8392764677
H59        -0.4923965066        -4.8712916635        -5.7445222011
H60        -2.4677614900        -5.7530665913        -4.5814004497
H61        -3.8501608021        -5.8385559212        -5.7232044672
H62        -2.2333536130        -6.3800656677        -6.2829574546
H63        -1.1819472241        -3.0474640548        -9.5024699542
H64        -2.2034490752        -4.3423815442        -8.5491744710
H65        -0.1737318344        -5.4644979839        -7.8927721702
H66         2.0247020249        -4.7376322021        -8.7233243729
H67         1.1931590041        -3.4947648348        -9.7351488117
H68         2.4432252697        -2.1262249275        -8.1966225344
H69         2.2444136003        -3.3305509414        -6.8763338704
H70         0.1619578644        -1.3827659721        -9.3275670199
H71         0.8186620664        -0.1999586714        -8.2194774800
H72        -0.9403321927        -0.6447457239        -8.1134077560
H73         1.7522716719        -1.2139071439        -5.7701296895
H74        -1.1791464498        -0.3019104718        -5.5524258087
H75         0.1591191769         0.5963515837        -6.2833159080
H76        -0.1994127984         1.3958213063        -4.0236497688
H77         1.4277779863         0.7518723804        -4.3078946960
H78        -1.5464202953        -1.3279336559        -1.8519095410
H79        -1.5952205272         0.4634518870        -2.1192565340
H80        -1.9693809974        -0.6324610032        -3.4345653794
H81         3.1091803100         0.7553120902         1.9841961199
H82         5.4963826790         1.2639273605         2.2012626533
H83         6.6026556693         2.7978469144         0.6019958105
H84         5.2995347888         3.8101433867        -1.2449504841
H85         2.9164547393         3.2963043587        -1.5108934048
H86         1.9233527062         3.4261309343         2.1755236077
H87         1.2154715005         3.7397018726         4.4901859432
H88        -0.6342074096         2.3910337435         5.4320916586
H89        -1.7998045430         0.7339652274         4.0101922447
H90        -1.1137987931         0.3881872674         1.6981216583
H91         1.2957880113         4.4926034727        -0.3607263356
H92        -0.3384785834         6.2662963965        -0.8211714908
H93        -2.7504284130         5.7276231761        -1.0031599449
H94        -3.5226512236         3.3910660029        -0.7085905213
H95        -1.9032327948         1.6022112282        -0.2382723070
&

