&gen
basis=6-31G**
igeopt=1
dftname=PBE-D3
ifreq=1
&
entry_name: J1_2527_2111.in
&zmat
O1          1.8988295563         0.6983718798         2.6506458282
C2          2.6211691345         0.0777610757         1.8235343157
O3          3.2672941280         0.7573139513         0.7847217988
C4          3.1096150295         2.1535703199         0.5419968773
C5          1.7432056822         2.4428278438        -0.0688920187
C6          2.7604788887        -1.4091914306         1.9293547869
C7          1.6163203870        -2.1362277985         1.2107198572
C8          1.7118114388        -1.9996648140        -0.3208962857
C9          0.5920590187        -2.7591556154        -1.0612009281
O10        -0.6954517030        -2.3273337027        -0.6168528276
C11        -1.2584120146        -1.0941335382        -0.9608209799
O12        -2.5065791332        -0.7528385023        -0.4263417025
C13        -3.0758654043         0.5297189130        -0.4409018268
C14        -4.4722417009         0.6398017657        -0.4058186990
C15        -5.0846985976         1.8969955156        -0.4073713298
C16        -4.3041739162         3.0555990752        -0.4317437708
C17        -2.9104636474         2.9579986648        -0.4472171553
C18        -2.2952228304         1.7021474268        -0.4470796648
O19        -0.6764331017        -0.3333312808        -1.7825007378
C20         0.7119091445        -4.2432629332        -0.8586124429
O21         1.6619839394        -4.8550507260        -1.3207634921
H22         3.2400505046         2.7273531932         1.4851966483
H23         3.8955434243         2.4786209189        -0.1717317058
H24         1.6017480915         1.8372036798        -0.9890716955
H25         0.9390854194         2.1991496207         0.6555645128
H26         1.6705503438         3.5193109102        -0.3306634505
H27         2.7519567150        -1.6960143285         3.0033371871
H28         3.7394107893        -1.7253540485         1.5084548559
H29         0.6412217798        -1.7406038220         1.5708195149
H30         1.6677498715        -3.2115388200         1.4863976403
H31         1.6523442375        -0.9262845109        -0.5988409141
H32         2.6999619398        -2.3745094581        -0.6677210687
H33         0.6842409043        -2.5640755172        -2.1530121013
H34        -5.0843600956        -0.2529543957        -0.3847747940
H35        -6.1642258009         1.9726886704        -0.3877869441
H36        -4.7788103683         4.0283178442        -0.4305313465
H37        -2.3059197900         3.8558783788        -0.4505276694
H38        -1.2168120066         1.6529992023        -0.4221823201
H39        -0.0488702576        -4.7821036073        -0.3026250281
&

