&zmat
 C5              1.5152287368             2.2448419934             0.0337938626
 C4              2.9091069201             2.0403839498             0.6134300020
 O3              3.2324425574             0.6251550652             0.7388579845
 C2              2.6835217996            -0.0037964600             1.8220772917
 O1              1.9938695372             0.5576665083             2.6613577010
 C6              2.9858986132            -1.4916129273             1.8034690450
 C7              1.8286753023            -2.2748085957             1.1421919924
 C8              1.7507892002            -2.0458961935            -0.3750146585
 C9              0.4845815845            -2.6116443266            -1.0178196265
 C20             0.3621742538            -4.1291601944            -0.9397987455
 O21             1.3243730929            -4.8764742493            -0.9822763008
 O10            -0.7223114857            -2.0920614431            -0.3978930254
 C11            -1.1237183556            -0.8883481231            -0.8770792611
 O19            -0.5919342637            -0.2554420831            -1.7725272780
 O12            -2.2300284873            -0.5596427263            -0.1615439937
 C13            -2.9015189509             0.6469745902            -0.4187097010
 C14            -4.2932964693             0.5789633326            -0.2964146769
 C15            -5.0498722454             1.7452203825            -0.4600717773
 C16            -4.4163048246             2.9631674309            -0.7431703691
 C17            -3.0203602795             3.0100832820            -0.8565766768
 C18            -2.2461527198             1.8538558059            -0.6925788370
 H24             1.3997894436             1.7135865605            -0.9248465032
 H25             0.7556039982             1.8778117255             0.7404700246
 H26             1.3348039297             3.3188478154            -0.1396938622
 H22             2.9958533965             2.5115870788             1.6061373634
 H23             3.6918783155             2.4361895648            -0.0513853821
 H27             3.0952160476            -1.8113951038             2.8511909862
 H28             3.9329635963            -1.6819570102             1.2725325597
 H29             0.8802789033            -1.9726059373             1.6197740835
 H30             1.9642016787            -3.3507334598             1.3450491586
 H31             1.8030825787            -0.9720192057            -0.6152347836
 H32             2.6077452132            -2.5298827198            -0.8750568852
 H33             0.4654345179            -2.3323896657            -2.0913355476
 H39            -0.6933954370            -4.5044936122            -0.8703726088
 H34            -4.7606558826            -0.3833228751            -0.0731121081
 H35            -6.1386563453             1.6983435380            -0.3666154684
 H36            -5.0084803201             3.8734012052            -0.8733253932
 H37            -2.5190101392             3.9580978227            -1.0731843614
 H38            -1.1615649962             1.8855979951            -0.7883030132
&

