&zmat
 C24             5.1042127547             0.2928122021            -2.6825466039
 C23             4.1963424123            -0.9182621958            -2.3896142557
 C22             3.5180406999            -0.8326139222            -1.0508925165
 C1              2.1715892044            -0.7378939516            -0.8746742319
 C2              1.4582889589            -0.7092313389             0.3819317737
 P3             -0.1583074236            -0.1526251273             0.4998163541
 C4             -0.8730323380            -0.6423830854             2.1117493490
 C5             -0.1893340878            -1.5503027685             2.9404229366
 C6             -0.7698535069            -1.9787930563             4.1403288547
 C7             -2.0475093096            -1.5307159199             4.5062839474
 C8             -2.7451633568            -0.6483904739             3.6692026543
 C9             -2.1621456102            -0.2038246962             2.4766800014
 C10            -0.5299214722             1.6599373727             0.3439604989
 C11            -0.6272052424             2.4973619189             1.4751112757
 C12            -0.6919131064             3.8881123585             1.3266414922
 C13            -0.6441161543             4.4663490902             0.0499912742
 C14            -0.5214229286             3.6440909612            -1.0801775969
 C15            -0.4584979628             2.2541526221            -0.9357611504
 C16            -1.1969464378            -0.9194413802            -0.8101445535
 C17            -2.4101016137            -0.3400786292            -1.2301063240
 C18            -3.2316330094            -1.0146027527            -2.1421564767
 C19            -2.8481747870            -2.2672073058            -2.6417175518
 C20            -1.6445683002            -2.8504534158            -2.2200747666
 C21            -0.8264160417            -2.1867955931            -1.2981552192
 H45             4.5163499005             1.2255264609            -2.6920046324
 H46             5.8802355292             0.4013340597            -1.9053719130
 H47             5.6150775572             0.1941103555            -3.6559006051
 H43             3.4322958528            -1.0059943170            -3.1848612407
 H44             4.8113006700            -1.8395691887            -2.4566609642
 H42             4.1725955217            -0.8261634792            -0.1671708523
 H25             1.5556710391            -0.7271578671            -1.7882622092
 H26             2.0371710323            -0.6137848913             1.3076547735
 H27             0.7857203322            -1.9311825807             2.6234689180
 H28            -0.2266645115            -2.6752490358             4.7860752688
 H29            -2.5043596888            -1.8775369680             5.4381047466
 H30            -3.7470000948            -0.3051875801             3.9444926958
 H31            -2.7063300850             0.4917605678             1.8302736901
 H32            -0.6589101470             2.0583918202             2.4769689334
 H33            -0.7827632539             4.5232813222             2.2134597630
 H34            -0.6950784875             5.5532736132            -0.0636867670
 H35            -0.4767814896             4.0878146088            -2.0796532628
 H36            -0.3604629282             1.6212473224            -1.8241024757
 H37            -2.7047640398             0.6444152336            -0.8546936163
 H38            -4.1718445510            -0.5580656390            -2.4662043403
 H39            -3.4901513005            -2.7909379466            -3.3566453882
 H40            -1.3433470526            -3.8289955749            -2.6058643624
 H41             0.1071246281            -2.6357493027            -0.9454730960
&

