&zmat
 C4              3.6191270606             0.1099510762             1.9973619260
 C3              2.7173251165            -1.0278942186             1.5126605750
 O5              3.3285629816            -2.3105922782             1.7438348705
 C2              2.3711590964            -0.9640354380             0.0004663084
 C1              3.6270914554            -1.0627896555            -0.8850787231
 C6              1.5439224015             0.2436384373            -0.3797761124
 P7             -0.1446294821             0.3055807725            -0.2737909822
 C8             -1.0527274528             0.5740202198             1.3458223433
 C9             -2.3638650603             0.1220516542             1.5944676110
 C10            -2.9706799689             0.3663766567             2.8343658254
 C11            -2.2752916416             1.0658656805             3.8315489008
 C12            -0.9688242475             1.5159852451             3.5911527256
 C13            -0.3599849345             1.2640356220             2.3553050810
 C14            -0.7555690348             1.6848050988            -1.3207686224
 C15            -0.0149599716             2.0126054793            -2.4738388916
 C16            -0.4667897631             3.0188931147            -3.3365481905
 C17            -1.6659213404             3.6929881086            -3.0646491666
 C18            -2.4074401092             3.3669476144            -1.9202695899
 C19            -1.9550885785             2.3698230842            -1.0471024466
 C20            -0.8887910368            -1.2684414982            -0.8560406697
 C21            -1.3341891901            -1.3929371724            -2.1849607837
 C22            -1.8174052553            -2.6212209472            -2.6519120262
 C23            -1.8423106308            -3.7372069300            -1.8023195175
 C24            -1.3917667610            -3.6215427908            -0.4803489568
 C25            -0.9256564788            -2.3892842600            -0.0021875860
 H31             4.6082929444             0.0569594200             1.5147254095
 H32             3.7685888530             0.0591578372             3.0906557065
 H33             3.1679124556             1.0890957469             1.7670503917
 H30             1.7498805990            -0.9638378541             2.0617898206
 H34             3.6400140938            -2.3102457547             2.6671948431
 H29             1.7728471467            -1.8792883469            -0.1808246478
 H26             4.2678095650            -1.8989203800            -0.5630246779
 H27             3.3341649664            -1.2157470980            -1.9355515018
 H28             4.2221422713            -0.1337100950            -0.8424216601
 H35             2.0368717274             1.2192591242            -0.4593045329
 H36            -2.9070616919            -0.4287290116             0.8192841000
 H37            -3.9872714840             0.0072204977             3.0243775944
 H38            -2.7497678833             1.2528883137             4.7998850835
 H39            -0.4231560020             2.0575479850             4.3702988851
 H40             0.6703183129             1.5865992016             2.1595858634
 H41             0.9126221089             1.4646666576            -2.6693024470
 H42             0.1164445303             3.2731292110            -4.2269983650
 H43            -2.0231312639             4.4729591517            -3.7443564763
 H44            -3.3409773005             3.8950579160            -1.7027365732
 H45            -2.5302980843             2.1281598419            -0.1489119719
 H46            -1.3020429762            -0.5256435101            -2.8515274816
 H47            -2.1742559138            -2.7081650435            -3.6826994457
 H48            -2.2148197721            -4.6976976353            -2.1713781562
 H49            -1.4059147076            -4.4909473433             0.1838577529
 H50            -0.5981553050            -2.2948327148             1.0378495663
&

