&gen
basis=6-31G**
igeopt=1
dftname=PBE-D3
ifreq=1
&
entry_name: J1_10497_2111.in
&zmat
C1          3.9795841813         0.5522163282         1.1042150411
C2          3.4990200214        -0.0817022676        -0.1965468871
O3          2.1207237935         0.2039002468        -0.4322855586
C4          1.0736595362        -0.4587988046         0.2225445098
O5          1.3239678100        -1.2803787605         1.1458989864
C6         -0.3584560402        -0.2608445749        -0.2122790484
C7         -0.5115864984        -0.2091114509        -1.7115722197
C8         -1.3392659237        -1.3433951333        -2.3595009544
C9         -2.8520839999        -1.3698702647        -2.0225625920
O10        -3.3607948771        -2.6979742835        -2.1693051218
C11        -3.1433321067        -3.7231880621        -1.2397839429
O12        -2.4881111872        -3.4949693006        -0.1853569579
C13        -3.6905822468        -5.0725555721        -1.4969007738
C14        -3.4820518165        -6.1202833373        -0.5801929402
C15        -4.0033226702        -7.3934225686        -0.8311946554
C16        -4.7359196861        -7.6339768068        -1.9957840606
C17        -4.9489283176        -6.6017286265        -2.9122514850
C18        -4.4300365589        -5.3266311976        -2.6666297630
C19        -3.6950971006        -0.4010647522        -2.8984175518
O20        -4.9069284640        -0.1007204454        -2.2526544340
C21        -3.9683577279        -0.9417769266        -4.3184824451
O22        -4.5523100967         0.0733794534        -5.1340273859
C23        -5.9202034018         0.3752667637        -5.1438881604
O24        -6.7345884021        -0.3492349645        -4.5078149322
C25        -6.4087346264         1.5415695296        -5.9113632630
C26        -7.7807775904         1.8548464528        -5.9479945184
C27        -8.2342970673         2.9618610000        -6.6721684813
C28        -7.3266154045         3.7662048193        -7.3648551396
C29        -5.9630547567         3.4653742932        -7.3347819245
C30        -5.5037703568         2.3595435488        -6.6124182867
O31        -1.1386874392         1.0431162592        -1.7579383219
P32        -0.9940790480         1.4490048092        -0.0873305699
C33        -2.7796505481         1.7429555506         0.0584542196
C34        -3.5973512838         0.8160636026         0.7309250375
C35        -4.9728633743         1.0339408331         0.8443126489
C36        -5.5460388699         2.1830741474         0.2968796045
C37        -4.7415951901         3.1209086207        -0.3535492319
C38        -3.3645043050         2.9071980322        -0.4666714626
C39        -0.8948857251         1.7672196029         1.7268456382
C40        -1.0624130870         3.0835578659         2.2147934392
C41        -1.0251736064         3.3529169022         3.5847325775
C42        -0.8500672273         2.3135030450         4.4968518811
C43        -0.7307847256         1.0013090333         4.0404145622
C44        -0.7673301415         0.7252836430         2.6704559953
C45         0.1677945493         2.8082588487        -0.4915082120
C46        -0.0767656634         3.6579185316        -1.5887625598
C47         0.8184146088         4.6814002468        -1.9129769238
C48         1.9770022333         4.8650386844        -1.1577749626
C49         2.2474230608         4.0189516679        -0.0823592937
C50         1.3563085630         2.9934182139         0.2441485994
H51         5.0341047094         0.2598913770         1.2916400318
H52         3.9296334422         1.6577904491         1.0302980977
H53         3.3588552200         0.2133423105         1.9593090093
H54         4.0951866546         0.3337680834        -1.0359809761
H55         3.6635747274        -1.1809406687        -0.1709572019
H56        -1.0461710164        -0.9957060811         0.2551936990
H57         0.4636378752        -0.1360355914        -2.2421554348
H58        -0.8756121926        -2.3027401383        -2.0446922679
H59        -1.1992866722        -1.2908082275        -3.4583526686
H60        -2.9867696165        -1.0709388136        -0.9690047409
H61        -2.9171913695        -5.9570716824         0.3291159263
H62        -3.8389048294        -8.1942099314        -0.1217733576
H63        -5.1384971568        -8.6201075892        -2.1880212350
H64        -5.5168864372        -6.7893924439        -3.8143487808
H65        -4.6084152300        -4.5422926670        -3.3916026287
H66        -3.1481451122         0.5555291078        -3.0138703702
H67        -5.3936817398        -0.9552424927        -2.1145678239
H68        -3.0150543780        -1.2451246042        -4.7950597145
H69        -4.6224882178        -1.8406782895        -4.2894978169
H70        -8.5027570419         1.2462743998        -5.4179803658
H71        -9.2907278631         3.1963195588        -6.6957740725
H72        -7.6797597275         4.6226958667        -7.9244870910
H73        -5.2605323506         4.0899456140        -7.8713915785
H74        -4.4420555382         2.1474053678        -6.6025810876
H75        -3.1704398546        -0.0747677830         1.1721581859
H76        -5.5941757024         0.3112767814         1.3571137169
H77        -6.6116399405         2.3509590430         0.3839478094
H78        -5.1845076825         4.0185637940        -0.7652337425
H79        -2.7659219679         3.6617216177        -0.9485028382
H80        -1.2261852282         3.9069696424         1.5315763352
H81        -1.1409805202         4.3689836092         3.9391854414
H82        -0.8252046339         2.5225011579         5.5585065096
H83        -0.6239006199         0.1919529264         4.7511925381
H84        -0.7249032507        -0.3084376353         2.3748004483
H85        -0.9438025054         3.5202430259        -2.2183773590
H86         0.6173023286         5.3273381064        -2.7578842351
H87         2.6694295865         5.6572482180        -1.4114246090
H88         3.1501658124         4.1560332350         0.4986872481
H89         1.5924504131         2.3523323930         1.0817207880
&

