&zmat
 C4              4.7086210966            -1.4226503154            -0.4994604467
 O3              3.3897485880            -1.4724165392             0.0885273524
 C2              2.4355712066            -0.8108537518            -0.6254416317
 O1              2.6612623063            -0.2110203703            -1.6658934512
 C5              1.0759842462            -0.9465253339             0.0389663019
 C6              0.0734212935             0.0850535472            -0.4843140536
 C7             -1.3354450001            -0.1134767292             0.0938016761
 C8             -2.2941405469             0.9232368432            -0.4514907564
 O12            -2.2220005947             2.2477778033             0.0908517127
 C9             -3.4484094460             1.5091366626             0.2974594428
 C10            -3.7467318099             1.1049003310             1.7065814233
 O11            -4.8728292001             0.8254790531             2.0900210488
 H13             4.7062112150            -1.8780022475            -1.5024059817
 H14             5.3566838408            -1.9889061089             0.1819651873
 H15             5.0546104672            -0.3809415382            -0.5896331533
 H16             0.7159179737            -1.9753627938            -0.1557882466
 H17             1.2046058372            -0.8791189101             1.1330849284
 H18             0.0485780627             0.0319172940            -1.5868449299
 H19             0.4256136279             1.1018334280            -0.2379226175
 H20            -1.7179192779            -1.1186595282            -0.1667041085
 H21            -1.3027994387            -0.0593889296             1.1950990673
 H22            -2.4168163669             0.9008123240            -1.5476152667
 H23            -4.3232369859             1.8452716617            -0.2774532799
 H24            -2.8556182781             1.0900783087             2.3893286502
&

