&gen
basis=6-31G**
igeopt=1
dftname=PBE-D3
ifreq=1
&
entry_name: J1_10318_2111.in
&zmat
C1         -4.0956514988        -0.6119496952        -0.2271845645
C2         -3.0789172465        -1.3226601898         0.6289915175
C3         -3.6206306931        -2.3069180147         1.4785253857
C4         -2.8072593691        -3.0998997920         2.2792751069
C5         -1.4306880218        -2.9438876569         2.2348155109
C6         -0.8623995379        -1.9850622334         1.4005293315
C7         -1.6507824161        -1.1341855241         0.5907952764
C8         -0.8442080704        -0.1022171830        -0.2317742472
C9         -1.1675000492         0.1602516918        -1.6820496599
C10        -2.0743948370        -0.7795550963        -2.4423531786
C11        -3.0494080098        -0.2757047159        -3.3239999567
C12        -3.8372612763        -1.1493439184        -4.0795242475
C13        -3.6366396644        -2.5288713815        -3.9901786422
C14        -2.6359739002        -3.0365208065        -3.1582726569
C15        -1.8447447013        -2.1666840829        -2.4025300743
O16        -1.6873335675         1.4515654087        -1.4740367908
P17        -1.1523162306         1.6640204868         0.1589112853
C18        -2.8109006895         2.1954147271         0.7075519019
C19        -3.5238834477         3.1547160170        -0.0339200178
C20        -4.7994547121         3.5597324713         0.3691061927
C21        -5.3810890976         3.0097294030         1.5130030571
C22        -4.6902582117         2.0492469708         2.2537135757
C23        -3.4163030282         1.6383904497         1.8529322193
C24        -0.4183683049         1.8200719724         1.8520295498
C25        -0.7616023534         2.9138515075         2.6854294959
C26        -0.1891339765         3.0681220256         3.9500586179
C27         0.7706170225         2.1639875100         4.3978547913
C28         1.1796364695         1.1219751961         3.5688325623
C29         0.6104805175         0.9636437058         2.3019211646
C30         0.0492368713         2.9118539536        -0.3688175899
C31         1.3091702274         2.5154291150        -0.8484057211
C32         2.2419216205         3.4718258460        -1.2597300571
C33         1.9266969994         4.8308415839        -1.1947609867
C34         0.6787493703         5.2352807880        -0.7155025178
C35        -0.2572280964         4.2819850758        -0.3038888972
H36        -4.9644949689        -0.3008095062         0.3910257813
H37        -4.4699931223        -1.3084236105        -1.0059516812
H38        -3.7178528414         0.2921544622        -0.7145297038
H39        -4.6916099077        -2.4703589695         1.5151309148
H40        -3.2467324966        -3.8495139393         2.9247419087
H41        -0.7965458891        -3.5737938348         2.8454849812
H42         0.2173265988        -1.9235766094         1.3866848911
H43         0.2382824373        -0.3365437128        -0.2089217253
H44        -0.2291738649         0.2593755182        -2.2742699099
H45        -3.2097499834         0.7906954444        -3.4190937214
H46        -4.5996284991        -0.7559731116        -4.7393978171
H47        -4.2465704998        -3.2035509858        -4.5768220678
H48        -2.4663428866        -4.1041678954        -3.1064143232
H49        -1.0552634293        -2.5752073601        -1.7844173738
H50        -3.1000324446         3.5839111073        -0.9321954231
H51        -5.3391490721         4.2986829982        -0.2088589676
H52        -6.3693353172         3.3242011646         1.8224719351
H53        -5.1444318991         1.6171776030         3.1359199367
H54        -2.9045298762         0.8843323343         2.4364564139
H55        -1.4713026872         3.6622745375         2.3617029980
H56        -0.4822442429         3.8993237321         4.5783712155
H57         1.2179048233         2.2872231705         5.3756953441
H58         1.9571626345         0.4452868699         3.8995520347
H59         1.0243168521         0.1933358830         1.6818557460
H60         1.5762380713         1.4694281095        -0.9006226426
H61         3.2105616647         3.1588848632        -1.6274719967
H62         2.6504287634         5.5703178403        -1.5122139358
H63         0.4374405810         6.2888736085        -0.6592048740
H64        -1.2080700259         4.6205493573         0.0795681966
&

