&gen
basis=6-31G**
igeopt=1
dftname=PBE-D3
ifreq=1
&
entry_name: J1_295_2111.in
&zmat
C1          4.8874429527        -0.2206870481        -0.5848101441
Si2          3.3186493716         0.4940619738         0.1296589719
C3          2.0571167402        -0.8755347785         0.3170229376
C4          0.8327320616        -0.3514510654         1.0103571889
P5         -0.6504294647        -0.2826375612         0.3154737455
C6         -1.1812738779         1.4428592673         0.2216335246
C7         -2.1242571273         1.8377911109        -0.7416072992
C8         -2.5581746860         3.1651015905        -0.8032482549
C9         -2.0660557680         4.1053435898         0.1048579310
C10        -1.1459038283         3.7169253045         1.0813980493
C11        -0.7106841573         2.3899083290         1.1470765654
C12        -0.6369328632        -1.0095255610        -1.3368210730
C13        -0.9892217937        -2.3552656743        -1.5246325796
C14        -0.9277046093        -2.9273620242        -2.7990195848
C15        -0.5008286090        -2.1650478601        -3.8896105860
C16        -0.1299938760        -0.8304996104        -3.7062243704
C17        -0.1912430099        -0.2555348850        -2.4337757172
C18        -1.8200285426        -1.1856444725         1.3506928245
C19        -3.1913773851        -0.8923666836         1.2888450426
C20        -4.1034517471        -1.6200106189         2.0592862893
C21        -3.6552962304        -2.6544668009         2.8844574136
C22        -2.2946536189        -2.9672770799         2.9349165455
C23        -1.3796566820        -2.2415652983         2.1662402667
C24         3.6940404429         1.2583899721         1.7922517739
C25         2.6691273634         1.8109708497        -1.0231348332
H26         5.6403389297         0.5853032713        -0.7032430589
H27         4.6695654998        -0.6723838515        -1.5743108987
H28         5.2829891831        -0.9996809137         0.0987197859
H29         2.4976124807        -1.6852046818         0.9345168731
H30         1.8433655075        -1.2908239068        -0.6863127317
H31         0.9305504225        -0.0388158737         2.0447042956
H32        -2.5289807501         1.1195962631        -1.4427724373
H33        -3.2800313339         3.4635573954        -1.5524097516
H34        -2.4033946049         5.1326141920         0.0568266773
H35        -0.7726416622         4.4437309795         1.7912537429
H36        -0.0073499751         2.1116677772         1.9191278271
H37        -1.3062854553        -2.9659406939        -0.6901509842
H38        -1.2053654724        -3.9639161744        -2.9400413921
H39        -0.4514696267        -2.6100434072        -4.8749609432
H40         0.2091568161        -0.2425753056        -4.5492383743
H41         0.1084634877         0.7757227646        -2.3053467886
H42        -3.5602702307        -0.1065061824         0.6449100427
H43        -5.1589887346        -1.3852931142         2.0121906095
H44        -4.3628343578        -3.2183246899         3.4784834407
H45        -1.9492569610        -3.7763235594         3.5654671531
H46        -0.3321703668        -2.5104827167         2.2049630387
H47         4.0300368063         0.4682397682         2.4944938912
H48         2.7818341076         1.7469043083         2.1918393497
H49         4.4954933223         2.0164400975         1.6765279083
H50         2.5140261992         1.3740555934        -2.0304571818
H51         3.4058343158         2.6373116902        -1.0905859614
H52         1.7078313976         2.2046960051        -0.6354787603
&

