&gen
basis=6-31G**
igeopt=1
dftname=PBE-D3
ifreq=1
&
entry_name: J1_9560_2111.in
&zmat
C1         -3.2313180321        -2.5856181478         3.8104700780
C2         -3.9149982182        -3.0187008412         2.5006071479
Si3         -3.2440775419        -2.0052734402         1.0190789129
O4         -3.2050959072        -0.3176613644         1.4635006149
C5         -1.9368662875         0.0932921833         1.9364127297
C6         -2.1251661329         1.2341350883         2.9523221507
C7         -2.9825437345         2.3554836496         2.4224069011
C8         -2.4650443235         3.3535126645         1.6905789043
C9         -3.3187376409         4.4768854684         1.1652535924
C10        -2.8728438506         5.8315784903         1.7304229423
C11        -3.1822859833         5.9602808552         3.2318959562
C12        -2.6737796849         7.2826326498         3.8265013914
C13        -3.4856357990         8.4914278750         3.3618713297
C14        -1.0842908435         0.5600159801         0.7808687455
C15         0.2077695624         0.2374899127         0.6917275567
C16         1.0296447225         0.6927330408        -0.4389111453
C17         2.2290089545         0.1557164772        -0.6635712607
C18         3.0766678105         0.6218262257        -1.7692372114
P19         4.4637924620        -0.1491849612        -2.1516875256
C20         4.0532606655        -1.7766462786        -2.8173984985
C21         2.9034677548        -1.9416717106        -3.6059315130
C22         2.6061020614        -3.1870578352        -4.1669237816
C23         3.4617283067        -4.2712717788        -3.9574677990
C24         4.6244613945        -4.1070258887        -3.1999721452
C25         4.9283403082        -2.8610865491        -2.6438471335
C26         5.3507615553         0.7733549586        -3.4265756331
C27         5.3162801889         2.1781100999        -3.4439050583
C28         6.0354635672         2.8894324434        -4.4085873967
C29         6.8070181730         2.2063272421        -5.3517897402
C30         6.8647915847         0.8108215464        -5.3282639930
C31         6.1468887059         0.0958473372        -4.3643666615
C32         5.4887318778        -0.2777194622        -0.6689821073
C33         6.4648167226         0.6936028793        -0.3928498570
C34         7.2290272035         0.6135045888         0.7755620032
C35         7.0163923175        -0.4277435368         1.6825568385
C36         6.0351239958        -1.3880897074         1.4244589813
C37         5.2700191842        -1.3116115861         0.2570913574
C38        -1.5984236953        -2.5639949024         0.3111285917
C39        -1.3182220751        -2.3083339245        -1.0419894529
C40        -0.0789341506        -2.6538776581        -1.5875130922
C41         0.9015065439        -3.2380805572        -0.7833969407
C42         0.6435890263        -3.4722733054         0.5685558234
C43        -0.5979275551        -3.1332638833         1.1159649900
C44        -4.4904535586        -2.1671631062        -0.3512949857
C45        -4.5240258277        -3.3233215334        -1.1455917286
C46        -5.4834515780        -3.4558106877        -2.1535037056
C47        -6.4218620152        -2.4418014497        -2.3647105266
C48        -6.4012997486        -1.2938056608        -1.5678307009
C49        -5.4400255075        -1.1560313567        -0.5618044611
C50        -3.6883913902        -4.5223333626         2.2653680916
C51        -5.4278767137        -2.7561514020         2.6382617082
H52        -3.6232832155        -3.1762799825         4.6667973670
H53        -2.1374105319        -2.7404660703         3.7774514064
H54        -3.4279101706        -1.5133081501         4.0198912004
H55        -1.4163544853        -0.7191093560         2.4962284024
H56        -1.1374274241         1.6257218500         3.2833476610
H57        -2.6241129959         0.8210283675         3.8547341364
H58        -4.0429608834         2.3487789809         2.6605195702
H59        -1.4005391839         3.3684016240         1.4709121779
H60        -3.2135223570         4.4991059802         0.0599279857
H61        -4.3956325654         4.3127223294         1.3908948342
H62        -3.4134520162         6.6255546552         1.1732563786
H63        -1.7831630686         5.9704839509         1.5519832423
H64        -4.2769700563         5.8666156604         3.4032206958
H65        -2.6846640795         5.1299365848         3.7785115639
H66        -1.6027162176         7.4314940838         3.5690441536
H67        -2.7470480254         7.2203552791         4.9335575275
H68        -4.5664485576         8.3356269580         3.5644776004
H69        -3.1500686686         9.3950898922         3.9140725244
H70        -3.3338995448         8.6745757336         2.2781740628
H71        -1.5387467290         1.1839425179         0.0195708788
H72         0.6572185184        -0.3960493435         1.4490658021
H73         0.6477837363         1.4635003327        -1.0984128292
H74         2.5800441848        -0.6431248119        -0.0248889461
H75         2.7492620700         1.4556683634        -2.3767128438
H76         2.2354975415        -1.1093843728        -3.7867876011
H77         1.7118230396        -3.3112236499        -4.7635564403
H78         3.2288247474        -5.2354921705        -4.3897237777
H79         5.2964193957        -4.9427213672        -3.0530878664
H80         5.8497000544        -2.7439165267        -2.0888413428
H81         4.7464510506         2.7263054920        -2.7052760769
H82         6.0013438543         3.9711774323        -4.4189039097
H83         7.3657243530         2.7584635859        -6.0957973375
H84         7.4710525390         0.2826382679        -6.0525908086
H85         6.2180126152        -0.9832099817        -4.3538620854
H86         6.6383136116         1.5146930237        -1.0742420200
H87         7.9840113349         1.3619349179         0.9797514100
H88         7.6073147809        -0.4873238169         2.5877432646
H89         5.8652704020        -2.1905218970         2.1307602077
H90         4.5096020775        -2.0608699244         0.0778159641
H91        -2.0512443995        -1.8277643462        -1.6766626143
H92         0.1228002832        -2.4564474327        -2.6315494390
H93         1.8646022966        -3.4989226153        -1.2036732270
H94         1.4097275810        -3.9091784070         1.1957284811
H95        -0.7580475771        -3.3043019097         2.1662176837
H96        -3.8046304894        -4.1175909799        -0.9929740657
H97        -5.4999438879        -4.3449856753        -2.7700820494
H98        -7.1655796696        -2.5465717820        -3.1436935311
H99        -7.1310271616        -0.5112736218        -1.7287474249
H100        -5.4430002416        -0.2640979547         0.0517438203
H101        -4.1738441336        -4.8524224521         1.3236944776
H102        -4.1217464912        -5.1157103956         3.0992755140
H103        -2.6081386530        -4.7627930058         2.2052555099
H104        -5.8367365490        -3.2781763821         3.5302242341
H105        -5.9818210334        -3.1272889825         1.7499234467
H106        -5.6297858590        -1.6686942780         2.7513297677
&

