&zmat
 C13             -6.4785229374             8.0262603505             2.9551461458
 C12             -5.4760317100             7.1478843298             3.7158169196
 C11             -5.1046484692             5.8423176538             2.9929166936
 C10             -4.3567563726             6.0395905287             1.6662651169
 C9              -3.8988633081             4.7083408821             1.0284708050
 C8              -2.8735470248             3.9732050747             1.8502741812
 C7              -3.0432113695             2.7530489274             2.3922027118
 C6              -2.0045566887             1.9845343314             3.1620542781
 C5              -1.4113318605             0.8118740122             2.3373577901
 C14             -0.6155064267             1.2780122859             1.1629386657
 C15              0.5923442252             0.7517203174             0.8206085266
 C16              1.3793312736             1.1091099162            -0.3244117884
 C17              2.5203116512             0.4293833813            -0.6787251714
 C18              3.3761431381             0.6986668803            -1.7896470370
 P19              4.4896257631            -0.4651087351            -2.3800944116
 C20              3.8459589935            -1.8424028756            -3.4439748730
 C21              2.6617277038            -1.5970170886            -4.1608406168
 C22              2.1154347429            -2.5908919576            -4.9828087596
 C23              2.7418578467            -3.8423008941            -5.0799866225
 C24              3.9183160941            -4.0970104500            -4.3594800844
 C25              4.4718859010            -3.1007843387            -3.5434985712
 C26              5.7372579051             0.3739983334            -3.4148998268
 C27              6.0704213793             1.7092927802            -3.1115935092
 C28              7.0532334904             2.3708521428            -3.8576098518
 C29              7.7192647947             1.7020466121            -4.8947860532
 C30              7.3939282087             0.3714020100            -5.1942152280
 C31              6.4039246342            -0.2932748023            -4.4612624250
 C32              5.3113088221            -1.3565650969            -1.0089849368
 C33              6.6034584474            -0.9891838373            -0.5921818795
 C34              7.1860264671            -1.6211858375             0.5130316974
 C35              6.4789028630            -2.6083241092             1.2148282510
 C36              5.1883757434            -2.9711629254             0.8056597618
 C37              4.6061236843            -2.3572763648            -0.3098433037
 O4              -2.5573160643             0.0131563674             1.9254814481
 Si3             -2.6236674903            -1.5839570516             1.4087891335
 C38             -1.0771945508            -2.2708792326             0.5377858874
 C39             -0.9032443242            -1.9552393718            -0.8304277917
 C40              0.1458115983            -2.4978157310            -1.5804659653
 C41              1.0513417806            -3.3859262272            -0.9825285920
 C42              0.9161273730            -3.6980670404             0.3776548629
 C43             -0.1347150619            -3.1437986181             1.1254055743
 C44             -3.9886371605            -1.5746575613             0.1026299785
 C45             -4.2536911750            -2.7131164320            -0.6910661762
 C46             -5.2854374842            -2.7112412969            -1.6389567509
 C47             -6.0688212637            -1.5619605370            -1.8177462079
 C48             -5.8120843867            -0.4174048035            -1.0500371405
 C49             -4.7822035358            -0.4256161790            -0.0990782368
 C2              -3.1744577202            -2.6259030928             2.9325542177
 C1              -2.1998686714            -2.4112876787             4.1105569829
 C50             -3.2795375176            -4.1247809420             2.5874230115
 C51             -4.5667937870            -2.1006092353             3.3517771353
 H68             -7.4081984191             7.4703006025             2.7410305608
 H69             -6.7519918629             8.9218863046             3.5370685356
 H70             -6.0716151021             8.3722468533             1.9904514860
 H66             -4.5534266713             7.7271502605             3.9129562382
 H67             -5.8945157248             6.8990576218             4.7083199210
 H64             -6.0240199405             5.2526803040             2.8042849411
 H65             -4.4795637209             5.2194621000             3.6585873612
 H62             -4.9940686392             6.5799214722             0.9429974021
 H63             -3.4716028528             6.6837890446             1.8374787281
 H60             -3.4773707959             4.9237997245             0.0271130554
 H61             -4.7772439926             4.0564033655             0.8621180903
 H59             -1.9199073442             4.4980384071             2.0151937344
 H58             -3.9930327474             2.2287701853             2.2226272918
 H56             -1.1726411211             2.6429786857             3.4674811900
 H57             -2.4547785556             1.5614132324             4.0799569040
 H55             -0.7629173965             0.2056654695             3.0029072997
 H71             -1.0776631283             2.0548346832             0.5410712598
 H72              0.9990914734            -0.0539070152             1.4518062867
 H73              1.0198468049             1.9297367338            -0.9586420240
 H74              2.8037741926            -0.4093233490            -0.0266301648
 H75              3.1519371142             1.5232289310            -2.4750575499
 H76              2.1629511797            -0.6279045754            -4.0449436363
 H77              1.1929642822            -2.3943778412            -5.5379314610
 H78              2.3080065477            -4.6239817140            -5.7109384164
 H79              4.4031183512            -5.0758352877            -4.4294117839
 H80              5.3836256719            -3.3050404388            -2.9726683325
 H81              5.5476706982             2.2118200757            -2.2915641358
 H82              7.3024776246             3.4104120318            -3.6247791555
 H83              8.4922842507             2.2186813699            -5.4717624635
 H84              7.9087383192            -0.1502735475            -6.0066139520
 H85              6.1395514498            -1.3253520612            -4.7086483989
 H86              7.1499720546            -0.2098604702            -1.1323420616
 H87              8.1949945022            -1.3398578428             0.8291736517
 H88              6.9350337301            -3.0949197147             2.0823554135
 H89              4.6294603947            -3.7359733656             1.3539369084
 H90              3.6021913821            -2.6505125681            -0.6297353851
 H91             -1.6103586498            -1.2766171847            -1.3180047457
 H92              0.2589568028            -2.2372081407            -2.6366300425
 H93              1.8513919970            -3.8342619877            -1.5823809211
 H94              1.6209512706            -4.3865466761             0.8567969798
 H95             -0.2217219646            -3.4131676517             2.1825554088
 H96             -3.6318114976            -3.6092618391            -0.5813652687
 H97             -5.4743569742            -3.6037161410            -2.2446618881
 H98             -6.8734958239            -1.5568450357            -2.5602462913
 H99             -6.4142607886             0.4855682538            -1.1957465566
 H100            -4.5707696821             0.4723177325             0.4908019917
 H52             -2.5583921752            -2.9521054306             5.0079543255
 H53             -1.1808530606            -2.7768123716             3.8980424601
 H54             -2.1235659955            -1.3434598140             4.3777756754
 H101            -4.0001322226            -4.3005432871             1.7701410005
 H102            -3.6344417502            -4.6976960467             3.4658360446
 H103            -2.3118105855            -4.5535057937             2.2782642678
 H104            -4.9181723286            -2.6305509572             4.2582779247
 H105            -5.3174988684            -2.2551441743             2.5586929315
 H106            -4.5356965618            -1.0217751021             3.5801459449
&

