&gen
basis=6-31G**
igeopt=1
dftname=PBE-D3
ifreq=1
&
entry_name: J1_9946_2111.in
&zmat
C1          3.6307473489        -0.9192954922        -1.8388890405
C2          3.2362659591        -0.6509533189        -0.3914160796
O3          1.8199276518        -0.7044670148        -0.2394357741
C4          0.9612876257         0.3192903619        -0.6544664897
O5          1.4246620871         1.3748376948        -1.1687199253
C6         -0.5196552109         0.1311382805        -0.4836306546
C7         -1.2722822219         0.4208707395        -1.7504788293
C8         -2.0245082921        -0.7490765638        -2.3489241579
C9         -1.4120714906        -2.0116438676        -2.4606676102
C10        -2.0856171789        -3.0735547692        -3.0715013141
C11        -3.3613889328        -2.8795434205        -3.6056989947
C12        -3.9592311089        -1.6188767089        -3.5445474859
C13        -3.2887405168        -0.5537055696        -2.9362872318
O14        -2.1293041736         1.3717192890        -1.1784561884
P15        -1.4222358059         1.4613033188         0.3998009741
C16        -0.9051575627         3.2732544937         0.1243483518
C17        -1.4257834454         3.9103408188        -1.2000317772
C18        -1.2094129726         5.4400556988        -1.2901127474
C19        -0.1029896979         5.9333838975        -0.3521450357
C20        -0.3956908414         5.5678844789         1.1168325402
C21        -1.2218750201         4.2731307645         1.2726064404
C22        -0.5427568835         1.2789555044         2.0982080231
C23        -0.5448259725        -0.1814057526         2.6297082542
C24        -0.0190406428        -0.2621873234         4.0688472459
C25         1.3976259897         0.3045465887         4.1665418927
C26         1.4378680317         1.7426519591         3.6483000502
C27         0.9160333605         1.8270210008         2.2068897152
C28        -3.1177380975         1.1132603954         1.1448901268
C29        -3.6374861639        -0.2936784981         0.7591169593
C30        -4.9650642011        -0.5985655425         1.4615275054
C31        -6.0229041462         0.4463564351         1.0889476027
C32        -5.5326254958         1.8639620341         1.4057223373
C33        -4.1830493592         2.1547678399         0.7306878487
H34         3.2282223018        -0.1268518301        -2.5036474850
H35         4.7373791152        -0.9313826220        -1.9280918470
H36         3.2320638816        -1.9037046429        -2.1634697206
H37         3.6901505070        -1.4326274289         0.2532961956
H38         3.6246867366         0.3369299442        -0.0607747531
H39        -0.7685982130        -0.8659977585        -0.0667811977
H40        -0.6597623599         0.9090240031        -2.5404830905
H41        -0.4121737428        -2.1757110210        -2.0789724854
H42        -1.6137746953        -4.0452790669        -3.1392146691
H43        -3.8804617998        -3.7023111089        -4.0800740996
H44        -4.9397985837        -1.4644746408        -3.9759317137
H45        -3.7615457882         0.4202756157        -2.9156579816
H46         0.1926089806         3.2428299253        -0.0082429678
H47        -0.9099445993         3.4300021926        -2.0603366656
H48        -2.5175679670         3.7326615311        -1.3060470698
H49        -0.9592671908         5.7206911437        -2.3361813409
H50        -2.1548689562         5.9633498201        -1.0247812120
H51         0.0012509253         7.0358577822        -0.4469116695
H52         0.8635100592         5.4802798688        -0.6647671580
H53        -0.9454254456         6.4039006651         1.6022864453
H54         0.5718808457         5.4555520775         1.6531312563
H55        -2.2889074823         4.5615399368         1.2416943294
H56        -1.0350633152         3.8836758796         2.2845847107
H57        -1.1327953647         1.8510168066         2.8409480296
H58        -1.5657408529        -0.5978398977         2.6460550526
H59         0.0919313043        -0.8329382911         1.9971932291
H60        -0.6965603602         0.2990783910         4.7496476801
H61        -0.0097626057        -1.3239932600         4.3973228356
H62         1.7291729287         0.2859361137         5.2269836452
H63         2.0970501913        -0.3273774445         3.5756377465
H64         0.8264700880         2.3970584925         4.3083309773
H65         2.4861585481         2.1111058360         3.6820279256
H66         1.6129176520         1.2572575841         1.5696544644
H67         0.9998749045         2.8892253491         1.9279143154
H68        -3.0742188253         1.1523194258         2.2520361606
H69        -3.8145031450        -0.3503184780        -0.3302057613
H70        -2.9082749629        -1.0867596438         1.0105068874
H71        -4.8155952527        -0.6103349216         2.5635908715
H72        -5.3214434434        -1.6050454876         1.1530528485
H73        -6.9557133502         0.2441206151         1.6578675055
H74        -6.2589880146         0.3681247374         0.0046722294
H75        -5.4331353127         1.9851014523         2.5070115969
H76        -6.2865733013         2.5989519779         1.0500899162
H77        -3.8742663192         3.1640246267         1.0408323567
H78        -4.3283046281         2.1615096147        -0.3708053084
&

