&gen
basis=6-31G**
igeopt=1
dftname=PBE-D3
ifreq=1
&
entry_name: J1_10389_2111.in
&zmat
C1         -6.9524813273         2.6233898216         0.0746439918
C2         -5.4748756132         2.3690981829         0.1103322677
C3         -4.5711307051         3.4322140745        -0.0194719400
C4         -3.1940702149         3.1924776257        -0.0276746270
C5         -2.6954492347         1.8860573999         0.1056023647
P6         -0.9096094662         1.5529177487         0.0152641670
C7         -0.5836236618         1.6319444489         1.8354428210
C8         -1.5734359315         1.3279951310         2.7964293297
C9         -1.2781810276         1.3373955349         4.1625632415
C10         0.0137617472         1.6362129387         4.6085039526
C11         0.3375807148         1.5983187811         6.0724185533
C12         1.0198538280         1.8841386724         3.6697499009
C13         0.7273151816         1.8777593855         2.3049165058
C14         0.1139840628         3.0363329647        -0.3568392179
C15         0.0107004886         4.1992882677         0.4364172302
C16         0.7822579140         5.3301767312         0.1598053238
C17         1.6717447411         5.3317452979        -0.9208272076
C18         2.4708712299         6.5597893487        -1.2415010308
C19         1.7458134912         4.2046279446        -1.7478279451
C20         0.9744999397         3.0724431004        -1.4719701360
O21        -1.1069388348         1.2021519839        -1.6592259235
C22        -0.6257012489        -0.1240778107        -1.6392519183
C23        -1.6720872547        -1.1201525913        -2.0940563343
C24        -2.8576529753        -0.7083710872        -2.7336956750
C25        -3.7990352358        -1.6537966171        -3.1514465098
C26        -3.5609352147        -3.0157730734        -2.9529555533
C27        -2.3777778656        -3.4359407039        -2.3409407206
C28        -1.4342806829        -2.4946256111        -1.9192629631
C29        -0.3607917469        -0.1739233671        -0.1516011355
C30         1.0658162856        -0.4759024962         0.2909035083
C31         2.2087089215        -0.0172254791        -0.3960143668
C32         3.4896918073        -0.2867314498         0.0948742099
C33         3.6513470506        -1.0149650791         1.2739768574
C34         2.5315364301        -1.4797604730         1.9636427627
C35         1.2490886254        -1.2147794966         1.4765318854
C36        -3.6094399917         0.8192561254         0.1836137874
C37        -4.9855094746         1.0588625530         0.1900777402
H38        -7.4960082801         1.8565299529         0.6667237779
H39        -7.3076727534         2.5885311793        -0.9763916812
H40        -7.1888953678         3.6200570732         0.5045492070
H41        -4.9326809582         4.4475377789        -0.1269883728
H42        -2.5328407657         4.0315037552        -0.1682414222
H43        -2.5776068646         1.0600895318         2.5199275324
H44        -2.0593325146         1.0990528244         4.8741893403
H45         1.1624833621         2.3036961225         6.3091745781
H46        -0.5474694681         1.8899775122         6.6771268695
H47         0.6471889034         0.5705967233         6.3553336824
H48         2.0362948663         2.0728604956         3.9927653528
H49         1.5409676492         2.0480636263         1.6128541524
H50        -0.6652332765         4.2351686426         1.2807325345
H51         0.6838185153         6.2058548013         0.7895550829
H52         3.4277020387         6.2864319566        -1.7352894725
H53         1.8860162728         7.2136991971        -1.9215067687
H54         2.7117679766         7.1231942788        -0.3148815654
H55         2.3953341856         4.2043655153        -2.6146443358
H56         1.0380844143         2.2444396611        -2.1592317951
H57         0.2768461435        -0.2130915403        -2.2766848064
H58        -3.0632264038         0.3401698769        -2.9057768909
H59        -4.7129937395        -1.3299035958        -3.6323432947
H60        -4.2907261320        -3.7457728471        -3.2784047907
H61        -2.1905620955        -4.4918365971        -2.1944417569
H62        -0.5193285944        -2.8353113230        -1.4500024178
H63        -1.0809157305        -0.8379428691         0.3743218189
H64         2.1315504471         0.5418310682        -1.3100001590
H65         4.3594135682         0.0716230375        -0.4406405554
H66         4.6443573390        -1.2192868783         1.6528523790
H67         2.6561455729        -2.0417003175         2.8802066347
H68         0.3950826336        -1.5722060366         2.0386886533
H69        -3.2639733699        -0.2018000187         0.2490018400
H70        -5.6690286015         0.2211571429         0.2540354741
&

