&gen
basis=6-31G**
igeopt=1
dftname=PBE-D3
ifreq=1
&
entry_name: J1_4567_2111.in
&zmat
C1          5.6557454842        -1.4620887304        -0.8015232115
C2          4.4806909451        -1.6805488454        -0.6440729829
C3          3.0507780585        -1.9456603580        -0.4514561563
C4          2.2106843780        -0.9471612536        -1.2467735809
C5          0.7464618773        -1.2247541160        -1.0398778905
P6         -0.2635672219        -0.2103112603        -0.2391979067
C7          0.6487194645         1.1506293530         0.5194433213
C8          0.5831223744         2.4473194029        -0.0145545060
C9          1.3209007505         3.4840852176         0.5652550719
C10         2.1339695216         3.2315598222         1.6734885733
C11         2.2130167611         1.9405467978         2.2020740820
C12         1.4764905978         0.9019673170         1.6254940784
C13        -1.1359236741        -1.1304225219         1.0486987917
C14        -1.5180735933        -0.4894439250         2.2392139555
C15        -2.2306147811        -1.1862984758         3.2194676404
C16        -2.5841559543        -2.5214885010         3.0118790897
C17        -2.2344177999        -3.1582260014         1.8188252153
C18        -1.5217770497        -2.4644269354         0.8359840923
C19        -1.4831951255         0.4344540848        -1.3993891080
C20        -1.1496075806         0.6151264983        -2.7515513845
C21        -2.0824788519         1.1579671734        -3.6403347101
C22        -3.3472397119         1.5370458376        -3.1830852363
C23        -3.6780896153         1.3803445714        -1.8345910141
C24        -2.7475943719         0.8381858228        -0.9428694518
H25         6.6871994024        -1.2700275878        -0.9398049737
H26         2.8159268329        -1.8620073168         0.6311158600
H27         2.8306781132        -2.9817736174        -0.7871897478
H28         2.4326527181        -1.0510841537        -2.3309947933
H29         2.4829158658         0.0882682417        -0.9559343554
H30         0.3318471677        -2.1106432179        -1.5082120620
H31        -0.0319042587         2.6619878573        -0.8776647218
H32         1.2651369669         4.4831913826         0.1527932642
H33         2.7054227706         4.0350432701         2.1198480712
H34         2.8471286867         1.7438991159         3.0568058720
H35         1.5513382024        -0.0954169257         2.0397279555
H36        -1.2759503635         0.5511644972         2.4091340899
H37        -2.5154992213        -0.6883179135         4.1372376604
H38        -3.1381526106        -3.0591653349         3.7704346672
H39        -2.5219622541        -4.1882867611         1.6521013094
H40        -1.2819436004        -2.9712062178        -0.0880147454
H41        -0.1686841339         0.3430465700        -3.1190941436
H42        -1.8226862706         1.2901478235        -4.6826739821
H43        -4.0677441349         1.9590273910        -3.8717162129
H44        -4.6540146582         1.6843929517        -1.4788254940
H45        -3.0155501019         0.7393589707         0.1003797102
&

