&gen
basis=6-31G**
igeopt=1
dftname=PBE-D3
ifreq=1
&
entry_name: J1_10095_2111.in
&zmat
C1          1.5819042917        -0.9145815244        -6.2266816846
C2          0.8969809957        -2.0701784363        -5.8408373388
C3         -0.2435949550        -1.9738479055        -5.0376220586
C4         -0.7103495507        -0.7165490126        -4.6197360955
C5         -1.9167386148        -0.6150615273        -3.7214465680
C6         -1.5773817192        -0.9380633840        -2.2584445023
C7         -0.5731439541         0.0595681168        -1.6537698468
O8         -1.1029506751         1.3648462210        -1.6207090567
P9         -0.9412414673         1.6421455545         0.0719706996
C10        -2.7271381820         1.9811000200         0.1374322848
C11        -3.2163938014         3.2865038589        -0.0472025938
C12        -4.5924320237         3.5332135245        -0.0651700517
C13        -5.4959418877         2.4787246474         0.0760986092
C14        -5.0245557744         1.1736967974         0.2253388672
C15        -3.6498409982         0.9229307296         0.2430070172
C16        -0.6400039007         1.6577952745         1.9001558660
C17         0.6697412541         1.8735744182         2.3918793741
C18         0.9454133569         1.8399788422         3.7601911523
C19        -0.0731916162         1.5747421588         4.6718019458
C20        -1.3666960319         1.3321174195         4.2144810302
C21        -1.6493123562         1.3616446174         2.8454908179
C22         0.0856944756         3.1396855169        -0.2220746507
C23         0.9838283352         3.2141883126        -1.3069234835
C24         1.7523323674         4.3615586075        -1.5228485898
C25         1.6252076073         5.4614455480        -0.6748986906
C26         0.7180483367         5.4217525824         0.3832509763
C27        -0.0527120724         4.2774712455         0.6032763997
C28        -0.3867235255        -0.0787216101        -0.1626973168
C29         1.0137031448        -0.4182246867         0.3352817927
C30         1.1295777503        -1.2384308965         1.4750571719
C31         2.3825874418        -1.5457617016         2.0115525154
C32         3.5400028825        -1.0410038376         1.4190089714
C33         3.4456103451        -0.2288399264         0.2885529390
C34         2.1944972265         0.0834420711        -0.2514595680
C35        -0.0128307413         0.4406323619        -5.0073691728
C36         1.1281210491         0.3395307467        -5.8090362895
H37         2.4659237817        -0.9911499342        -6.8464065687
H38         1.2520329733        -3.0411285125        -6.1611870325
H39        -0.7607246823        -2.8769985336        -4.7379575044
H40        -2.6920738395        -1.3295965771        -4.0739665266
H41        -2.3679726012         0.3993788119        -3.7860684907
H42        -2.5234680464        -0.9272365191        -1.6791215279
H43        -1.1555270648        -1.9644736054        -2.1911314525
H44         0.3767066190         0.0433433545        -2.2231441407
H45        -2.5475015548         4.1171786481        -0.2048001452
H46        -4.9585466734         4.5425676789        -0.2020126553
H47        -6.5607965278         2.6716444847         0.0597907492
H48        -5.7247457568         0.3546258389         0.3268360884
H49        -3.3125047332        -0.0941714329         0.3730867532
H50         1.4927928941         2.0586940265         1.7153426302
H51         1.9543001060         2.0119621959         4.1124108397
H52         0.1417470670         1.5461360816         5.7321692848
H53        -2.1542940107         1.1102264824         4.9232156555
H54        -2.6601149096         1.1384638122         2.5588873898
H55         1.0810219635         2.4059341608        -2.0136078900
H56         2.4403199395         4.4012048955        -2.3575647060
H57         2.2199520247         6.3493804731        -0.8459617385
H58         0.6079621515         6.2805441248         1.0327281845
H59        -0.7561523317         4.2819771801         1.4257310491
H60        -1.1352372483        -0.7714858072         0.2779552643
H61         0.2451256720        -1.6291650601         1.9630319892
H62         2.4550193094        -2.1719664121         2.8913374145
H63         4.5100180062        -1.2781161749         1.8363922268
H64         4.3444227398         0.1630716060        -0.1698786238
H65         2.1706694423         0.7137244931        -1.1208861704
H66        -0.3462742869         1.4180507793        -4.6809393396
H67         1.6626867681         1.2333985830        -6.1034386447
&

