&gen
basis=6-31G**
igeopt=1
dftname=PBE-D3
ifreq=1
&
entry_name: J1_9903_2111.in
&zmat
C1          2.6520223626        -1.3807630811         1.9691804756
O2          1.3494812486        -1.1526960053         1.4461792346
C3          1.1222538954        -0.3915908363         0.2962226697
O4          2.0932101656         0.0991496114        -0.3426670906
C5         -0.2998310124        -0.1461138804        -0.1354516063
C6         -0.4967064377        -0.0697831807        -1.6327095135
C7         -1.5209659575        -1.0815201774        -2.1991883230
C8         -1.0203552170        -2.5362939032        -1.9852922748
C9         -1.6168453637        -3.4993771817        -3.0160441089
C10        -1.2009481519        -3.1205845884        -4.4512228671
C11        -0.9661314505        -1.6086730635        -4.6415654529
C12        -1.8349169648        -0.7777116342        -3.6908885519
O13        -1.0088353128         1.2428637675        -1.6487657792
P14        -0.8848749788         1.5671017625         0.0376026538
C15        -2.6765763927         1.8666629694         0.0391888664
C16        -3.5734717060         0.8026189273         0.2509842455
C17        -4.9533046483         1.0129073908         0.1815862439
C18        -5.4533902223         2.2792382800        -0.1264851105
C19        -4.5733298891         3.3339133228        -0.3764341731
C20        -3.1922330763         3.1275453005        -0.3075608227
C21        -0.6194162346         1.6767249314         1.8695865501
C22        -1.6657695145         1.5608294410         2.8158429681
C23        -1.4051320931         1.6218970854         4.1882860661
C24        -0.1021881756         1.7908421515         4.6511795433
C25         0.9467956991         1.8993017582         3.7422698317
C26         0.6940828802         1.8414290222         2.3703087877
C27         0.1598847327         3.0356965408        -0.2725514965
C28        -0.0809139779         4.2443741943         0.4118889076
C29         0.7203867848         5.3657086830         0.1815207453
C30         1.7690300922         5.2997369198        -0.7368203770
C31         2.0161590255         4.1124639238        -1.4276892674
C32         1.2176774159         2.9878428232        -1.2001161917
H33         3.1282116957        -0.4134048879         2.2360026906
H34         3.2751884478        -1.9127577549         1.2195338976
H35         2.5736330039        -2.0061182491         2.8819000201
H36        -0.9949006584        -0.8493455356         0.3689474403
H37         0.4518432641        -0.1082880290        -2.2123718583
H38        -2.4751778585        -0.9663846867        -1.6420009027
H39         0.0889991170        -2.5840998890        -2.0629713638
H40        -1.2975638343        -2.8801390251        -0.9653350898
H41        -1.2835632915        -4.5363378385        -2.7946593088
H42        -2.7258201475        -3.4774380967        -2.9311439442
H43        -1.9936445117        -3.4621433727        -5.1520296289
H44        -0.2672686513        -3.6613673004        -4.7195650035
H45        -1.1914809444        -1.3283781118        -5.6932257423
H46         0.1041173951        -1.3714572049        -4.4537796962
H47        -2.9028708020        -1.0143809212        -3.8948627125
H48        -1.7020240284         0.3014566810        -3.9210511001
H49        -3.2099934473        -0.1839344107         0.5000531401
H50        -5.6349958973         0.1925580525         0.3652341354
H51        -6.5221239025         2.4405094832        -0.1829720221
H52        -4.9613104566         4.3098829001        -0.6381224334
H53        -2.5376051362         3.9486049183        -0.5549796293
H54        -2.6926659920         1.4247273709         2.5330456698
H55        -2.2193701891         1.5346799888         4.8963533502
H56         0.0945010065         1.8354798613         5.7145500426
H57         1.9603908543         2.0265573394         4.1000256953
H58         1.5369953821         1.9269649364         1.6983332066
H59        -0.8817521063         4.3174436849         1.1363721934
H60         0.5287288511         6.2862178305         0.7175680929
H61         2.3888734719         6.1689911054        -0.9145732463
H62         2.8264013403         4.0635660351        -2.1436800764
H63         1.4259256491         2.0897296488        -1.7610543422
&

