&gen
basis=6-31G**
igeopt=1
dftname=PBE-D3
ifreq=1
&
entry_name: J1_9834_2111.in
&zmat
C1         -3.4379259420        -2.8540312712        -3.2948169288
C2         -2.8822513526        -3.1777831178        -2.0564127470
C3         -1.9759371025        -2.3082776354        -1.4417388100
C4         -1.6289212292        -1.0852595969        -2.0552534031
C5         -0.6320240491        -0.1000309834        -1.4641777675
O6         -1.1584200864         1.2014220046        -1.4975074145
P7         -0.9503496430         1.6370672406         0.1644237218
C8         -2.8130708705         1.9055246092         0.2629443644
C9         -3.6611739767         0.7154033143        -0.2365410035
C10        -5.1476160073         0.8867481287         0.1447809037
C11        -5.5789449750         2.3617657693         0.2827745401
C12        -4.8028036276         3.2773772134        -0.6727381874
C13        -3.2679997153         3.1808857403        -0.4912161244
C14        -0.6504241956         1.8889823870         2.0627368694
C15        -0.7545963624         0.6125939866         2.9489860544
C16        -2.1984309914         0.2404953664         3.3011890645
C17        -2.9951517346         1.4069729027         3.9196219535
C18        -2.1826004447         2.7011236260         4.0573179305
C19        -1.3871771842         3.0778891559         2.7875398740
C20         0.0635213297         3.1019500214        -0.5386453754
C21         0.4981890282         4.2968414342         0.3573438674
C22         1.9505291762         4.2351354426         0.8618026496
C23         2.9765375658         3.9041094732        -0.2439871993
C24         2.3418162454         3.6829107732        -1.6216362009
C25         1.1882175586         2.6784771137        -1.5361249720
C26        -0.3784059956        -0.1190628591         0.0205263629
C27         1.0596910448        -0.5474832265         0.3411793329
C28         2.0665515133         0.3205368500         0.8041317951
C29         3.3466768589        -0.1535721950         1.1034991049
C30         3.6462337492        -1.5061097766         0.9504835361
C31         2.6660054652        -2.3844054170         0.4919523905
C32         1.3861217262        -1.9105915887         0.1906396299
C33        -2.1772215766        -0.7894510312        -3.3179589236
C34        -3.0820846975        -1.6626009273        -3.9272325612
H35        -4.1384981572        -3.5300755319        -3.7676632732
H36        -3.1517639351        -4.1074132743        -1.5718219927
H37        -1.5692965447        -2.6056182519        -0.4893250719
H38         0.3067947627        -0.1317357163        -2.0601567461
H39        -3.1128897551         2.0183102967         1.3055705997
H40        -3.2983368004        -0.2437584684         0.1795908111
H41        -3.6023910387         0.6552054599        -1.3431387763
H42        -5.7752871736         0.3888178855        -0.6263430638
H43        -5.3409455047         0.3711809175         1.1108658171
H44        -5.4093385532         2.7044324894         1.3272508970
H45        -6.6679706782         2.4496058468         0.0791205177
H46        -5.0682887942         2.9972115542        -1.7163603333
H47        -5.1298983508         4.3286983674        -0.5206200958
H48        -2.8243281625         3.1952855712        -1.5083167536
H49        -2.9027605627         4.0819892417         0.0441263866
H50         0.4086669371         2.1540418487         2.1522419463
H51        -0.2276154307        -0.2660518038         2.5481519883
H52        -0.2163197790         0.8088846459         3.9034418032
H53        -2.1753263157        -0.6069952737         4.0206095579
H54        -2.7176588641        -0.1323534973         2.3980728782
H55        -3.9123651317         1.6016268296         3.3249612879
H56        -3.3475875302         1.1100041325         4.9315440485
H57        -1.4742132457         2.5839230142         4.9073122365
H58        -2.8671611493         3.5356610921         4.3230457505
H59        -2.0349863868         3.6653139852         2.1139592920
H60        -0.6218151373         3.8006488049         3.1485255158
H61        -0.6695757166         3.6017159513        -1.2040108414
H62        -0.2038452408         4.5253691861         1.1580178036
H63         0.4395984732         5.2193427651        -0.2651527152
H64         2.0511026552         3.5134013473         1.6935937342
H65         2.2036140349         5.2259133352         1.2989211501
H66         3.5427456351         2.9908528702         0.0416000686
H67         3.7166029053         4.7298710135        -0.3238585586
H68         3.1141993689         3.2981518182        -2.3223936455
H69         1.9718165972         4.6489539349        -2.0292900897
H70         1.6122028441         1.6946270260        -1.2897154732
H71         0.7592174206         2.5696316662        -2.5570619452
H72        -1.0965463099        -0.7613579894         0.5613908067
H73         1.8964524304         1.3681100333         0.9047602402
H74         4.1094689183         0.5324578143         1.4489279443
H75         4.6380597897        -1.8721827024         1.1821729493
H76         2.8966878962        -3.4348001990         0.3692980965
H77         0.6516169046        -2.6173495523        -0.1629446205
H78        -1.9083954635         0.1266361767        -3.8297187400
H79        -3.5049372451        -1.4160024409        -4.8925546613
&

