&gen
basis=6-31G**
igeopt=1
dftname=PBE-D3
ifreq=1
&
entry_name: J1_10158_2111.in
&zmat
C1          1.7336941983        -1.8504066624         1.9064384353
C2          0.4209615242        -2.5574522166         1.5663124821
C3         -0.8164824579        -1.6712847585         1.8287063149
C4         -1.5457604514        -1.1705313123         0.5585882041
C5         -0.7755316175        -0.1151120784        -0.2779919912
C6         -1.1703472172         0.1445624137        -1.7428480335
C7         -2.0272201664        -0.7281454998        -2.7508203500
C8         -3.4029515838        -1.2142758667        -2.2289246578
C9         -2.3568176488         0.1982464519        -3.9588692056
C10        -1.1919820013        -1.9015334757        -3.3765488390
C11        -0.5541120845        -2.9322367092        -2.4353722237
C12        -1.4972766884        -4.0721299515        -2.0484797479
O13        -1.7381090859         1.4124774441        -1.5180984351
P14        -1.1923984285         1.6403500660         0.0960427550
C15        -2.8507593408         2.2565573610         0.5776020067
C16        -4.0093074210         1.5229139579         0.2750809057
C17        -5.2737693388         1.9958419746         0.6368773196
C18        -5.3998171369         3.2067445607         1.3181124120
C19        -4.2599019330         3.9401359548         1.6476761688
C20        -2.9950171351         3.4691367656         1.2853861866
C21        -0.5346696863         1.6708584319         1.8308798680
C22         0.8533002933         1.7586018854         2.0842638996
C23         1.3543174701         1.7642819714         3.3887829006
C24         0.4894392345         1.6530218593         4.4739774412
C25        -0.8776152819         1.5070580398         4.2564202913
C26        -1.3850242480         1.4948540217         2.9546676594
C27        -0.0492229299         2.9124435318        -0.5500296787
C28         1.2061987425         2.5364160310        -1.0696928118
C29         2.0619165307         3.4866569021        -1.6329445539
C30         1.6601790398         4.8184955874        -1.7302786756
C31         0.3920426938         5.1948650891        -1.2877978056
C32        -0.4658350113         4.2462392713        -0.7227977178
H33         1.7430940989        -1.5492570386         2.9757661192
H34         1.8793024155        -0.9510067387         1.2764705462
H35         2.5835475860        -2.5424411130         1.7287113622
H36         0.3539564055        -3.4637331818         2.2072884410
H37         0.4572564508        -2.9163889557         0.5212254855
H38        -1.5516726888        -2.2835571855         2.3962232285
H39        -0.5511404680        -0.8472155988         2.5053338454
H40        -2.5345934973        -0.7794559803         0.8632964563
H41        -1.7146716533        -2.0737674256        -0.0414303354
H42         0.3157790381        -0.2868961568        -0.2096484840
H43        -0.2116357610         0.3261504243        -2.2818671017
H44        -3.3876019688        -1.6721594223        -1.2345070748
H45        -4.1338517870        -0.3809046752        -2.1913788667
H46        -3.8321295233        -1.9655503755        -2.9261531900
H47        -2.9964041293         1.0558492817        -3.6567276936
H48        -2.9036731078        -0.3576284616        -4.7522714337
H49        -1.4303006523         0.6157360071        -4.4106069192
H50        -1.8028091350        -2.4411170245        -4.1348846473
H51        -0.3483259452        -1.4528375793        -3.9488026498
H52        -0.1190368656        -2.4374485033        -1.5554287984
H53         0.3044529047        -3.3966427830        -2.9685801415
H54        -1.8163947960        -4.6279709559        -2.9555731207
H55        -0.9646894469        -4.7759505111        -1.3748320201
H56        -2.3973069739        -3.7063116729        -1.5225225276
H57        -3.9415760203         0.5810842052        -0.2307416731
H58        -6.1565360824         1.4191765294         0.3925058649
H59        -6.3791673498         3.5704357347         1.6009456255
H60        -4.3545944988         4.8693721082         2.1944692565
H61        -2.1262198602         4.0329103772         1.5977839684
H62         1.5749763603         1.7915215899         1.2908624514
H63         2.4209700302         1.8401395039         3.5568096027
H64         0.8816473126         1.6520657802         5.4827104513
H65        -1.5460894305         1.3781046266         5.0979394143
H66        -2.4402144694         1.2939276671         2.8448793024
H67         1.5360380876         1.5081130679        -1.0319258187
H68         3.0334516044         3.1868920007        -2.0040953056
H69         2.3205921700         5.5532233318        -2.1723743468
H70         0.0630723358         6.2195635277        -1.4038081756
H71        -1.4637529227         4.5615388502        -0.4746533743
&

