&gen
basis=6-31G**
igeopt=1
dftname=PBE-D3
ifreq=1
&
entry_name: J1_9985_2111.in
&zmat
C1          1.8865260751         4.2342504217         1.9763551290
C2          3.0224034408         3.5244227399         1.2780241858
C3          4.3119514066         4.0312951407         1.5241286748
C4          5.4366046355         3.4441895285         0.9529835717
C5          5.2983893608         2.3314602209         0.1343784484
C6          4.0359421781         1.7971282044        -0.1132163261
C7          2.8693690891         2.3581036408         0.4532670582
P8          1.2398360731         1.5937813170         0.0339194085
C9          0.7238957734         1.4832675492         1.8468069981
C10        -0.5822273142         1.8930019902         2.2268636604
C11        -1.0565623437         1.7789628786         3.5304678276
C12        -0.2455603571         1.2747887325         4.5279053767
C13         1.0551309257         0.9024972400         4.2320968928
C14         1.5697332157         0.9903503599         2.9224198923
C15         3.0487237322         0.6627184101         2.8398198789
C16        -0.0179866182         2.7817694116        -0.6402003467
C17        -1.3435258648         2.3179342303        -0.8253702703
C18        -2.3445976570         3.1408045860        -1.3370785825
C19        -2.0445807043         4.4332889309        -1.7405805965
C20        -0.7301933707         4.8834135832        -1.6950725281
C21         0.3063112886         4.0550225084        -1.2227390036
C22         1.7068951420         4.5765801081        -1.4324876265
O23         1.7271616912         1.4211278731        -1.6123318363
C24         1.2896106240         0.1062069762        -1.8356139797
C25         2.4222551706        -0.7250282769        -2.4774916517
C26         1.9359822371        -2.0671754365        -3.0456229324
C27         1.1208492430        -1.8864469580        -4.3016119508
C28        -0.2822812991        -1.9493511971        -4.2588364441
C29        -1.0324713957        -1.7568566692        -5.4228358632
C30        -0.3891891276        -1.4987121779        -6.6362142956
C31         1.0056854794        -1.4311616125        -6.6871887561
C32         1.7595471202        -1.6223027135        -5.5251205032
C33         0.8311922538        -0.1562196141        -0.4124000563
C34         1.4599871564        -1.3398797517         0.3743675818
Si35         0.1724605046        -2.5769179908         0.9811509884
C36        -0.8552526081        -3.2694074975        -0.4160269788
C37        -0.9689015121        -1.7534558673         2.2074307768
C38         1.0535548383        -3.9814983914         1.8370935001
H39         0.9283903132         4.1396300363         1.4398567173
H40         2.0940553314         5.3233658107         2.0481525092
H41         1.7753685954         3.8392644656         3.0070658204
H42         4.4493916635         4.8935107539         2.1657614126
H43         6.4197111823         3.8517405660         1.1503705764
H44         6.1749859875         1.8726378436        -0.3046314491
H45         3.9822682239         0.9170503000        -0.7283151783
H46        -1.2711356165         2.3512144031         1.5579147878
H47        -2.0624359356         2.1005953986         3.7698868991
H48        -0.6166490773         1.1966608378         5.5417629123
H49         1.6775369789         0.5524920827         5.0477325147
H50         3.4031124251         0.3379520142         1.8541474561
H51         3.2968091747        -0.1790580622         3.5219742476
H52         3.6410140236         1.5431262191         3.1638799459
H53        -1.6438263117         1.3345050318        -0.5046285522
H54        -3.3605124869         2.7744795339        -1.4118474761
H55        -2.8253251562         5.0753803084        -2.1276672098
H56        -0.5125302076         5.8732421761        -2.0787487653
H57         2.0244964885         5.1925143072        -0.5704730145
H58         1.7451651546         5.2340011791        -2.3276404537
H59         2.4334061646         3.7740593759        -1.6432137490
H60         0.4151937947         0.1488345719        -2.5213395326
H61         3.2533832821        -0.9022494248        -1.7686636354
H62         2.8660552219        -0.1302936110        -3.3059110473
H63         2.8221090782        -2.6955041824        -3.2820412443
H64         1.3546067308        -2.6185361462        -2.2814638335
H65        -0.7949628812        -2.1413389137        -3.3261826245
H66        -2.1129909369        -1.8056825913        -5.3836209499
H67        -0.9714459642        -1.3492213719        -7.5362499315
H68         1.5029548791        -1.2285582102        -7.6269340159
H69         2.8396857076        -1.5624550629        -5.5769456342
H70        -0.2658518771        -0.2756915325        -0.4199956918
H71         2.2073019200        -1.9192411727        -0.1901909166
H72         1.9380476554        -1.0166825761         1.2901455410
H73        -1.6458333927        -3.9238024818         0.0046229666
H74        -0.2160186274        -3.8689760027        -1.0939562650
H75        -1.3309305283        -2.4398642260        -0.9761673954
H76        -1.7218346378        -2.4874499213         2.5600176172
H77        -1.4860365404        -0.9006649001         1.7228305945
H78        -0.3786459832        -1.3907966921         3.0721511392
H79         0.3076103723        -4.7089587946         2.2176383051
H80         1.6474212028        -3.5816781239         2.6845618844
H81         1.7296339377        -4.4860843046         1.1167912759
&

