&gen
basis=6-31G**
igeopt=1
dftname=PBE-D3
ifreq=1
&
entry_name: J1_10344_2111.in
&zmat
C1         -1.8395549191        -1.0369693369         0.5817018659
C2         -0.9516960040        -0.0972567323        -0.2511272641
C3         -1.3332265134         0.1410165928        -1.6993513421
C4         -2.5434056959        -0.5961690431        -2.3041272754
C5         -2.1830992050        -2.0201052687        -2.7464893133
C6         -3.4134251246        -2.7578665164        -3.1999167281
C7         -4.2003649962        -3.4570805463        -2.2694334991
C8         -5.3637280142        -4.1131444692        -2.6835432359
C9         -5.7540560148        -4.0674098266        -4.0248375958
C10        -4.9839774144        -3.3616421160        -4.9535491669
C11        -3.8199261111        -2.7038942392        -4.5436187285
O12        -1.6225960362         1.5058022026        -1.5551626967
P13        -1.2105183587         1.6759272362         0.1081410284
C14        -2.9093473081         2.2349755715         0.4709336124
C15        -3.6763523068         1.6362765910         1.4896557486
C16        -4.9830808962         2.0645478127         1.7393909798
C17        -5.5431706656         3.0886967009         0.9738386108
C18        -4.7967106169         3.6869199270        -0.0428582173
C19        -3.4891402388         3.2626807891        -0.2954672565
C20        -0.6429669429         1.7820826547         1.8623569265
C21        -1.0543107134         2.8563934485         2.6868871669
C22        -0.5910366124         2.9769215105         3.9991781585
C23         0.3174056413         2.0515377356         4.5083619534
C24         0.7788544577         1.0153132888         3.6988877922
C25         0.3194183142         0.8891959929         2.3846828783
C26         0.0787236126         2.8750527479        -0.3032071693
C27        -0.1545738901         4.2556963921        -0.1842101826
C28         0.8509426505         5.1714061808        -0.5078270692
C29         2.0943433702         4.7179651900        -0.9546054281
C30         2.3343724548         3.3473603810        -1.0772983359
C31         1.3317391843         2.4284412932        -0.7539506741
H32        -1.6763787914        -2.0878491453         0.2735089169
H33        -2.9159905097        -0.8002240720         0.4944348728
H34        -1.5631251343        -0.9707665875         1.6526754787
H35         0.1128260476        -0.4011770448        -0.2012827394
H36        -0.4468802020         0.0340399319        -2.3646293013
H37        -2.8680679756        -0.0338545357        -3.2072843195
H38        -3.4113191082        -0.5947002855        -1.6146549889
H39        -1.6987231203        -2.5804148837        -1.9218021452
H40        -1.4434922356        -1.9731228058        -3.5759610341
H41        -3.9139397626        -3.4907556201        -1.2253309747
H42        -5.9647339273        -4.6538086034        -1.9638713427
H43        -6.6555214645        -4.5746000296        -4.3435385353
H44        -5.2911280994        -3.3210167805        -5.9906036654
H45        -3.2374551586        -2.1521114034        -5.2710597157
H46        -3.2595272681         0.8574405306         2.1124787801
H47        -5.5606387371         1.6039373657         2.5304060226
H48        -6.5553899588         3.4187433582         1.1684617486
H49        -5.2326871834         4.4781844143        -0.6388998662
H50        -2.9349236312         3.7313264804        -1.0980552904
H51        -1.7292382947         3.6165721241         2.3195263876
H52        -0.9293542645         3.7977116434         4.6183932919
H53         0.6788008202         2.1486038399         5.5239511915
H54         1.5062467162         0.3133471539         4.0860668919
H55         0.7429074471         0.0969648190         1.7925830252
H56        -1.1040551635         4.6287939595         0.1709772862
H57         0.6665848742         6.2334111917        -0.4098294284
H58         2.8718160257         5.4282541118        -1.2044501470
H59         3.2980654039         2.9964211505        -1.4230861478
H60         1.5368897958         1.3718080562        -0.8552035635
&

