&gen
basis=6-31G**
igeopt=1
dftname=PBE-D3
ifreq=1
&
entry_name: J1_10204_2111.in
&zmat
C1          2.3149059128        -0.0433258571         3.2790091605
C2          2.9345745352        -0.8459488118         2.1473458363
S3          1.6676421626        -1.7154687917         1.1508984131
C4          1.1843269422        -0.3277800851         0.1065413568
O5          2.0493402416         0.3168576623        -0.4675182645
C6         -0.2814409845        -0.1213213585        -0.2240879722
C7         -0.5201198957        -0.0118269449        -1.7111278845
C8         -1.4966028573        -1.0566624541        -2.2897363522
O9         -2.7810043615        -0.8825856940        -1.7755545096
C10        -3.6649400161        -0.9830962193        -2.8716141081
C11        -4.6316450094        -2.1417595819        -2.6181462288
C12        -4.4438063987         0.3305753930        -3.0090942087
O13        -2.9644319591        -1.2311058609        -4.0706854903
C14        -1.6324117859        -0.9337915696        -3.7942393451
C15        -0.6982323623        -1.9030241284        -4.5434981792
C16        -0.8133291375        -1.7963217517        -6.0805468862
C17        -0.2390645098        -0.4808682938        -6.6256923130
O18        -0.1675522392        -2.8874008975        -6.6873238392
O19        -1.0895085394         1.2710212152        -1.6822571770
P20        -0.9318859682         1.5715857077         0.0077329424
C21        -2.7144209995         1.8443642809         0.1819204590
C22        -3.2724644794         3.1174930132        -0.0210693660
C23        -4.6476773581         3.3185245273         0.1307479399
C24        -5.4752802601         2.2559078473         0.5001410707
C25        -4.9274030550         0.9917164732         0.7265366632
C26        -3.5540850242         0.7859129226         0.5704674275
C27        -0.8432449219         1.7571401478         1.8392884580
C28        -0.9216133053         0.6400980090         2.7000617143
C29        -0.9560548133         0.8047807904         4.0880434742
C30        -0.9357951784         2.0820916414         4.6450649197
C31        -0.9092916203         3.2006156648         3.8145422809
C32        -0.8857230618         3.0432510688         2.4268689220
C33         0.2016490156         2.9655699415        -0.3343703179
C34        -0.1212213665         3.9168305219        -1.3210970689
C35         0.7478214366         4.9748777743        -1.6023518441
C36         1.9551261674         5.0925059269        -0.9121735981
C37         2.2985545398         4.1477896253         0.0557696582
C38         1.4330008797         3.0880386955         0.3392217008
H39         3.1155861412         0.3294941104         3.9516608470
H40         1.7733677627         0.8308937847         2.8721072381
H41         1.6219093223        -0.6797123102         3.8684270233
H42         3.6004431720        -1.6171720666         2.5885003531
H43         3.5631373400        -0.1874862488         1.5119366334
H44        -0.9302498835        -0.8977389967         0.2290944774
H45         0.4174452121         0.0117001477        -2.3104836816
H46        -1.1455289616        -2.0749488740        -2.0071916391
H47        -4.0639890624        -3.0923015566        -2.5262219763
H48        -5.3506067203        -2.2395091792        -3.4597193392
H49        -5.1971085497        -1.9762162310        -1.6757872733
H50        -5.0574767480         0.5180475316        -2.1036268044
H51        -5.1144526952         0.2919616433        -3.8939839219
H52        -3.7382579228         1.1791801787        -3.1365692670
H53        -1.4326676380         0.1125449013        -4.1144451839
H54         0.3541166402        -1.7152804573        -4.2361091960
H55        -0.9522836854        -2.9447069172        -4.2458416831
H56        -1.8861580812        -1.8478457192        -6.3662768843
H57        -0.2300571128        -0.5092064050        -7.7359538258
H58         0.8009041247        -0.3274458820        -6.2664644584
H59        -0.8640857946         0.3813482455        -6.3151732800
H60         0.7926807505        -2.8452257433        -6.4358764967
H61        -2.6510325236         3.9630136269        -0.2707954115
H62        -5.0707030199         4.3018758731        -0.0288326138
H63        -6.5392152715         2.4141776633         0.6195365837
H64        -5.5669055419         0.1700103482         1.0216793687
H65        -3.1477512429        -0.1970403205         0.7640441560
H66        -0.9692437266        -0.3669076647         2.3243451021
H67        -1.0026215280        -0.0630811765         4.7332246847
H68        -0.9613523940         2.2052838625         5.7200108323
H69        -0.9254000580         4.1933006015         4.2455839503
H70        -0.9203762954         3.9338501201         1.8141315976
H71        -1.0368526766         3.8351843002        -1.8908417689
H72         0.4873185940         5.7006566680        -2.3618708076
H73         2.6272110456         5.9119030324        -1.1319086127
H74         3.2372891824         4.2355418691         0.5873063878
H75         1.7221630642         2.3737899410         1.0952309907
&

