&zmat
 C1              1.1696340533            -0.5531054910            -6.0187760042
 O2              1.2025154219            -1.1319695863            -4.7178165732
 C3              2.2306300178            -0.5691992357            -3.9127547287
 C4              1.9869922021            -0.9989127419            -2.4567541364
 C5              1.2117280235             0.0596594762            -1.6700155207
 O6              1.9243849287             1.2647595285            -1.5939849570
 P7              1.3529405436             1.6381256608             0.2023645701
 C8              3.0144810302             2.3524528584             0.5560465053
 C9              3.1113485659             3.4945911218             1.3754077090
 C10             4.3620033462             4.0733372077             1.6247852710
 C11             5.5222926780             3.4883304836             1.0988704366
 C12             5.4271389692             2.3323953290             0.3116192955
 C13             4.1778355407             1.7699054132             0.0228987411
 C14             0.7053438514             1.7228351457             2.0015246306
 C15             1.4975161532             1.1833847846             3.0400658047
 C16             1.0509676091             1.1880825340             4.3666265843
 C17            -0.1961596315             1.7402469652             4.6918933777
 C18            -0.9891963727             2.2882661642             3.6776332505
 C19            -0.5420760610             2.2804444899             2.3473192356
 C20             0.1631166638             2.8049685345            -0.5725067566
 C21             0.5749332229             4.1059457135            -0.9162914918
 C22            -0.3115467232             4.9760956670            -1.5607754493
 C23            -1.6110363183             4.5582922525            -1.8808211401
 C24            -2.0225043112             3.2613228390            -1.5493630914
 C25            -1.1438362311             2.3883263519            -0.8934232138
 C26             0.9466935025            -0.1695985371            -0.1438083101
 C27             1.8533278984            -1.1818957450             0.5564480093
 C28             1.4332838731            -2.6365258988             0.4296248241
 O29             2.8359573844            -0.8564812626             1.2135632436
 O30             3.2718676860            -1.2111689371            -1.8559166689
 C31             4.2849159186            -1.3975622145            -2.8463835570
 O32             5.3525742798            -0.4869708792            -2.7241791297
 C33             5.3275715191             0.4507689399            -3.8314078698
 C34             6.7507571723             0.5798016444            -4.3621851488
 C35             4.7267949282             1.7912086669            -3.4052841470
 O36             4.5342725300            -0.1851322011            -4.8567328086
 C37             3.6519887175            -1.1027898504            -4.2296199273
 H38             0.9801511459             0.5388917986            -5.9737611692
 H39             2.1161006201            -0.7131732268            -6.5728688588
 H40             0.3478627765            -1.0407045778            -6.5647268288
 H41             2.2327700395             0.5354641103            -3.9932858816
 H42             1.4114526340            -1.9492847635            -2.4849822184
 H43             0.2290858872             0.1640535155            -2.1932664584
 H44             2.2111379476             3.9274187676             1.8227583617
 H45             4.4291376060             4.9731137535             2.2440199174
 H46             6.5009718584             3.9310402496             1.3097718029
 H47             6.3292190788             1.8594214611            -0.0893045287
 H48             4.1015525460             0.8810759667            -0.6056829056
 H49             2.4768002272             0.7596090796             2.8026461237
 H50             1.6862185740             0.7656671910             5.1519716478
 H51            -0.5426059269             1.7500886202             5.7302107861
 H52            -1.9591809157             2.7354235967             3.9187993468
 H53            -1.1742663141             2.7334721479             1.5790339201
 H54             1.5934433488             4.4339232675            -0.6894971880
 H55             0.0189327072             5.9869316190            -1.8192436687
 H56            -2.2996226355             5.2409106146            -2.3875714112
 H57            -3.0346058066             2.9249777969            -1.7945367469
 H58            -1.4877774871             1.3847352943            -0.6229426584
 H59            -0.1042406896            -0.4101646597             0.1053261341
 H60             0.6565869228            -2.8394135270             1.1891176401
 H61             2.2971310667            -3.2848130415             0.6271736413
 H62             0.9957300675            -2.8686533248            -0.5535858058
 H63             4.6995155344            -2.4132590671            -2.7145831734
 H64             6.7701864794             1.2553390487            -5.2310537545
 H65             7.4088548541             0.9904748208            -3.5815482837
 H66             7.1217517275            -0.4100915113            -4.6649615682
 H67             4.6237813344             2.4435165297            -4.2869010384
 H68             3.7449091615             1.6661211470            -2.9229849773
 H69             5.3907424691             2.2869958601            -2.6799322278
 H70             3.5662958753            -1.9997032970            -4.8679509878
&

