&gen
basis=6-31G**
igeopt=1
dftname=PBE-D3
ifreq=1
&
entry_name: J1_9932_2111.in
&zmat
C1          1.0923668629        -0.7373764778        -5.8339361822
O2          1.3554664754        -1.3520375567        -4.5918587759
C3          2.3233662355        -0.6060555904        -3.8744731497
C4          2.2179612174        -0.9168707354        -2.3840294121
C5          1.2720539429         0.0803906969        -1.6724319703
O6          1.8046960957         1.3781780167        -1.5315206104
P7          1.2925725017         1.6437574149         0.0950156301
C8          2.9117198093         2.3546030271         0.5925096613
C9          2.9686717341         3.4719945453         1.4539850416
C10         4.1949507613         4.0304299622         1.8242110152
C11         5.3847686161         3.4919540745         1.3349465512
C12         5.3482430593         2.3959439063         0.4732572035
C13         4.1232517951         1.8337761372         0.1040381857
C14         0.6734444812         1.6103743994         1.8403964406
C15         1.4960890083         1.0841174791         2.8640164717
C16         1.0482486377         1.0028005401         4.1842757415
C17        -0.2358806763         1.4282292242         4.5145603709
C18        -1.0763948995         1.9288136432         3.5227570370
C19        -0.6350710122         2.0124436709         2.1987474025
C20         0.1114640231         2.8726846833        -0.5426622827
C21         0.4686700374         4.2277395093        -0.6593459246
C22        -0.4247613921         5.1520265757        -1.2091735561
C23        -1.6718940352         4.7313007938        -1.6742239529
C24        -2.0223432911         3.3822055898        -1.6035118313
C25        -1.1319400357         2.4549482173        -1.0554073948
C26         0.9261145098        -0.1159666695        -0.2131654198
C27         1.7782701090        -1.0996300351         0.5685346284
C28         1.1624840968        -2.3315727875         1.1597119453
O29         2.9690558718        -0.8995208365         0.7476847056
O30         3.5159824505        -0.8857299614        -1.8525598713
C31         4.3918817433        -1.2659309951        -2.8857661089
O32         5.5245617409        -0.4563719584        -2.8565716204
C33         5.4521485077         0.3712829744        -3.9958047783
C34         6.7927760327         0.3091920097        -4.7313012796
C35         5.1647255862         1.8109431021        -3.5520563598
O36         4.4341881052        -0.0530458838        -4.8756281953
C37         3.7302161930        -1.0568824534        -4.2098948404
H38         0.5901356097         0.2446314636        -5.6900065056
H39         2.0215060888        -0.6144803858        -6.4338856888
H40         0.4027505191        -1.3867385047        -6.4110187841
H41         2.2222795383         0.4978725105        -4.0277659504
H42         1.8079448796        -1.9438650785        -2.2446110522
H43         0.3274594097         0.1439394014        -2.2595596543
H44         2.0621866644         3.9131739365         1.8476677487
H45         4.2214732534         4.8835756849         2.4897072710
H46         6.3342490679         3.9263303343         1.6198704549
H47         6.2705768554         1.9823801022         0.0859041830
H48         4.1350266652         1.0020547881        -0.5709425268
H49         2.4976642270         0.7403056348         2.6503909857
H50         1.6993959665         0.6055254365         4.9522251745
H51        -0.5825392170         1.3633312660         5.5378233828
H52        -2.0787680514         2.2477517015         3.7785395581
H53        -1.3413184309         2.3877529667         1.4810909020
H54         1.4421679299         4.5781857148        -0.3576603526
H55        -0.1434207256         6.1942556298        -1.2877727097
H56        -2.3606675232         5.4482321455        -2.1020141375
H57        -2.9833603618         3.0532506336        -1.9772362797
H58        -1.4257988002         1.4159190587        -1.0132745085
H59        -0.1579216611        -0.3219498024        -0.0825932498
H60         1.2751994034        -2.3079914465         2.2639036270
H61         1.6763896815        -3.2305778447         0.7597312484
H62         0.0825635902        -2.4036750606         0.9137514909
H63         4.6907776109        -2.3285216386        -2.7503080761
H64         6.7712716144         0.9559318821        -5.6346944419
H65         7.6172499614         0.6447683192        -4.0660587352
H66         6.9995730076        -0.7347541138        -5.0500802260
H67         5.1265291573         2.4886140858        -4.4316247746
H68         4.1861745362         1.8605414198        -3.0302050672
H69         5.9523626996         2.1669842528        -2.8537863136
H70         3.7401201524        -1.9925750208        -4.8126028558
&

