&gen
basis=6-31G**
igeopt=1
dftname=PBE-D3
ifreq=1
&
entry_name: J1_10477_2111.in
&zmat
C1         -4.0131572541        -1.5364260823        -0.8949180329
C2         -3.5605494547        -0.1450817224        -0.4689130408
O3         -2.1636987476         0.0203831890        -0.7000150150
C4         -1.1727112107        -0.5400800443         0.1170157701
O5         -1.4930456451        -1.1964867708         1.1447162024
C6          0.2855658045        -0.3612369987        -0.2183224836
C7          0.5468948340        -0.2678514584        -1.7006790384
C8          1.5751795705        -1.2660726666        -2.1922621036
C9          1.2897803922        -2.6401318095        -2.1068215141
C10         2.2098266540        -3.5853663482        -2.5695953771
C11         3.4175548869        -3.1687870695        -3.1339741128
C12         3.7042384884        -1.8059982796        -3.2424457116
C13         2.7872659154        -0.8563279616        -2.7812366690
O14         1.0430380654         1.0454924328        -1.6785197554
P15         0.9042702668         1.3369298099         0.0155493062
C16         2.7103610077         1.6119871100         0.1805265416
C17         0.7599237052         1.5308633276         1.8483917652
C18         0.7105745281         0.4193437305         2.7191774640
C19         0.6312173449         0.5940500167         4.1040554892
C20         0.6333782179         1.8751097758         4.6526073997
C21         0.7361123241         2.9860656525         3.8183717784
C22         0.8153892976         2.8184900551         2.4338462291
C23        -0.1681360796         2.7607828711        -0.3284365633
C24         0.3193875276         3.8185355166        -1.1137278309
C25        -0.4903504899         4.9232412825        -1.3935004822
C26        -1.7905310455         4.9848825465        -0.8863413229
C27        -2.2801260497         3.9451527884        -0.0923486698
C28        -1.4734726890         2.8391964632         0.1897205393
H29        -3.5127199599        -2.3121179965        -0.2786595563
H30        -5.1115493690        -1.6287516299        -0.7617392505
H31        -3.7641567602        -1.7043842219        -1.9640983874
H32        -3.7995888587         0.0293620454         0.6027037161
H33        -4.1091699492         0.6094329182        -1.0709684278
H34         0.9378858921        -1.1175265070         0.2682932221
H35        -0.3619927452        -0.3142226073        -2.3388212140
H36         0.3543428576        -2.9777859700        -1.6773699058
H37         1.9848511021        -4.6412908085        -2.4929802024
H38         4.1285185630        -3.9016866583        -3.4929098115
H39         4.6363672918        -1.4845220478        -3.6889244924
H40         3.0276787521         0.1926058876        -2.8916572659
H41         2.9134981575         2.6206115186         0.5963511477
H42         3.2218142056         1.5516764153        -0.8015906442
H43         3.1544853215         0.8389418441         0.8425590125
H44         0.7528094071        -0.5928233248         2.3587578927
H45         0.5812419449        -0.2694884705         4.7549223423
H46         0.5759927929         2.0059066560         5.7254849044
H47         0.7658110968         3.9803871503         4.2450347379
H48         0.9329447637         3.7034091277         1.8232526150
H49         1.3261896939         3.7866930410        -1.5107190626
H50        -0.1090546373         5.7323785009        -2.0028454145
H51        -2.4158157512         5.8414432179        -1.1024322430
H52        -3.2826419363         3.9996417579         0.3118783186
H53        -1.8583754665         2.0639433452         0.8369288940
&

