&gen
basis=6-31G**
igeopt=1
dftname=PBE-D3
ifreq=1
&
entry_name: J1_10264_2111.in
&zmat
C1         -3.3756776971         2.7784468475        -0.8963193832
C2         -2.8105393717         1.7745911253         0.1094056387
P3         -0.9821359340         1.5351468016        -0.0645634317
C4         -0.7071525040         1.7019063299         1.7554846781
C5         -0.0009417414         3.0288582278        -0.4419616033
C6         -0.3449740645         4.2739235420         0.1205046007
C7          0.3773442429         5.4263188695        -0.2023844477
C8          1.4388394694         5.3581552349        -1.1055209869
C9          1.7722060040         4.1390211181        -1.6966123199
C10         1.0515219553         2.9846795449        -1.3781385632
O11        -1.1030340645         1.1425216525        -1.7381171774
C12        -0.5468029293        -0.1502318916        -1.6665972120
C13        -1.4604705567        -1.2205868401        -2.2228255693
C14        -0.9451348792        -2.5109232778        -2.4325583332
C15        -1.7669204794        -3.5322141256        -2.9180665545
C16        -3.1112296630        -3.2760088543        -3.1970739814
C17        -3.6354707159        -1.9977491357        -2.9913979266
C18        -2.8174921063        -0.9730606047        -2.5055039766
C19        -0.4181254460        -0.1950099655        -0.1675163755
C20         0.9667329839        -0.6116188583         0.3131473016
C21         1.1856679996        -1.9844489163         0.5363604527
C22         2.4400591048        -2.4559405630         0.9325980290
C23         3.4985221916        -1.5644313347         1.1063542856
C24         3.3024599264        -0.2012953541         0.8833455476
C25         2.0491150788         0.2736586199         0.4849711793
H26        -3.2022138822         2.4491090154        -1.9406676364
H27        -2.9262963436         3.7802056391        -0.7503321253
H28        -4.4720843922         2.8682041694        -0.7457019865
H29        -3.1084842340         2.1144280863         1.1225330846
H30        -3.3058722348         0.7941849774        -0.0487724554
H31         0.3710296802         1.7909035935         1.9903956500
H32        -1.1042650909         0.8078149321         2.2804531478
H33        -1.2072239109         2.5930568877         2.1835274838
H34        -1.1803250346         4.3658847221         0.7998867012
H35         0.1073616120         6.3754674972         0.2423244172
H36         1.9958526522         6.2518363777        -1.3555282447
H37         2.5870815432         4.0884202430        -2.4071953582
H38         1.3259648783         2.0572348899        -1.8604393377
H39         0.4367500584        -0.1601516221        -2.1876638987
H40         0.0947914461        -2.7255039088        -2.2196579844
H41        -1.3612356799        -4.5229888809        -3.0769228427
H42        -3.7465536882        -4.0676704054        -3.5726726929
H43        -4.6773413216        -1.8003106769        -3.2083573922
H44        -3.2481179459         0.0067377617        -2.3585980172
H45        -1.1998584451        -0.8365219753         0.2997249531
H46         0.3803549576        -2.6960104155         0.4002806861
H47         2.5913151342        -3.5142048640         1.1019970887
H48         4.4700499190        -1.9294286113         1.4135243994
H49         4.1234351023         0.4907335699         1.0205832753
H50         1.9427354174         1.3298993605         0.3421085124
&

