&gen
basis=6-31G**
igeopt=1
dftname=PBE-D3
ifreq=1
&
entry_name: J1_534_2111.in
&zmat
C1          2.7275057943        -3.0979320355        -1.1209284744
O2          2.2192419559        -2.2050473406        -0.1536017425
C3          0.9479574714        -1.7147615940        -0.5471363653
C4          0.7080510030        -0.3272602102         0.1443497992
O5          1.9231097019         0.2007944810         0.6561003526
C6          2.6106204911         0.9315399611        -0.3393943733
C7          4.0027517713         1.2136426661         0.1440240458
C8          4.2816723931         2.3883648818         0.8621112832
C9          5.5719276788         2.6277539733         1.3457124335
C10         6.5869589254         1.6919989811         1.1273113529
C11         6.3123265123         0.5127160480         0.4292017974
C12         5.0236656476         0.2695403044        -0.0562449774
C13        -0.2942787124        -0.4161303221         1.2598882679
C14        -1.4512943059        -1.3659870095         1.1616734427
O15        -2.6965107505        -0.6886723833         1.2352692975
C16        -3.0229851335        -0.0566097978         0.0074645165
C17        -4.3221924593         0.6837263704         0.1877807592
C18        -4.3877158968         2.0776280687         0.0101718309
C19        -5.5994336389         2.7542891295         0.1823844719
C20        -6.7532154199         2.0483739564         0.5328624790
C21        -6.6979278060         0.6638727143         0.7122387635
C22        -5.4889220469        -0.0173506935         0.5412734360
O23        -3.1959691482        -1.0184651588        -1.0181969592
C24        -1.9485313329        -1.5965746338        -1.3307483620
C25        -1.3426080818        -2.2619393018        -0.0810738690
O26        -0.0175328060        -2.7282244251        -0.2641457689
O27        -0.2090398867         0.3295501960         2.2247580855
H28         2.0212650634        -3.9347020936        -1.3184833230
H29         2.9688679701        -2.5611596665        -2.0646441412
H30         3.6702368864        -3.5370022585        -0.7351503142
H31         0.9340846733        -1.5172454915        -1.6464605063
H32         0.2497037366         0.3728791367        -0.5940613615
H33         2.0819878443         1.8908789656        -0.5386787739
H34         2.6715322223         0.3666951091        -1.2986604250
H35         3.5018476037         3.1166337810         1.0477465658
H36         5.7838636727         3.5368463600         1.8935485832
H37         7.5845343683         1.8780941188         1.5036939728
H38         7.0970629689        -0.2150024543         0.2676883860
H39         4.8214424704        -0.6529885770        -0.5865708003
H40        -1.3835822582        -2.0313087095         2.0500900036
H41        -2.2354405934         0.6851445743        -0.2712756559
H42        -3.5042077276         2.6420913753        -0.2608559548
H43        -5.6437626268         3.8268870009         0.0441759378
H44        -7.6898701107         2.5742062326         0.6656829239
H45        -7.5921676648         0.1180768118         0.9841299671
H46        -5.4602911716        -1.0906726230         0.6841419705
H47        -1.2853009321        -0.8346239449        -1.7889345086
H48        -2.1065976312        -2.3766020684        -2.1051969526
H49        -1.9728406841        -3.1559624048         0.1224331230
&

