&gen
basis=6-31G**
igeopt=1
dftname=PBE-D3
ifreq=1
&
entry_name: J1_9781_2111.in
&zmat
C1          1.2423004155         1.0246904570        -3.2615883614
C2          0.8298947662         0.5155718069        -2.1369861870
P3          0.3233152278        -0.1086210434        -0.7520929467
C4         -0.1353462991         1.2437312878         0.3872270232
C5         -1.3347247250         2.0369363652        -0.1402210878
C6         -1.6815010248         3.1945569534         0.8021071698
C7         -2.8800261546         3.9851604549         0.2856667150
C8          1.6626712259        -1.1083847311        -0.0165879132
C9          2.9301257258        -0.2766512219         0.2037187441
C10         4.0515219477        -1.1363527426         0.7971829217
C11         5.3166438159        -0.3133768707         1.0219459527
C12        -1.1026217755        -1.1919560516        -1.1083321356
C13        -1.6956669717        -1.7813290652         0.1745932937
C14        -2.9042376339        -2.6693322722        -0.1404822300
C15        -3.5006485907        -3.2605601626         1.1335118623
H16         0.5788198173         1.6441069563        -3.8490881573
H17         2.2503352302         0.8337557458        -3.6028843549
H18        -0.3755490959         0.8091777881         1.3805608367
H19         0.7365362537         1.9219132286         0.5020963866
H20        -2.2152274643         1.3648036544        -0.2273716547
H21        -1.0961446192         2.4430404546        -1.1476299031
H22        -0.8103276872         3.8797449253         0.8911950187
H23        -1.9215854402         2.7964720961         1.8122221490
H24        -3.7728424070         3.3282232856         0.2119375759
H25        -3.1073358151         4.8158003166         0.9865948562
H26        -2.6569122271         4.4149407313        -0.7141339628
H27         1.3124741361        -1.5138269955         0.9559041440
H28         1.8827988043        -1.9579846622        -0.6977983394
H29         2.7068932070         0.5604116332         0.8997784892
H30         3.2702261453         0.1473151722        -0.7662653423
H31         4.2865885699        -1.9752938411         0.1063101890
H32         3.7224492358        -1.5627183909         1.7699834221
H33         6.1099064483        -0.9609199169         1.4513231195
H34         5.1151293145         0.5184571067         1.7301411955
H35         5.6813805371         0.1042721574         0.0593263057
H36        -0.7628778275        -2.0128792781        -1.7754523003
H37        -1.8750660727        -0.6021425144        -1.6461111899
H38        -0.9240934768        -2.3886047228         0.6947690001
H39        -2.0161474161        -0.9588340613         0.8494880716
H40        -2.5946175621        -3.4999247530        -0.8117792396
H41        -3.6849695894        -2.0701678716        -0.6580847168
H42        -4.3724740142        -3.8977113410         0.8748762662
H43        -2.7470777984        -3.8856371143         1.6583903431
H44        -3.8419891357        -2.4498729528         1.8120389713
&

