&gen
basis=6-31G**
igeopt=1
dftname=PBE-D3
ifreq=1
&
entry_name: J1_10021_2111.in
&zmat
C1          0.1628692504        -2.0382453572         2.1781530442
C2          1.2895247239        -1.3616250918         1.4384073435
C3          2.6049247962        -1.5939782315         1.8792863465
C4          3.6882190346        -1.0075586193         1.2300417573
C5          3.4768040775        -0.1883855105         0.1269131140
C6          2.1813980793         0.0548129524        -0.3282153334
C7          1.0605263461        -0.5133350507         0.3143400794
C8         -0.3659515643        -0.1990873750        -0.1541023974
C9         -0.5898885417        -0.1388383562        -1.6485767847
C10        -1.6128661687        -1.1411028203        -2.1419909868
C11        -1.3718841746        -2.5143976522        -1.9616034968
C12        -2.2942744642        -3.4609907546        -2.4165874659
C13        -3.4586547266        -3.0473110052        -3.0678095464
C14        -3.6989908626        -1.6864670773        -3.2716826042
C15        -2.7788271684        -0.7356558659        -2.8201500847
O16        -1.0821655137         1.1831262736        -1.6720046112
P17        -0.9285178097         1.5269708437         0.0086304306
C18        -2.7176703088         1.8488124852         0.0535052275
C19        -3.6294765207         0.7765739534         0.0995249009
C20        -5.0063493355         1.0135192158         0.0777526910
C21        -5.4903055908         2.3196885928        -0.0081821538
C22        -4.5970355043         3.3897914800        -0.0831504727
C23        -3.2185308674         3.1572167888        -0.0635879036
C24        -0.6491307172         1.5954815745         1.8366486670
C25         0.6579679323         1.8010759514         2.3366205398
C26         0.9169747471         1.7990908215         3.7085823280
C27        -0.1174520043         1.5787188586         4.6148061969
C28        -1.4108660169         1.3507439503         4.1490584392
C29        -1.6769416135         1.3480169900         2.7765528571
C30         0.0845921389         3.0302855719        -0.3257645847
C31        -0.0232494264         4.1704175472         0.5029526945
C32         0.7309136392         5.3186821979         0.2491619703
C33         1.5879131223         5.3643729074        -0.8490575477
C34         1.6785277275         4.2675967220        -1.7048304025
C35         0.9260298243         3.1162330785        -1.4558200001
H36         0.5316131352        -2.6276379959         3.0444090491
H37        -0.5464427488        -1.2820132122         2.5705030757
H38        -0.3683739173        -2.7359556095         1.4972097788
H39         2.7966733223        -2.2334904543         2.7321150339
H40         4.6952312002        -1.1935189344         1.5806422234
H41         4.3208250214         0.2616240080        -0.3799147294
H42         2.0732033240         0.6874444397        -1.1874840264
H43        -1.1144792910        -0.8558819212         0.3271948328
H44         0.3317969899        -0.2147898775        -2.2606514603
H45        -0.4714850491        -2.8500188398        -1.4614574879
H46        -2.1052774170        -4.5159024281        -2.2653908441
H47        -4.1721210672        -3.7814175716        -3.4191847236
H48        -4.5982698512        -1.3676389340        -3.7826956833
H49        -2.9853862840         0.3119936042        -2.9964717449
H50        -3.2834367951        -0.2440526726         0.1642439729
H51        -5.6984005941         0.1826491391         0.1242591893
H52        -6.5569714873         2.5019922724        -0.0270608728
H53        -4.9729911782         4.4011927955        -0.1684354776
H54        -2.5573245791         4.0024655262        -0.1626826546
H55         1.4894865059         1.9589870773         1.6636925086
H56         1.9246484770         1.9623484902         4.0682673816
H57         0.0848190531         1.5744602470         5.6780187687
H58        -2.2106548647         1.1630876664         4.8539441954
H59        -2.6880894046         1.1313419231         2.4805215279
H60        -0.6924596923         4.1782044332         1.3530883091
H61         0.6450194004         6.1769947781         0.9029481018
H62         2.1694679533         6.2556166924        -1.0463165958
H63         2.3245159699         4.3131645179        -2.5721804853
H64         0.9926737735         2.3137939490        -2.1732902921
&

