&gen
basis=6-31G**
igeopt=1
dftname=PBE-D3
ifreq=1
&
entry_name: J1_1337_2111.in
&zmat
C1          1.9761611283         0.6978887937        -2.3700349170
C2          2.2539398336        -0.4525105667        -1.7424914226
C3          3.4893718798        -1.2114036365        -2.1361997295
C4          1.3451766863        -1.0711234021        -0.7414360228
P5          0.1179598067        -0.2861643757         0.0089712107
C6         -1.2466960144         0.0788948025        -1.1125396837
C7         -2.3369756047         0.8323277703        -0.6514121431
C8         -3.4227316832         1.0902102693        -1.4932688466
C9         -3.4354756661         0.5814623841        -2.7945209493
C10        -2.3661160785        -0.1930787274        -3.2518966112
C11        -1.2787005773        -0.4529948433        -2.4121732834
C12         0.8117237820         1.1943572629         0.7739747766
C13         0.4593727456         2.4787848545         0.3288420053
C14         1.0278209615         3.6095849113         0.9231997476
C15         1.9562588940         3.4661845182         1.9575825227
C16         2.3221333461         2.1908442869         2.3954203141
C17         1.7564841882         1.0582856901         1.8026555436
C18        -0.5881764705        -1.3541173586         1.2784271932
C19        -0.9955072727        -0.8216533236         2.5123410985
C20        -1.5899065852        -1.6454566553         3.4730690573
C21        -1.8013441748        -2.9995161418         3.2008774739
C22        -1.4283593966        -3.5291762882         1.9629244611
C23        -0.8334830839        -2.7082042879         1.0001310782
H24         2.6484973789         1.0943622454        -3.1208054809
H25         1.0784689130         1.2617882382        -2.1697642633
H26         4.3217978103        -0.5166010042        -2.3803623341
H27         3.2692438670        -1.8415530644        -3.0232467607
H28         3.8296359641        -1.8656286749        -1.3056169884
H29         1.5888349509        -2.0666329443        -0.3948339447
H30        -2.3451939863         1.2208454183         0.3593335673
H31        -4.2564597517         1.6800857459        -1.1350575496
H32        -4.2773273353         0.7799748111        -3.4451161994
H33        -2.3825905878        -0.5976469700        -4.2556390045
H34        -0.4698282207        -1.0698839800        -2.7794564433
H35        -0.2427943048         2.6134064246        -0.4815933493
H36         0.7519150101         4.5976817137         0.5782549905
H37         2.3958985350         4.3426414298         2.4157643372
H38         3.0460103887         2.0796285448         3.1922890253
H39         2.0522597045         0.0750343421         2.1466758077
H40        -0.8630610150         0.2290587352         2.7328799104
H41        -1.8941264588        -1.2320039129         4.4259393400
H42        -2.2643052638        -3.6353061359         3.9444178739
H43        -1.6073540865        -4.5743717689         1.7462061868
H44        -0.5724521556        -3.1283051304         0.0372884053
&

