&zmat
 C5              2.1593471481            -0.2612042089             0.5302281646
 C4              0.6485536139            -0.2910054344             0.7399801730
 O6              0.1750370957            -0.6672054096             1.8082548239
 C2             -0.2795534838             0.1566892246            -0.4044526870
 C1             -1.1143021551             1.3603763758             0.0724722066
 C3             -1.1874026734            -1.0230473084            -0.8009001911
 H14             2.4591860334             0.0951595179            -0.4657302275
 H15             2.6143562272             0.3832122480             1.3004149709
 H16             2.5624920793            -1.2746073632             0.6914844418
 H10             0.3311031265             0.4568346180            -1.2746810251
 H7             -0.4790290822             2.2283095230             0.3153312923
 H8             -1.8309921754             1.6684350714            -0.7062030649
 H9             -1.6747972181             1.0830247300             0.9796439370
 H11            -0.6049079638            -1.8752271402            -1.1886477235
 H12            -1.7497798598            -1.3672921429             0.0818595690
 H13            -1.9043019496            -0.7162125363            -1.5798700697
&

