&gen
basis=6-31G**
igeopt=1
dftname=PBE-D3
ifreq=1
&
entry_name: J1_9792_2111.in
&zmat
C1         -2.4951542060         2.7938959910         0.9877879240
C2         -2.5611301383         1.9690423615        -0.2970141222
C3         -1.3177889603         2.1542055166        -1.1780439547
C4         -0.0396362481         1.7255101514        -0.5033150279
P5          0.3628791061         0.1545659758        -0.3032739123
C6          2.1284214684        -0.0969933884         0.0696931061
C7          2.5011058095         0.5008161060         1.4310680364
C8          3.9854650047         0.3014091109         1.7720723336
C9          4.9073246257         1.1966982708         0.9443327429
C10        -0.1389187387        -0.8717929550        -1.6698384201
C11         0.3201872312        -0.7737203705        -2.9829102840
C12        -0.1804045474        -1.6681964384        -3.9395897869
C13        -1.1249342605        -2.6434991243        -3.5731934001
C14        -1.5759044547        -2.7325154899        -2.2470367182
C15        -1.0698971219        -1.8360112032        -1.2989933746
C16        -1.4154612223        -1.7586515667         0.1295729052
C17        -2.3398780399        -2.5498794664         0.8207160485
C18        -2.5671269435        -2.2954083589         2.1817871598
C19        -1.8816570669        -1.2563559648         2.8351467842
C20        -0.9585524902        -0.4675694099         2.1346399458
C21        -0.7302869898        -0.7400854527         0.7853902883
H22        -1.6477916404         2.4621987174         1.6234022574
H23        -3.4363131358         2.6610388615         1.5615986133
H24        -2.3735856100         3.8715783650         0.7481255456
H25        -2.7062142795         0.8983759442        -0.0485701095
H26        -3.4526393991         2.2926281109        -0.8763037109
H27        -1.2310489252         3.2277370594        -1.4524743683
H28        -1.4499244695         1.5882102048        -2.1246136800
H29         0.7071883190         2.4825278336        -0.2886044778
H30         2.3380922008        -1.1878065748         0.0686158334
H31         2.7176753359         0.3795234462        -0.7400638247
H32         2.2511924401         1.5834932771         1.4595690057
H33         1.9040188338        -0.0070542994         2.2172152330
H34         4.2723140730        -0.7632600301         1.6298391267
H35         4.1348565553         0.5486053847         2.8455530171
H36         5.9490786916         1.0953650899         1.3150239318
H37         4.8918749406         0.8988679166        -0.1241890756
H38         4.6022520205         2.2607258502         1.0368183839
H39         1.0468885619        -0.0209088921        -3.2594848036
H40         0.1618144702        -1.6074860684        -4.9644745166
H41        -1.5063439316        -3.3296269734        -4.3182035375
H42        -2.3026133705        -3.4853757220        -1.9736297360
H43        -2.8816383395        -3.3422079498         0.3223702156
H44        -3.2804834882        -2.8971839320         2.7297392430
H45        -2.0717223670        -1.0603363060         3.8823359657
H46        -0.4455793034         0.3449063919         2.6314071946
&

