&gen
basis=6-31G**
igeopt=1
dftname=PBE-D3
ifreq=1
&
entry_name: J1_10096_2111.in
&zmat
C1          2.6659823361        -4.3032675804        -7.3123121138
O2          2.5557993943        -3.0525989808        -6.6445470153
C3          1.9926492317        -1.9228375141        -7.2432796503
O4          1.5985092088        -1.9733573800        -8.4407665479
C5          1.9085005460        -0.6438270382        -6.5026741529
C6          1.5524808588        -0.5571366603        -5.2044743068
C7          1.1049669449        -1.7000107256        -4.3204433835
C8          2.0671785476        -1.9856965672        -3.1221974434
C9          1.3814636903        -2.9904356021        -2.1751500810
C10         3.3579625954        -2.6461008739        -3.6552196228
C11         2.4767060888        -0.6989789460        -2.3318125378
C12         1.3101092555         0.1182051816        -1.7186849910
O13         1.6755028619         1.4690554747        -1.5472020623
P14         1.1864739933         1.6439844769         0.0954372804
C15         2.8133321004         2.3760663431         0.5556190630
C16         4.0030421189         1.9851078360        -0.0946487037
C17         5.2291623991         2.5664309679         0.2400647536
C18         5.2912402601         3.5606454830         1.2154794202
C19         4.1252162743         3.9812359939         1.8532210073
C20         2.8970511254         3.4031617921         1.5223233043
C21         0.5713768755         1.5132365233         1.8361667201
C22        -0.7977466969         1.6682239031         2.1533939023
C23        -1.2584504986         1.4938011098         3.4615254971
C24        -0.3745725244         1.1298051772         4.4751471679
C25         0.9709400588         0.9239687614         4.1800849743
C26         1.4376501090         1.0982967783         2.8753879026
C27        -0.0457616388         2.8683066879        -0.4517243392
C28         0.1933207551         4.2490732551        -0.3322752371
C29        -0.7446067484         5.1751552107        -0.7988146566
C30        -1.9196534454         4.7364419286        -1.4109084025
C31        -2.1531515373         3.3699190408        -1.5694198604
C32        -1.2182012528         2.4408650504        -1.1050387469
C33         0.8771601784        -0.1097676768        -0.2818578364
C34         1.5834301204        -1.1280151794         0.5979783757
C35         2.8701435995        -1.1648349689         0.9400508489
C36         3.0286239350        -2.2566591383         1.8660162676
O37         4.1108268060        -2.6064345064         2.4041124105
O38         1.8171225562        -2.8719250089         2.0958262290
C39         0.8184013624        -2.1986621759         1.3406042843
C40         2.2217863618         0.6335948070        -7.2383665779
O41         3.3537485142         1.2590805437        -6.6408960986
C42         3.8573742456         2.4867388769        -7.0783884585
C43         5.0236709956         3.0937705196        -6.3757625234
O44         3.3097086814         3.1058613892        -8.0308035928
H45         3.1402344590        -5.0388078263        -6.6307621864
H46         3.2958513941        -4.1953036321        -8.2205626393
H47         1.6576111596        -4.6727391899        -7.5951577261
H48         1.5117515143         0.4290393083        -4.7557513361
H49         0.9371965857        -2.6293959977        -4.9005203406
H50         0.0944174816        -1.4410874380        -3.9418374594
H51         0.4270185678        -2.5770075372        -1.7876023953
H52         1.1458291268        -3.9360526974        -2.7098120413
H53         2.0426714769        -3.2369012617        -1.3169745195
H54         4.0607575306        -2.8667097682        -2.8225979983
H55         3.8765618399        -1.9764596609        -4.3744384395
H56         3.1306513392        -3.6063567713        -4.1651349985
H57         3.0307982277        -0.0266654132        -3.0219678562
H58         3.2255419092        -0.9633286145        -1.5675008286
H59         0.4247439508         0.0977699607        -2.3846428600
H60         3.9996199932         1.2320202871        -0.8667145183
H61         6.1329350401         2.2479421998        -0.2633166907
H62         6.2418512031         4.0100832272         1.4719211039
H63         4.1713297004         4.7590246741         2.6045009370
H64         2.0124605401         3.7563488842         2.0353510275
H65        -1.5339518639         1.9014966131         1.4037891640
H66        -2.3089563869         1.6271367540         3.6860608077
H67        -0.7358028968         0.9902176010         5.4858065537
H68         1.6542130784         0.6180706875         4.9618086095
H69         2.4825567967         0.9000921809         2.6860629512
H70         1.1062039529         4.6262228478         0.0947889094
H71        -0.5538340207         6.2356476833        -0.6959517467
H72        -2.6429238618         5.4553867313        -1.7734147733
H73        -3.0578415177         3.0293240679        -2.0562528496
H74        -1.4219051001         1.3894450681        -1.2456049304
H75        -0.2157824583        -0.3069464915        -0.2471962905
H76         3.6516980679        -0.4978166433         0.6259937140
H77         0.3265546443        -2.9027369815         0.6388333696
H78         0.0731103141        -1.7384955333         2.0237138417
H79         1.3435926200         1.3140114834        -7.1840358854
H80         2.4402852295         0.4360063563        -8.3102692378
H81         5.6760652156         3.6202352369        -7.1039740154
H82         4.6617579444         3.8176948787        -5.6164535601
H83         5.6158768450         2.3021068451        -5.8706636585
&

