&gen
basis=6-31G**
igeopt=1
dftname=PBE-D3
ifreq=1
&
entry_name: J1_10291_2111.in
&zmat
C1         -1.2684038532        -0.5661564997         0.3400386330
C2         -2.4943954016        -0.2688060012        -0.1712062502
C3         -2.7545834512         0.4224086008        -1.4894000793
C4         -3.6990836701        -0.7231694141         0.6156219405
C5          0.1364945574        -0.2592114507        -0.1734188898
C6          0.3664859656        -0.2299099819        -1.6588984616
C7          1.5151925104        -1.1460867733        -2.1485144818
C8          1.0825106929        -2.6255436237        -2.1284081896
C9          2.2491625185        -3.5648212688        -2.4980151629
C10         3.2837447252        -2.9182040905        -3.4403554989
C11         2.6351334147        -1.8835733824        -4.3644898319
C12         1.9778489992        -0.7346685096        -3.5712627091
O13         0.7479929654         1.1233941352        -1.7054769614
P14         0.6808180836         1.4773969621        -0.0122259686
C15         2.5123154115         1.8221526400        -0.0912757735
C16         3.1928659193         2.3008154375         1.1727066021
C17         3.5114009478         3.5863381678         1.4408155776
C18         3.2390742244         4.7014968716         0.4609365626
C19         4.1471436826         3.9043366003         2.7694486618
C20         0.5507857152         1.6891172527         1.8321933211
C21         0.4522708278         2.9805590185         2.4092338894
C22         0.3920324669         3.1534397679         3.7936105953
C23         0.4596687963         2.0500974634         4.6398250320
C24         0.6080517063         0.7736384762         4.1027504042
C25         0.6695823360         0.5928861714         2.7179646292
C26        -0.4621839187         2.8531032664        -0.3619914952
C27        -1.7265496324         2.9351570233         0.2551575167
C28        -2.5891558358         3.9958382171        -0.0332158427
C29        -2.2022613996         4.9866597219        -0.9374382463
C30        -0.9512262345         4.9184839993        -1.5538760651
C31        -0.0856440377         3.8585476345        -1.2693639197
H32        -1.2610304076        -1.1210386847         1.2751019763
H33        -3.7195615886         0.9703588309        -1.4547203011
H34        -2.8217385425        -0.3350860493        -2.2976527729
H35        -1.9850097671         1.1708315557        -1.7421256449
H36        -3.7108273756        -0.2192166277         1.6053874079
H37        -4.6483857263        -0.4847024375         0.0912598558
H38        -3.6590628682        -1.8229231003         0.7672356953
H39         0.8702926069        -0.9359865358         0.3091925133
H40        -0.5231952653        -0.4135960919        -2.2824871219
H41         2.3863461571        -1.0401983690        -1.4652693188
H42         0.7001155112        -2.9065386679        -1.1233813038
H43         0.2505896999        -2.7720717435        -2.8529461432
H44         1.8326583642        -4.4770985167        -2.9781397615
H45         2.7696582093        -3.8885849671        -1.5703586918
H46         3.7743750995        -3.7072330659        -4.0502568706
H47         4.0748974872        -2.4186956004        -2.8386244556
H48         1.8655896963        -2.3920588631        -4.9865333890
H49         3.4015817040        -1.4683042547        -5.0540340157
H50         1.1165689548        -0.3567712600        -4.1655597712
H51         2.7026027424         0.1038594638        -3.4772260101
H52         3.0177532334         0.8769599217        -0.3704477507
H53         2.7163005969         2.5165115470        -0.9303531750
H54         3.4075912634         1.5433194863         1.9230024594
H55         3.8200930355         4.5389054718        -0.4707621934
H56         2.1574858320         4.7430998597         0.2240746890
H57         3.5318333635         5.6882715267         0.8754094905
H58         5.1067784281         3.3539811946         2.8673267816
H59         3.4678993120         3.5978410735         3.5931093044
H60         4.3559762762         4.9888958332         2.8773337670
H61         0.4483244480         3.8699691172         1.7959824414
H62         0.3090927843         4.1488257604         4.2105530827
H63         0.4189446371         2.1860425103         5.7127835104
H64         0.6911429935        -0.0805307890         4.7625181360
H65         0.8370242752        -0.4104392008         2.3711641954
H66        -2.0410219368         2.1878725114         0.9703161202
H67        -3.5573628018         4.0505757033         0.4472852608
H68        -2.8712009465         5.8079746593        -1.1594659238
H69        -0.6519758886         5.6869302817        -2.2548197701
H70         0.8757107960         3.8220924800        -1.7637348141
&

