&zmat
 C18             2.9436332039             4.9916341160            -0.0869734813
 C17             3.2843767121             4.0848108314             1.0684862701
 C19             3.8121413037             4.7853663539             2.2964029255
 C16             3.1109252802             2.7413388242             1.0684863314
 C15             2.5507604495             1.9085414246            -0.0371222267
 P14             0.7134213682             1.4157667601             0.0541636716
 C20             0.6552858355             1.3325582185             1.9746043319
 C21             0.6229284009             2.5080048972             2.7614507201
 C22             0.6982400722             2.4603185960             4.1588132959
 C23             0.8194651491             1.2285512666             4.8170131024
 C24             0.8692106258             0.0518012753             4.0611886291
 C25             0.7913833615             0.1092894717             2.6606369175
 C26            -0.4360251163             2.8433703463            -0.1564454993
 C27            -1.5598501886             3.0115391926             0.6755913136
 C28            -2.4632465100             4.0580144644             0.4443789696
 C29            -2.2402160134             4.9624828152            -0.6018725287
 C30            -1.1230572544             4.8008324070            -1.4352633298
 C31            -0.2404001486             3.7345435745            -1.2291169443
 O13             0.8264341902             1.1590905036            -1.8069306155
 C6              0.3747833924            -0.1925708349            -1.7783059244
 C7              1.4927244346            -1.1806473529            -2.1491326355
 C8              1.0086319456            -2.6399901545            -2.1880199136
 C9              2.2024409266            -3.6176618514            -2.3301426581
 C10             3.3765368470            -2.9905542123            -3.1238966188
 C11             2.8552642115            -2.0001093011            -4.1770377425
 C12             2.1330468452            -0.8029903142            -3.5084131473
 C5             -0.0720884925            -0.3029263592            -0.3080377731
 C1             -1.5131570188            -0.4004713014             0.0975258257
 C2             -2.6202365976             0.1111973982            -0.4991320732
 C3             -2.6502096829             0.9156885096            -1.7764100754
 C4             -3.9762114636            -0.1130024310             0.1270099292
 H55             2.7076568609             4.4459845767            -1.0114355095
 H56             2.0651106334             5.6179976657             0.1556966106
 H57             3.7764745881             5.6855950520            -0.3013914708
 H58             4.0116824995             4.0808043091             3.1186575549
 H59             3.0845479513             5.5352364706             2.6611473652
 H60             4.7435981767             5.3400399866             2.0781005637
 H54             3.3734263084             2.2024465960             1.9862027514
 H52             3.0617723620             0.9304014753            -0.1031051246
 H53             2.6433381835             2.3636637144            -1.0331174947
 H61             0.5328259478             3.4812637274             2.2718838179
 H62             0.6634285450             3.3908770111             4.7348767198
 H63             0.8760409755             1.1877277614             5.9092456575
 H64             0.9673562326            -0.9181674549             4.5593051098
 H65             0.8447501403            -0.8323800547             2.1065984580
 H66            -1.7337342343             2.3170279123             1.5002632927
 H67            -3.3404724436             4.1669524487             1.0897428663
 H68            -2.9396014416             5.7865203816            -0.7742978305
 H69            -0.9500689411             5.4954179676            -2.2629367055
 H70             0.5842127205             3.5621360633            -1.9243542164
 H40            -0.4659947738            -0.3516383868            -2.4849825546
 H41             2.2703431737            -1.0997194504            -1.3590351995
 H42             0.4150000824            -2.8883962955            -1.2896389459
 H43             0.3165191323            -2.7523571983            -3.0446132279
 H44             1.8610677756            -4.5418559972            -2.8296587450
 H45             2.5575412867            -3.9226353528            -1.3294101667
 H46             3.9861502928            -3.7820925345            -3.5927021520
 H47             4.0527641348            -2.4526680923            -2.4332541085
 H48             2.1572113277            -2.5349019266            -4.8484472572
 H49             3.6780592392            -1.6411317265            -4.8189758267
 H50             1.3433799859            -0.4202943630            -4.1813230426
 H51             2.8245551061             0.0405213129            -3.3495071427
 H39             0.4914922690            -1.0923661075             0.2173734917
 H32            -1.6746034181            -0.9340373584             1.0432664355
 H33            -3.3081912198             1.7936263996            -1.6489045175
 H34            -3.0800637302             0.3180609315            -2.6024560207
 H35            -1.6641418717             1.2860171542            -2.0859854468
 H36            -4.4433759352             0.8539488954             0.3934459587
 H37            -4.6676729801            -0.6042745330            -0.5826277296
 H38            -3.9219240960            -0.7313409887             1.0367095272
&

