&gen
basis=6-31G**
igeopt=1
dftname=PBE-D3
ifreq=1
&
entry_name: J1_10135_2111.in
&zmat
C1         -0.8583136252        -2.5925766089         0.4287057818
C2         -1.4234115448        -1.2051413975         0.4940670570
O3         -2.2906359542        -0.9728031331         1.3185241537
C4         -0.7895563997        -0.0936919510        -0.3296126733
C5         -1.2616185353         0.1065161017        -1.7525818098
C6         -2.4795088286        -0.7106169957        -2.2694514626
C7         -3.0394329701        -0.0909087438        -3.5573964738
C8         -2.1571138008        -2.1725228763        -2.5252361421
C9         -1.0388427113        -2.5593181216        -3.2914336385
C10        -0.7867742760        -3.9111373075        -3.5433846371
C11        -1.6567480638        -4.8893749426        -3.0578929824
C12        -2.7882566796        -4.5173837751        -2.3296090539
C13        -3.0448683700        -3.1673731654        -2.0735820252
O14        -1.6114011762         1.4587841966        -1.5953793224
P15        -1.2001227412         1.6510337662         0.0662832515
C16        -2.8991453782         2.2941289874         0.3268536522
C17        -4.0059317090         1.4311125787         0.4381083552
C18        -5.3023302822         1.9363803542         0.5742128119
C19        -5.5219603607         3.3125243661         0.5773008738
C20        -4.4456520889         4.1850172090         0.4301471098
C21        -3.1492648272         3.6821691563         0.2911934397
C22        -0.7584504173         1.7327426973         1.8693279937
C23        -1.0446880931         2.8894432810         2.6320041954
C24        -0.7057870223         2.9714646153         3.9851229074
C25        -0.0357981515         1.9206798207         4.6045749183
C26         0.3242327142         0.7994095978         3.8628942553
C27        -0.0117808444         0.7125038107         2.5091317917
C28         0.1341857511         2.8189273441        -0.3552616398
C29        -0.1125565248         3.9078141925        -1.2126315955
C30         0.9190816614         4.7803832124        -1.5708172255
C31         2.2164276574         4.5594988153        -1.1063199233
C32         2.4881550252         3.4523823848        -0.3013455754
C33         1.4594214075         2.5771091607         0.0580695307
H34        -0.1398516341        -2.6915187784        -0.4118769159
H35        -0.3274773003        -2.8167929434         1.3773191317
H36        -1.6753120493        -3.3307978061         0.2995564835
H37         0.3157995807        -0.2143198255        -0.3269121451
H38        -0.4068313952         0.0498526373        -2.4597884821
H39        -3.2862611506        -0.6450183527        -1.5127439336
H40        -3.4062984173         0.9397377126        -3.3651586735
H41        -3.8974431857        -0.6906551622        -3.9306018537
H42        -2.2586431324        -0.0519800675        -4.3471091099
H43        -0.3652415308        -1.8224406193        -3.7058496928
H44         0.0799176764        -4.1999272755        -4.1238389504
H45        -1.4601461986        -5.9350961944        -3.2558860206
H46        -3.4690045961        -5.2754789650        -1.9645690869
H47        -3.9311363453        -2.8997707076        -1.5117863414
H48        -3.8999145656         0.3685829520         0.3872395978
H49        -6.1404181954         1.2570008145         0.6628044426
H50        -6.5264868624         3.7019408598         0.6808106134
H51        -4.6148086357         5.2540957601         0.4211952272
H52        -2.3449156278         4.3923690498         0.1881772435
H53        -1.4991773394         3.7574333404         2.1940121272
H54        -0.9487736265         3.8624072131         4.5499388731
H55         0.2316108148         1.9886173612         5.6511658815
H56         0.8844755957         0.0010469986         4.3326141000
H57         0.3641940622        -0.1439903802         1.9786198354
H58        -1.0936176003         4.0691412905        -1.6366600124
H59         0.7148495262         5.6197821542        -2.2229036786
H60         3.0149556336         5.2335606863        -1.3881201151
H61         3.4995501280         3.2649470353         0.0354935009
H62         1.7064638800         1.7085051702         0.6512523469
&

