&gen
basis=6-31G**
igeopt=1
dftname=PBE-D3
ifreq=1
&
entry_name: J1_10379_2111.in
&zmat
C1         -2.0698058762        -3.4615127696         0.7587713777
C2         -1.0010674238        -2.6680320367         1.5107041988
C3         -1.3193204248        -1.1637468014         1.5979891663
C4         -1.1594467302        -0.4107396399         0.2627506238
C5          0.3247380105        -0.1897318802        -0.1270698997
C6          0.5412679160        -0.1369866001        -1.6252733149
C7          1.5465469872        -1.1545450716        -2.1215772103
C8          1.2703856863        -2.5226751068        -1.9662043670
C9          2.1759280253        -3.4856883389        -2.4191398090
C10         3.3726183226        -3.0958126836        -3.0373160812
C11         4.3274718416        -4.1297772855        -3.5556341893
C12         3.6330630595        -1.7320258564        -3.2337985208
C13         2.7269763460        -0.7680240149        -2.7831515744
O14         1.0407073397         1.1785423620        -1.6667138010
P15         0.9388325169         1.5202719318         0.0148681449
C16         2.7373865819         1.8052613884        -0.0126356807
C17         3.2676693566         3.0834162934        -0.2634360891
C18         4.6496002771         3.2726188485        -0.3622999964
C19         5.5169306520         2.1852523971        -0.2469121973
C20         5.0025641742         0.9035836289        -0.0487934744
C21         3.6224459223         0.7113787218         0.0521531790
C22         0.7431815865         1.6369053195         1.8543631502
C23         1.7529153065         1.1894928677         2.7377747910
C24         1.5754491900         1.2377308705         4.1233434526
C25         0.3790397344         1.7030544044         4.6629235850
C26        -0.6513930282         2.1042940672         3.8172278371
C27        -0.4812076243         2.0582531743         2.4315727431
C28        -0.1194723575         2.9731727835        -0.3260777714
C29        -1.2161556989         2.8679070490        -1.2031915672
C30        -2.0290357144         3.9749286524        -1.4629569519
C31        -1.7641663294         5.1991970636        -0.8474371206
C32        -0.6893399507         5.3170712524         0.0347742908
C33         0.1268097578         4.2134556853         0.2970524588
H34        -2.0655188424        -3.2097136637        -0.3212760184
H35        -1.8579377786        -4.5470959364         0.8566187203
H36        -3.0762403453        -3.2600484077         1.1830974065
H37        -0.9420811433        -3.0688260547         2.5458478145
H38        -0.0122689338        -2.8387693898         1.0371367343
H39        -0.6541328878        -0.7127631894         2.3625425137
H40        -2.3607646449        -1.0321192855         1.9643287466
H41        -1.6890905500        -0.9782982610        -0.5291170686
H42        -1.6916682018         0.5573754379         0.3360186979
H43         1.0165556844        -0.8902262830         0.3863902056
H44        -0.3930839721        -0.1974970151        -2.2245930878
H45         0.3510544475        -2.8433050730        -1.4925383267
H46         1.9429351758        -4.5352645525        -2.2883173070
H47         4.0591788116        -4.3889275686        -4.6010465566
H48         4.2864012823        -5.0484025987        -2.9323396930
H49         5.3698443202        -3.7463408359        -3.5331181607
H50         4.5377152263        -1.4141552645        -3.7374194994
H51         2.9558506606         0.2766562813        -2.9493500050
H52         2.6285206773         3.9344851885        -0.4239761393
H53         5.0473657759         4.2620136452        -0.5479801403
H54         6.5858643779         2.3333671902        -0.3294785996
H55         5.6726816849         0.0563781857         0.0190994063
H56         3.2490367020        -0.2930431334         0.1922354572
H57         2.6799490427         0.7775229200         2.3850547799
H58         2.3660471047         0.8993330860         4.7808168568
H59         0.2434888833         1.7342684957         5.7362692166
H60        -1.5918176870         2.4398610089         4.2350938471
H61        -1.3270000925         2.3393908014         1.8217282726
H62        -1.4505393173         1.9317722194        -1.6891003644
H63        -2.8673998781         3.8821279210        -2.1412161898
H64        -2.3964616624         6.0543761638        -1.0481266048
H65        -0.4929916663         6.2625713352         0.5235568914
H66         0.9288342441         4.3214292476         1.0150140476
&

