&gen
basis=6-31G**
igeopt=1
dftname=PBE-D3
ifreq=1
&
entry_name: J1_10563_2111.in
&zmat
C1         -0.9492729166        -0.5453317032         0.3445416884
C2         -2.0658995371        -0.0370419120        -0.1996889696
C3         -3.4310598788        -0.3540642819         0.2815355455
C4         -4.4647009778         0.5625554252         0.0223754046
C5         -5.7682994757         0.3039690036         0.4558414676
C6         -6.0565829336        -0.8771204807         1.1425683101
C7         -5.0426975796        -1.8046301484         1.3916656835
C8         -3.7362706381        -1.5507698773         0.9617894639
C9          0.4602384306        -0.2110352355        -0.1080520725
C10         0.6526708508        -0.1364394062        -1.6058085160
C11         1.6307753511        -1.1575760842        -2.2700995030
C12         3.0698393162        -1.0649002391        -1.7191139134
C13         1.0973294383        -2.5898662417        -2.0621858976
C14         1.6775229007        -0.8682748760        -3.7859456058
O15         1.1511573610         1.1777328153        -1.6199236418
P16         0.9641727251         1.5383842353         0.0598030209
C17         2.7228973963         1.9469650953         0.2267560911
C18         3.6058332718         1.0326042572         0.8284381450
C19         4.9626696148         1.3395097869         0.9604498922
C20         5.4497212448         2.5662712701         0.5051941720
C21         4.5778371771         3.4910292713        -0.0735205911
C22         3.2198937112         3.1867414777        -0.2083645596
C23         0.8340406872         1.8033463279         1.8822037391
C24         0.9341245804         3.1137773661         2.4046879456
C25         0.8718064876         3.3474609839         3.7801429838
C26         0.7358047275         2.2793555628         4.6649754968
C27         0.6788229062         0.9750150336         4.1757692905
C28         0.7409104663         0.7339941875         2.8000558630
C29        -0.2707084747         2.8427206745        -0.3169254227
C30        -0.0672139466         3.7234474329        -1.3976322603
C31        -1.0109759076         4.7076148469        -1.7052263930
C32        -2.1771849686         4.8223726468        -0.9481482745
C33        -2.4051874541         3.9487437484         0.1148628724
C34        -1.4647633380         2.9640138406         0.4271932969
H35        -1.0263114561        -1.2485570310         1.1612731728
H36        -1.9844777047         0.6960492075        -0.9906054135
H37        -4.2605321441         1.4851288761        -0.5076323166
H38        -6.5555807762         1.0199619527         0.2582013122
H39        -7.0667797261        -1.0767107734         1.4759308817
H40        -5.2705215617        -2.7255812197         1.9127984421
H41        -2.9817331359        -2.3033367638         1.1436263671
H42         1.1959871512        -0.8796675173         0.3774115435
H43        -0.3088970418        -0.1552922759        -2.1610516489
H44         3.7463824058        -1.7384699373        -2.2883220928
H45         3.1215790936        -1.3820280550        -0.6593740035
H46         3.4647422683        -0.0319487807        -1.8159151586
H47         1.0839385439        -2.8579241440        -0.9846350872
H48         0.0618951876        -2.6827706839        -2.4556387728
H49         1.7386730857        -3.3284815240        -2.5901049879
H50         2.3440801087        -1.5893503082        -4.3071329909
H51         0.6645994091        -0.9512697304        -4.2362804033
H52         2.0602659168         0.1576203138        -3.9770373868
H53         3.2434764780         0.0875561889         1.2084130198
H54         5.6354549196         0.6279594484         1.4213012573
H55         6.5002697356         2.8044381159         0.6100359162
H56         4.9532518511         4.4479695725        -0.4123528345
H57         2.5650806055         3.9301487682        -0.6327179307
H58         1.0630780470         3.9612645986         1.7439329933
H59         0.9368301517         4.3588311668         4.1600863617
H60         0.6909380342         2.4609585383         5.7310093161
H61         0.5989062716         0.1448270979         4.8658023464
H62         0.7393505664        -0.2940527939         2.4830370852
H63         0.8102963831         3.6430192453        -2.0235460106
H64        -0.8407637535         5.3773959523        -2.5382595550
H65        -2.9078742974         5.5831507834        -1.1903777381
H66        -3.3148185831         4.0303069714         0.6957610048
H67        -1.6772559268         2.2959654485         1.2509051009
&

