&zmat
 C5             -1.3199944076             0.4680148146            -1.0651271698
 C4             -0.7281839732            -0.2935982780             0.1249012368
 C6             -1.5939591382            -1.4524463545             0.5953687453
 O7             -0.4949713751             0.5705005295             1.2482565497
 C8              0.7515293368             1.2028188408             1.0063790817
 C2              1.5574721629             0.1132116996             0.2126904180
 C1              2.3229296470             0.7566612751            -0.9387225346
 O9              1.9075523975             0.8442383674            -2.0811143995
 O3              0.5780841640            -0.8122920275            -0.2212727584
 H12            -0.6299736370             1.2487365898            -1.4167005863
 H13            -1.4811491174            -0.2243055926            -1.9051185410
 H14            -2.2825190600             0.9239439316            -0.7854912266
 H15            -2.5901830054            -1.0887460864             0.8885144295
 H16            -1.7094671268            -2.1865524320            -0.2155357026
 H17            -1.1158443482            -1.9374455694             1.4583095715
 H18             1.2095175219             1.4599743623             1.9735769673
 H19             0.6379602507             2.1295669893             0.4070957335
 H11             2.2823529894            -0.4021047327             0.8753496054
 H10             3.3199223235             1.1872213592            -0.6386374909
&

