&gen
basis=6-31G**
igeopt=1
dftname=PBE-D3
ifreq=1
&
entry_name: J1_9947_2111.in
&zmat
C1          2.7034377952        -3.9391037852         0.8550935093
C2          1.7711528113        -3.1580806056         1.7777690017
C3          0.9714011247        -2.1421231955         1.0112505822
C4          1.5461422719        -1.0477001244         0.4930856618
C5          0.7488788173        -0.0481499684        -0.3146245794
C6          1.2314060642         0.1885786450        -1.7272768737
C7          2.4692832906        -0.6016500648        -2.1943172089
C8          2.8184846535        -0.2678816805        -3.6524051400
C9          4.1398791744        -0.9087678741        -4.1071470057
C10         4.0141378991        -2.4244903711        -4.3361313049
C11         5.3525381411        -3.0869556279        -4.7059288798
C12         5.8495189294        -2.7251673246        -6.1106736782
O13         6.4638594220        -1.4666106387        -6.1008083595
O14         1.5502818682         1.5437897426        -1.5524820706
P15         1.1078090764         1.6896884795         0.1058646016
C16         2.8274406497         2.1304680344         0.5336998755
C17         3.5046569238         3.1184901093        -0.2048554863
C18         4.8299841096         3.4466544117         0.0938263262
C19         5.4978975469         2.7906990712         1.1292346554
C20         4.8415064163         1.8044338204         1.8673129520
C21         3.5167195777         1.4719986120         1.5716064479
C22         0.5157308847         1.7697636692         1.8520476465
C23        -0.4246723579         0.8494932331         2.3659865009
C24        -0.8842962747         0.9524277172         3.6821548277
C25        -0.4402944768         1.9875601902         4.5031003901
C26         0.4539131589         2.9329112436         4.0050028041
C27         0.9177486746         2.8354169158         2.6910970733
C28        -0.0980408958         2.9760830230        -0.2959666890
C29         0.2340555299         4.3369725196        -0.1844404078
C30        -0.7062734625         5.3212209484        -0.5027756518
C31        -1.9826417940         4.9565459068        -0.9373754401
C32        -2.3208582279         3.6063104939        -1.0532101542
C33        -1.3836172372         2.6190481977        -0.7351363703
H34         3.4496415642        -3.2615726611         0.3881633710
H35         3.2459692324        -4.7097288327         1.4420668016
H36         2.1193806904        -4.4452249931         0.0568475164
H37         2.3617617392        -2.6524473086         2.5723561149
H38         1.0737951052        -3.8708317339         2.2678196423
H39        -0.0975659039        -2.3010527313         0.8997558901
H40         2.6159336249        -0.9151029330         0.6042795808
H41        -0.3393982370        -0.2658327821        -0.3283228979
H42         0.3940684158         0.0859232182        -2.4535039559
H43         2.2485402052        -1.6858398838        -2.1045940949
H44         3.3392763067        -0.3538179097        -1.5474830859
H45         2.9229990906         0.8349567775        -3.7516178391
H46         1.9918493898        -0.5889013437        -4.3236435044
H47         4.9378383452        -0.6980409580        -3.3617579604
H48         4.4301919740        -0.4234086557        -5.0622393660
H49         3.2616246535        -2.6261026520        -5.1295931425
H50         3.6553337409        -2.9087736857        -3.4042084592
H51         6.1287223419        -2.8365719497        -3.9498391106
H52         5.2049929599        -4.1885110801        -4.6693484741
H53         5.0046801477        -2.7377779188        -6.8354904038
H54         6.5939510458        -3.4879608090        -6.4309674256
H55         6.7418634998        -1.2884060275        -7.0366486233
H56         3.0137334002         3.6295138377        -1.0225429540
H57         5.3408995977         4.2078342661        -0.4815061856
H58         6.5241533035         3.0462268077         1.3592131668
H59         5.3587064888         1.2981815755         2.6720808761
H60         3.0268203984         0.7182455066         2.1725280927
H61        -0.8327320858         0.0544079904         1.7676025916
H62        -1.5970922034         0.2320679149         4.0626579610
H63        -0.8012485489         2.0657612898         5.5204657257
H64         0.7838375670         3.7485486816         4.6354227694
H65         1.5929269976         3.6003909122         2.3335892679
H66         1.2105090835         4.6431547790         0.1607483638
H67        -0.4456308442         6.3676287764        -0.4103192484
H68        -2.7095311869         5.7198222936        -1.1832184283
H69        -3.3100829474         3.3241043948        -1.3897238507
H70        -1.6656515187         1.5801535782        -0.8312751273
&

