&zmat
 C1              3.9236134186            -0.8220528735            -0.3872397639
 N2              2.5670790026            -0.9463213512            -0.9225185871
 C3              2.5711643602            -1.5062145940            -2.2753562552
 C4              1.8325401896             0.2826124872            -0.8032042283
 P5              0.2643611063             0.2416508898            -0.1369167579
 C6             -1.1665058731            -0.5705151783            -1.0289779584
 C7             -1.1949693358            -0.4363476743            -2.4302117825
 C8             -2.2317982371            -1.0074936790            -3.1779657560
 C9             -3.2446485777            -1.7331533818            -2.5313669796
 C10            -3.2153765598            -1.8836636404            -1.1374539497
 C11            -2.1810942185            -1.3053602316            -0.3868692391
 C12             0.2163636280            -0.5746918298             1.5077023357
 C13             0.9134914647            -1.7849062081             1.7053866908
 C14             0.8926098963            -2.4031370803             2.9613481931
 C15             0.1767594607            -1.8308165829             4.0244300039
 C16            -0.5156924252            -0.6278058588             3.8295194384
 C17            -0.4979528577             0.0011417444             2.5765104442
 C18            -0.2798027090             1.9773772850             0.0519935448
 C19            -1.6172473160             2.3716942259            -0.1455912283
 C20            -1.9906802161             3.7069966220             0.0558209813
 C21            -1.0348098284             4.6545676776             0.4487021075
 C22             0.2984619328             4.2653759081             0.6440116007
 C23             0.6764274850             2.9303968302             0.4574519157
 H24             4.5516810036            -0.0982280246            -0.9584132184
 H25             3.8656635150            -0.4734205298             0.6548281967
 H26             4.4342673926            -1.8024558281            -0.4090476724
 H27             3.1070411357            -2.4730269825            -2.2904698258
 H28             3.0592101007            -0.8335739720            -3.0204856807
 H29             1.5334966150            -1.6781033037            -2.6019532897
 H30             2.0503769472             1.1295063968            -1.4788162222
 H31            -0.3864759899             0.1156821492            -2.9254003712
 H32            -2.2483752371            -0.8928549770            -4.2664093159
 H33            -4.0516709808            -2.1867494969            -3.1147491287
 H34            -4.0003246721            -2.4548993042            -0.6315961468
 H35            -2.1616366888            -1.4237513890             0.7011301269
 H36             1.4849587505            -2.2056657192             0.8713247858
 H37             1.4375202877            -3.3406019755             3.1106103145
 H38             0.1598199021            -2.3210317186             5.0026047936
 H39            -1.0722078652            -0.1738363172             4.6554618647
 H40            -1.0371752719             0.9424588091             2.4300956780
 H41            -2.3613651455             1.6346229247            -0.4610798258
 H42            -3.0312382590             4.0084162528            -0.0987534556
 H43            -1.3301182107             5.6967056455             0.6055188615
 H44             1.0459004397             5.0029635812             0.9518418649
 H45             1.7089646283             2.6032535328             0.6123006026
&

