&gen
basis=6-31G**
igeopt=1
dftname=PBE-D3
ifreq=1
&
entry_name: J1_4844_2111.in
&zmat
C1          2.0503665802        -2.3384438397        -0.6941406540
N2          2.1059839406        -1.0829250413        -1.4484083828
C3          2.9256917806        -1.0228665380        -2.6584050674
C4          1.6033517427         0.1507822242        -0.9003951457
P5          0.1920395813         0.2331811296        -0.0741716301
C6         -1.0534476087        -0.6240703628        -1.0627826804
C7         -1.4395676427        -0.0810486115        -2.2981780610
C8         -2.3839812932        -0.7361775215        -3.0936576936
C9         -2.9398333381        -1.9448525253        -2.6674342247
C10        -2.5465919153        -2.5023198200        -1.4481722373
C11        -1.6029262745        -1.8488822371        -0.6496838144
C12         0.3469564662        -0.3932975820         1.6090888334
C13         1.6054609294        -0.4781159436         2.2259962725
C14         1.7116516281        -0.8950000837         3.5563476676
C15         0.5612218308        -1.1965773060         4.2896387199
C16        -0.6975879091        -1.0653809365         3.6978852865
C17        -0.8059676148        -0.6490866611         2.3677099933
C18        -0.2868316308         1.9597339006         0.1288787921
C19        -1.6389631217         2.3338284375         0.0676615008
C20        -2.0121242965         3.6644628618         0.2798817798
C21        -1.0422154624         4.6250810078         0.5776240906
C22         0.3011794134         4.2536868087         0.6750047699
C23         0.6777401180         2.9239860917         0.4629161384
H24         2.5469027775        -2.2141126857         0.2884183325
H25         1.0011775511        -2.6537210573        -0.5449713147
H26         2.5752895504        -3.1538488419        -1.2361590694
H27         2.7688737140        -1.9335330716        -3.2747303751
H28         3.9975400927        -0.9473652196        -2.3792125937
H29         2.6472769028        -0.1440787195        -3.2792089947
H30         2.0287605311         1.0803044095        -1.2559149357
H31        -1.0105838283         0.8512867460        -2.6436280263
H32        -2.6822787408        -0.3083769921        -4.0420137866
H33        -3.6694086619        -2.4527833375        -3.2847806708
H34        -2.9684476370        -3.4449765764        -1.1243032998
H35        -1.2965165318        -2.3119913635         0.2771995016
H36         2.5048442985        -0.2155402961         1.6847933298
H37         2.6854199570        -0.9730060437         4.0222918268
H38         0.6443055386        -1.5151983764         5.3206439032
H39        -1.5899895622        -1.2753852976         4.2731307268
H40        -1.7889861689        -0.5196507727         1.9330746820
H41        -2.4073033809         1.5999809078        -0.1362206148
H42        -3.0547154596         3.9492376983         0.2219308115
H43        -1.3328950975         5.6541308620         0.7448773028
H44         1.0500567930         4.9946121170         0.9233125117
H45         1.7190714585         2.6483184590         0.5682664994
&

